1.000000000000000000e+00 0.000000000000000000e+00 0.000000000000000000e+00 1.308821737766265869e-01
0.000000000000000000e+00 1.000000000000000000e+00 0.000000000000000000e+00 -1.119700819253921509e-02
0.000000000000000000e+00 0.000000000000000000e+00 1.000000000000000000e+00 -7.505143880844116211e-01
0.000000000000000000e+00 0.000000000000000000e+00 0.000000000000000000e+00 1.000000000000000000e+00
9.979270696640014648e-01 1.580454967916011810e-02 6.238368898630142212e-02 7.876453548669815063e-02
-1.457274705171585083e-02 9.996907114982604980e-01 -2.015136741101741791e-02 1.755865989252924919e-03
-6.268288195133209229e-02 1.920048706233501434e-02 9.978487491607666016e-01 -7.589440941810607910e-01
0.000000000000000000e+00 0.000000000000000000e+00 0.000000000000000000e+00 1.000000000000000000e+00
9.884094595909118652e-01 1.493650767952203751e-02 1.510746479034423828e-01 1.299106609076261520e-02
-7.875277660787105560e-03 9.988529682159423828e-01 -4.723056405782699585e-02 2.259942330420017242e-02
-1.516068279743194580e-01 4.549337178468704224e-02 9.873933196067810059e-01 -7.643861174583435059e-01
0.000000000000000000e+00 0.000000000000000000e+00 0.000000000000000000e+00 1.000000000000000000e+00
9.590693116188049316e-01 1.748083345592021942e-02 2.826310396194458008e-01 -8.720354735851287842e-02
8.219007402658462524e-03 9.959537982940673828e-01 -8.948998153209686279e-02 5.671728774905204773e-02
-2.830518186092376709e-01 8.815003931522369385e-02 9.550450444221496582e-01 -7.613947987556457520e-01
0.000000000000000000e+00 0.000000000000000000e+00 0.000000000000000000e+00 1.000000000000000000e+00
8.958641886711120605e-01 2.373846806585788727e-02 4.436932206153869629e-01 -2.151143401861190796e-01
3.927167505025863647e-02 9.904336333274841309e-01 -1.322837918996810913e-01 9.324015676975250244e-02
-4.425888955593109131e-01 1.359328776597976685e-01 8.863617777824401855e-01 -7.378477454185485840e-01
0.000000000000000000e+00 0.000000000000000000e+00 0.000000000000000000e+00 1.000000000000000000e+00
8.595052957534790039e-01 3.034494630992412567e-02 5.102252364158630371e-01 -2.696546614170074463e-01
5.347795039415359497e-02 9.874183535575866699e-01 -1.488121449947357178e-01 1.085078194737434387e-01
-5.083214640617370605e-01 1.551906168460845947e-01 8.470684885978698730e-01 -7.212685942649841309e-01
0.000000000000000000e+00 0.000000000000000000e+00 0.000000000000000000e+00 1.000000000000000000e+00
8.108519315719604492e-01 4.329258203506469727e-02 5.836476683616638184e-01 -3.316195905208587646e-01
7.287562638521194458e-02 9.820298552513122559e-01 -1.740876883268356323e-01 1.298536062240600586e-01
-5.806961655616760254e-01 1.836930364370346069e-01 7.931258082389831543e-01 -6.939988136291503906e-01
0.000000000000000000e+00 0.000000000000000000e+00 0.000000000000000000e+00 1.000000000000000000e+00
7.349638342857360840e-01 5.907263979315757751e-02 6.755281686782836914e-01 -4.131104052066802979e-01
1.059458032250404358e-01 9.739612340927124023e-01 -2.004368156194686890e-01 1.552162617444992065e-01
-6.697786450386047363e-01 2.188831865787506104e-01 7.095678448677062988e-01 -6.484420299530029297e-01
0.000000000000000000e+00 0.000000000000000000e+00 0.000000000000000000e+00 1.000000000000000000e+00
9.735412001609802246e-01 3.663034737110137939e-02 2.255560606718063354e-01 -3.673139214515686035e-02
-1.311271265149116516e-02 9.943970441818237305e-01 -1.048930510878562927e-01 6.436826288700103760e-02
-2.281345576047897339e-01 9.916003793478012085e-02 9.685668349266052246e-01 -7.756674289703369141e-01
0.000000000000000000e+00 0.000000000000000000e+00 0.000000000000000000e+00 1.000000000000000000e+00
9.984621405601501465e-01 9.843268431723117828e-03 -5.455615743994712830e-02 1.768146157264709473e-01
-1.218261849135160446e-02 9.990130662918090820e-01 -4.271385818719863892e-02 1.887436769902706146e-02
5.408186465501785278e-02 4.331281781196594238e-02 9.975966811180114746e-01 -7.553811669349670410e-01
0.000000000000000000e+00 0.000000000000000000e+00 0.000000000000000000e+00 1.000000000000000000e+00
9.898319244384765625e-01 -5.793964490294456482e-03 -1.421236991882324219e-01 2.457760572433471680e-01
1.785968430340290070e-03 9.995975494384765625e-01 -2.831207588315010071e-02 1.164253521710634232e-02
1.422305405139923096e-01 2.777036651968955994e-02 9.894438982009887695e-01 -7.356336712837219238e-01
0.000000000000000000e+00 0.000000000000000000e+00 0.000000000000000000e+00 1.000000000000000000e+00
