233 25 226 17
250 25 245 17
267 25 263 18
285 25 280 18
302 25 297 19
319 25 314 18
337 25 332 17
389 25 385 18
424 25 419 18
441 25 437 18
458 25 454 18
476 25 472 18
493 25 489 17
528 25 524 18
545 25 542 18
562 25 560 18
580 25 577 19
597 25 596 20
614 25 613 18
632 25 629 18
649 25 647 20
666 25 664 20
42 42 37 31
94 42 79 35
129 42 114 35
181 42 177 33
233 42 228 34
250 42 245 35
267 42 262 35
389 42 384 35
406 42 402 33
441 42 436 34
458 42 454 34
476 42 471 34
528 42 524 35
545 42 543 35
562 42 559 35
580 42 576 35
597 42 594 36
614 42 611 36
632 42 628 35
649 42 646 36
666 42 662 40
129 59 114 52
181 59 174 52
267 59 262 53
389 59 383 52
406 59 402 51
441 59 436 51
458 59 454 51
476 59 471 52
510 59 506 53
528 59 525 53
545 59 543 53
562 59 561 54
580 59 577 53
597 59 593 54
614 59 611 52
632 59 628 52
649 59 645 54
59 77 54 67
371 77 366 70
389 77 384 69
406 77 401 69
441 77 437 70
458 77 454 69
476 77 471 69
493 77 489 69
510 77 506 69
545 77 541 70
562 77 558 71
580 77 575 70
597 77 593 70
614 77 609 70
632 77 628 70
649 77 645 71
666 77 663 66
354 94 349 87
371 94 367 87
389 94 383 86
406 94 401 86
493 94 489 86
510 94 507 86
528 94 523 86
545 94 541 86
580 94 576 87
597 94 592 88
614 94 610 89
632 94 627 89
649 94 645 92
302 111 298 104
337 111 330 104
354 111 349 104
371 111 366 104
389 111 384 104
406 111 401 104
424 111 419 104
441 111 436 104
458 111 454 103
476 111 471 105
493 111 490 105
510 111 507 105
528 111 524 104
545 111 541 104
562 111 559 105
580 111 575 106
597 111 593 105
614 111 610 105
632 111 627 105
649 111 645 107
319 129 313 120
337 129 330 121
354 129 349 122
371 129 367 122
389 129 384 122
406 129 402 122
424 129 419 123
441 129 436 122
458 129 454 123
476 129 471 122
493 129 489 123
510 129 507 123
528 129 523 122
545 129 542 123
562 129 559 122
580 129 575 123
597 129 592 123
614 129 610 122
632 129 627 124
649 129 645 123
302 146 296 138
319 146 314 139
337 146 331 139
354 146 348 139
371 146 367 139
389 146 383 139
406 146 400 139
424 146 419 139
441 146 437 139
458 146 454 141
476 146 471 139
493 146 489 139
510 146 506 139
528 146 523 139
545 146 541 139
562 146 558 140
580 146 576 139
597 146 593 139
614 146 610 140
267 163 262 157
285 163 279 158
302 163 296 157
319 163 313 157
337 163 331 156
354 163 349 157
371 163 367 157
389 163 384 156
406 163 401 156
424 163 419 157
441 163 437 157
458 163 454 157
476 163 471 156
493 163 488 157
510 163 506 157
528 163 523 157
545 163 541 157
580 163 576 157
597 163 593 158
614 163 611 158
632 163 630 152
285 181 279 174
302 181 296 174
319 181 314 174
337 181 331 174
354 181 348 174
371 181 366 174
389 181 384 175
406 181 401 174
424 181 419 174
441 181 436 174
458 181 454 174
476 181 471 174
493 181 489 174
510 181 506 175
528 181 523 174
562 181 559 174
580 181 575 174
597 181 593 175
614 181 611 176
632 181 628 171
267 198 262 193
285 198 279 192
319 198 314 192
337 198 332 191
354 198 349 192
371 198 365 191
389 198 384 192
406 198 401 192
424 198 419 191
441 198 436 192
458 198 454 191
476 198 471 191
493 198 488 191
510 198 506 192
528 198 523 191
545 198 541 193
562 198 558 192
597 198 594 193
614 198 610 194
215 215 211 209
233 215 227 210
250 215 246 210
267 215 261 209
285 215 279 209
302 215 297 210
319 215 314 209
337 215 331 209
354 215 349 209
371 215 367 209
389 215 384 209
406 215 402 210
424 215 419 210
441 215 436 210
458 215 454 210
476 215 471 210
493 215 488 209
510 215 506 209
528 215 523 209
545 215 541 210
562 215 559 210
580 215 576 211
597 215 593 209
614 215 610 210
215 233 209 228
233 233 228 227
250 233 245 227
267 233 262 227
285 233 279 227
302 233 297 228
319 233 315 227
337 233 331 227
354 233 348 227
371 233 365 226
389 233 384 227
406 233 402 227
424 233 419 227
441 233 437 227
458 233 454 227
476 233 471 227
493 233 489 227
510 233 506 225
528 233 523 227
545 233 541 227
562 233 558 227
580 233 576 227
597 233 593 227
215 250 210 245
233 250 227 244
250 250 245 243
285 250 280 244
302 250 297 244
319 250 314 244
337 250 331 244
354 250 349 244
371 250 367 244
389 250 386 245
406 250 403 244
424 250 419 245
441 250 437 245
458 250 455 243
476 250 471 244
493 250 489 245
510 250 506 244
528 250 523 244
545 250 541 244
562 250 558 244
580 250 574 245
597 250 593 243
285 267 280 263
302 267 299 261
319 267 314 262
337 267 332 262
354 267 349 262
371 267 367 262
389 267 386 263
406 267 402 261
424 267 420 263
441 267 436 263
458 267 453 262
476 267 471 262
493 267 488 262
510 267 506 262
545 267 541 261
562 267 558 262
580 267 575 262
597 267 592 262
614 267 610 262
632 267 627 262
285 285 280 280
302 285 300 278
319 285 317 283
337 285 333 281
354 285 350 280
371 285 367 280
389 285 384 279
406 285 402 280
424 285 421 279
458 285 453 279
476 285 471 278
493 285 488 279
510 285 506 280
528 285 523 278
545 285 540 279
562 285 557 279
580 285 575 279
597 285 593 279
614 285 610 280
632 285 628 280
267 302 263 296
285 302 283 296
302 302 302 297
319 302 317 297
337 302 335 297
354 302 350 298
371 302 367 297
406 302 402 296
424 302 419 296
458 302 454 297
493 302 488 296
510 302 506 296
545 302 540 296
562 302 558 296
580 302 575 297
597 302 593 298
614 302 610 296
632 302 628 296
250 319 246 314
267 319 265 314
285 319 287 320
302 319 302 319
354 319 353 315
371 319 367 314
389 319 385 314
406 319 402 314
424 319 419 314
441 319 437 314
458 319 454 314
476 319 472 313
493 319 489 313
510 319 506 313
528 319 523 315
545 319 538 313
562 319 558 314
580 319 575 313
597 319 592 315
614 319 610 315
632 319 628 313
250 337 245 333
267 337 267 338
285 337 288 340
302 337 306 338
354 337 351 333
371 337 367 333
389 337 387 332
406 337 403 332
424 337 420 332
441 337 437 332
476 337 471 331
493 337 488 330
510 337 506 330
528 337 524 331
545 337 542 330
562 337 558 331
580 337 575 331
597 337 593 330
632 337 627 331
233 354 228 349
250 354 245 352
267 354 269 356
302 354 306 352
319 354 320 349
337 354 340 348
354 354 355 350
371 354 368 352
389 354 383 351
406 354 402 349
424 354 418 348
441 354 437 349
458 354 453 347
476 354 474 347
493 354 491 346
510 354 508 348
528 354 524 348
545 354 542 349
562 354 558 348
580 354 575 347
597 354 592 348
614 354 611 348
632 354 627 349
250 371 246 369
267 371 271 375
302 371 299 367
319 371 319 367
354 371 356 368
371 371 375 370
389 371 384 367
406 371 402 366
424 371 418 366
441 371 436 366
458 371 456 365
476 371 475 368
493 371 490 369
510 371 506 367
528 371 524 369
545 371 541 364
562 371 558 364
580 371 575 365
597 371 592 365
614 371 609 366
632 371 627 365
250 389 246 385
267 389 264 385
285 389 280 386
302 389 298 386
319 389 316 385
389 389 386 384
406 389 401 383
424 389 418 384
441 389 436 385
458 389 455 384
476 389 471 385
493 389 489 385
510 389 506 385
528 389 522 387
545 389 542 387
562 389 558 384
580 389 575 383
597 389 592 381
614 389 608 382
632 389 627 382
267 406 265 401
285 406 283 404
302 406 300 404
319 406 317 404
337 406 333 403
354 406 351 402
389 406 387 403
406 406 402 401
424 406 419 401
441 406 435 402
458 406 452 403
476 406 469 403
493 406 488 401
510 406 507 401
528 406 524 402
545 406 540 403
580 406 575 400
597 406 593 400
614 406 609 400
632 406 627 400
285 424 281 418
302 424 298 419
319 424 316 420
337 424 332 420
354 424 349 420
371 424 368 419
389 424 384 418
406 424 404 418
424 424 419 417
441 424 436 418
458 424 453 424
476 424 470 424
493 424 489 420
510 424 505 421
528 424 523 422
545 424 540 418
562 424 558 418
580 424 574 416
597 424 592 417
614 424 610 417
337 441 334 437
354 441 351 437
371 441 368 435
389 441 385 435
406 441 401 434
424 441 419 434
441 441 437 438
458 441 455 438
476 441 474 439
510 441 508 441
528 441 523 440
545 441 540 438
354 458 351 453
371 458 368 452
389 458 386 454
406 458 403 454
424 458 420 456
441 458 437 454
458 458 452 454
476 458 474 455
493 458 490 457
528 458 524 455
389 476 385 470
406 476 406 471
424 476 424 475
441 476 442 476
458 476 455 470
476 476 471 474
493 476 490 475
510 476 506 475
528 476 521 473
