0.8739656805992126 -0.1751927882432938 0.4533114433288574 0.04336944222450256 
0.04039508476853371 0.9557232260704041 0.2914812564849854 -0.2643386721611023 
-0.4843056797981262 -0.2364330291748047 0.8423462510108948 -0.6047258377075195 
0 0 0 1 

0.8585289716720581 -0.1948529630899429 0.4742995500564575 0.04834713786840439 
0.006841557566076517 0.9292552471160889 0.3693747520446777 -0.2691614031791687 
-0.5127191543579102 -0.3138739466667175 0.7991256713867188 -0.5862227082252502 
0 0 0 1 

0.8782514929771423 -0.2100879549980164 0.4295780658721924 0.05850772187113762 
-0.004720797762274742 0.8944721221923828 0.4470987021923065 -0.298068642616272 
-0.4781756699085236 -0.3946930468082428 0.7845796942710876 -0.5343930721282959 
0 0 0 1 

0.8616349697113037 -0.2603447735309601 0.4356668591499329 0.08654869347810745 
-0.01276449020951986 0.8470213413238525 0.5314054489135742 -0.3148139417171478 
-0.5073677897453308 -0.4634385108947754 0.7265000343322754 -0.4734485149383545 
0 0 0 1 

0.8342835307121277 -0.29603111743927 0.465119868516922 0.10143031924963 
-0.04645321518182755 0.8028813600540161 0.5943260788917542 -0.3198338747024536 
-0.5493751168251038 -0.5174427628517151 0.6560790538787842 -0.4483097195625305 
0 0 0 1 

0.804330587387085 -0.3195726275444031 0.5009246468544006 0.1075555831193924 
-0.09260207414627075 0.765328586101532 0.6369433999061584 -0.3308983445167542 
-0.5869216322898865 -0.5586996674537659 0.5859841108322144 -0.4386077225208282 
0 0 0 1 

0.7842869758605957 -0.3208684325218201 0.5309776663780212 0.1104416772723198 
-0.1547458171844482 0.7276380658149719 0.6682787537574768 -0.3551731705665588 
-0.6007891297340393 -0.6062888503074646 0.5210239887237549 -0.4321436882019043 
0 0 0 1 

0.8109360933303833 -0.3405115306377411 0.4758512675762177 0.1278891414403915 
-0.1531488746404648 0.6613695621490479 0.7342585325241089 -0.4002459645271301 
-0.56473708152771 -0.6683127880096436 0.4841795265674591 -0.4286288022994995 
0 0 0 1 

0.8416903018951416 -0.372081845998764 0.3912958204746246 0.1485975682735443 
-0.07315126806497574 0.6394182443618774 0.7653712034225464 -0.3942358195781708 
-0.534982442855835 -0.672829270362854 0.5109738707542419 -0.4226634204387665 
0 0 0 1 

0.8611077666282654 -0.3690352439880371 0.3497236669063568 0.1509871482849121 
-0.007096145767718554 0.6790695190429688 0.7340397238731384 -0.4093716442584991 
-0.508372962474823 -0.6345687508583069 0.5821332931518555 -0.4267396628856659 
0 0 0 1 

