317 160 333 158
312 165 328 160
328 186 359 180
317 191 344 184
323 191 355 184
349 191 369 190
354 191 375 191
375 191 386 191
317 196 348 191
349 196 369 195
359 196 375 195
375 196 387 197
380 196 390 196
359 201 375 200
375 201 386 202
380 201 390 201
312 206 338 201
359 206 376 205
364 206 379 208
375 206 387 207
307 212 328 206
312 212 337 207
359 212 376 210
364 212 379 212
375 212 386 212
323 217 348 212
375 217 385 217
312 222 338 216
317 222 343 216
323 222 349 216
349 222 370 218
302 227 323 222
317 227 344 221
323 227 350 222
328 227 354 223
297 232 317 228
302 232 323 228
307 232 332 227
323 232 349 228
333 232 360 227
343 232 365 227
349 232 370 227
354 232 374 228
302 238 323 233
307 238 332 233
317 238 343 232
323 238 349 232
328 238 354 233
349 238 369 231
354 238 374 232
359 238 379 233
302 243 317 238
307 243 333 238
333 243 360 237
349 243 369 238
354 243 375 239
297 248 312 244
302 248 317 244
338 248 365 243
343 248 370 243
364 248 380 248
297 253 312 249
302 253 317 249
312 253 339 249
328 253 354 249
338 253 363 248
333 258 359 254
343 258 368 254
333 264 359 259
338 264 364 259
349 264 370 258
354 264 376 260
333 269 360 264
338 269 364 263
343 269 369 263
354 269 377 264
359 269 380 264
333 274 360 268
338 274 365 268
343 274 370 268
354 274 377 270
359 274 380 270
312 279 339 275
333 279 361 274
338 279 366 273
343 279 370 273
349 279 374 274
359 279 381 275
369 279 385 274
307 284 332 281
312 284 338 281
333 284 361 279
343 284 370 279
354 284 376 280
359 284 380 280
312 290 337 286
317 290 345 285
328 290 355 285
333 290 360 285
354 290 376 284
359 290 380 284
317 295 343 291
328 295 355 290
333 295 360 290
343 295 368 290
354 295 375 289
323 300 349 296
333 300 358 296
349 300 370 294
354 300 374 294
323 305 348 301
328 305 353 301
333 316 345 314
