378 225 378 225
381 225 381 225
383 225 384 225
386 225 387 225
389 225 391 225
394 225 395 225
378 228 378 228
381 228 381 228
383 228 386 228
386 228 388 228
392 228 393 228
397 228 397 228
378 230 378 231
381 230 383 231
389 230 392 230
397 230 397 230
378 233 378 234
381 233 381 234
383 233 386 233
386 233 389 234
389 233 392 234
397 233 397 233
378 236 378 236
381 236 384 236
383 236 386 236
386 236 388 236
389 236 392 236
397 236 397 236
403 236 405 238
383 239 386 239
386 239 389 239
405 239 410 242
378 241 378 241
381 241 381 242
383 241 386 241
386 241 389 242
378 244 378 244
392 244 397 255
378 247 378 249
383 247 384 247
394 247 400 255
397 247 403 255
405 247 416 263
378 250 378 252
381 250 381 250
383 250 384 250
392 250 398 258
394 250 400 258
392 252 398 261
403 252 413 269
414 252 422 266
416 252 425 266
381 255 380 252
403 255 408 261
403 258 408 264
386 263 389 269
392 263 394 266
378 266 378 269
397 266 397 266
411 266 408 258
378 269 378 272
397 269 398 269
403 269 406 274
405 269 403 261
397 272 398 271
403 272 405 277
422 272 424 273
386 274 383 275
394 274 397 275
400 274 400 274
408 274 411 278
414 274 416 275
416 274 419 275
425 274 427 276
378 277 378 278
386 277 383 277
389 277 388 277
394 277 397 278
416 277 419 278
378 280 378 282
389 280 388 280
392 280 392 280
397 280 397 281
422 280 422 280
425 280 425 280
427 280 428 280
378 282 378 284
381 282 380 285
383 282 383 285
386 282 386 283
389 282 388 283
392 282 391 283
400 282 399 283
403 282 402 283
405 282 405 283
411 282 414 285
414 282 416 285
416 282 419 285
419 282 422 286
422 282 421 282
425 282 425 283
427 282 428 283
430 282 430 282
381 285 381 287
383 285 383 288
386 285 386 288
389 285 389 286
392 285 391 286
394 285 394 286
397 285 396 286
403 285 402 286
405 285 404 286
411 285 411 287
414 285 414 287
425 285 424 285
427 285 428 286
378 288 377 289
381 288 380 290
389 288 389 289
392 288 391 289
394 288 394 289
397 288 396 288
411 288 410 290
414 288 414 290
419 288 419 289
425 288 424 288
427 288 428 289
433 288 433 289
378 291 377 291
383 291 384 291
386 291 386 291
389 291 389 291
392 291 391 291
397 291 397 292
400 291 400 292
403 291 402 292
405 291 405 292
408 291 407 292
411 291 411 292
416 291 416 292
425 291 424 292
427 291 427 292
430 291 430 292
433 291 433 291
378 293 378 294
381 293 381 293
383 293 384 293
394 293 392 293
397 293 395 294
403 293 402 294
405 293 405 294
414 293 413 294
416 293 416 294
419 293 419 294
427 293 427 294
430 293 430 294
433 293 433 294
378 296 378 297
381 296 381 296
386 296 385 294
394 296 394 297
397 296 397 297
400 296 399 297
403 296 402 297
405 296 405 297
408 296 408 296
411 296 410 297
416 296 416 297
425 296 424 297
433 296 433 297
436 296 437 298
438 296 439 296
378 299 378 300
383 299 380 299
386 299 384 299
389 299 386 296
392 299 388 296
394 299 397 301
408 299 408 299
411 299 410 300
414 299 413 300
416 299 416 300
419 299 418 300
427 299 427 301
430 299 430 301
378 302 378 303
383 302 380 302
386 302 384 302
392 302 392 302
394 302 397 304
400 302 400 302
405 302 405 302
408 302 408 302
411 302 411 302
414 302 413 302
416 302 416 302
419 302 418 303
422 302 422 302
425 302 424 302
438 302 438 302
441 302 441 302
378 304 378 305
383 304 381 305
392 304 389 305
408 304 407 305
411 304 411 305
414 304 413 305
416 304 416 305
419 304 418 305
422 304 422 305
425 304 425 307
433 304 432 305
438 304 438 305
441 304 441 305
444 304 443 305
378 307 378 307
386 307 386 308
389 307 389 308
392 307 391 308
397 307 397 308
400 307 399 308
408 307 408 308
411 307 411 308
414 307 413 308
416 307 416 309
419 307 419 309
422 307 422 310
425 307 425 310
427 307 427 310
430 307 430 309
433 307 432 308
436 307 435 308
378 310 377 310
389 310 389 310
392 310 391 310
394 310 394 311
397 310 397 311
400 310 399 310
403 310 402 311
408 310 408 311
411 310 411 310
414 310 414 311
419 310 419 312
422 310 422 313
425 310 425 313
427 310 427 313
430 310 429 312
433 310 432 311
438 310 438 311
441 310 441 311
444 310 443 310
378 313 378 313
383 313 383 313
386 313 386 313
397 313 397 314
400 313 399 313
403 313 402 313
405 313 405 314
411 313 411 313
414 313 414 313
416 313 417 313
422 313 422 314
427 313 427 315
433 313 430 315
438 313 438 314
441 313 441 313
444 313 444 312
378 315 378 316
381 315 380 316
383 315 383 316
386 315 386 316
389 315 389 316
394 315 393 316
397 315 396 316
400 315 399 316
403 315 402 316
405 315 405 317
408 315 408 316
411 315 411 316
414 315 414 316
419 315 419 316
425 315 424 316
427 315 427 317
436 315 435 316
438 315 438 316
441 315 441 316
444 315 444 315
446 315 446 316
378 318 378 319
381 318 381 319
383 318 383 319
386 318 386 318
389 318 388 319
392 318 391 319
394 318 393 319
400 318 400 319
403 318 402 319
405 318 405 319
416 318 417 319
419 318 419 319
422 318 421 319
433 318 433 319
436 318 435 319
438 318 438 319
441 318 441 318
444 318 444 319
446 318 446 318
378 321 378 321
381 321 381 321
383 321 383 321
386 321 386 321
392 321 390 321
394 321 393 321
397 321 395 322
400 321 400 321
408 321 408 322
411 321 411 322
416 321 416 322
419 321 419 322
422 321 421 321
427 321 427 322
430 321 430 322
433 321 433 322
436 321 435 321
438 321 438 321
441 321 441 321
444 321 444 321
446 321 446 321
378 324 377 324
383 324 383 324
386 324 386 324
389 324 388 324
394 324 393 324
397 324 397 324
400 324 400 324
403 324 403 324
405 324 405 324
408 324 407 325
414 324 413 324
416 324 416 324
419 324 419 324
422 324 422 324
425 324 424 324
430 324 430 324
433 324 433 324
436 324 436 324
438 324 438 324
441 324 441 324
444 324 444 324
446 324 447 324
378 326 378 327
381 326 380 327
383 326 383 327
386 326 386 327
389 326 388 326
392 326 391 326
397 326 394 326
405 326 405 327
408 326 407 327
411 326 411 327
414 326 413 327
416 326 416 327
419 326 419 327
422 326 422 327
425 326 425 327
430 326 430 327
433 326 433 327
436 326 436 327
438 326 438 327
441 326 441 327
444 326 444 326
446 326 447 327
378 329 378 330
381 329 380 330
383 329 383 330
386 329 386 330
389 329 389 329
403 329 401 329
405 329 405 330
408 329 408 329
411 329 411 329
414 329 413 329
416 329 416 330
419 329 419 330
422 329 422 330
425 329 425 330
430 329 430 330
433 329 433 329
436 329 436 329
438 329 438 329
441 329 441 329
444 329 445 329
446 329 447 329
378 332 377 332
381 332 380 332
383 332 383 332
386 332 386 332
392 332 389 332
394 332 392 332
405 332 403 332
408 332 408 332
416 332 416 332
419 332 419 332
422 332 421 332
425 332 425 332
427 332 427 333
430 332 430 332
433 332 433 332
436 332 436 332
438 332 438 332
441 332 441 332
444 332 444 332
446 332 447 332
378 335 377 335
383 335 383 335
386 335 386 335
392 335 390 334
394 335 393 335
397 335 397 335
400 335 400 335
403 335 402 335
405 335 405 335
411 335 411 335
414 335 413 335
416 335 416 335
419 335 418 335
422 335 421 335
425 335 424 335
427 335 427 335
430 335 430 335
433 335 433 335
436 335 436 334
438 335 438 335
441 335 441 335
444 335 444 335
446 335 447 335
378 337 378 337
386 337 385 337
389 337 388 337
392 337 391 337
394 337 393 337
397 337 396 337
400 337 399 337
403 337 402 337
405 337 405 337
408 337 408 337
411 337 411 337
414 337 413 337
416 337 416 337
419 337 418 337
422 337 421 337
425 337 424 337
427 337 427 337
430 337 430 337
433 337 433 337
436 337 436 337
438 337 439 337
441 337 442 337
444 337 444 337
446 337 447 337
