430 217 429 216
435 217 433 216
437 217 435 216
440 217 438 216
445 217 462 217
451 217 467 216
453 217 470 217
477 217 483 229
480 217 485 229
482 217 489 229
485 217 491 229
488 217 494 230
490 217 496 231
527 217 526 217
430 219 429 218
453 219 460 230
456 219 462 230
459 219 465 230
461 219 468 230
464 219 470 230
469 219 476 231
472 219 479 231
488 219 493 232
490 219 496 233
493 219 499 233
496 219 501 233
498 219 504 234
501 219 506 234
503 219 509 234
517 219 469 220
530 219 534 222
533 219 536 222
448 222 455 232
456 222 462 232
459 222 465 232
461 222 468 233
464 222 471 233
467 222 473 234
469 222 476 233
474 222 482 233
482 222 489 234
485 222 491 234
488 222 493 235
490 222 496 236
493 222 498 236
496 222 501 236
498 222 504 236
501 222 507 236
519 222 519 221
522 222 522 222
530 222 533 225
533 222 531 222
430 224 429 225
453 224 459 235
459 224 465 235
461 224 468 236
472 224 479 235
480 224 486 237
482 224 488 237
485 224 491 237
488 224 493 238
490 224 496 239
493 224 498 240
503 224 510 238
509 224 513 238
514 224 518 239
519 224 519 224
538 224 538 225
445 227 451 238
448 227 454 237
456 227 462 237
464 227 470 238
467 227 474 237
469 227 476 237
472 227 479 237
482 227 488 240
493 227 498 243
496 227 501 242
501 227 507 240
503 227 509 240
506 227 512 240
511 227 516 241
535 227 536 228
538 227 538 228
437 230 440 240
453 230 459 238
456 230 462 239
459 230 464 239
467 230 474 240
469 230 476 240
472 230 478 240
477 230 482 241
490 230 495 242
493 230 498 245
496 230 500 245
498 230 503 245
509 230 513 244
511 230 516 244
522 230 524 242
432 232 431 240
445 232 451 241
453 232 459 242
461 232 465 242
464 232 470 243
467 232 473 242
469 232 476 242
472 232 478 242
474 232 481 242
480 232 485 243
482 232 488 244
485 232 490 244
488 232 492 244
490 232 495 245
503 232 507 246
506 232 510 246
509 232 513 246
511 232 516 247
533 232 532 251
443 235 447 246
448 235 453 244
451 235 456 244
456 235 461 242
461 235 465 245
469 235 475 245
480 235 486 246
485 235 490 247
488 235 492 247
490 235 495 247
493 235 497 248
496 235 500 248
498 235 502 248
506 235 510 248
509 235 512 249
530 235 528 253
535 235 534 253
432 238 433 242
443 238 447 249
445 238 450 249
448 238 453 247
451 238 455 247
453 238 459 244
467 238 473 245
480 238 484 248
485 238 490 249
488 238 492 249
496 238 500 250
498 238 503 250
501 238 505 251
503 238 508 251
506 238 511 251
511 238 515 252
517 238 519 255
530 238 532 273
445 240 450 254
448 240 452 252
451 240 455 252
477 240 481 249
490 240 495 252
493 240 497 252
501 240 506 253
503 240 508 253
509 240 512 254
511 240 514 255
522 240 522 258
533 240 534 276
448 243 452 255
451 243 455 255
453 243 458 250
461 243 465 256
469 243 472 257
482 243 487 253
485 243 489 253
488 243 492 253
527 243 525 261
435 246 433 247
437 246 443 257
445 246 450 259
448 246 452 258
461 246 465 258
488 246 490 256
496 246 497 256
498 246 503 257
501 246 505 257
506 246 509 257
509 246 511 258
511 246 514 258
527 246 524 263
437 248 443 260
440 248 446 260
453 248 457 259
459 248 461 258
461 248 463 258
485 248 488 258
490 248 492 259
493 248 494 259
496 248 500 259
498 248 502 259
501 248 505 259
503 248 507 259
509 248 511 259
511 248 514 260
522 248 519 263
527 248 524 266
443 251 446 262
445 251 449 263
448 251 452 261
451 251 454 261
453 251 457 261
459 251 461 261
461 251 463 261
467 251 470 262
488 251 488 260
490 251 491 261
493 251 496 261
496 251 499 261
498 251 502 261
501 251 505 261
503 251 507 262
509 251 509 274
511 251 514 263
525 251 521 266
437 254 439 277
451 254 454 264
453 254 457 264
459 254 461 263
461 254 465 264
464 254 467 264
467 254 470 264
469 254 473 265
493 254 497 264
496 254 499 264
498 254 501 264
501 254 504 264
533 254 534 293
535 254 536 293
538 254 538 293
435 256 436 280
451 256 454 267
453 256 457 267
459 256 461 266
461 256 465 267
464 256 468 267
496 256 499 267
498 256 501 267
501 256 504 267
535 256 536 295
538 256 538 295
451 259 454 269
453 259 457 270
456 259 460 270
461 259 465 270
464 259 467 269
469 259 473 269
493 259 496 270
496 259 499 269
498 259 501 270
501 259 504 270
503 259 507 271
522 259 517 279
530 259 526 278
533 259 532 279
538 259 538 298
451 261 451 269
456 261 459 272
461 261 464 272
530 261 526 281
437 264 433 281
456 264 460 275
459 264 462 275
464 264 467 273
482 264 482 274
485 264 484 274
496 264 498 273
498 264 501 273
501 264 504 274
503 264 506 274
533 264 532 265
535 264 536 262
440 267 438 285
453 267 456 278
456 267 459 278
459 267 462 278
464 267 466 276
490 267 493 274
493 267 495 275
498 267 501 276
501 267 503 276
503 267 506 276
519 267 522 261
535 267 536 265
538 267 538 265
440 269 438 287
488 269 484 278
498 269 500 278
501 269 503 279
503 269 505 279
509 269 509 280
535 269 536 268
538 269 538 268
432 272 432 287
437 272 436 287
464 272 464 278
474 272 478 283
480 272 481 283
488 272 484 280
501 272 503 281
509 272 509 283
511 272 511 283
538 272 538 271
432 275 432 289
435 275 434 290
474 275 478 285
480 275 480 285
496 275 495 286
498 275 498 286
503 275 505 284
509 275 509 286
511 275 511 285
430 277 430 292
432 277 432 292
435 277 434 292
461 277 463 289
464 277 466 286
467 277 469 287
469 277 472 287
472 277 475 288
474 277 478 288
480 277 488 289
490 277 492 288
501 277 503 288
503 277 505 288
509 277 508 289
522 277 520 287
432 280 431 295
474 280 477 290
477 280 483 291
480 280 485 291
498 280 499 291
501 280 503 290
503 280 505 291
509 280 508 291
514 280 519 294
522 280 519 289
535 280 534 281
477 283 482 293
493 283 492 292
496 283 494 293
498 283 497 293
501 283 500 293
506 283 505 293
509 283 508 293
517 283 522 297
430 285 429 295
443 285 463 292
445 285 466 292
451 285 458 288
469 285 481 294
485 285 488 294
493 285 491 295
496 285 494 295
498 285 496 295
501 285 502 298
443 288 446 302
445 288 449 302
480 288 483 297
482 288 485 297
496 288 494 297
498 288 499 301
501 288 501 301
509 288 515 308
511 288 517 308
432 290 433 284
480 290 482 299
498 290 496 300
501 290 501 303
509 290 514 311
525 290 525 294
527 290 527 295
430 293 429 289
498 293 496 303
501 293 501 307
527 293 527 297
530 293 530 298
461 296 457 294
506 296 503 310
527 296 526 300
530 296 530 301
533 296 532 301
482 298 504 304
533 298 532 304
535 298 535 304
538 298 538 302
432 301 434 307
443 301 444 310
538 301 538 303
432 304 434 310
435 304 436 309
485 304 478 313
488 304 481 314
522 304 495 309
432 306 433 312
488 306 481 316
519 306 492 311
535 306 535 307
538 306 538 307
437 309 470 313
453 309 470 316
456 312 472 318
432 317 432 321
430 320 429 319
445 320 464 320
533 320 534 320
535 320 536 321
533 322 533 323
535 322 536 323
538 322 538 323
430 325 429 323
432 325 432 323
437 325 434 326
443 325 438 326
445 325 457 326
448 325 460 326
530 325 531 324
430 327 429 326
445 327 457 328
501 327 519 328
503 327 508 328
506 327 511 328
509 327 513 328
514 327 482 328
533 327 534 327
535 327 536 327
538 327 538 328
