1 0 0 -0.1178319603204727 
0 1 0 -0.04324014484882355 
0 0 1 -0.828993558883667 
0 0 0 1 

0.9956983327865601 -0.07613443583250046 -0.05280473083257675 -0.07468599081039429 
0.07739374786615372 0.9967527985572815 0.02222532592713833 -0.02298568747937679 
0.05094113200902939 -0.02621651627123356 0.9983574748039246 -0.8035438656806946 
0 0 0 1 

0.9841865301132202 -0.1726714372634888 -0.03951305150985718 -0.07043851912021637 
0.1744904816150665 0.9834656715393066 0.04845879971981049 -0.0369221568107605 
0.03049223870038986 -0.05458717793226242 0.9980432987213135 -0.7852068543434143 
0 0 0 1 

0.9811850786209106 -0.1585579812526703 -0.1101557388901711 -0.02688608132302761 
0.1648242771625519 0.9850409030914307 0.05026538670063019 -0.02880482003092766 
0.1005378738045692 -0.06747600436210632 0.9926420450210571 -0.7713989615440369 
0 0 0 1 

