333 149 348 151
338 149 352 152
343 149 357 152
349 149 364 153
354 149 370 154
323 154 337 155
328 154 342 156
333 154 345 157
343 154 354 158
359 154 375 159
286 160 291 167
297 160 315 156
323 160 330 162
338 160 347 163
343 160 373 165
276 165 268 182
281 165 287 172
312 165 318 166
343 165 373 169
359 165 384 171
271 170 264 186
276 170 268 187
286 170 308 163
317 170 351 167
323 170 356 168
328 170 362 169
338 170 369 170
349 170 379 175
359 170 384 175
281 175 303 166
291 175 324 168
297 175 329 169
323 175 357 172
328 175 363 173
333 175 367 174
338 175 372 175
286 180 319 174
291 180 324 174
297 180 330 175
317 180 353 176
333 180 367 179
338 180 372 182
375 180 394 188
401 180 409 198
260 186 263 191
297 186 331 179
328 186 362 184
333 186 367 184
338 186 371 186
359 186 388 188
401 186 408 203
271 191 280 187
276 191 286 189
281 191 290 193
317 191 351 189
323 191 355 190
328 191 361 190
333 191 366 190
338 191 372 190
343 191 376 191
354 191 384 193
359 191 388 193
401 191 399 193
286 196 319 190
312 196 340 195
317 196 350 195
323 196 354 196
328 196 360 196
354 196 383 196
359 196 388 198
369 196 394 199
406 196 405 197
255 201 264 203
265 201 275 197
291 201 308 199
297 201 317 199
328 201 360 201
333 201 366 201
338 201 371 200
354 201 383 202
359 201 388 202
369 201 394 204
255 206 263 208
260 206 269 203
265 206 274 203
297 206 323 200
302 206 328 205
307 206 333 205
312 206 340 205
317 206 349 203
323 206 354 206
328 206 359 207
349 206 377 203
364 206 388 208
369 206 394 209
385 206 403 215
260 212 268 208
265 212 273 207
271 212 279 208
276 212 285 209
302 212 328 210
307 212 333 210
312 212 340 210
323 212 350 212
328 212 355 212
343 212 372 208
359 212 381 212
364 212 387 213
411 212 410 209
255 217 263 218
260 217 267 215
265 217 274 214
276 217 284 213
281 217 290 214
291 217 311 209
333 217 361 216
338 217 365 218
343 217 370 218
354 217 377 217
265 222 273 220
276 222 279 219
286 222 305 216
291 222 311 216
297 222 316 215
302 222 329 216
307 222 334 217
312 222 340 218
328 222 355 221
333 222 359 222
338 222 364 223
343 222 369 224
349 222 376 224
359 222 381 222
364 222 386 223
265 227 271 224
271 227 277 223
291 227 316 222
302 227 328 222
307 227 332 223
312 227 339 223
317 227 344 224
323 227 350 224
333 227 359 227
338 227 364 228
349 227 371 229
354 227 377 228
359 227 381 228
364 227 385 229
406 227 403 232
411 227 408 230
271 232 278 229
302 232 327 227
307 232 332 227
312 232 339 228
317 232 344 230
323 232 349 230
328 232 354 230
333 232 359 232
338 232 363 233
354 232 376 233
359 232 380 233
364 232 385 233
369 232 389 234
411 232 408 235
271 238 279 235
276 238 283 231
286 238 311 233
297 238 323 233
317 238 344 235
323 238 349 237
328 238 353 237
333 238 358 238
349 238 371 238
354 238 375 238
359 238 379 238
276 243 282 237
286 243 310 238
291 243 317 238
302 243 328 239
307 243 332 239
317 243 343 240
349 243 370 244
354 243 374 243
364 243 384 244
369 243 389 242
401 243 402 242
406 243 401 248
276 248 282 241
286 248 309 243
291 248 315 243
297 248 322 243
302 248 328 244
307 248 332 244
312 248 338 244
317 248 342 245
323 248 348 246
328 248 352 246
333 248 358 246
338 248 363 246
359 248 378 248
375 248 390 246
291 253 309 249
297 253 321 249
302 253 326 250
307 253 331 250
312 253 339 249
317 253 344 250
323 253 348 250
354 253 373 252
390 253 384 262
271 258 282 264
276 258 288 257
281 258 299 254
286 258 304 254
291 258 310 254
297 258 320 255
302 258 326 255
307 258 333 255
312 258 338 255
317 258 343 255
328 258 353 255
333 258 358 257
338 258 363 257
349 258 370 258
354 258 373 258
364 258 381 258
390 258 384 266
395 258 395 259
276 264 288 262
281 264 298 260
286 264 304 260
291 264 310 260
297 264 320 261
307 264 332 261
312 264 338 261
317 264 342 260
323 264 348 260
328 264 353 260
333 264 358 261
338 264 362 261
354 264 373 262
364 264 380 264
390 264 390 263
395 264 395 264
281 269 298 265
286 269 304 265
291 269 310 265
297 269 319 266
307 269 332 265
312 269 338 266
323 269 346 266
328 269 352 267
333 269 358 267
338 269 362 266
349 269 369 268
364 269 379 269
380 269 378 274
276 274 292 271
286 274 304 271
291 274 310 271
297 274 318 271
302 274 326 269
312 274 338 270
317 274 341 270
323 274 347 271
328 274 353 272
333 274 358 273
338 274 362 273
349 274 369 273
406 274 406 269
281 279 297 276
286 279 303 276
291 279 310 276
297 279 318 277
302 279 325 276
317 279 341 276
328 279 352 278
333 279 356 278
338 279 361 277
349 279 368 278
385 279 385 280
406 279 406 279
271 284 283 283
276 284 287 283
281 284 291 281
286 284 303 281
291 284 309 282
297 284 317 283
302 284 324 282
312 284 335 277
323 284 345 276
333 284 356 283
349 284 368 282
369 284 373 285
385 284 386 286
390 284 390 285
395 284 395 285
401 284 399 285
406 284 407 284
281 290 290 287
286 290 303 287
291 290 309 287
297 290 317 288
302 290 322 287
312 290 330 288
317 290 340 289
323 290 344 289
354 290 362 288
359 290 368 288
364 290 372 289
385 290 387 291
395 290 395 291
401 290 399 291
406 290 405 291
281 295 291 292
302 295 319 292
307 295 326 292
323 295 345 294
354 295 361 293
385 295 388 296
390 295 392 297
401 295 400 296
406 295 404 296
411 295 409 295
333 300 351 299
338 300 345 303
343 300 349 303
359 300 367 294
380 300 384 301
385 300 388 300
390 300 393 300
395 300 397 301
406 300 405 300
297 305 306 307
333 305 340 309
338 305 345 307
359 305 368 304
364 305 372 306
369 305 376 306
380 305 384 306
385 305 388 306
390 305 393 306
395 305 398 307
401 305 403 307
411 305 410 305
291 310 296 311
328 310 335 313
338 310 344 313
359 310 368 310
364 310 371 310
369 310 376 311
385 310 389 311
390 310 394 311
395 310 398 312
401 310 403 312
406 310 408 312
411 310 414 312
442 310 443 311
291 316 297 317
297 316 302 317
302 316 305 314
343 316 349 319
349 316 355 315
354 316 361 316
359 316 366 317
364 316 370 317
369 316 375 316
380 316 385 317
385 316 389 316
390 316 394 317
395 316 399 316
401 316 405 317
406 316 410 317
411 316 414 317
416 316 420 318
432 316 431 315
442 316 442 318
307 321 308 320
312 321 313 320
317 321 318 319
349 321 355 321
354 321 361 321
359 321 365 321
364 321 370 322
369 321 375 322
375 321 380 322
385 321 389 321
390 321 394 321
395 321 399 322
401 321 405 322
406 321 410 322
411 321 416 321
416 321 421 322
432 321 432 320
307 326 307 324
312 326 313 325
323 326 323 325
333 326 334 326
338 326 344 327
343 326 350 327
349 326 356 326
354 326 361 326
364 326 371 328
369 326 376 328
375 326 380 328
380 326 385 327
390 326 395 326
395 326 400 326
401 326 405 326
307 331 307 330
312 331 313 330
323 331 323 330
328 331 328 331
338 331 344 336
343 331 350 331
359 331 367 333
364 331 371 333
369 331 376 333
380 331 385 332
385 331 390 332
395 331 400 332
401 331 405 331
307 336 306 336
312 336 313 336
323 336 323 336
328 336 328 336
333 336 333 335
349 336 356 337
354 336 361 337
359 336 367 337
364 336 371 338
369 336 376 338
375 336 380 337
385 336 390 337
401 336 406 336
437 336 441 336
