477 224 488 255
480 224 490 256
485 224 494 256
488 224 496 256
456 227 466 255
474 227 484 257
477 227 487 257
480 227 490 258
482 227 492 259
488 227 496 259
490 227 499 260
493 227 502 260
445 230 451 256
474 230 484 260
477 230 487 259
480 230 489 260
485 230 493 262
488 230 496 262
490 230 498 262
493 230 501 262
496 230 504 263
440 232 446 258
474 232 484 262
477 232 486 262
480 232 488 263
485 232 493 264
488 232 495 265
490 232 498 265
493 232 501 265
496 232 503 266
498 232 506 266
501 232 508 267
437 235 442 260
440 235 445 261
443 235 448 262
445 235 454 262
474 235 483 265
477 235 486 265
480 235 488 266
482 235 491 266
488 235 495 267
490 235 497 268
493 235 500 268
496 235 503 268
498 235 505 268
501 235 508 269
459 238 465 267
493 238 500 271
435 240 439 263
477 240 485 269
480 240 488 270
496 240 502 272
498 240 505 272
501 240 507 273
467 243 475 271
493 243 500 274
496 243 503 275
498 243 505 275
472 246 481 274
490 246 498 277
493 246 501 277
501 246 508 278
432 248 435 274
440 248 443 272
472 248 481 277
474 248 483 277
496 248 501 280
498 248 505 280
501 248 507 281
535 248 536 285
538 248 538 285
432 251 436 277
474 251 483 280
538 251 538 288
432 254 436 280
435 254 440 280
485 254 492 285
538 254 538 291
453 256 459 283
469 256 474 282
538 256 538 294
443 259 448 281
448 259 454 286
451 259 457 285
453 259 460 286
461 259 465 285
469 259 474 284
482 259 486 290
488 259 491 288
451 261 457 288
453 261 459 288
461 261 465 287
461 264 465 290
467 264 471 291
474 264 479 289
485 264 487 293
451 267 455 292
453 267 458 292
461 267 465 293
464 267 468 294
467 267 473 294
469 267 476 294
472 267 479 294
453 269 458 295
456 269 460 295
459 269 463 295
464 269 467 296
467 269 472 297
469 269 476 297
474 269 481 298
511 269 512 302
453 272 458 297
456 272 460 298
459 272 463 298
464 272 468 299
467 272 472 299
490 272 493 299
493 272 498 301
514 272 516 306
538 272 538 305
456 275 460 300
459 275 463 300
461 275 465 301
467 275 471 302
474 275 478 301
490 275 493 303
493 275 497 303
517 275 521 309
519 275 524 309
535 275 536 307
538 275 538 308
467 277 470 303
474 277 477 304
477 277 480 304
490 277 493 306
493 277 495 306
496 277 498 306
498 277 501 306
535 277 536 310
538 277 538 310
453 280 457 304
456 280 460 304
459 280 463 305
467 280 469 305
469 280 471 305
472 280 474 305
477 280 480 307
480 280 483 308
485 280 488 308
490 280 492 309
493 280 495 309
496 280 497 309
498 280 500 309
503 280 503 310
525 280 523 313
527 280 526 313
530 280 529 313
538 280 538 314
456 283 460 307
464 283 465 308
467 283 469 308
469 283 471 308
474 283 480 310
477 283 482 310
482 283 485 311
485 283 488 311
488 283 491 311
493 283 494 312
496 283 497 312
498 283 499 312
503 283 503 313
525 283 523 315
527 283 525 315
472 285 474 312
474 285 477 312
477 285 482 313
480 285 485 313
485 285 488 313
488 285 491 313
490 285 494 314
496 285 497 314
498 285 499 315
474 288 479 315
477 288 481 315
480 288 485 316
482 288 488 316
488 288 491 316
490 288 493 316
496 288 497 317
496 290 496 319
