111 77 96 15
129 77 116 17
42 94 23 36
59 94 41 35
94 94 75 34
111 94 92 35
129 94 115 33
146 94 133 32
406 94 414 23
424 94 434 19
441 94 453 16
458 94 473 17
476 94 505 16
493 94 526 18
510 94 543 20
528 94 565 21
59 111 38 55
77 111 57 55
94 111 78 53
111 111 99 49
129 111 116 51
389 111 397 42
406 111 414 41
476 111 506 41
493 111 522 42
510 111 545 40
528 111 567 40
545 111 581 38
562 111 599 38
59 129 42 73
94 129 71 70
111 129 104 71
129 129 123 70
146 129 141 71
181 129 175 71
198 129 193 71
371 129 383 67
389 129 397 61
406 129 415 58
441 129 452 52
476 129 493 65
493 129 514 66
510 129 535 65
528 129 559 66
545 129 578 63
562 129 597 56
580 129 612 53
42 146 33 92
59 146 57 91
77 146 74 92
94 146 87 92
111 146 107 91
129 146 126 90
146 146 145 90
163 146 161 89
181 146 180 90
198 146 206 89
424 146 431 75
441 146 450 73
476 146 495 87
493 146 514 84
510 146 531 84
528 146 554 85
545 146 574 82
562 146 595 80
580 146 614 73
42 163 36 112
59 163 56 111
77 163 87 110
424 163 430 95
441 163 451 94
458 163 473 99
476 163 496 105
493 163 512 105
510 163 529 105
528 163 549 103
545 163 566 101
562 163 589 100
580 163 612 99
371 181 374 120
389 181 394 118
424 181 430 115
441 181 451 113
476 181 490 121
493 181 512 123
510 181 531 123
528 181 551 122
545 181 569 122
562 181 589 122
580 181 610 121
354 198 356 139
371 198 374 138
389 198 394 137
406 198 413 136
424 198 432 135
441 198 452 135
458 198 471 136
493 198 513 140
510 198 531 143
528 198 550 141
545 198 569 140
562 198 589 139
580 198 611 141
319 215 322 158
337 215 336 159
354 215 355 158
371 215 375 158
389 215 394 157
406 215 413 157
458 215 472 154
476 215 492 155
493 215 511 154
528 215 550 160
545 215 568 160
562 215 589 158
580 215 610 159
319 233 318 178
337 233 337 177
354 233 357 177
371 233 375 177
389 233 395 176
406 233 415 176
424 233 435 176
441 233 453 175
458 233 473 176
476 233 493 175
493 233 512 175
510 233 532 175
528 233 549 177
545 233 569 178
562 233 589 177
580 233 608 177
285 250 282 199
302 250 300 197
319 250 318 198
337 250 339 196
354 250 355 196
371 250 375 195
389 250 394 195
406 250 413 195
424 250 434 195
441 250 453 195
458 250 473 195
476 250 493 195
493 250 511 194
510 250 530 194
528 250 550 196
545 250 569 197
562 250 590 194
267 267 267 218
285 267 283 217
302 267 300 217
319 267 318 216
337 267 338 216
354 267 357 216
371 267 375 214
389 267 394 214
406 267 414 214
424 267 434 215
441 267 453 214
458 267 472 214
476 267 492 213
493 267 511 213
510 267 530 213
528 267 548 214
545 267 569 213
233 285 231 236
267 285 267 235
285 285 286 235
302 285 301 235
319 285 318 235
337 285 337 234
354 285 356 234
371 285 375 233
389 285 394 233
406 285 414 234
424 285 434 234
441 285 452 233
458 285 473 232
476 285 492 232
493 285 511 232
510 285 531 232
528 285 550 232
545 285 574 228
215 302 216 255
233 302 232 254
250 302 250 254
267 302 271 254
302 302 304 255
319 302 319 253
337 302 339 253
354 302 357 254
371 302 376 254
389 302 395 252
406 302 414 253
424 302 435 255
441 302 453 252
458 302 472 252
476 302 493 252
493 302 511 252
510 302 530 250
545 302 568 251
215 319 217 273
233 319 234 271
267 319 274 271
302 319 305 272
319 319 321 272
337 319 339 272
354 319 359 273
371 319 377 273
389 319 396 273
406 319 416 273
424 319 433 272
441 319 453 272
458 319 471 271
476 319 492 270
493 319 511 270
510 319 532 271
528 319 550 270
267 337 274 289
285 337 292 290
302 337 306 291
319 337 322 290
337 337 341 292
354 337 359 291
371 337 377 291
389 337 394 290
406 337 416 291
424 337 434 290
441 337 453 291
458 337 472 290
476 337 493 289
493 337 512 289
510 337 531 290
528 337 550 288
250 354 262 307
267 354 277 307
302 354 310 306
319 354 324 307
337 354 342 309
354 354 364 309
371 354 382 309
389 354 400 309
406 354 418 310
424 354 437 310
441 354 453 309
493 354 512 308
510 354 530 307
528 354 551 305
545 354 567 307
562 354 587 306
250 371 264 320
267 371 280 323
302 371 316 331
319 371 332 328
354 371 365 326
371 371 382 326
406 371 418 327
424 371 435 326
458 371 472 327
476 371 493 326
493 371 512 326
510 371 530 326
528 371 549 325
545 371 568 325
562 371 586 324
233 389 249 335
250 389 265 333
267 389 280 329
285 389 298 333
302 389 321 353
371 389 383 344
389 389 402 343
406 389 419 344
424 389 436 344
441 389 455 345
458 389 473 345
476 389 491 343
493 389 510 342
528 389 549 344
545 389 568 344
562 389 587 343
215 406 231 355
233 406 248 352
285 406 300 349
337 406 344 359
354 406 360 356
371 406 386 361
389 406 403 360
406 406 421 361
441 406 455 361
458 406 473 362
493 406 510 360
528 406 549 362
545 406 568 361
215 424 228 374
233 424 249 371
267 424 270 367
285 424 305 371
302 424 322 371
319 424 339 374
406 424 421 377
441 424 456 380
458 424 477 380
476 424 492 379
493 424 512 379
528 424 548 380
545 424 566 378
562 424 587 378
215 441 228 391
233 441 248 390
250 441 268 406
267 441 271 384
285 441 285 387
302 441 323 392
319 441 338 394
354 441 373 392
371 441 378 396
389 441 397 397
424 441 439 392
458 441 464 402
476 441 493 397
493 441 513 396
510 441 530 396
528 441 548 398
545 441 565 399
562 441 586 398
215 458 229 411
233 458 254 418
250 458 273 421
267 458 289 421
337 458 353 418
354 458 368 415
371 458 387 417
389 458 404 415
441 458 443 427
458 458 465 422
476 458 479 419
493 458 511 416
510 458 529 416
528 458 548 417
545 458 567 417
562 458 585 415
233 476 309 474
302 476 340 475
319 476 337 437
371 476 378 473
389 476 407 435
406 476 422 435
441 476 428 472
476 476 498 435
493 476 512 436
510 476 529 434
528 476 548 436
545 476 566 437
