111 77 88 20
129 77 105 17
59 94 33 37
94 94 75 40
111 94 87 34
129 94 106 31
146 94 128 28
94 111 67 51
111 111 88 52
129 111 109 50
146 111 128 49
77 129 39 63
111 129 91 67
129 129 108 67
146 129 128 67
163 129 147 67
181 129 163 67
198 129 182 66
528 129 558 80
545 129 590 61
129 146 112 83
146 146 127 85
181 146 144 88
545 146 577 96
562 146 595 91
458 163 538 82
528 163 624 42
562 163 593 114
371 181 388 75
389 181 407 74
424 181 451 31
441 181 478 30
493 181 538 64
562 181 594 137
580 181 631 128
354 198 367 92
371 198 387 92
389 198 409 91
424 198 452 59
441 198 473 54
458 198 491 89
476 198 517 90
319 215 321 112
337 215 344 109
354 215 366 107
371 215 389 108
389 215 411 106
458 215 498 106
476 215 519 107
493 215 539 106
545 215 610 98
319 233 325 125
337 233 346 124
354 233 368 124
371 233 390 124
389 233 411 123
406 233 433 123
424 233 455 122
441 233 477 122
458 233 500 124
476 233 522 122
493 233 542 123
510 233 564 127
285 250 282 146
302 250 303 143
319 250 325 142
337 250 347 141
354 250 368 141
371 250 391 142
389 250 413 141
406 250 435 141
424 250 457 141
441 250 479 140
458 250 502 140
476 250 523 140
493 250 544 140
510 250 563 153
545 250 601 166
562 250 617 190
285 267 282 175
302 267 305 161
319 267 325 160
337 267 349 159
354 267 369 159
371 267 392 158
389 267 413 158
406 267 436 158
424 267 458 158
441 267 481 158
458 267 504 156
476 267 526 156
493 267 548 159
510 267 579 190
545 267 602 184
267 285 265 206
285 285 283 205
302 285 308 191
319 285 326 181
337 285 348 177
354 285 370 176
371 285 393 176
389 285 416 175
406 285 438 175
424 285 461 176
441 285 484 175
458 285 507 174
476 285 528 175
510 285 584 204
545 285 605 202
215 302 210 230
233 302 228 231
250 302 247 232
267 302 267 232
302 302 307 212
319 302 327 208
337 302 348 200
354 302 372 196
371 302 394 195
389 302 417 194
406 302 440 194
424 302 464 194
441 302 487 193
458 302 509 194
476 302 530 197
510 302 568 211
215 319 206 253
233 319 225 251
250 319 247 254
267 319 270 262
302 319 311 238
319 319 330 234
337 319 350 225
354 319 375 224
371 319 400 222
389 319 419 217
406 319 442 215
424 319 466 213
441 319 488 214
458 319 510 214
476 319 532 219
493 319 552 233
510 319 570 231
528 319 592 230
267 337 271 282
319 337 330 255
337 337 350 251
354 337 373 251
371 337 395 249
389 337 420 241
406 337 443 239
424 337 466 234
441 337 491 235
458 337 512 236
476 337 533 243
493 337 550 256
510 337 572 254
528 337 593 254
285 354 299 302
302 354 316 305
319 354 334 292
337 354 352 276
354 354 376 275
371 354 402 276
389 354 421 273
406 354 440 271
424 354 468 269
441 354 491 259
458 354 514 262
493 354 550 280
510 354 571 277
528 354 595 277
545 354 617 283
250 371 254 328
267 371 280 326
285 371 302 326
302 371 317 324
319 371 336 323
354 371 379 312
371 371 398 306
389 371 422 303
406 371 442 299
424 371 468 294
441 371 494 285
458 371 516 282
493 371 551 303
510 371 568 312
528 371 591 318
545 371 619 298
562 371 638 300
233 389 237 346
250 389 256 346
267 389 275 347
285 389 300 346
302 389 321 346
319 389 341 342
337 389 359 342
371 389 401 334
389 389 422 331
406 389 445 328
424 389 469 318
441 389 489 314
458 389 517 306
476 389 540 311
528 389 594 344
545 389 621 318
562 389 641 317
215 406 217 369
233 406 237 365
250 406 252 366
319 406 341 361
337 406 360 363
354 406 380 361
371 406 401 359
389 406 423 357
406 406 445 353
441 406 488 349
458 406 516 333
493 406 549 355
545 406 625 339
562 406 645 338
215 424 220 407
233 424 252 401
285 424 288 381
319 424 343 381
337 424 360 384
371 424 399 380
389 424 420 379
406 424 446 380
424 424 468 374
441 424 490 371
458 424 508 367
476 424 535 372
493 424 552 375
510 424 580 370
545 424 627 359
562 424 649 385
215 441 225 423
233 441 238 404
250 441 273 419
337 441 364 400
354 441 381 399
371 441 401 401
389 441 426 399
406 441 449 399
424 441 470 397
441 441 490 393
458 441 517 386
476 441 537 388
493 441 557 390
510 441 580 398
562 441 651 403
215 458 233 442
233 458 254 441
302 458 308 439
319 458 342 431
354 458 385 420
371 458 403 418
389 458 423 423
406 458 449 418
424 458 471 415
441 458 489 415
458 458 519 406
476 458 540 406
493 458 558 407
510 458 589 399
528 458 611 400
233 476 277 476
250 476 309 478
302 476 529 478
337 476 364 474
371 476 419 469
424 476 457 469
441 476 473 468
458 476 491 475
493 476 559 443
