441 77 433 91
458 77 448 92
129 94 127 92
458 94 449 109
42 111 40 107
94 111 91 109
129 111 126 109
476 111 462 126
25 129 24 125
42 129 41 126
59 129 59 125
77 129 75 126
94 129 90 126
111 129 109 127
146 129 143 128
441 129 432 154
42 146 41 143
59 146 60 143
77 146 76 144
111 146 108 145
129 146 127 145
163 146 160 146
441 146 431 170
42 163 42 160
59 163 57 161
354 198 349 209
371 198 363 209
424 198 413 215
337 215 331 226
354 215 348 226
371 215 363 227
458 215 446 229
476 215 463 229
493 215 478 229
510 215 495 226
319 233 315 243
337 233 331 243
354 233 348 244
371 233 364 244
406 233 396 244
424 233 413 245
458 233 445 246
476 233 463 247
493 233 478 247
285 250 282 259
302 250 299 260
319 250 316 261
337 250 331 261
354 250 347 261
371 250 364 261
389 250 382 262
424 250 412 262
441 250 428 262
458 250 445 263
476 250 461 263
493 250 477 263
267 267 264 273
302 267 299 277
319 267 315 277
337 267 332 278
354 267 347 279
371 267 364 278
389 267 379 278
424 267 412 279
441 267 428 278
458 267 445 279
476 267 460 279
528 267 512 274
233 285 230 284
267 285 263 290
302 285 298 291
319 285 314 293
337 285 330 293
354 285 347 293
371 285 363 295
389 285 379 295
424 285 412 296
441 285 427 295
458 285 444 296
476 285 460 296
493 285 477 295
510 285 494 291
545 285 526 292
215 302 214 302
302 302 298 308
319 302 313 310
337 302 331 310
354 302 346 311
371 302 363 311
389 302 378 311
424 302 411 313
441 302 427 312
458 302 444 313
476 302 461 313
493 302 476 310
510 302 492 310
233 319 230 320
250 319 244 322
319 319 314 325
337 319 330 327
354 319 346 327
371 319 363 328
389 319 379 328
406 319 395 328
441 319 427 330
458 319 443 330
476 319 460 329
493 319 475 327
510 319 491 327
528 319 508 327
302 337 295 339
319 337 312 340
337 337 330 342
354 337 347 342
371 337 362 343
389 337 378 344
424 337 410 345
441 337 427 346
458 337 442 345
476 337 460 344
493 337 475 343
510 337 491 344
267 354 260 352
285 354 275 354
319 354 312 356
337 354 328 358
354 354 346 358
371 354 361 358
389 354 379 359
406 354 395 360
441 354 425 361
528 354 510 355
267 371 258 371
302 371 294 373
424 371 409 375
458 371 441 376
493 371 474 374
528 371 508 372
545 371 522 376
562 371 538 375
233 389 228 382
337 389 326 387
371 389 359 388
389 389 376 389
545 389 521 392
562 389 537 391
215 406 207 398
337 406 328 402
354 406 344 404
371 406 359 403
389 406 375 404
441 406 423 406
493 406 472 406
545 406 520 408
562 406 537 406
215 424 210 414
337 424 329 419
389 424 371 419
406 424 391 421
424 424 408 420
441 424 422 422
476 424 454 424
493 424 473 423
528 424 503 424
545 424 519 424
562 424 537 421
250 441 241 432
285 441 278 434
302 441 296 434
319 441 311 436
337 441 328 438
354 441 343 437
389 441 372 436
406 441 390 436
441 441 421 438
458 441 436 441
476 441 454 441
528 441 503 440
562 441 536 437
250 458 240 449
267 458 260 450
285 458 278 454
406 458 390 455
424 458 406 454
441 458 420 454
458 458 436 457
476 458 453 456
493 458 470 455
528 458 502 456
250 476 241 465
285 476 278 471
319 476 309 473
337 476 326 473
389 476 376 474
424 476 404 475
493 476 468 475
510 476 487 474
