129 111 109 50
111 129 91 67
146 129 128 67
163 129 147 67
181 129 163 67
129 146 112 83
146 146 127 85
389 181 407 74
424 181 451 31
354 198 367 92
371 198 387 92
389 198 409 91
424 198 452 59
441 198 473 54
337 215 344 109
354 215 366 107
371 215 389 108
389 215 411 106
476 215 519 107
493 215 539 106
319 233 325 125
337 233 346 124
354 233 368 124
371 233 390 124
389 233 411 123
406 233 433 123
441 233 477 122
458 233 500 124
476 233 522 122
493 233 542 123
510 233 564 127
302 250 303 143
319 250 325 142
337 250 347 141
354 250 368 141
371 250 391 142
389 250 413 141
406 250 435 141
424 250 457 141
441 250 479 140
458 250 502 140
476 250 523 140
302 267 305 161
319 267 325 160
337 267 349 159
354 267 369 159
371 267 392 158
389 267 413 158
406 267 436 158
424 267 458 158
441 267 481 158
458 267 504 156
476 267 526 156
267 285 265 206
285 285 283 205
302 285 308 191
319 285 326 181
337 285 348 177
354 285 370 176
371 285 393 176
389 285 416 175
406 285 438 175
424 285 461 176
441 285 484 175
458 285 507 174
476 285 528 175
215 302 210 230
233 302 228 231
302 302 307 212
319 302 327 208
337 302 348 200
354 302 372 196
371 302 394 195
389 302 417 194
406 302 440 194
424 302 464 194
441 302 487 193
458 302 509 194
476 302 530 197
510 302 568 211
215 319 206 253
267 319 270 262
319 319 330 234
337 319 350 225
354 319 375 224
371 319 400 222
389 319 419 217
406 319 442 215
424 319 466 213
441 319 488 214
458 319 510 214
476 319 532 219
493 319 552 233
510 319 570 231
528 319 592 230
319 337 330 255
354 337 373 251
371 337 395 249
389 337 420 241
406 337 443 239
424 337 466 234
441 337 491 235
458 337 512 236
493 337 550 256
510 337 572 254
528 337 593 254
285 354 299 302
302 354 316 305
337 354 352 276
354 354 376 275
371 354 402 276
389 354 421 273
406 354 440 271
424 354 468 269
441 354 491 259
493 354 550 280
528 354 595 277
285 371 302 326
354 371 379 312
371 371 398 306
406 371 442 299
424 371 468 294
458 371 516 282
545 371 619 298
250 389 256 346
285 389 300 346
302 389 321 346
319 389 341 342
337 389 359 342
371 389 401 334
389 389 422 331
406 389 445 328
424 389 469 318
441 389 489 314
458 389 517 306
476 389 540 311
545 389 621 318
233 406 237 365
250 406 252 366
319 406 341 361
354 406 380 361
371 406 401 359
389 406 423 357
406 406 445 353
458 406 516 333
493 406 549 355
545 406 625 339
562 406 645 338
319 424 343 381
337 424 360 384
371 424 399 380
389 424 420 379
406 424 446 380
424 424 468 374
476 424 535 372
493 424 552 375
233 441 238 404
337 441 364 400
354 441 381 399
371 441 401 401
389 441 426 399
406 441 449 399
424 441 470 397
441 441 490 393
493 441 557 390
354 458 385 420
371 458 403 418
406 458 449 418
424 458 471 415
441 458 489 415
493 458 558 407
510 458 589 399
528 458 611 400
