129 94 162 73
146 94 182 71
111 111 145 93
42 129 74 108
59 129 93 107
111 129 145 105
146 129 182 104
181 129 214 103
198 129 233 102
441 146 497 10
389 181 435 103
441 181 500 58
371 198 415 116
424 198 474 84
441 198 499 81
458 198 516 115
337 215 378 132
354 215 395 132
371 215 416 133
389 215 437 131
476 215 542 131
493 215 561 130
319 233 357 148
337 233 376 146
354 233 397 147
371 233 417 147
389 233 438 146
406 233 459 147
476 233 543 145
493 233 563 146
510 233 583 147
302 250 339 164
319 250 358 163
337 250 378 163
354 250 397 162
371 250 418 163
389 250 440 162
406 250 460 162
424 250 480 161
441 250 502 161
458 250 523 160
510 250 580 183
302 267 337 181
319 267 358 179
337 267 378 179
354 267 398 179
371 267 419 177
389 267 440 177
406 267 461 177
424 267 484 178
441 267 504 178
458 267 527 175
267 285 299 226
319 285 355 197
337 285 379 194
354 285 399 193
371 285 420 192
389 285 442 192
406 285 464 193
424 285 485 193
441 285 507 192
458 285 528 191
476 285 549 192
250 302 282 251
302 302 339 233
319 302 357 224
337 302 380 213
354 302 400 212
371 302 422 211
389 302 444 210
406 302 467 209
424 302 488 210
441 302 509 209
458 302 531 209
476 302 552 213
510 302 596 231
233 319 262 267
250 319 281 272
267 319 303 282
319 319 357 243
354 319 402 238
371 319 424 236
389 319 445 231
406 319 469 228
424 319 490 228
441 319 511 228
458 319 532 229
476 319 553 233
493 319 573 248
510 319 595 249
528 319 616 248
267 337 304 306
285 337 327 308
354 337 404 266
371 337 427 265
389 337 445 261
406 337 468 253
424 337 491 247
441 337 513 247
458 337 535 250
510 337 593 271
528 337 618 273
267 354 307 325
285 354 328 325
337 354 383 289
354 354 405 289
371 354 426 291
389 354 449 288
406 354 468 285
441 354 513 274
493 354 576 299
510 354 595 297
545 354 641 302
302 371 345 344
354 371 406 329
371 371 425 321
406 371 467 314
424 371 493 307
441 371 518 302
458 371 540 298
562 371 666 319
250 389 286 364
337 389 385 360
371 389 426 351
389 389 448 350
424 389 490 335
441 389 519 330
458 389 541 321
493 389 573 353
354 406 407 381
371 406 427 379
389 406 449 376
406 406 470 371
441 406 519 358
458 406 540 346
493 406 577 376
545 406 652 356
285 424 329 399
337 424 384 401
354 424 409 400
371 424 432 400
389 424 450 400
406 424 471 399
493 424 579 397
510 424 609 381
528 424 632 375
545 424 654 374
562 424 678 378
250 441 291 418
267 441 306 416
285 441 324 421
302 441 344 420
319 441 368 418
354 441 414 418
371 441 429 418
389 441 450 418
406 441 472 420
424 441 491 419
458 441 541 421
476 441 559 422
510 441 612 398
528 441 633 395
250 458 291 438
285 458 326 440
302 458 348 441
371 458 431 441
389 458 452 441
406 458 473 441
424 458 494 440
441 458 514 440
458 458 541 444
493 458 584 443
510 458 615 416
528 458 639 416
406 476 473 466
