545 239 547 243
571 250 576 247
613 250 624 249
562 253 567 250
613 253 624 252
565 256 570 253
613 258 623 257
619 261 631 262
545 264 556 264
556 264 567 264
548 267 559 268
551 267 563 267
554 267 565 268
548 273 560 276
619 273 634 282
554 275 564 276
554 278 562 281
554 281 562 284
604 290 617 294
610 290 623 297
562 292 568 293
565 292 571 292
596 292 608 297
599 292 611 297
604 292 616 297
607 292 620 298
630 292 640 303
562 295 568 296
590 295 602 303
593 295 606 303
596 295 608 300
599 295 611 301
602 295 614 303
607 295 619 303
613 295 625 303
630 295 640 305
568 298 574 301
571 298 577 302
576 298 583 304
588 298 596 304
613 298 623 306
621 298 631 306
630 298 640 308
573 301 579 307
576 301 582 306
579 301 585 307
613 301 622 309
616 301 626 309
621 301 631 311
624 301 634 311
562 304 566 301
582 304 590 307
585 304 593 307
613 304 623 313
616 304 626 312
647 304 646 303
596 306 599 310
647 306 647 306
579 309 586 313
607 309 615 313
647 309 646 308
571 312 575 312
644 312 643 311
647 312 646 311
571 315 574 315
590 315 589 315
644 315 643 315
647 315 646 314
