453 235 449 218
501 235 495 219
503 235 498 219
456 238 451 221
459 238 454 220
464 238 461 219
467 238 463 219
469 238 466 219
480 238 476 221
490 238 485 221
461 240 457 223
467 240 464 221
469 240 467 221
509 240 501 222
467 243 464 223
469 243 467 224
511 243 504 225
469 246 467 226
490 246 485 229
496 246 488 229
461 248 457 229
474 248 472 226
472 251 469 229
474 251 472 229
430 254 430 237
432 254 431 236
445 254 437 237
490 254 484 231
430 256 430 239
432 256 431 240
459 256 453 237
461 256 456 239
477 256 474 234
514 256 506 237
432 259 432 242
461 259 455 242
477 259 474 237
485 261 482 238
459 269 451 250
482 272 475 247
493 272 485 243
493 275 485 248
480 277 474 254
482 277 477 254
480 280 474 259
482 280 477 259
456 288 447 266
437 290 432 266
474 290 474 269
503 290 495 270
514 290 506 267
517 290 509 267
519 290 511 267
437 293 434 271
506 293 498 269
514 293 506 269
519 293 512 270
477 296 471 272
506 296 498 272
509 296 501 272
511 296 503 272
514 296 506 272
517 296 509 272
440 298 437 273
477 298 471 275
480 298 474 275
485 298 479 276
503 298 498 275
506 298 496 277
509 298 501 277
511 298 503 275
514 298 506 275
517 298 509 275
519 298 512 275
430 301 429 279
432 301 432 279
440 301 437 278
474 301 468 277
511 301 504 279
514 301 506 278
517 301 509 278
440 304 437 282
474 304 468 280
477 304 471 280
501 304 490 282
477 306 471 283
