548 208 548 208
551 208 551 208
554 208 556 207
556 208 558 207
559 208 561 207
568 208 570 208
571 208 573 208
573 208 575 208
576 208 578 208
579 208 581 208
582 208 584 208
540 211 539 211
545 211 545 211
548 211 548 211
551 211 551 211
554 211 556 210
565 211 565 211
568 211 570 210
571 211 573 210
573 211 575 211
576 211 579 211
579 211 581 211
582 211 584 211
540 213 539 213
542 213 542 214
545 213 545 214
548 213 548 214
551 213 553 213
554 213 556 213
556 213 558 213
565 213 565 213
568 213 568 214
571 213 573 213
573 213 575 213
576 213 578 213
579 213 581 214
582 213 584 214
531 216 536 214
542 216 543 216
545 216 545 216
548 216 551 217
551 216 553 216
556 216 557 215
559 216 561 216
565 216 566 216
568 216 570 217
571 216 573 217
573 216 576 217
576 216 578 216
579 216 581 216
582 216 584 217
585 216 587 217
531 219 530 220
534 219 534 220
537 219 537 219
540 219 540 219
542 219 545 218
548 219 550 220
554 219 554 219
556 219 557 219
559 219 561 219
562 219 565 220
565 219 567 220
571 219 573 220
579 219 581 219
582 219 584 219
585 219 587 219
528 222 528 222
531 222 531 222
534 222 534 222
537 222 537 222
540 222 540 222
542 222 544 221
548 222 549 222
551 222 551 221
556 222 557 221
559 222 560 221
568 222 570 222
579 222 582 222
582 222 584 222
585 222 587 222
528 225 528 225
531 225 531 225
534 225 535 224
537 225 538 224
540 225 541 225
542 225 543 225
545 225 547 224
554 225 556 225
559 225 560 224
562 225 563 223
565 225 567 225
568 225 570 225
571 225 573 225
573 225 576 225
576 225 579 224
579 225 581 225
588 225 590 227
528 227 529 228
531 227 532 227
534 227 535 227
537 227 538 227
540 227 540 227
542 227 543 228
545 227 547 227
551 227 551 227
554 227 556 227
559 227 560 227
562 227 563 227
565 227 567 227
568 227 570 227
571 227 573 228
573 227 576 228
576 227 579 228
579 227 581 227
582 227 585 227
537 230 538 230
540 230 540 230
542 230 543 230
545 230 547 230
551 230 551 230
554 230 554 230
556 230 559 230
562 230 563 230
565 230 567 230
568 230 570 230
571 230 573 230
573 230 575 231
576 230 578 231
579 230 582 231
582 230 584 231
585 230 588 231
590 230 591 229
528 233 529 233
531 233 532 233
534 233 535 233
537 233 538 233
540 233 541 233
542 233 543 233
545 233 546 233
548 233 549 233
551 233 551 233
554 233 554 232
556 233 558 233
559 233 561 233
562 233 564 234
568 233 570 234
571 233 573 234
573 233 575 234
576 233 578 234
579 233 581 234
582 233 584 234
585 233 588 233
588 233 590 233
593 233 595 234
528 236 529 236
531 236 532 236
537 236 538 236
540 236 540 235
542 236 543 235
545 236 546 235
551 236 552 235
554 236 554 235
556 236 558 236
559 236 561 236
568 236 570 236
571 236 573 236
573 236 575 237
576 236 579 236
579 236 582 236
585 236 588 236
588 236 591 236
590 236 594 236
596 236 597 237
599 236 599 236
531 239 532 239
534 239 535 239
537 239 538 239
542 239 543 238
545 239 546 238
548 239 549 239
559 239 561 240
562 239 565 239
565 239 567 239
568 239 570 239
571 239 573 239
573 239 575 239
588 239 591 238
590 239 593 238
596 239 597 239
599 239 599 238
534 242 535 241
537 242 539 241
548 242 550 242
554 242 556 242
556 242 558 242
559 242 562 242
562 242 565 242
565 242 567 242
568 242 570 242
571 242 573 242
573 242 576 242
582 242 584 239
585 242 587 239
596 242 596 241
599 242 599 242
528 244 529 243
534 244 536 244
537 244 538 244
542 244 544 244
545 244 547 244
548 244 551 245
551 244 554 244
554 244 557 244
556 244 560 244
559 244 562 244
562 244 565 244
565 244 568 245
568 244 570 245
576 244 580 245
582 244 584 242
585 244 587 241
588 244 590 242
590 244 593 242
596 244 596 245
599 244 599 244
602 244 602 244
528 247 529 248
531 247 533 247
540 247 541 247
542 247 545 247
545 247 548 247
548 247 551 247
554 247 556 248
556 247 560 247
565 247 568 247
568 247 570 247
571 247 573 247
576 247 579 247
582 247 585 244
585 247 587 244
588 247 590 244
599 247 599 246
602 247 602 247
604 247 604 247
537 250 538 250
540 250 540 251
542 250 544 251
545 250 548 251
551 250 554 251
554 250 557 251
556 250 559 251
571 250 583 253
576 250 580 250
596 250 599 251
602 250 602 250
604 250 604 250
528 253 528 252
531 253 532 253
534 253 534 252
540 253 540 253
545 253 547 254
548 253 551 253
551 253 554 253
554 253 557 254
556 253 559 254
565 253 576 253
588 253 587 253
590 253 590 253
599 253 599 253
602 253 602 253
604 253 604 252
607 253 607 253
610 253 610 253
613 253 613 253
616 253 616 253
619 253 618 253
528 256 529 255
531 256 531 255
534 256 534 256
542 256 544 256
545 256 548 256
548 256 551 256
551 256 554 256
554 256 557 256
556 256 559 256
562 256 574 255
565 256 576 255
568 256 579 256
579 256 579 253
585 256 585 253
588 256 588 256
590 256 590 256
599 256 599 256
602 256 602 256
604 256 605 256
607 256 607 256
610 256 611 256
613 256 614 256
616 256 616 256
619 256 619 256
621 256 621 256
624 256 625 256
627 256 627 256
630 256 630 256
528 258 528 258
531 258 532 259
534 258 534 259
537 258 537 259
542 258 544 259
551 258 554 259
554 258 557 259
565 258 576 258
568 258 579 258
585 258 584 259
593 258 593 259
599 258 599 259
602 258 602 259
604 258 605 259
607 258 608 259
610 258 611 259
613 258 613 259
616 258 617 259
619 258 619 259
621 258 622 259
624 258 624 258
627 258 627 258
630 258 630 258
633 258 633 258
528 261 528 261
531 261 531 261
534 261 534 262
537 261 537 262
542 261 543 261
545 261 546 261
548 261 550 261
551 261 553 262
596 261 599 262
602 261 602 262
604 261 605 262
607 261 608 262
610 261 611 262
613 261 614 262
616 261 616 262
619 261 619 262
621 261 622 262
624 261 625 261
627 261 627 261
630 261 630 261
633 261 633 261
635 261 636 261
528 264 529 264
531 264 531 265
534 264 534 264
537 264 537 264
542 264 543 264
545 264 546 264
565 264 576 262
585 264 584 264
588 264 588 264
590 264 592 265
593 264 595 265
599 264 599 265
602 264 603 265
604 264 605 265
607 264 608 265
610 264 611 265
613 264 614 264
616 264 617 265
619 264 619 265
621 264 622 265
624 264 625 265
627 264 628 264
630 264 630 264
633 264 633 264
635 264 636 264
528 267 528 268
531 267 531 268
534 267 534 267
537 267 537 267
540 267 541 267
542 267 543 266
565 267 576 265
593 267 594 267
599 267 599 267
602 267 603 267
604 267 606 267
607 267 608 267
610 267 610 268
613 267 614 267
616 267 616 267
619 267 619 267
621 267 622 267
624 267 625 267
627 267 628 267
630 267 631 267
633 267 634 267
635 267 636 267
638 267 638 267
641 267 641 267
528 270 529 272
534 270 534 271
540 270 540 269
542 270 543 269
545 270 546 269
551 270 554 274
554 270 560 273
590 270 591 271
599 270 600 271
602 270 602 271
604 270 605 270
607 270 608 270
610 270 611 270
613 270 613 271
616 270 615 271
619 270 619 270
621 270 622 270
624 270 625 270
627 270 629 270
633 270 633 270
635 270 636 270
638 270 639 270
641 270 641 270
531 273 531 274
534 273 534 274
540 273 540 272
542 273 543 272
545 273 545 272
554 273 559 276
568 273 570 276
571 273 573 276
588 273 588 273
593 273 596 273
596 273 598 273
602 273 602 273
604 273 605 273
607 273 608 273
610 273 611 273
613 273 614 273
616 273 616 273
619 273 619 273
621 273 622 272
624 273 625 273
627 273 628 273
630 273 630 273
633 273 633 273
635 273 637 273
638 273 640 273
644 273 644 273
647 273 647 272
531 275 532 276
534 275 534 276
540 275 540 275
542 275 543 275
545 275 546 275
551 275 555 279
554 275 557 279
556 275 559 279
568 275 571 279
571 275 573 279
573 275 576 279
576 275 579 279
579 275 581 279
590 275 592 276
599 275 599 276
602 275 602 276
604 275 605 276
607 275 608 276
610 275 610 276
613 275 613 276
616 275 616 275
619 275 619 275
621 275 621 275
624 275 625 276
627 275 628 276
630 275 630 276
633 275 633 276
635 275 636 275
638 275 639 276
641 275 642 276
644 275 644 275
647 275 647 275
528 278 528 278
531 278 532 278
534 278 535 278
537 278 537 278
542 278 543 278
545 278 545 278
548 278 549 278
551 278 551 278
559 278 562 282
571 278 573 281
573 278 575 281
576 278 578 281
579 278 581 281
588 278 588 278
590 278 591 279
593 278 593 278
599 278 599 279
602 278 602 279
604 278 605 278
607 278 608 279
616 278 616 278
619 278 619 278
621 278 622 278
624 278 624 278
627 278 628 278
633 278 633 279
635 278 636 278
638 278 639 278
641 278 642 278
644 278 644 278
647 278 647 278
528 281 529 281
531 281 532 282
534 281 534 281
537 281 537 281
540 281 540 281
542 281 543 281
545 281 545 281
548 281 548 281
554 281 554 281
556 281 556 281
565 281 564 279
571 281 571 283
573 281 576 283
576 281 579 283
599 281 599 282
602 281 602 282
604 281 605 281
607 281 608 281
610 281 610 281
613 281 613 281
616 281 616 281
619 281 619 281
621 281 622 281
624 281 626 281
630 281 631 281
633 281 632 281
635 281 635 282
638 281 639 281
641 281 642 281
644 281 644 281
647 281 647 281
531 284 533 286
534 284 534 284
537 284 537 284
540 284 540 284
542 284 543 284
545 284 545 284
548 284 548 284
551 284 552 284
556 284 557 283
559 284 559 283
568 284 568 284
571 284 571 286
573 284 576 286
588 284 587 284
590 284 590 284
593 284 593 283
599 284 599 284
602 284 602 284
604 284 605 284
607 284 608 284
610 284 610 284
613 284 613 284
616 284 617 284
619 284 619 284
621 284 622 284
624 284 624 284
627 284 628 284
630 284 630 284
633 284 633 284
635 284 635 284
638 284 638 284
641 284 642 284
644 284 644 284
647 284 647 284
537 287 538 287
540 287 540 287
542 287 543 287
545 287 545 287
548 287 548 286
551 287 551 286
554 287 554 286
556 287 557 286
559 287 559 286
562 287 562 286
565 287 565 286
568 287 567 286
573 287 573 287
588 287 587 287
590 287 590 287
593 287 593 287
596 287 596 287
599 287 599 287
602 287 602 287
604 287 605 287
607 287 608 286
616 287 616 287
619 287 619 287
621 287 622 287
624 287 624 287
627 287 626 287
630 287 630 287
633 287 633 287
635 287 635 287
638 287 638 287
641 287 642 287
644 287 644 287
647 287 647 287
537 290 537 290
540 290 540 289
542 290 543 290
545 290 545 289
548 290 548 289
551 290 551 289
554 290 554 289
556 290 557 289
559 290 560 290
562 290 562 290
565 290 565 290
568 290 567 290
571 290 570 289
573 290 573 290
576 290 577 290
588 290 588 290
590 290 591 290
593 290 594 290
596 290 596 289
599 290 598 289
602 290 602 290
604 290 605 290
607 290 608 289
610 290 610 289
613 290 613 290
616 290 615 290
619 290 619 290
621 290 622 290
624 290 625 290
627 290 626 290
630 290 629 290
633 290 633 290
635 290 636 290
638 290 638 289
641 290 641 289
644 290 644 290
647 290 647 290
537 292 536 292
540 292 540 293
542 292 543 293
545 292 546 292
548 292 548 292
551 292 551 292
554 292 554 292
556 292 557 292
559 292 560 292
562 292 562 292
565 292 565 292
568 292 568 292
571 292 571 293
573 292 574 293
576 292 577 293
582 292 583 293
585 292 586 293
588 292 588 292
590 292 591 292
593 292 594 292
596 292 596 292
599 292 599 293
602 292 602 292
604 292 605 292
607 292 608 292
610 292 610 293
613 292 613 293
616 292 615 293
619 292 619 293
621 292 622 293
624 292 625 293
630 292 629 292
633 292 632 292
635 292 635 292
638 292 638 292
641 292 641 292
644 292 644 293
647 292 647 293
545 295 545 295
548 295 548 295
551 295 551 295
554 295 554 295
556 295 557 295
559 295 559 295
562 295 562 295
565 295 565 295
568 295 568 295
571 295 571 295
573 295 574 295
576 295 577 295
579 295 579 296
582 295 582 296
585 295 585 296
588 295 588 295
590 295 591 295
593 295 594 295
596 295 596 295
599 295 599 295
602 295 602 295
604 295 605 295
607 295 608 295
610 295 610 295
613 295 613 296
616 295 616 295
619 295 619 295
621 295 624 295
627 295 627 295
630 295 629 295
633 295 632 295
635 295 635 295
638 295 638 295
647 295 647 295
542 298 543 298
545 298 545 298
548 298 548 298
554 298 554 298
556 298 557 298
559 298 560 298
562 298 562 298
565 298 565 298
568 298 568 298
571 298 571 298
573 298 574 298
576 298 577 298
579 298 579 298
582 298 582 298
585 298 585 298
588 298 588 298
590 298 591 298
593 298 593 298
596 298 596 298
599 298 599 298
602 298 602 298
604 298 605 298
607 298 608 298
610 298 610 298
613 298 613 298
619 298 619 297
627 298 627 298
635 298 635 298
647 298 646 298
551 301 551 301
554 301 554 301
556 301 557 301
559 301 559 301
562 301 562 301
565 301 565 301
568 301 568 301
571 301 571 301
573 301 574 300
576 301 577 300
579 301 580 300
582 301 583 300
585 301 585 301
588 301 588 301
590 301 591 301
593 301 594 301
596 301 596 301
599 301 599 301
602 301 602 301
604 301 605 301
607 301 608 301
610 301 610 301
613 301 615 301
619 301 619 301
621 301 622 301
630 301 634 302
635 301 635 301
644 301 643 301
647 301 646 301
554 304 554 303
556 304 557 304
559 304 559 304
562 304 562 304
565 304 565 304
568 304 568 304
571 304 571 304
573 304 574 304
579 304 579 304
582 304 582 304
585 304 585 304
588 304 588 304
590 304 591 304
593 304 593 303
596 304 596 304
599 304 599 304
602 304 602 303
604 304 605 304
607 304 608 304
610 304 610 304
613 304 613 303
616 304 616 304
619 304 619 304
621 304 622 304
624 304 624 303
630 304 630 303
633 304 632 303
635 304 635 303
638 304 638 303
641 304 641 304
644 304 644 304
647 304 647 304
556 306 556 306
559 306 559 307
562 306 562 307
565 306 565 307
568 306 568 307
571 306 571 307
573 306 574 307
576 306 577 307
579 306 579 307
582 306 582 307
585 306 585 307
588 306 588 306
590 306 591 306
593 306 593 306
599 306 599 307
602 306 602 306
604 306 605 306
607 306 608 306
610 306 610 306
613 306 613 307
616 306 616 306
619 306 619 306
621 306 621 306
624 306 624 307
627 306 627 306
630 306 630 306
633 306 633 306
635 306 635 306
641 306 641 307
644 306 644 307
647 306 647 307
556 309 557 309
559 309 559 309
562 309 563 310
565 309 565 310
568 309 568 309
571 309 571 310
573 309 573 310
576 309 576 309
579 309 579 310
582 309 582 310
585 309 585 310
588 309 588 310
590 309 591 309
596 309 596 310
599 309 599 310
602 309 602 309
604 309 605 309
607 309 607 309
610 309 610 309
613 309 613 309
616 309 616 309
619 309 619 309
621 309 622 309
624 309 625 310
627 309 627 310
630 309 632 310
635 309 635 308
638 309 638 309
641 309 641 309
644 309 644 309
647 309 647 309
562 312 565 312
565 312 567 312
568 312 571 312
573 312 574 312
576 312 577 312
579 312 579 312
582 312 582 312
585 312 585 313
588 312 588 313
590 312 591 313
593 312 594 313
596 312 596 313
599 312 599 313
610 312 610 313
613 312 613 312
616 312 615 312
619 312 619 312
621 312 622 312
624 312 624 312
627 312 627 312
630 312 630 312
633 312 632 312
635 312 635 312
638 312 638 312
641 312 641 312
644 312 644 312
647 312 647 312
562 315 563 315
565 315 568 315
568 315 571 315
573 315 574 314
576 315 576 315
579 315 579 315
582 315 582 315
588 315 588 315
590 315 591 315
593 315 594 315
596 315 596 315
599 315 599 315
602 315 601 315
604 315 604 315
607 315 607 315
610 315 610 315
613 315 613 315
616 315 616 315
619 315 619 315
621 315 621 315
624 315 624 315
627 315 627 315
630 315 629 315
633 315 632 315
635 315 635 315
638 315 638 315
641 315 642 315
644 315 644 315
647 315 647 315
