545 208 551 200
545 211 550 203
545 213 550 206
545 216 550 210
585 219 584 207
582 227 581 213
585 227 583 213
582 230 580 216
585 230 583 217
590 230 590 219
579 233 576 219
582 233 580 219
593 239 595 238
596 239 596 230
596 244 593 233
576 247 571 234
585 247 581 236
585 250 581 239
596 250 597 247
548 256 549 241
565 258 570 247
565 261 570 249
568 264 578 254
630 264 627 260
633 264 630 261
635 264 632 260
638 264 639 262
630 267 627 262
627 270 627 266
630 270 629 266
633 270 633 268
635 270 636 268
641 270 641 268
644 270 644 269
627 273 626 270
630 273 629 270
635 273 636 270
627 275 628 272
630 275 631 273
647 275 647 274
627 278 628 276
638 278 641 277
641 278 644 278
644 278 646 278
619 281 621 280
624 281 625 280
627 281 630 281
635 281 637 280
638 281 641 280
641 281 643 281
644 281 646 281
619 284 623 284
621 284 626 284
627 284 630 284
635 284 637 283
638 284 640 283
641 284 643 283
644 284 646 283
607 287 611 286
610 287 614 286
613 287 616 287
616 287 620 287
619 287 623 287
621 287 626 287
635 287 636 285
638 287 639 285
641 287 643 286
644 287 646 287
610 290 613 290
613 290 616 290
616 290 619 290
619 290 623 290
641 290 644 290
647 290 648 290
599 292 602 285
604 292 608 294
616 292 619 293
590 295 595 296
593 295 597 296
624 295 628 294
582 298 588 298
585 298 590 299
590 298 595 299
593 298 598 299
596 298 600 299
599 298 603 297
602 298 606 300
610 298 610 294
616 298 619 297
619 298 622 297
621 298 625 297
576 301 584 301
585 301 591 302
588 301 593 303
590 301 596 303
596 301 600 302
599 301 603 301
607 301 610 302
610 301 613 302
613 301 616 302
616 301 619 302
621 301 625 301
624 301 628 301
627 301 631 301
630 301 635 302
579 304 587 304
582 304 590 305
585 304 592 305
590 304 596 306
593 304 599 306
599 304 603 304
602 304 606 305
607 304 610 304
610 304 613 304
613 304 616 304
616 304 619 305
644 304 643 303
582 306 589 307
602 306 606 307
604 306 609 308
607 306 611 307
621 306 625 307
627 306 631 307
579 309 586 310
582 309 589 310
604 309 608 310
607 309 611 310
610 309 614 309
616 309 618 309
619 309 621 310
621 309 625 310
627 309 630 309
630 309 634 310
599 312 604 314
604 312 609 313
607 312 611 313
610 312 614 314
613 312 617 313
616 312 618 312
619 312 622 313
621 312 624 313
624 312 629 313
630 312 632 312
638 312 639 312
641 312 643 312
644 312 646 312
568 315 574 315
571 315 577 315
616 315 619 315
621 315 624 315
630 315 629 314
635 315 636 315
638 315 639 315
641 315 642 315
644 315 645 315
647 315 648 315
