582 211 584 209
579 216 581 213
582 216 584 214
579 219 581 216
582 219 584 216
585 219 586 216
531 222 533 220
534 222 537 220
537 222 540 220
540 222 542 221
542 222 544 221
576 222 578 219
528 225 528 227
534 225 537 223
537 225 540 223
540 225 542 224
542 225 545 223
531 227 534 226
534 227 537 226
540 227 543 226
573 227 575 224
579 230 579 228
582 230 583 228
590 230 592 229
571 233 573 229
579 233 580 230
588 233 588 229
590 233 593 233
593 233 595 233
568 236 569 232
571 236 573 232
576 236 578 232
565 239 567 235
568 239 570 235
571 239 573 234
573 239 576 235
585 239 584 236
590 239 593 238
593 239 595 238
548 242 550 238
562 242 564 237
565 242 567 237
568 242 570 237
571 242 572 238
573 242 576 238
534 244 534 240
537 244 538 241
582 244 582 241
588 244 586 240
593 244 595 242
602 244 602 242
528 247 528 243
551 247 553 243
568 247 567 244
571 247 570 243
576 247 576 241
585 247 585 243
590 247 590 243
593 247 593 244
596 247 596 244
528 250 528 246
545 250 545 247
554 250 551 247
559 250 565 244
568 250 567 246
576 250 576 245
579 250 578 245
582 250 581 245
588 250 587 245
602 250 602 246
528 253 528 248
576 253 576 255
579 253 578 247
585 253 585 247
588 253 587 247
613 253 618 251
528 256 528 251
534 256 534 254
548 256 550 253
582 256 582 252
585 256 584 252
588 256 587 250
630 256 630 256
528 258 528 258
531 258 532 258
534 258 534 258
585 258 584 255
588 258 587 255
590 258 592 252
593 258 595 252
602 258 603 254
534 261 536 263
545 261 548 261
576 261 578 255
579 261 581 255
619 261 622 258
621 261 625 259
624 261 628 259
627 261 629 259
545 264 548 264
588 264 592 258
590 264 595 259
593 264 598 258
624 264 628 262
627 264 630 262
638 264 640 262
542 267 545 267
579 267 581 260
588 267 592 261
590 267 595 261
593 267 597 261
596 267 600 260
621 267 625 264
624 267 628 265
638 267 640 265
641 267 643 264
534 270 537 272
545 270 548 269
559 270 556 266
599 270 604 266
607 270 612 266
610 270 614 266
619 270 623 266
621 270 625 267
624 270 628 267
635 270 638 268
540 273 541 273
542 273 545 272
545 273 548 272
548 273 550 272
551 273 550 267
554 273 553 268
582 273 585 264
585 273 590 264
588 273 593 264
602 273 606 269
610 273 613 269
616 273 618 270
619 273 622 270
621 273 625 270
627 273 631 270
633 273 636 272
635 273 640 271
540 275 542 275
542 275 544 275
545 275 548 275
548 275 550 275
554 275 558 277
559 275 559 269
571 275 578 274
590 275 595 269
593 275 598 270
596 275 601 270
607 275 610 273
610 275 612 273
619 275 621 273
621 275 625 273
624 275 628 273
627 275 632 273
633 275 637 274
542 278 544 278
545 278 547 278
559 278 558 272
571 278 571 277
593 278 598 272
596 278 601 273
602 278 606 275
616 278 619 276
621 278 624 276
624 278 628 277
630 278 632 277
633 278 637 277
641 278 645 277
554 281 555 280
582 281 587 275
585 281 590 275
596 281 601 276
599 281 603 277
619 281 622 279
621 281 624 279
624 281 627 280
633 281 635 280
641 281 644 280
644 281 647 280
551 284 553 284
554 284 555 283
556 284 559 283
568 284 569 283
573 284 575 283
579 284 578 283
582 284 581 284
585 284 584 284
588 284 587 283
593 284 598 280
610 284 612 281
624 284 628 283
627 284 631 283
633 284 636 283
635 284 638 283
638 284 641 283
641 284 644 283
644 284 646 283
551 287 553 286
554 287 556 286
556 287 559 287
559 287 561 287
571 287 572 286
573 287 575 286
588 287 589 284
602 287 604 283
607 287 610 284
616 287 618 284
621 287 625 286
624 287 628 286
630 287 633 286
638 287 641 286
641 287 644 286
644 287 646 286
551 290 553 289
554 290 556 289
556 290 559 289
559 290 561 290
562 290 564 290
568 290 570 289
571 290 573 290
573 290 575 290
576 290 577 289
582 290 581 289
585 290 587 288
596 290 599 287
599 290 601 286
602 290 604 286
604 290 607 286
607 290 609 287
613 290 616 287
616 290 618 287
619 290 620 286
621 290 626 289
624 290 628 289
644 290 646 289
551 292 553 292
554 292 556 292
556 292 558 293
559 292 561 292
562 292 563 292
568 292 569 292
571 292 572 293
579 292 579 292
582 292 584 291
596 292 599 290
602 292 604 289
604 292 607 290
607 292 609 289
610 292 612 289
613 292 615 289
616 292 617 289
619 292 620 289
630 292 632 291
633 292 635 292
635 292 638 292
644 292 646 292
554 295 555 295
556 295 558 295
559 295 561 295
562 295 563 295
565 295 566 295
568 295 569 295
590 295 592 295
593 295 596 293
596 295 598 292
599 295 601 292
602 295 604 293
604 295 607 294
607 295 609 293
610 295 612 292
613 295 615 292
616 295 618 292
633 295 635 295
556 298 558 298
562 298 562 298
565 298 566 298
571 298 571 298
573 298 573 298
576 298 576 298
579 298 578 298
582 298 583 298
585 298 587 298
588 298 590 298
590 298 592 297
593 298 595 297
596 298 598 295
599 298 600 295
602 298 603 295
607 298 609 296
610 298 612 297
613 298 614 297
616 298 617 295
619 298 621 295
630 298 635 298
633 298 637 298
554 301 556 301
556 301 558 301
562 301 562 300
565 301 565 300
568 301 569 301
573 301 573 301
576 301 576 301
579 301 579 301
582 301 583 301
585 301 586 300
588 301 589 300
590 301 592 300
593 301 594 299
596 301 598 299
599 301 600 298
602 301 603 299
604 301 606 299
607 301 609 299
610 301 612 299
613 301 615 300
616 301 617 298
619 301 620 298
621 301 624 300
630 301 634 301
633 301 638 301
641 301 643 301
644 301 645 300
565 304 566 304
568 304 569 304
571 304 571 304
579 304 579 304
582 304 583 303
585 304 586 303
588 304 589 303
590 304 592 303
593 304 594 303
596 304 597 303
599 304 600 303
602 304 603 302
604 304 606 302
607 304 610 302
610 304 612 303
613 304 615 303
616 304 618 303
619 304 621 303
621 304 624 303
624 304 627 303
627 304 630 303
638 304 640 303
641 304 643 303
644 304 645 303
571 306 572 307
576 306 576 306
579 306 579 306
582 306 583 306
585 306 586 306
588 306 589 306
590 306 593 306
593 306 594 306
596 306 597 306
599 306 600 306
602 306 603 307
604 306 607 306
607 306 610 306
613 306 614 305
616 306 618 306
619 306 621 306
621 306 624 306
624 306 627 306
627 306 630 306
633 306 635 306
638 306 641 306
641 306 643 306
644 306 645 306
571 309 571 310
576 309 576 309
582 309 583 309
585 309 586 308
588 309 589 309
590 309 593 309
593 309 595 310
596 309 597 309
599 309 600 310
602 309 603 309
604 309 606 309
610 309 612 309
616 309 618 309
619 309 621 309
621 309 624 309
624 309 626 309
627 309 630 310
638 309 640 309
641 309 643 309
582 312 583 312
585 312 586 312
588 312 589 312
590 312 592 312
593 312 595 312
596 312 598 312
599 312 600 312
602 312 603 312
604 312 606 312
607 312 608 312
610 312 611 312
624 312 627 312
627 312 630 312
630 312 633 312
633 312 635 312
635 312 637 312
638 312 640 312
641 312 643 312
644 312 645 312
576 315 577 315
579 315 580 315
582 315 583 315
588 315 589 315
590 315 592 315
593 315 595 315
596 315 598 315
599 315 601 315
602 315 603 315
604 315 606 315
607 315 609 315
610 315 611 315
616 315 617 315
619 315 620 315
621 315 623 315
624 315 627 315
630 315 632 315
633 315 635 315
635 315 637 315
638 315 641 315
641 315 643 315
644 315 646 315
