619 278 620 271
621 278 623 271
624 278 626 273
635 278 638 277
624 281 626 276
624 284 625 279
627 284 628 279
621 287 621 281
627 287 628 282
630 287 630 283
638 287 640 287
607 290 605 286
610 290 609 283
627 290 627 285
633 290 633 286
635 290 636 287
638 290 639 290
644 290 644 289
576 292 568 293
582 292 576 294
596 292 592 289
619 292 618 284
624 292 624 288
627 292 627 288
630 292 630 288
633 292 633 289
635 292 635 289
576 295 570 297
579 295 573 296
582 295 576 296
607 295 605 287
624 295 624 291
627 295 627 291
630 295 630 291
633 295 632 291
573 298 567 299
576 298 570 300
579 298 574 299
582 298 576 300
585 298 581 299
596 298 592 293
607 298 608 294
613 298 614 294
616 298 617 294
621 298 622 294
627 298 627 294
630 298 629 294
633 298 632 294
644 298 642 295
647 298 645 296
562 301 560 302
565 301 563 301
571 301 566 302
585 301 582 301
596 301 594 299
599 301 596 296
613 301 614 296
616 301 617 296
621 301 622 297
627 301 626 296
633 301 632 297
635 301 634 297
647 301 647 300
565 304 563 305
571 304 566 305
573 304 569 303
576 304 572 304
579 304 575 304
582 304 578 304
585 304 582 304
588 304 585 304
590 304 588 302
593 304 590 303
596 304 594 302
599 304 597 300
602 304 599 303
616 304 616 299
621 304 620 299
627 304 629 300
638 304 637 300
641 304 640 301
644 304 645 303
647 304 647 303
565 306 563 308
573 306 569 306
576 306 573 306
579 306 575 307
582 306 578 307
585 306 582 307
588 306 584 307
590 306 587 307
593 306 591 305
596 306 593 306
599 306 597 302
602 306 599 306
604 306 602 306
616 306 616 303
619 306 618 302
624 306 628 303
562 309 562 311
568 309 566 308
573 309 569 308
576 309 572 309
579 309 577 309
582 309 580 310
588 309 585 310
590 309 587 310
593 309 591 308
599 309 597 305
602 309 599 309
604 309 602 309
607 309 606 309
624 309 627 306
635 309 635 305
638 309 637 305
641 309 640 305
644 309 643 305
647 309 646 306
568 312 565 311
571 312 569 311
573 312 571 312
576 312 575 312
579 312 577 312
582 312 580 313
593 312 590 311
596 312 596 312
619 312 618 309
621 312 621 309
638 312 637 308
641 312 640 308
644 312 643 308
647 312 646 308
571 315 568 315
573 315 572 315
576 315 575 315
579 315 577 315
582 315 580 316
585 315 583 316
588 315 586 314
590 315 589 314
596 315 596 315
599 315 599 315
602 315 601 315
604 315 603 314
610 315 608 314
613 315 612 315
616 315 615 315
624 315 630 315
627 315 630 314
647 315 646 315
