573 247 581 235
576 250 584 237
579 256 592 243
579 258 592 246
579 261 591 249
579 264 591 252
604 270 612 258
607 270 615 259
619 270 624 263
610 273 615 261
627 273 630 267
630 273 633 268
613 275 617 265
616 275 620 266
619 275 623 267
627 275 630 269
630 275 633 270
633 275 636 271
610 278 615 268
613 278 617 268
616 278 620 269
621 278 624 269
624 278 627 271
627 278 632 274
633 278 636 274
635 278 638 275
616 281 620 272
621 281 623 273
624 281 627 274
635 281 638 278
638 281 641 278
621 284 625 276
627 284 629 277
630 284 631 277
633 284 634 277
624 287 625 279
627 287 628 280
630 287 631 280
633 287 634 280
635 287 636 281
641 287 643 284
621 290 622 282
624 290 625 282
627 290 628 282
630 290 630 283
633 290 633 283
635 290 636 284
638 290 639 284
596 292 594 284
602 292 601 286
604 292 605 286
607 292 608 287
616 292 618 285
621 292 621 285
624 292 624 285
627 292 627 285
630 292 631 286
633 292 634 286
635 292 636 286
638 292 642 291
644 292 646 291
596 295 595 288
599 295 598 288
604 295 604 289
607 295 607 290
610 295 612 289
616 295 617 288
619 295 620 288
624 295 624 288
627 295 626 288
630 295 629 288
633 295 633 289
635 295 636 289
593 298 592 293
596 298 594 290
599 298 598 291
602 298 601 291
604 298 604 292
607 298 607 293
610 298 611 292
613 298 615 291
616 298 618 291
619 298 620 291
624 298 624 291
627 298 627 291
630 298 629 291
633 298 633 291
635 298 635 291
641 298 641 292
644 298 644 294
582 301 576 298
593 301 591 296
596 301 595 293
599 301 598 293
602 301 600 294
604 301 603 295
607 301 609 298
613 301 614 294
616 301 618 294
619 301 620 294
624 301 624 294
627 301 627 294
630 301 629 294
633 301 632 294
571 304 566 299
573 304 569 300
576 304 571 300
579 304 574 300
582 304 578 301
590 304 588 298
593 304 591 299
596 304 594 299
607 304 609 301
616 304 617 296
619 304 620 296
621 304 622 296
627 304 626 297
635 304 635 296
638 304 638 296
641 304 641 297
644 304 644 297
647 304 647 297
573 306 569 302
576 306 572 303
579 306 575 303
582 306 578 303
585 306 580 304
588 306 585 302
590 306 588 301
593 306 591 302
599 306 597 303
616 306 616 299
619 306 619 299
621 306 622 299
635 306 636 299
638 306 638 299
588 309 585 305
590 309 588 304
593 309 590 305
596 309 594 303
602 309 599 307
604 309 603 304
607 309 606 304
610 309 609 305
616 309 615 302
621 309 624 303
633 309 632 302
635 309 635 302
638 309 638 302
641 309 641 303
644 309 644 302
647 309 647 303
582 312 577 307
588 312 585 308
596 312 594 306
604 312 611 312
607 312 614 311
619 312 619 306
621 312 625 307
635 312 637 305
638 312 640 305
644 312 644 305
647 312 647 305
582 315 579 313
590 315 593 315
596 315 593 311
613 315 617 315
621 315 624 310
627 315 629 310
638 315 640 308
647 315 646 316
