565 205 564 206
568 205 567 205
571 205 570 206
573 205 573 206
568 208 568 209
573 208 573 209
562 211 561 212
565 211 564 213
568 211 568 212
582 211 580 211
562 213 562 215
571 213 573 213
573 213 570 216
579 213 576 214
582 213 578 213
562 216 562 218
545 219 545 220
556 219 556 221
559 219 559 221
562 219 562 221
568 219 571 220
528 222 527 221
540 222 538 225
554 222 553 225
559 222 560 225
562 222 563 225
571 222 567 225
537 225 535 227
548 225 546 227
551 225 549 227
556 225 556 228
559 225 559 228
562 225 562 228
573 225 573 228
576 225 576 228
579 225 578 228
582 225 582 225
590 225 590 228
531 227 531 229
534 227 533 230
542 227 540 230
568 227 568 230
571 227 570 230
573 227 573 230
585 227 583 227
590 227 590 231
596 227 596 228
531 230 531 232
534 230 533 232
540 230 537 232
545 230 551 230
554 230 556 230
579 230 578 231
604 230 604 232
607 230 607 233
528 233 528 235
531 233 531 236
534 233 533 236
548 233 548 239
588 233 585 230
593 233 592 234
599 233 597 234
604 233 604 235
607 233 607 236
528 236 528 238
531 236 531 239
534 236 534 239
537 236 537 239
542 236 542 238
548 236 548 241
585 236 582 233
590 236 590 237
596 236 594 236
599 236 598 236
602 236 601 236
607 236 606 238
528 239 528 241
531 239 531 241
534 239 534 242
573 239 579 250
576 239 581 250
596 239 594 238
602 239 601 239
604 239 604 240
613 239 613 241
528 242 528 244
531 242 531 245
540 242 536 241
542 242 539 241
573 242 579 253
588 242 588 241
596 242 594 241
599 242 598 241
602 242 601 242
604 242 604 243
607 242 607 243
610 242 609 242
531 244 531 248
534 244 534 247
540 244 536 243
542 244 539 244
588 244 591 254
590 244 594 254
593 244 596 253
602 244 600 245
604 244 604 245
607 244 606 245
610 244 609 245
613 244 612 245
616 244 616 245
619 244 618 245
534 247 534 250
585 247 590 256
590 247 594 256
593 247 596 256
602 247 601 248
604 247 603 248
607 247 606 248
610 247 609 248
613 247 613 248
534 250 534 253
602 250 602 253
604 250 602 250
607 250 608 252
610 250 610 251
613 250 612 251
616 250 615 251
619 250 618 251
621 250 621 251
599 253 599 255
602 253 602 256
604 253 604 255
610 253 610 254
613 253 612 254
616 253 615 253
619 253 618 253
621 253 621 253
627 253 627 253
528 256 528 258
599 256 599 258
602 256 602 258
604 256 604 258
607 256 607 257
610 256 609 257
613 256 612 256
616 256 615 256
619 256 618 256
621 256 621 256
624 256 624 256
630 256 630 256
548 258 547 267
604 258 605 262
607 258 606 259
610 258 610 259
613 258 612 259
616 258 615 259
619 258 618 259
621 258 621 259
624 258 624 259
627 258 627 259
630 258 629 259
531 261 530 263
585 261 587 267
588 261 590 267
599 261 602 267
607 261 606 262
610 261 609 262
613 261 612 262
616 261 615 262
619 261 618 262
621 261 621 262
624 261 624 262
627 261 627 261
633 261 632 261
528 264 528 264
537 264 536 264
542 264 542 267
588 264 590 269
607 264 606 265
610 264 609 264
613 264 613 265
616 264 616 265
619 264 618 265
621 264 621 265
624 264 624 265
627 264 627 264
630 264 629 264
528 267 528 267
531 267 531 270
534 267 533 270
537 267 536 270
540 267 539 269
542 267 542 270
590 267 593 270
604 267 604 267
607 267 607 268
610 267 610 268
613 267 612 268
616 267 616 267
619 267 619 267
621 267 621 267
624 267 624 267
627 267 626 267
630 267 630 267
633 267 633 267
635 267 635 267
537 270 536 272
540 270 539 272
551 270 548 270
599 270 599 270
602 270 602 270
604 270 604 270
607 270 607 270
610 270 610 270
613 270 612 270
616 270 616 270
619 270 619 270
621 270 621 270
624 270 624 270
627 270 627 270
630 270 630 270
633 270 633 270
635 270 636 270
638 270 639 270
531 273 531 276
537 273 537 275
540 273 539 275
542 273 541 275
545 273 543 272
548 273 545 272
551 273 548 272
571 273 573 275
599 273 599 273
602 273 602 273
604 273 605 273
607 273 607 273
610 273 610 273
613 273 613 273
616 273 615 273
619 273 619 273
621 273 621 273
624 273 624 273
627 273 628 273
630 273 630 273
633 273 633 272
635 273 636 273
638 273 638 272
528 275 528 276
534 275 534 278
537 275 537 278
545 275 545 276
559 275 562 279
562 275 565 279
568 275 568 278
579 275 580 276
585 275 585 276
588 275 588 276
590 275 591 276
593 275 594 276
596 275 596 276
602 275 602 275
604 275 605 275
607 275 607 275
610 275 610 275
613 275 613 275
616 275 615 275
619 275 618 275
621 275 621 275
624 275 624 275
627 275 628 275
630 275 631 275
633 275 633 275
635 275 636 275
638 275 638 275
641 275 641 273
531 278 530 278
537 278 537 281
540 278 540 279
545 278 545 280
548 278 548 281
551 278 550 281
559 278 562 281
568 278 568 281
573 278 573 279
576 278 576 279
579 278 580 279
582 278 582 279
585 278 585 279
588 278 587 279
590 278 591 279
593 278 594 278
607 278 607 278
610 278 610 278
613 278 613 278
616 278 616 278
619 278 619 278
621 278 622 278
624 278 625 278
627 278 627 278
630 278 630 278
633 278 633 278
638 278 638 278
641 278 641 277
534 281 533 282
540 281 540 282
559 281 562 283
568 281 569 284
571 281 570 281
573 281 573 282
576 281 576 281
579 281 579 282
585 281 585 282
588 281 588 282
602 281 601 281
607 281 607 281
610 281 610 281
613 281 613 281
616 281 616 281
619 281 619 281
621 281 621 281
624 281 624 281
627 281 627 280
630 281 630 281
633 281 632 281
635 281 636 281
638 281 638 280
641 281 641 280
537 284 536 286
540 284 539 286
542 284 542 285
545 284 545 285
548 284 548 285
551 284 550 285
554 284 553 284
556 284 556 284
562 284 565 285
573 284 573 284
576 284 576 285
590 284 590 284
593 284 593 284
599 284 599 284
604 284 605 283
607 284 607 284
610 284 610 284
613 284 613 284
616 284 616 284
619 284 619 284
621 284 622 284
624 284 624 283
627 284 626 283
630 284 629 283
633 284 632 283
635 284 636 284
638 284 638 283
542 287 542 289
545 287 545 288
548 287 547 288
551 287 550 288
556 287 557 289
559 287 562 288
562 287 565 288
565 287 567 288
571 287 571 288
573 287 574 287
590 287 591 287
593 287 593 287
604 287 605 286
607 287 607 287
610 287 610 287
613 287 613 287
616 287 616 286
621 287 625 286
624 287 627 287
630 287 629 286
633 287 633 286
635 287 636 286
641 287 641 286
644 287 644 286
647 287 647 286
540 290 539 291
542 290 542 292
545 290 545 291
548 290 547 290
551 290 550 290
554 290 553 290
568 290 568 290
571 290 571 290
573 290 574 290
585 290 585 290
588 290 588 289
590 290 590 289
593 290 593 289
596 290 596 289
602 290 602 287
607 290 607 289
610 290 610 289
613 290 613 289
621 290 624 289
624 290 626 289
627 290 629 290
633 290 632 289
635 290 636 289
638 290 638 289
641 290 641 289
644 290 645 290
647 290 647 290
537 292 537 292
540 292 540 293
545 292 545 293
548 292 548 293
551 292 550 293
554 292 553 293
556 292 556 293
559 292 559 293
562 292 561 293
565 292 565 293
568 292 568 293
571 292 571 293
585 292 585 292
588 292 588 292
590 292 591 292
593 292 593 292
596 292 596 292
599 292 598 290
602 292 602 290
604 292 604 292
607 292 607 292
610 292 610 292
613 292 615 292
619 292 618 291
621 292 625 292
624 292 627 292
627 292 629 292
633 292 633 292
635 292 635 292
638 292 638 292
641 292 641 292
644 292 645 292
647 292 647 292
534 295 534 295
537 295 536 295
540 295 540 296
542 295 542 296
545 295 545 296
556 295 556 296
559 295 558 296
562 295 561 295
565 295 565 296
568 295 568 296
571 295 570 296
573 295 573 295
576 295 576 296
579 295 579 295
582 295 582 295
585 295 585 294
588 295 588 295
590 295 591 295
593 295 593 295
596 295 596 295
602 295 601 293
604 295 604 295
607 295 607 295
613 295 615 295
619 295 618 295
621 295 624 294
624 295 627 294
627 295 630 295
633 295 633 294
635 295 635 294
638 295 638 294
641 295 641 295
644 295 644 295
647 295 647 295
537 298 536 298
540 298 539 298
542 298 542 298
545 298 544 299
548 298 547 298
551 298 550 299
554 298 553 298
556 298 556 299
559 298 559 298
562 298 562 298
565 298 565 299
568 298 568 299
571 298 570 298
573 298 574 298
576 298 576 298
579 298 579 298
582 298 582 298
585 298 585 297
588 298 588 298
590 298 591 297
593 298 593 298
596 298 596 297
599 298 599 298
602 298 602 298
604 298 604 298
610 298 609 297
613 298 615 297
619 298 618 297
621 298 621 297
624 298 627 297
630 298 630 297
633 298 633 297
635 298 636 297
638 298 638 297
641 298 641 297
644 298 644 297
647 298 647 298
540 301 539 301
542 301 542 301
545 301 545 301
548 301 548 301
551 301 551 301
554 301 554 302
556 301 556 302
559 301 559 301
562 301 562 301
565 301 565 301
568 301 568 301
571 301 570 301
573 301 573 301
576 301 576 301
579 301 579 301
582 301 582 300
588 301 588 300
590 301 591 301
593 301 593 301
596 301 596 300
599 301 599 300
602 301 602 300
604 301 604 300
610 301 610 300
613 301 613 300
619 301 618 300
621 301 621 300
633 301 633 300
635 301 635 300
638 301 638 300
641 301 641 300
644 301 644 300
647 301 647 300
542 304 542 304
545 304 545 304
548 304 548 304
551 304 550 304
554 304 554 305
556 304 557 304
559 304 559 304
562 304 562 304
565 304 565 304
568 304 568 304
571 304 570 304
573 304 573 304
576 304 576 304
579 304 579 304
582 304 582 303
585 304 588 304
590 304 590 303
593 304 593 304
596 304 596 303
599 304 599 303
602 304 602 303
604 304 605 303
607 304 608 303
610 304 610 303
613 304 613 303
616 304 616 303
619 304 618 303
621 304 621 303
633 304 632 303
635 304 635 303
638 304 639 303
641 304 642 303
644 304 644 304
647 304 647 303
545 306 545 306
548 306 548 307
551 306 551 307
554 306 554 307
556 306 557 307
559 306 559 307
562 306 562 306
565 306 565 306
568 306 568 306
571 306 571 306
573 306 573 306
576 306 576 307
579 306 579 306
582 306 581 307
585 306 584 307
588 306 587 306
590 306 590 306
593 306 593 306
596 306 596 306
599 306 599 306
602 306 602 306
604 306 605 306
607 306 607 306
610 306 610 306
613 306 613 306
616 306 616 306
619 306 618 306
621 306 621 306
624 306 624 306
630 306 630 306
633 306 633 306
635 306 635 306
638 306 639 306
641 306 641 306
644 306 645 307
647 306 647 306
554 309 554 309
556 309 557 309
559 309 559 310
562 309 562 309
565 309 565 309
568 309 568 309
571 309 571 309
573 309 573 309
576 309 576 309
579 309 579 309
585 309 585 309
588 309 587 309
590 309 590 309
593 309 593 309
596 309 595 309
602 309 601 309
607 309 607 308
616 309 615 309
619 309 618 309
621 309 621 309
627 309 627 309
630 309 631 309
633 309 632 309
635 309 635 309
638 309 638 309
641 309 641 309
644 309 644 309
647 309 647 309
559 312 559 312
571 312 570 312
573 312 573 312
576 312 576 312
579 312 578 312
582 312 582 312
585 312 584 312
588 312 587 312
590 312 590 312
599 312 598 311
610 312 609 311
613 312 612 311
616 312 616 311
619 312 618 311
621 312 621 311
624 312 625 312
627 312 628 312
630 312 630 312
633 312 632 312
635 312 635 312
638 312 638 312
641 312 641 312
644 312 644 312
647 312 647 312
559 315 559 315
573 315 573 315
585 315 584 315
588 315 587 315
590 315 590 315
593 315 593 315
596 315 596 315
599 315 599 315
602 315 602 315
604 315 605 315
607 315 607 315
610 315 610 314
616 315 616 314
619 315 619 314
621 315 621 314
624 315 624 314
627 315 627 315
630 315 630 315
633 315 632 315
635 315 635 315
638 315 638 315
641 315 641 315
644 315 644 314
647 315 647 315
