343 149 348 148
312 154 316 153
338 154 342 154
286 160 291 159
291 160 296 159
307 160 311 158
312 160 317 159
317 160 323 159
323 160 328 159
338 160 348 160
343 160 354 160
349 160 359 160
354 160 364 160
364 160 369 159
286 165 291 164
291 165 296 164
297 165 300 164
302 165 306 163
307 165 312 164
312 165 319 164
317 165 323 164
323 165 329 165
333 165 344 166
338 165 350 165
343 165 355 165
349 165 360 165
354 165 365 165
359 165 370 166
364 165 374 166
369 165 379 166
297 170 301 170
302 170 311 170
307 170 317 170
312 170 322 171
323 170 335 171
338 170 353 174
343 170 357 171
349 170 362 171
364 170 376 171
369 170 380 171
286 175 290 174
291 175 296 174
297 175 307 176
302 175 312 176
307 175 318 176
312 175 324 177
323 175 335 176
343 175 359 178
349 175 363 176
354 175 368 176
359 175 373 177
369 175 382 176
375 175 386 177
281 180 285 179
286 180 291 179
291 180 302 182
297 180 308 182
302 180 313 182
307 180 319 182
312 180 326 182
338 180 353 184
343 180 358 183
349 180 363 182
354 180 369 182
359 180 374 182
369 180 383 183
297 186 308 189
307 186 320 187
317 186 332 186
349 186 364 188
354 186 369 188
359 186 374 187
369 186 384 188
375 186 388 189
286 191 297 194
291 191 302 194
307 191 319 192
328 191 342 192
333 191 347 191
338 191 352 191
343 191 359 192
349 191 364 194
369 191 384 194
286 196 297 200
312 196 323 197
323 196 336 199
333 196 347 198
338 196 354 199
343 196 359 198
281 201 290 202
291 201 302 202
297 201 306 202
317 201 328 205
323 201 336 204
333 201 348 205
349 201 364 202
354 201 369 203
364 201 379 202
395 201 405 204
302 206 311 206
317 206 329 210
338 206 352 211
359 206 374 207
364 206 378 207
375 206 386 206
385 206 395 209
395 206 405 209
271 212 270 212
291 212 300 213
302 212 311 212
307 212 321 213
317 212 331 213
323 212 337 213
338 212 349 217
364 212 375 211
369 212 381 213
390 212 399 214
271 217 271 218
297 217 306 221
312 217 327 218
317 217 330 220
323 217 337 218
328 217 343 217
338 217 350 221
343 217 354 221
349 217 358 221
375 217 384 218
380 217 390 218
385 217 395 218
401 217 407 218
291 222 297 223
302 222 312 225
307 222 318 225
312 222 323 225
343 222 355 226
349 222 359 226
354 222 364 227
375 222 384 224
380 222 390 224
385 222 395 223
395 222 400 222
401 222 405 222
291 227 301 230
297 227 309 230
302 227 313 231
307 227 317 230
317 227 329 230
323 227 335 231
328 227 340 230
333 227 345 231
338 227 350 230
343 227 355 231
354 227 364 231
359 227 371 231
364 227 376 230
369 227 381 229
375 227 385 230
385 227 394 228
395 227 399 227
401 227 405 227
281 232 286 234
291 232 302 236
297 232 308 236
302 232 313 236
307 232 318 235
312 232 324 234
317 232 329 235
323 232 334 235
328 232 340 236
333 232 345 235
343 232 356 235
349 232 360 235
354 232 365 236
359 232 371 235
369 232 381 235
375 232 386 236
395 232 401 233
286 238 295 242
291 238 301 241
302 238 312 241
307 238 318 241
317 238 329 241
323 238 334 241
328 238 339 242
333 238 345 241
349 238 360 240
354 238 365 241
359 238 370 240
364 238 375 240
395 238 402 238
286 243 295 246
291 243 301 246
297 243 306 246
302 243 312 246
307 243 317 246
312 243 323 246
317 243 329 247
328 243 340 246
338 243 350 246
343 243 355 246
349 243 360 246
354 243 365 245
359 243 370 245
364 243 375 246
369 243 381 245
286 248 295 251
291 248 300 252
297 248 306 251
317 248 329 252
333 248 345 252
338 248 351 251
343 248 355 252
354 248 365 251
369 248 380 250
286 253 292 256
302 253 311 257
307 253 318 257
317 253 329 258
333 253 345 257
338 253 350 257
343 253 355 257
354 253 365 256
359 253 370 256
364 253 375 256
369 253 381 256
385 253 391 253
401 253 402 253
276 258 281 262
281 258 286 263
286 258 292 263
291 258 300 259
302 258 312 262
307 258 317 263
323 258 336 262
333 258 345 262
338 258 351 262
343 258 356 262
354 258 365 261
395 258 397 258
401 258 402 258
276 264 281 267
281 264 287 268
286 264 293 268
291 264 299 268
297 264 306 267
302 264 311 267
307 264 317 267
312 264 324 267
323 264 336 267
338 264 351 266
343 264 355 267
354 264 365 267
271 269 276 273
281 269 288 273
286 269 293 272
291 269 299 272
297 269 305 272
302 269 311 272
307 269 317 272
312 269 324 272
317 269 329 273
323 269 337 272
338 269 351 272
343 269 355 272
349 269 360 272
354 269 365 273
281 274 288 278
286 274 292 278
291 274 300 278
297 274 305 278
307 274 316 277
312 274 323 278
317 274 329 279
323 274 337 277
333 274 345 277
338 274 349 277
343 274 355 278
349 274 359 277
385 274 388 273
281 279 286 284
286 279 291 284
291 279 300 283
297 279 306 283
302 279 312 283
312 279 324 284
317 279 329 284
323 279 334 283
328 279 339 283
333 279 345 283
349 279 358 283
354 279 365 282
385 279 387 279
390 279 392 280
286 284 296 289
291 284 301 289
297 284 307 289
302 284 312 289
307 284 318 289
317 284 328 289
323 284 334 288
328 284 340 288
333 284 344 288
291 290 298 294
302 290 311 294
307 290 318 293
317 290 328 294
323 290 333 293
328 290 338 294
333 290 343 295
354 290 364 290
286 295 291 299
297 295 306 299
307 295 316 299
312 295 321 298
323 295 332 299
328 295 338 300
333 295 343 299
338 295 348 298
343 295 353 298
385 295 386 296
390 295 391 295
291 300 296 304
297 300 301 304
302 300 311 305
307 300 317 304
312 300 322 304
323 300 333 306
328 300 338 305
338 300 348 303
343 300 354 304
359 300 365 301
364 300 369 301
375 300 377 301
380 300 381 301
385 300 386 301
297 305 301 309
302 305 307 309
307 305 313 309
312 305 323 310
323 305 328 310
328 305 334 310
333 305 338 310
338 305 342 310
343 305 348 310
349 305 354 310
354 305 359 310
364 305 369 305
390 305 391 305
297 310 302 315
302 310 307 314
307 310 313 315
312 310 318 315
323 310 328 315
338 310 342 315
343 310 347 315
349 310 353 315
390 310 391 311
395 310 396 311
401 310 402 312
406 310 407 311
333 316 338 319
338 316 343 321
343 316 347 321
427 316 427 316
437 316 436 316
442 316 442 316
307 321 307 321
343 321 344 325
432 321 431 321
437 321 437 320
442 321 442 321
307 326 307 326
338 326 339 327
442 326 442 326
328 331 328 332
338 331 339 331
343 331 345 331
317 336 318 338
323 336 323 337
328 336 329 337
333 336 334 337
343 336 344 337
