1 0 0 0.1308821737766266 
0 1 0 -0.01119700819253922 
0 0 1 -0.7505143880844116 
0 0 0 1 

0.9979270100593567 0.01580464839935303 0.06238403171300888 0.07876524329185486 
-0.01457281410694122 0.9996907114982605 -0.02015148662030697 0.001754462369717658 
-0.06268323212862015 0.01920058391988277 0.9978486895561218 -0.7589489221572876 
0 0 0 1 

0.9884094595909119 0.01493650767952204 0.1510746479034424 0.01299144420772791 
-0.007875277660787106 0.9988529682159424 -0.047230564057827 0.02259915135800838 
-0.1516068279743195 0.04549337178468704 0.987393319606781 -0.7643882036209106 
0 0 0 1 

0.9590693116188049 0.01748083345592022 0.2826310396194458 -0.08720304816961288 
0.008219007402658463 0.9959537982940674 -0.08948998153209686 0.05671713501214981 
-0.2830518186092377 0.08815003931522369 0.9550450444221497 -0.7613948583602905 
0 0 0 1 

0.8958640694618225 0.02373849973082542 0.4436935484409332 -0.2151139676570892 
0.03927171602845192 0.9904335737228394 -0.1322838813066483 0.09324002265930176 
-0.4425892233848572 0.1359329968690872 0.8863616585731506 -0.7378475069999695 
0 0 0 1 

0.8595051169395447 0.03034499660134315 0.5102255344390869 -0.2696546018123627 
0.05347801372408867 0.9874183535575867 -0.1488122344017029 0.1085078045725822 
-0.5083217620849609 0.1551907360553741 0.8470683097839355 -0.721268892288208 
0 0 0 1 

0.8108517527580261 0.04329264163970947 0.5836479067802429 -0.3316195607185364 
0.07287570089101791 0.9820297956466675 -0.1740877479314804 0.1298536360263824 
-0.5806964039802551 0.1836931258440018 0.7931255698204041 -0.6939992904663086 
0 0 0 1 

0.9735412001609802 0.03663034737110138 0.2255560606718063 -0.03673089668154716 
-0.01311271265149117 0.9943970441818237 -0.1048930510878563 0.06436798721551895 
-0.2281345576047897 0.09916003793478012 0.9685668349266052 -0.7756680846214294 
0 0 0 1 

0.9984621405601501 0.009843326173722744 -0.05455644428730011 0.176814541220665 
-0.01218267623335123 0.9990130662918091 -0.04271408170461655 0.01887490227818489 
0.05408215150237083 0.04331304132938385 0.9975966811180115 -0.755384087562561 
0 0 0 1 

0.9914164543151855 0.001050945953465998 -0.1307371258735657 0.2368018925189972 
-0.00535193644464016 0.9994557499885559 -0.03255068510770798 0.01425671018660069 
0.130631759762764 0.03297098726034164 0.9908824563026428 -0.738391101360321 
0 0 0 1 

