482 217 489 228
485 217 491 228
474 219 481 229
477 219 484 230
485 219 491 231
490 219 495 231
493 219 497 231
459 222 464 231
461 222 466 231
464 222 469 232
467 222 471 232
469 222 475 232
472 222 478 232
474 222 481 232
477 222 484 233
480 222 486 232
482 222 488 232
485 222 491 233
456 224 462 233
461 224 466 234
464 224 469 234
467 224 472 234
469 224 475 234
472 224 478 234
474 224 481 234
477 224 483 234
480 224 486 235
482 224 488 235
485 224 491 236
496 224 500 237
498 224 503 238
501 224 505 239
432 227 437 237
435 227 440 237
437 227 443 236
440 227 445 237
453 227 459 236
456 227 462 236
464 227 469 237
474 227 480 237
477 227 483 237
480 227 485 238
482 227 488 238
485 227 490 238
488 227 493 239
493 227 497 240
496 227 500 240
498 227 503 240
432 230 437 240
435 230 440 240
437 230 443 239
453 230 458 238
456 230 462 239
464 230 468 239
467 230 473 240
469 230 476 240
474 230 480 239
496 230 500 242
498 230 502 242
501 230 504 242
432 232 437 242
435 232 439 242
453 232 458 241
501 232 504 245
503 232 507 245
435 235 439 245
437 235 441 245
456 235 461 244
461 235 465 245
477 238 482 247
501 238 504 249
432 240 434 244
480 240 484 249
432 243 433 247
480 243 484 251
482 243 487 252
496 243 501 254
498 243 504 254
501 243 507 254
527 243 529 259
530 243 531 260
533 243 535 261
445 246 449 254
472 246 475 257
474 246 478 258
477 246 484 257
485 246 493 256
496 246 501 256
498 246 503 256
503 246 506 257
432 248 433 252
451 248 452 255
472 248 475 260
474 248 478 260
477 248 480 260
480 248 489 258
485 248 492 259
503 248 505 260
430 251 430 255
432 251 432 255
435 251 435 254
448 251 451 260
469 251 472 262
474 251 477 263
477 251 479 263
506 251 508 266
445 254 449 260
453 254 455 261
472 254 474 265
496 254 497 268
498 254 500 269
451 256 452 264
453 256 455 264
456 256 458 264
459 256 460 265
474 256 476 269
480 256 488 266
498 256 500 271
451 259 452 266
456 259 457 267
472 259 474 268
488 259 493 274
453 261 456 270
467 261 469 271
469 261 471 270
503 261 502 274
467 264 468 273
538 264 538 278
467 267 468 275
469 267 471 274
472 267 476 275
469 269 471 277
472 269 473 277
474 269 479 277
480 269 478 280
464 272 467 282
467 272 467 279
469 272 470 279
472 272 473 279
477 272 482 280
469 275 470 281
472 275 473 282
474 275 475 282
477 275 481 286
482 275 486 284
525 275 520 287
530 275 529 287
474 277 475 285
480 277 484 286
482 277 486 286
493 277 492 287
496 277 494 287
527 277 526 290
530 277 529 290
533 277 532 289
474 280 477 289
477 280 481 289
480 280 483 289
482 280 485 289
485 280 488 289
490 280 491 290
496 280 494 290
498 280 496 290
530 280 528 293
467 283 472 291
472 283 474 291
474 283 477 291
480 283 486 292
482 283 488 292
498 283 497 293
472 285 475 294
474 285 477 294
480 285 486 294
480 288 485 298
482 288 488 298
432 296 433 302
501 296 498 307
519 296 516 307
519 298 515 309
533 298 530 310
430 301 429 307
432 301 432 307
453 304 458 309
445 306 440 311
453 314 449 315
435 317 434 318
496 317 497 323
509 317 511 323
437 322 437 322
437 325 437 324
443 325 440 325
435 327 434 327
440 327 436 328
477 327 476 328
