556 205 556 206
573 205 574 205
576 205 577 205
588 205 588 205
590 205 591 205
548 208 547 209
551 208 551 210
568 208 569 209
548 211 547 213
551 211 550 213
556 211 554 213
568 211 568 212
573 211 571 212
576 211 576 212
582 211 582 212
585 211 585 212
593 211 593 212
551 213 550 215
554 213 553 215
565 213 565 214
568 213 568 215
573 213 571 215
576 213 577 215
579 213 580 215
582 213 582 215
585 213 585 215
593 213 593 215
599 213 596 215
548 216 548 218
554 216 557 218
556 216 560 218
559 216 563 218
562 216 566 218
568 216 568 218
576 216 577 218
593 216 591 218
599 216 597 218
602 216 600 216
604 216 604 217
534 219 536 217
540 219 545 220
554 219 558 220
556 219 560 220
559 219 563 220
562 219 566 220
571 219 571 221
573 219 574 219
588 219 588 223
599 219 596 221
602 219 599 221
604 219 604 219
540 222 545 225
542 222 548 224
548 222 553 223
554 222 557 224
556 222 560 224
559 222 563 224
562 222 566 223
571 222 571 225
573 222 574 221
604 222 604 222
534 225 536 223
537 225 542 226
540 225 545 228
542 225 548 227
554 225 557 227
556 225 560 227
562 225 565 227
588 225 588 229
590 225 591 228
596 225 596 227
599 225 599 225
602 225 601 225
534 227 535 226
537 227 539 227
542 227 548 228
545 227 551 227
548 227 553 227
556 227 560 230
559 227 563 229
562 227 566 229
565 227 568 233
571 227 570 233
573 227 574 233
576 227 576 233
590 227 591 231
593 227 594 231
534 230 535 229
542 230 548 232
545 230 551 231
559 230 563 236
562 230 565 236
565 230 568 236
573 230 574 236
576 230 576 236
590 230 591 235
596 230 596 235
599 230 599 234
540 233 547 240
545 233 551 234
559 233 563 238
562 233 565 238
559 236 563 241
562 236 567 244
565 236 570 244
604 236 605 242
610 236 613 238
548 239 554 238
610 239 612 241
537 242 543 241
596 242 598 244
604 242 607 242
537 244 542 243
593 244 595 247
596 244 598 246
599 244 601 246
604 244 607 244
607 244 610 244
610 244 613 244
542 247 547 250
593 247 596 250
596 247 598 249
599 247 601 249
604 247 607 247
607 247 610 247
610 247 613 247
613 247 615 248
596 250 599 253
604 250 607 250
607 250 610 250
610 250 613 250
613 250 615 251
616 250 618 251
571 253 570 249
599 253 601 253
602 253 605 253
604 253 607 252
607 253 610 253
610 253 612 253
613 253 615 253
559 256 564 257
562 256 567 257
593 256 596 259
599 256 601 256
602 256 604 256
607 256 608 256
610 256 612 255
613 256 615 256
556 258 561 261
559 258 564 260
562 258 567 260
593 258 596 261
596 258 599 259
599 258 601 259
602 258 603 258
607 258 607 258
610 258 612 258
616 258 616 259
624 258 624 259
559 261 564 263
562 261 566 264
585 261 587 261
596 261 599 262
599 261 601 262
602 261 603 262
607 261 607 261
610 261 610 261
613 261 613 262
616 261 616 262
619 261 619 262
545 264 550 266
556 264 562 264
559 264 564 266
562 264 567 266
568 264 572 264
571 264 576 264
576 264 581 264
585 264 587 263
593 264 596 266
596 264 598 264
599 264 601 264
602 264 603 265
607 264 608 264
610 264 610 265
613 264 613 265
616 264 616 264
619 264 619 265
545 267 553 269
556 267 562 268
559 267 565 268
562 267 567 268
568 267 572 267
571 267 575 267
590 267 592 269
599 267 601 267
602 267 603 267
607 267 608 267
610 267 611 267
613 267 613 268
616 267 616 267
619 267 619 268
624 267 624 268
627 267 626 268
551 270 557 271
554 270 559 271
559 270 565 271
562 270 567 271
568 270 573 270
571 270 575 270
596 270 598 270
599 270 601 270
604 270 605 270
607 270 607 270
610 270 610 270
613 270 613 271
616 270 616 270
619 270 619 270
621 270 622 271
624 270 624 270
627 270 626 270
551 273 555 275
554 273 558 275
562 273 565 274
573 273 575 272
579 273 579 273
582 273 582 273
607 273 607 275
610 273 610 273
613 273 612 273
616 273 616 273
619 273 618 273
621 273 621 274
624 273 624 274
627 273 627 274
551 275 554 278
554 275 557 278
556 275 559 278
559 275 562 278
590 275 590 276
593 275 592 276
596 275 595 276
610 275 610 277
613 275 612 276
616 275 615 276
619 275 617 276
621 275 621 277
624 275 624 277
627 275 627 277
630 275 630 278
638 275 638 277
551 278 553 281
556 278 559 281
559 278 562 281
571 278 570 280
573 278 573 280
593 278 592 279
596 278 595 279
610 278 610 280
613 278 612 280
616 278 615 279
619 278 617 279
621 278 621 279
624 278 624 280
627 278 627 280
630 278 629 280
633 278 632 281
551 281 553 284
568 281 567 283
593 281 592 284
596 281 595 285
599 281 598 284
602 281 601 284
604 281 603 284
607 281 606 284
610 281 609 284
613 281 613 283
616 281 615 283
621 281 621 283
624 281 624 283
630 281 629 283
633 281 632 283
551 284 553 287
554 284 556 288
556 284 559 287
559 284 561 286
562 284 564 287
585 284 584 284
588 284 587 287
590 284 589 287
593 284 592 287
599 284 598 287
602 284 601 287
607 284 606 287
610 284 609 286
613 284 612 287
616 284 615 286
621 284 621 286
624 284 623 286
627 284 626 286
630 284 628 286
633 284 632 286
562 287 564 290
571 287 570 290
573 287 573 290
576 287 575 290
579 287 578 289
582 287 581 289
588 287 586 289
590 287 589 290
593 287 592 290
599 287 598 290
604 287 603 290
607 287 606 290
610 287 609 290
613 287 612 290
619 287 618 289
621 287 621 289
624 287 624 289
627 287 626 289
638 287 635 289
641 287 639 288
551 290 549 292
556 290 558 293
559 290 561 293
562 290 564 293
565 290 566 293
573 290 573 292
576 290 576 293
579 290 579 293
588 290 587 292
590 290 590 293
593 290 592 293
596 290 595 293
599 290 598 293
602 290 600 293
604 290 604 293
607 290 606 293
610 290 610 293
619 290 619 292
621 290 621 292
624 290 624 292
627 290 626 292
630 290 629 292
633 290 632 292
635 290 635 292
641 290 639 291
647 290 646 290
554 292 552 295
556 292 557 295
559 292 561 296
562 292 564 296
565 292 566 296
568 292 569 296
573 292 573 295
576 292 576 296
579 292 579 296
582 292 582 296
585 292 584 296
588 292 587 296
599 292 598 296
602 292 601 296
604 292 603 295
621 292 621 295
624 292 624 295
627 292 627 294
630 292 629 295
633 292 632 295
635 292 635 295
638 292 637 294
644 292 641 293
551 295 550 295
556 295 556 297
559 295 559 297
562 295 563 299
565 295 566 300
573 295 573 298
579 295 579 299
588 295 587 299
590 295 590 299
593 295 592 298
596 295 595 299
599 295 598 298
602 295 600 298
604 295 603 298
607 295 606 298
613 295 610 296
616 295 612 296
619 295 615 296
624 295 624 298
627 295 627 298
630 295 629 298
633 295 632 298
635 295 634 297
638 295 637 298
644 295 644 299
647 295 647 300
554 298 553 298
562 298 561 301
565 298 565 301
579 298 579 302
582 298 582 301
585 298 584 302
588 298 588 302
590 298 590 302
593 298 592 302
596 298 595 302
599 298 598 302
602 298 600 302
604 298 603 301
607 298 606 301
616 298 613 299
619 298 616 299
621 298 621 301
624 298 624 301
627 298 626 301
630 298 629 301
633 298 632 300
635 298 634 300
638 298 637 301
644 298 644 301
647 298 647 301
554 301 553 301
556 301 556 301
559 301 559 301
562 301 561 304
565 301 564 304
568 301 567 304
571 301 571 304
579 301 579 304
588 301 588 304
590 301 590 304
593 301 593 304
596 301 595 305
599 301 598 305
602 301 600 305
604 301 603 304
610 301 609 304
616 301 613 301
619 301 617 303
621 301 621 304
624 301 624 303
627 301 629 304
633 301 635 304
638 301 637 303
641 301 640 304
644 301 643 303
559 304 559 303
562 304 561 307
565 304 564 306
576 304 576 307
582 304 582 307
588 304 586 309
593 304 592 307
599 304 598 307
602 304 601 307
604 304 604 307
607 304 607 307
610 304 609 307
619 304 618 307
621 304 620 306
624 304 624 306
641 304 640 306
644 304 644 307
647 304 646 306
556 306 556 306
559 306 559 306
562 306 561 309
571 306 570 309
573 306 573 310
576 306 576 310
579 306 579 310
582 306 582 310
585 306 584 310
590 306 590 310
599 306 598 310
602 306 601 310
604 306 604 310
607 306 606 310
610 306 609 310
621 306 621 310
624 306 623 309
627 306 626 308
630 306 629 308
633 306 633 309
641 306 641 309
644 306 644 309
647 306 646 309
559 309 559 309
562 309 561 312
565 309 564 312
568 309 567 311
571 309 570 311
573 309 573 311
576 309 576 312
579 309 579 312
582 309 582 313
585 309 584 313
588 309 587 313
590 309 590 313
593 309 592 313
596 309 595 313
599 309 598 313
602 309 601 313
604 309 603 312
607 309 606 313
616 309 615 313
619 309 614 310
621 309 618 310
624 309 624 312
627 309 626 311
630 309 630 313
633 309 633 312
635 309 638 312
641 309 641 312
644 309 644 312
647 309 647 312
579 312 579 315
582 312 582 315
585 312 584 315
602 312 601 315
616 312 612 312
568 315 567 315
579 315 576 315
593 315 592 315
596 315 595 315
599 315 598 315
616 315 612 315
619 315 615 315
621 315 618 315
627 315 624 316
633 315 630 316
635 315 632 316
641 315 640 316
644 315 643 315
647 315 647 316
