562 129 559 69
371 146 348 17
389 146 367 16
528 146 559 16
545 146 525 88
562 146 548 80
371 163 346 35
389 163 368 36
406 163 388 37
354 181 322 53
371 181 346 53
389 181 368 54
406 181 400 33
424 181 421 21
441 181 434 60
337 198 300 70
354 198 323 70
371 198 347 72
389 198 369 72
424 198 420 49
458 198 456 78
476 198 478 79
493 198 509 84
319 215 278 88
337 215 301 89
354 215 324 89
371 215 348 90
389 215 370 91
406 215 392 92
441 215 436 94
458 215 460 96
476 215 480 98
493 215 501 100
510 215 523 105
545 215 546 104
302 233 256 105
319 233 277 107
337 233 302 107
354 233 324 108
371 233 349 110
389 233 371 111
406 233 393 111
424 233 417 113
441 233 437 112
458 233 461 116
476 233 481 116
493 233 503 118
510 233 523 120
545 233 562 125
562 233 578 141
267 250 210 130
285 250 229 127
302 250 254 126
319 250 278 126
337 250 303 127
354 250 324 128
371 250 350 130
389 250 373 131
406 250 394 130
424 250 417 131
441 250 439 133
458 250 462 134
510 250 527 160
528 250 543 158
545 250 559 157
562 250 577 156
267 267 209 161
302 267 254 147
319 267 278 147
337 267 302 147
354 267 324 147
371 267 351 148
389 267 373 149
406 267 397 151
424 267 418 151
441 267 443 152
458 267 464 153
510 267 512 179
545 267 558 178
215 285 141 195
233 285 172 193
250 285 190 191
267 285 214 190
302 285 254 176
319 285 278 172
337 285 304 170
354 285 327 169
371 285 353 170
389 285 376 170
406 285 398 170
424 285 421 171
441 285 443 171
458 285 464 172
476 285 479 180
493 285 500 190
510 285 524 191
528 285 542 193
545 285 559 191
215 302 143 215
233 302 165 214
250 302 192 214
267 302 217 217
302 302 259 203
319 302 280 197
337 302 303 193
354 302 328 191
371 302 353 192
389 302 376 190
406 302 399 191
424 302 422 192
441 302 444 193
458 302 465 194
493 302 503 209
510 302 523 209
215 319 144 235
233 319 167 234
250 319 193 234
267 319 218 246
285 319 237 250
302 319 259 227
319 319 281 224
337 319 303 218
354 319 325 218
371 319 351 217
389 319 375 215
406 319 401 214
424 319 423 214
441 319 446 214
458 319 466 217
476 319 481 223
493 319 505 230
510 319 524 228
528 319 544 227
250 337 198 267
267 337 217 268
285 337 244 265
302 337 262 263
319 337 281 247
337 337 304 244
354 337 329 245
371 337 352 246
389 337 375 244
406 337 401 241
424 337 426 237
441 337 445 235
458 337 472 239
476 337 476 258
493 337 500 255
510 337 523 250
528 337 543 257
250 354 199 288
267 354 215 285
285 354 252 287
302 354 265 288
319 354 283 280
337 354 304 271
354 354 324 270
389 354 375 270
406 354 400 268
424 354 423 264
441 354 446 259
476 354 479 276
493 354 499 276
510 354 516 285
528 354 542 277
545 354 560 275
233 371 175 315
250 371 200 317
285 371 253 317
319 371 287 308
337 371 307 305
354 371 329 303
371 371 351 300
389 371 374 298
406 371 396 294
424 371 420 290
441 371 445 284
458 371 467 284
493 371 498 299
510 371 523 293
528 371 542 294
545 371 563 294
215 389 156 341
233 389 177 335
250 389 201 339
267 389 231 336
285 389 248 337
302 389 267 337
319 389 287 333
337 389 307 325
354 389 331 328
371 389 351 324
389 389 373 324
406 389 395 321
424 389 420 316
441 389 444 311
458 389 466 309
476 389 480 320
493 389 495 322
510 389 525 316
528 389 545 313
545 389 566 314
215 406 157 356
233 406 176 357
250 406 195 357
267 406 222 357
285 406 250 355
302 406 272 353
319 406 287 350
337 406 306 349
354 406 333 348
371 406 351 346
389 406 372 347
406 406 395 345
424 406 420 339
441 406 442 336
458 406 460 336
476 406 478 340
493 406 495 343
510 406 527 335
528 406 544 347
545 406 566 347
215 424 160 384
233 424 178 377
250 424 198 373
267 424 220 374
285 424 247 377
302 424 271 370
319 424 289 368
337 424 314 365
354 424 336 366
371 424 356 366
389 424 374 368
406 424 393 366
424 424 413 365
441 424 438 364
458 424 457 364
476 424 480 363
493 424 499 362
510 424 529 360
545 424 567 367
215 441 165 403
233 441 180 393
250 441 199 390
319 441 302 389
337 441 316 391
354 441 334 388
371 441 354 385
389 441 375 387
406 441 395 386
424 441 421 383
441 441 440 386
458 441 460 385
476 441 480 381
510 441 532 376
528 441 550 379
545 441 570 382
233 458 192 423
250 458 211 420
267 458 227 419
285 458 252 421
319 458 304 409
337 458 317 408
354 458 334 407
371 458 352 406
389 458 374 406
406 458 395 407
424 458 412 405
441 458 439 403
476 458 481 399
510 458 532 393
528 458 552 394
250 476 269 473
267 476 288 474
371 476 359 437
389 476 376 438
424 476 395 471
441 476 412 473
476 476 481 419
493 476 499 418
