475 208 473 210
437 214 434 217
475 214 452 219
457 223 467 236
481 223 475 252
484 223 478 249
484 225 478 252
484 227 477 255
488 227 487 231
433 230 432 236
437 230 436 238
484 230 476 256
486 230 478 256
435 232 434 238
437 232 436 271
484 232 476 258
486 232 478 258
453 234 467 247
473 234 455 238
484 234 476 260
470 243 443 216
473 245 446 218
435 256 436 257
433 260 435 272
453 276 434 256
473 278 471 284
499 278 503 278
503 278 506 278
501 280 506 280
506 280 508 280
506 282 509 282
453 287 462 290
475 287 466 289
479 287 476 288
481 287 478 288
457 289 464 291
