0.9986720085144043 -0.04816141352057457 0.01829373091459274 -0.2024117857217789 
0.04691768065094948 0.9968960881233215 0.06322097033262253 -0.06516207754611969 
-0.021281773224473 -0.06227871030569077 0.9978318810462952 -0.5285398960113525 
0 0 0 1 

0.9927777051925659 -0.06917741149663925 -0.09801479429006577 -0.136762261390686 
0.07748929411172867 0.9934737086296082 0.08369827270507812 -0.07538750022649765 
0.09158506989479065 -0.09068889915943146 0.9916590452194214 -0.5439802408218384 
0 0 0 1 

0.9857245087623596 -0.1107880175113678 -0.1267798542976379 -0.1129476353526115 
0.1387297213077545 0.9611205458641052 0.2387490272521973 -0.1663513332605362 
0.09540009498596191 -0.2529289424419403 0.9627697467803955 -0.5087621808052063 
0 0 0 1 

0.9853251576423645 -0.151612177491188 -0.07840918004512787 -0.1381325423717499 
0.1627074033021927 0.9731091856956482 0.1630480289459229 -0.1284585148096085 
0.05158057063817978 -0.173413097858429 0.9834974408149719 -0.5139246582984924 
0 0 0 1 

0.9469968676567078 -0.1909486651420593 0.2583320438861847 -0.3081057369709015 
0.1699032485485077 0.9801998734474182 0.1016908138990402 -0.09114722907543182 
-0.2726347744464874 -0.05240938067436218 0.9606890678405762 -0.445142924785614 
0 0 0 1 

0.9335165023803711 -0.280976265668869 0.2227086424827576 -0.2800258100032806 
0.2447481453418732 0.9533228874206543 0.1768437027931213 -0.1437933593988419 
-0.262002170085907 -0.1105789020657539 0.9587111473083496 -0.4389211535453796 
0 0 0 1 

0.9388478398323059 -0.3349564969539642 0.07980453968048096 -0.2038318961858749 
0.3114201724529266 0.9248732924461365 0.2182353883981705 -0.1771373748779297 
-0.1469085067510605 -0.1800370365381241 0.9726276397705078 -0.4601550400257111 
0 0 0 1 

0.9601566791534424 -0.2533330619335175 0.1179882138967514 -0.2231732308864594 
0.2379665523767471 0.962518036365509 0.1301181316375732 -0.1198658272624016 
-0.1465290933847427 -0.09685643762350082 0.9844531416893005 -0.4665766060352325 
0 0 0 1 

0.9164620041847229 -0.3421256840229034 0.2074781656265259 -0.2542690336704254 
0.332840234041214 0.939647376537323 0.0792471170425415 -0.1099800318479538 
-0.2220688015222549 -0.003569807624444366 0.9750244617462158 -0.4501298666000366 
0 0 0 1 

0.9084064960479736 -0.3428955376148224 0.2392071038484573 -0.2672253847122192 
0.3200334012508392 0.9384586215019226 0.1298992186784744 -0.131340354681015 
-0.2690278887748718 -0.04144690930843353 0.9622400999069214 -0.4360531568527222 
0 0 0 1 

