0.9981845021247864 0.01967793516814709 -0.05692450329661369 -0.05868827924132347 
-0.017078822478652 0.998805046081543 0.04578965902328491 -0.09109948575496674 
0.05775754526257515 -0.04473430663347244 0.9973278045654297 -0.5111398100852966 
0 0 0 1 

0.9980404376983643 -0.02493798173964024 -0.05738801136612892 -0.04572783410549164 
0.02892772294580936 0.9971432089805603 0.06977511942386627 -0.1082839891314507 
0.05548399686813354 -0.0712985098361969 0.99591064453125 -0.5071209073066711 
0 0 0 1 

0.9817209839820862 -0.1724518686532974 -0.08052372932434082 -0.02990332804620266 
0.1766776293516159 0.9830662608146667 0.04863801971077919 -0.1131563186645508 
0.07077240198850632 -0.06197575852274895 0.9955652952194214 -0.5198990702629089 
0 0 0 1 

0.9743313789367676 -0.2119756191968918 -0.07579302787780762 -0.02990172803401947 
0.2174297124147415 0.9733536839485168 0.07284743338823318 -0.1281107068061829 
0.05833149701356888 -0.08745723217725754 0.9944589734077454 -0.5163125991821289 
0 0 0 1 

0.9538115859031677 -0.28728386759758 -0.0878143385052681 -0.01886428520083427 
0.2945886552333832 0.9517339468002319 0.08613923192024231 -0.1365482062101364 
0.05882944911718369 -0.1080297231674194 0.9924054741859436 -0.5130006670951843 
0 0 0 1 

0.9593910574913025 -0.2745175063610077 -0.06487558782100677 -0.02870023250579834 
0.2781418263912201 0.9589331746101379 0.05553464218974113 -0.1200778260827065 
0.04696609452366829 -0.07132408022880554 0.9963468313217163 -0.5212479829788208 
0 0 0 1 

0.9677812457084656 -0.2435945570468903 -0.06372614949941635 -0.02904263325035572 
0.2474806904792786 0.9668763875961304 0.0624757818877697 -0.1251912266016006 
0.04639650881290436 -0.07623391598463058 0.996009886264801 -0.5222363471984863 
0 0 0 1 

0.9443796277046204 -0.3233655989170074 -0.05984708666801453 -0.06117021664977074 
0.3285396993160248 0.9357069730758667 0.1285068988800049 -0.1955160647630692 
0.0144445737823844 -0.1410214602947235 0.9899011254310608 -0.5425680875778198 
0 0 0 1 

-0.3162424266338348 -0.9485231041908264 -0.01716318540275097 -0.04753818362951279 
0.929737389087677 -0.3134748935699463 0.1931883692741394 -0.1505848616361618 
-0.1886238604784012 0.04513712227344513 0.9810115694999695 -0.4915022850036621 
0 0 0 1 

0.5010964274406433 -0.8371566534042358 -0.2192512899637222 0.05564617738127708 
0.8628019094467163 0.4637115895748138 0.2013565599918365 -0.1992111802101135 
-0.06689761579036713 -0.2900694608688354 0.9546645283699036 -0.5894684195518494 
0 0 0 1 

