1 0 0 -0.2022774517536163 
0 1 0 -0.02555054239928722 
0 0 1 -0.5562111139297485 
0 0 0 1 

0.999950647354126 0.006827747914940119 -0.007220461964607239 -0.1937909871339798 
-0.006150843109935522 0.995928168296814 0.08994013071060181 -0.06734698265790939 
0.007805148139595985 -0.08989128470420837 0.9959210157394409 -0.5326346755027771 
0 0 0 1 

0.9963460564613342 -0.009607413783669472 -0.08486563712358475 -0.1499645411968231 
0.01863669976592064 0.9941644668579102 0.1062522009015083 -0.07697159796953201 
0.08334957808256149 -0.10744559019804 0.9907109141349792 -0.5404529571533203 
0 0 0 1 

0.9901455640792847 -0.009162300266325474 -0.1397418677806854 -0.1176355332136154 
0.022039745002985 0.9956173896789551 0.09088428318500519 -0.06811253726482391 
0.1382967531681061 -0.09306859970092773 0.9860082864761353 -0.5418870449066162 
0 0 0 1 

