1 0 0 -0.2022774517536163 
0 1 0 -0.02555054239928722 
0 0 1 -0.5562111139297485 
0 0 0 1 

0.9991908669471741 -0.03554495796561241 0.01881859079003334 -0.2036780267953873 
0.03431125357747078 0.9974703788757324 0.06225299835205078 -0.06217961013317108 
-0.02098382823169231 -0.06155692040920258 0.9978829026222229 -0.5284959673881531 
0 0 0 1 

0.9937222003936768 -0.05873644724488258 -0.09521611034870148 -0.1390781551599503 
0.06655435264110565 0.9944794774055481 0.08112359791994095 -0.07215645909309387 
0.08992549777030945 -0.08695142716169357 0.9921454787254333 -0.5437745451927185 
0 0 0 1 

0.9512105584144592 -0.06869695335626602 -0.300797313451767 -0.017108254134655 
0.1243064031004906 0.9776027202606201 0.169825866818428 -0.12538181245327 
0.2823937237262726 -0.1989312320947647 0.938445508480072 -0.5438335537910461 
0 0 0 1 

0.9863472580909729 -0.1106995344161987 -0.1219208911061287 -0.115924559533596 
0.1367893368005753 0.9629814028739929 0.2322829812765121 -0.1636886745691299 
0.09169388562440872 -0.2457891851663589 0.9649766087532043 -0.5088573694229126 
0 0 0 1 

0.9872779250144958 -0.1414074003696442 -0.07270669937133789 -0.1422461718320847 
0.1511001586914062 0.9767470359802246 0.1520985811948776 -0.1218065768480301 
0.04950818419456482 -0.1611495763063431 0.9856874346733093 -0.5143813490867615 
0 0 0 1 

0.9467455148696899 -0.1878071874380112 0.2615363001823425 -0.310239166021347 
0.1693278104066849 0.9812847971916199 0.09169647097587585 -0.08689519017934799 
-0.2738628685474396 -0.04252780973911285 0.9608280062675476 -0.4447182416915894 
0 0 0 1 

0.9333861470222473 -0.2808820903301239 0.2233728617429733 -0.2807440161705017 
0.2472241818904877 0.9544383883476257 0.1671150922775269 -0.1402043700218201 
-0.2601353228092194 -0.1007596552371979 0.9603005051612854 -0.4397377967834473 
0 0 0 1 

0.9385858774185181 -0.3296220302581787 0.1020085886120796 -0.2155211567878723 
0.3061001896858215 0.9318710565567017 0.1947274953126907 -0.165977954864502 
-0.1592454016208649 -0.1515435725450516 0.9755384922027588 -0.4591887295246124 
0 0 0 1 

0.9596707820892334 -0.2463632524013519 0.13541379570961 -0.2299392521381378 
0.2273420691490173 0.9634528756141663 0.1416826099157333 -0.1246713325381279 
-0.1653702706098557 -0.1051833257079124 0.9806064963340759 -0.4615800380706787 
0 0 0 1 

