493 129 488 10
510 146 506 30
528 146 526 25
545 146 540 25
476 163 472 50
493 163 488 51
510 163 508 50
528 163 525 47
545 163 546 45
562 163 572 41
389 181 362 19
406 181 382 18
510 181 506 67
528 181 524 67
545 181 547 66
562 181 572 63
371 198 338 40
389 198 361 40
424 198 399 31
441 198 419 29
545 198 545 89
562 198 578 79
337 215 292 68
354 215 316 62
371 215 339 61
389 215 362 61
406 215 383 63
424 215 411 44
441 215 433 40
458 215 454 63
476 215 474 63
510 215 523 72
545 215 547 109
562 215 575 110
580 215 596 110
337 233 290 83
354 233 314 84
371 233 340 84
389 233 363 83
406 233 386 84
458 233 457 84
476 233 478 85
493 233 504 88
510 233 524 93
528 233 528 129
545 233 549 129
302 250 240 109
319 250 270 104
337 250 291 104
354 250 314 104
371 250 338 106
389 250 364 105
406 250 388 105
424 250 409 104
441 250 434 105
458 250 457 104
476 250 481 107
493 250 503 107
510 250 525 110
528 250 528 148
545 250 576 92
562 250 595 94
267 267 205 137
285 267 222 133
302 267 243 128
319 267 267 127
337 267 292 126
354 267 315 126
371 267 339 125
389 267 364 128
406 267 389 129
424 267 411 128
441 267 435 127
458 267 459 127
476 267 482 128
493 267 504 127
510 267 510 149
545 267 567 130
267 285 204 162
285 285 229 160
302 285 247 157
319 285 272 152
337 285 292 150
354 285 316 149
371 285 342 148
389 285 365 149
406 285 389 149
424 285 411 148
441 285 436 149
458 285 459 147
476 285 482 149
510 285 513 166
528 285 543 162
545 285 566 160
233 302 170 191
250 302 193 187
267 302 214 187
302 302 251 179
319 302 274 177
337 302 294 173
354 302 318 171
371 302 340 170
389 302 365 170
406 302 390 170
424 302 413 170
441 302 437 170
458 302 460 169
476 302 482 172
510 302 526 183
528 302 545 179
545 302 566 177
215 319 154 215
233 319 170 211
250 319 196 208
267 319 223 214
285 319 245 210
302 319 257 207
319 319 276 200
337 319 296 196
354 319 319 195
371 319 341 193
389 319 367 194
406 319 391 193
424 319 415 193
441 319 438 192
458 319 461 192
493 319 503 200
510 319 524 199
528 319 546 198
267 337 226 235
285 337 246 233
302 337 259 228
319 337 278 223
337 337 299 216
354 337 318 221
371 337 341 216
389 337 369 217
406 337 390 213
424 337 415 215
441 337 438 215
458 337 462 215
476 337 482 219
493 337 506 222
510 337 525 219
250 354 213 249
267 354 228 254
285 354 249 249
302 354 269 253
319 354 282 246
337 354 302 244
354 354 324 245
371 354 348 244
389 354 369 242
406 354 393 241
424 354 417 239
441 354 439 237
458 354 462 239
476 354 481 243
493 354 501 243
510 354 526 242
528 354 545 246
233 371 190 281
250 371 207 280
267 371 228 270
285 371 249 268
302 371 269 276
319 371 286 269
389 371 373 266
406 371 394 265
424 371 417 263
441 371 440 260
476 371 482 268
493 371 501 266
510 371 527 258
528 371 544 266
545 371 564 264
215 389 177 300
233 389 190 298
250 389 209 298
267 389 229 301
285 389 249 298
302 389 271 294
319 389 290 291
337 389 315 294
371 389 355 292
389 389 376 291
406 389 397 289
424 389 420 286
441 389 442 285
458 389 463 282
493 389 499 289
510 389 520 293
528 389 545 285
545 389 565 283
215 406 174 322
233 406 192 315
250 406 212 318
267 406 235 321
285 406 255 316
302 406 266 317
319 406 283 314
337 406 320 313
354 406 338 313
371 406 357 312
389 406 378 311
406 406 398 310
458 406 464 305
476 406 481 309
493 406 500 306
510 406 525 306
528 406 546 304
545 406 566 301
215 424 173 341
233 424 195 337
250 424 213 336
267 424 235 341
285 424 252 333
302 424 267 332
319 424 287 332
337 424 321 333
354 424 337 331
371 424 357 331
389 424 378 330
406 424 401 329
424 424 422 329
441 424 442 327
458 424 460 327
476 424 482 328
510 424 526 325
528 424 546 323
545 424 567 321
215 441 174 358
233 441 194 357
250 441 216 353
267 441 235 353
285 441 257 355
302 441 264 354
319 441 290 354
337 441 319 355
354 441 338 352
371 441 358 351
389 441 379 351
406 441 399 350
424 441 415 349
441 441 443 346
458 441 462 347
476 441 483 348
510 441 527 344
528 441 549 343
545 441 569 340
215 458 178 377
233 458 198 375
250 458 216 371
267 458 233 369
285 458 253 371
319 458 286 372
337 458 319 373
354 458 339 372
371 458 360 372
389 458 380 369
406 458 399 369
424 458 417 369
441 458 444 366
458 458 462 365
476 458 485 363
493 458 505 372
510 458 527 365
528 458 551 362
354 476 341 390
406 476 399 398
441 476 445 385
