129 77 117 78
59 94 45 95
111 94 101 95
129 94 117 95
146 94 134 95
424 94 415 93
441 94 434 93
458 94 452 94
42 111 35 113
59 111 50 113
77 111 67 113
94 111 84 112
111 111 100 112
406 111 398 110
424 111 415 110
441 111 433 111
458 111 452 111
493 111 478 109
510 111 497 109
42 129 33 130
59 129 50 130
77 129 69 129
94 129 86 129
111 129 103 130
129 129 123 130
146 129 139 130
163 129 157 130
389 129 381 128
406 129 398 127
424 129 415 127
441 129 434 127
458 129 451 128
476 129 469 128
493 129 485 128
510 129 501 128
545 129 532 126
59 146 53 148
77 146 71 148
94 146 87 148
111 146 104 148
129 146 121 148
146 146 143 147
181 146 176 147
389 146 380 145
406 146 398 144
424 146 417 144
458 146 447 145
476 146 469 144
493 146 485 145
510 146 503 145
545 146 532 142
562 146 549 142
389 163 380 161
406 163 398 161
458 163 448 162
476 163 467 161
493 163 486 161
510 163 504 161
545 163 535 160
562 163 552 161
580 163 568 159
371 181 364 179
406 181 395 180
424 181 413 181
441 181 431 180
458 181 447 180
476 181 468 179
493 181 486 178
510 181 503 178
528 181 519 179
545 181 537 178
580 181 569 176
389 198 378 198
424 198 413 198
441 198 431 197
458 198 448 198
476 198 470 196
493 198 486 195
510 198 503 195
528 198 520 195
545 198 538 195
580 198 570 194
337 215 330 214
371 215 361 215
389 215 378 215
424 215 413 215
441 215 431 215
458 215 448 214
493 215 482 213
510 215 503 214
528 215 520 213
562 215 553 210
580 215 570 210
319 233 311 233
337 233 328 232
354 233 345 234
389 233 379 232
406 233 396 232
441 233 431 232
458 233 448 232
476 233 466 232
493 233 484 232
510 233 502 231
528 233 520 229
562 233 553 227
302 250 294 251
319 250 312 250
354 250 344 250
371 250 363 250
406 250 396 249
424 250 414 249
441 250 431 249
458 250 447 248
476 250 466 249
493 250 483 248
510 250 502 247
528 250 520 247
562 250 553 246
267 267 260 268
285 267 276 268
302 267 294 269
319 267 310 267
354 267 343 266
371 267 362 267
389 267 379 267
406 267 397 267
424 267 414 266
441 267 432 267
458 267 449 266
476 267 466 266
493 267 484 265
528 267 520 265
562 267 553 263
233 285 226 285
250 285 242 286
267 285 260 286
285 285 277 285
302 285 293 285
319 285 311 286
354 285 345 284
371 285 362 283
389 285 379 284
406 285 397 284
424 285 414 284
441 285 432 284
458 285 449 283
476 285 466 283
493 285 484 283
510 285 505 283
545 285 535 281
215 302 207 303
233 302 226 303
250 302 242 302
267 302 259 303
302 302 294 302
337 302 327 301
371 302 362 301
389 302 380 301
406 302 397 301
424 302 415 301
441 302 432 301
458 302 449 299
510 302 501 300
528 302 519 299
545 302 537 297
215 319 208 320
233 319 226 319
250 319 243 320
267 319 261 319
285 319 278 319
302 319 294 320
319 319 311 321
354 319 345 318
371 319 362 318
389 319 380 319
406 319 397 318
424 319 415 318
441 319 432 318
458 319 449 318
493 319 484 317
510 319 501 316
528 319 519 316
267 337 260 338
285 337 279 336
302 337 294 336
319 337 312 337
337 337 330 336
354 337 348 337
371 337 365 336
406 337 397 334
424 337 415 335
441 337 432 336
458 337 450 334
476 337 467 335
493 337 484 334
510 337 501 334
250 354 244 354
267 354 261 355
285 354 281 356
302 354 295 354
319 354 312 353
337 354 329 353
354 354 348 354
371 354 366 354
389 354 383 354
406 354 400 353
441 354 432 352
458 354 450 352
493 354 484 351
510 354 502 350
528 354 521 350
233 371 227 373
250 371 243 372
267 371 263 372
302 371 292 370
389 371 382 370
406 371 399 369
441 371 433 369
476 371 469 368
528 371 519 368
545 371 537 368
215 389 210 391
233 389 226 390
267 389 253 390
285 389 270 389
302 389 290 389
319 389 308 391
337 389 330 388
371 389 364 387
389 389 382 387
406 389 399 387
441 389 432 386
458 389 450 387
493 389 485 386
510 389 502 385
528 389 519 385
545 389 537 385
215 406 209 408
250 406 236 408
302 406 286 406
319 406 302 411
337 406 333 405
354 406 350 405
371 406 366 404
389 406 382 404
406 406 399 404
424 406 418 404
458 406 450 403
476 406 467 403
493 406 486 403
510 406 503 402
528 406 520 402
545 406 537 401
215 424 209 424
233 424 230 424
302 424 283 421
319 424 303 422
337 424 320 420
354 424 340 422
371 424 358 421
389 424 383 422
406 424 400 421
441 424 434 421
458 424 450 421
476 424 467 421
510 424 503 419
528 424 519 419
545 424 537 419
215 441 210 442
233 441 228 442
267 441 266 441
285 441 285 436
337 441 334 442
371 441 363 438
389 441 380 436
424 441 415 438
441 441 432 440
476 441 467 438
493 441 485 437
510 441 503 436
528 441 520 437
545 441 537 436
215 458 212 459
233 458 228 460
250 458 249 459
267 458 265 461
285 458 283 460
302 458 305 455
319 458 319 457
337 458 334 460
354 458 349 459
389 458 381 457
424 458 415 456
441 458 432 457
458 458 449 458
476 458 467 455
493 458 486 454
510 458 502 454
528 458 518 453
545 458 538 453
250 476 245 476
267 476 266 477
285 476 285 476
302 476 307 476
319 476 322 475
337 476 337 475
354 476 349 474
371 476 367 475
389 476 385 474
424 476 420 473
458 476 449 476
476 476 467 476
493 476 485 473
510 476 502 472
528 476 518 473
