59 111 32 28
111 111 88 22
94 129 74 41
146 129 131 38
389 181 406 46
371 198 387 72
389 198 406 66
458 198 496 34
354 215 362 95
371 215 386 91
389 215 408 88
423 215 449 69
458 215 499 77
493 215 554 83
337 233 340 117
354 233 363 114
371 233 388 112
389 233 410 109
406 233 432 107
458 233 503 101
476 233 527 99
493 233 552 97
302 250 297 142
319 250 321 139
337 250 341 136
354 250 364 135
371 250 387 134
389 250 412 131
406 250 435 129
423 250 457 127
441 250 481 124
458 250 504 122
476 250 529 120
493 250 553 118
285 267 282 169
302 267 300 164
319 267 320 160
337 267 343 159
354 267 365 157
371 267 387 154
389 267 411 153
406 267 436 150
423 267 460 149
441 267 483 146
458 267 508 144
476 267 531 143
267 285 269 198
337 285 345 180
354 285 367 177
371 285 391 175
389 285 413 174
406 285 436 171
423 285 460 170
441 285 485 169
458 285 508 165
476 285 533 164
510 285 579 175
233 302 237 223
250 302 255 220
302 302 310 212
337 302 346 202
354 302 369 200
371 302 390 198
389 302 415 197
406 302 438 195
423 302 463 192
441 302 486 190
458 302 511 189
476 302 536 190
510 302 578 193
215 319 222 246
250 319 264 239
319 319 332 231
337 319 350 226
354 319 372 224
371 319 393 221
389 319 417 219
406 319 440 216
423 319 468 216
441 319 488 213
458 319 512 213
493 319 559 214
510 319 582 212
528 319 605 211
267 337 293 261
302 337 317 254
319 337 336 253
337 337 354 249
354 337 375 248
371 337 395 244
389 337 419 242
406 337 439 239
423 337 465 237
441 337 489 236
458 337 514 235
493 337 564 238
510 337 585 233
267 354 295 283
285 354 312 278
337 354 358 271
354 354 379 270
371 354 402 267
389 354 421 265
406 354 444 263
423 354 467 261
441 354 490 259
458 354 516 260
493 354 560 259
528 354 605 259
302 371 335 301
389 371 429 289
406 371 450 288
423 371 475 287
441 371 494 282
476 371 542 284
493 371 561 283
528 371 608 279
319 389 356 320
371 389 415 312
389 389 435 312
423 389 473 307
476 389 542 304
528 389 610 300
545 389 633 297
319 406 357 338
337 406 381 333
354 406 400 333
371 406 419 332
389 406 438 331
406 406 458 329
458 406 522 327
493 406 565 323
510 406 589 322
528 406 613 321
545 406 635 318
215 423 248 362
250 423 289 358
285 423 322 359
302 423 339 357
319 423 358 355
337 423 377 352
354 423 398 351
371 423 418 351
458 423 523 347
476 423 546 345
510 423 592 341
528 423 614 342
545 423 636 345
250 441 288 379
267 441 309 380
285 441 323 375
319 441 362 376
337 441 384 374
354 441 403 372
371 441 420 371
389 441 440 369
406 441 461 368
423 441 479 366
441 441 505 365
458 441 528 363
476 441 545 370
493 441 569 366
528 441 617 363
250 458 292 396
285 458 326 395
302 458 346 398
319 458 364 396
371 458 423 391
389 458 443 389
510 458 595 387
528 458 618 385
545 458 637 381
476 476 550 408
