389 181 362 19
371 198 338 40
389 198 361 40
354 215 316 62
371 215 339 61
389 215 362 61
424 215 411 44
441 215 433 40
458 215 454 63
337 233 290 83
354 233 314 84
371 233 340 84
389 233 363 83
458 233 457 84
476 233 478 85
493 233 504 88
302 250 240 109
319 250 270 104
337 250 291 104
354 250 314 104
371 250 338 106
389 250 364 105
406 250 388 105
424 250 409 104
441 250 434 105
458 250 457 104
476 250 481 107
493 250 503 107
285 267 222 133
302 267 243 128
319 267 267 127
337 267 292 126
354 267 315 126
371 267 339 125
389 267 364 128
406 267 389 129
424 267 411 128
441 267 435 127
458 267 459 127
476 267 482 128
493 267 504 127
545 267 567 130
267 285 204 162
319 285 272 152
337 285 292 150
354 285 316 149
371 285 342 148
389 285 365 149
406 285 389 149
424 285 411 148
441 285 436 149
458 285 459 147
476 285 482 149
528 285 543 162
545 285 566 160
233 302 170 191
302 302 251 179
319 302 274 177
337 302 294 173
354 302 318 171
371 302 340 170
389 302 365 170
406 302 390 170
424 302 413 170
441 302 437 170
458 302 460 169
476 302 482 172
250 319 196 208
302 319 257 207
319 319 276 200
337 319 296 196
354 319 319 195
371 319 341 193
389 319 367 194
406 319 391 193
424 319 415 193
441 319 438 192
458 319 461 192
493 319 503 200
510 319 524 199
302 337 259 228
319 337 278 223
337 337 299 216
354 337 318 221
371 337 341 216
389 337 369 217
406 337 390 213
424 337 415 215
441 337 438 215
458 337 462 215
493 337 506 222
510 337 525 219
267 354 228 254
337 354 302 244
354 354 324 245
371 354 348 244
389 354 369 242
406 354 393 241
424 354 417 239
476 354 481 243
493 354 501 243
528 354 545 246
302 371 269 276
389 371 373 266
406 371 394 265
424 371 417 263
441 371 440 260
493 371 501 266
528 371 544 266
250 389 209 298
267 389 229 301
285 389 249 298
302 389 271 294
371 389 355 292
389 389 376 291
424 389 420 286
493 389 499 289
528 389 545 285
250 406 212 318
267 406 235 321
285 406 255 316
337 406 320 313
354 406 338 313
371 406 357 312
389 406 378 311
406 406 398 310
458 406 464 305
510 406 525 306
528 406 546 304
545 406 566 301
215 424 173 341
233 424 195 337
250 424 213 336
285 424 252 333
337 424 321 333
354 424 337 331
371 424 357 331
389 424 378 330
424 424 422 329
458 424 460 327
476 424 482 328
510 424 526 325
528 424 546 323
545 424 567 321
215 441 174 358
233 441 194 357
250 441 216 353
267 441 235 353
285 441 257 355
354 441 338 352
371 441 358 351
389 441 379 351
406 441 399 350
458 441 462 347
476 441 483 348
233 458 198 375
250 458 216 371
267 458 233 369
285 458 253 371
354 458 339 372
371 458 360 372
389 458 380 369
406 458 399 369
441 458 444 366
458 458 462 365
510 458 527 365
354 476 341 390
