493 111 521 159
528 111 574 154
562 111 612 153
580 111 628 151
476 129 508 178
493 129 521 176
528 129 578 171
580 129 630 170
597 129 646 171
476 146 507 193
493 146 523 192
632 146 668 181
493 163 524 208
614 163 653 201
632 163 670 199
649 163 688 208
510 181 543 224
580 181 633 218
632 181 671 218
458 198 497 242
476 198 510 243
493 198 525 241
510 198 543 239
528 198 568 239
545 198 588 239
597 198 653 234
632 198 675 231
649 198 690 229
441 215 479 260
458 215 495 258
476 215 511 257
493 215 529 257
510 215 544 256
528 215 561 255
545 215 580 254
562 215 598 253
580 215 615 252
597 215 652 248
632 215 675 246
649 215 691 246
406 233 445 278
424 233 461 277
441 233 477 276
458 233 494 275
476 233 511 275
493 233 528 274
510 233 545 272
528 233 561 271
545 233 578 270
562 233 597 270
580 233 616 270
597 233 655 270
614 233 671 267
649 233 694 264
354 250 404 295
389 250 429 293
406 250 444 293
424 250 460 293
441 250 475 291
458 250 492 291
476 250 509 290
493 250 527 289
510 250 544 289
528 250 559 288
545 250 577 286
562 250 598 288
580 250 620 288
597 250 660 290
614 250 674 289
649 250 695 283
337 267 392 314
371 267 414 310
389 267 430 309
406 267 445 309
424 267 460 308
441 267 476 308
458 267 493 307
476 267 508 306
493 267 526 305
510 267 542 305
528 267 559 304
545 267 577 303
562 267 597 304
597 267 657 306
337 285 387 330
389 285 431 327
406 285 446 326
424 285 460 326
441 285 477 325
458 285 493 324
476 285 509 323
493 285 526 323
528 285 559 321
545 285 578 321
562 285 597 320
580 285 621 322
597 285 638 320
614 285 655 320
632 285 676 320
319 302 374 346
337 302 387 346
389 302 431 343
406 302 447 343
424 302 461 342
441 302 477 342
458 302 495 341
476 302 511 340
493 302 527 339
510 302 544 338
545 302 579 339
562 302 599 338
580 302 621 339
597 302 639 338
614 302 657 338
632 302 675 337
302 319 354 363
319 319 371 361
337 319 388 361
371 319 416 362
389 319 432 361
406 319 446 360
424 319 463 359
441 319 479 358
458 319 497 358
476 319 513 358
493 319 530 357
510 319 546 358
528 319 562 356
545 319 580 355
580 319 623 357
597 319 641 356
614 319 658 355
302 337 359 380
319 337 372 378
354 337 406 378
406 337 447 376
424 337 464 376
441 337 482 376
458 337 498 376
476 337 515 376
493 337 533 375
510 337 548 375
528 337 564 373
545 337 581 373
580 337 624 374
597 337 643 374
614 337 661 373
632 337 681 373
337 354 391 398
354 354 405 397
389 354 436 396
406 354 451 394
424 354 467 393
441 354 483 393
458 354 500 393
476 354 516 392
493 354 532 393
510 354 548 391
528 354 566 391
545 354 581 390
580 354 628 394
597 354 644 390
614 354 663 390
632 354 683 393
649 354 699 389
666 354 731 402
337 371 392 421
354 371 406 417
389 371 438 414
406 371 453 412
424 371 469 412
441 371 485 411
458 371 502 411
476 371 518 411
493 371 536 411
510 371 550 410
528 371 567 408
545 371 585 408
580 371 630 413
597 371 646 411
614 371 665 409
649 371 698 409
666 371 731 417
337 389 392 433
371 389 419 430
389 389 439 432
406 389 454 430
424 389 470 430
441 389 486 429
458 389 503 430
476 389 520 429
493 389 537 429
510 389 553 427
528 389 572 430
545 389 588 429
580 389 631 430
597 389 649 430
614 389 665 429
632 389 681 425
649 389 700 425
354 406 401 447
389 406 438 449
406 406 456 450
424 406 471 449
441 406 488 448
458 406 505 447
476 406 521 447
493 406 539 447
510 406 556 446
528 406 574 445
545 406 597 447
562 406 614 449
597 406 649 447
632 406 678 442
649 406 698 444
666 406 714 444
701 406 756 438
406 424 455 464
424 424 473 466
441 424 489 465
458 424 507 464
476 424 522 465
493 424 539 464
510 424 558 463
528 424 576 462
545 424 602 465
580 424 635 465
597 424 651 464
614 424 667 464
632 424 678 461
649 424 696 462
666 424 715 461
684 424 736 462
701 424 757 456
632 441 679 478
649 441 697 476
666 441 716 476
684 441 736 477
701 441 756 473
337 458 395 467
371 476 414 475
