616 267 626 281
619 267 629 281
579 270 593 281
579 273 592 283
590 273 603 283
593 273 606 283
619 273 629 287
585 275 596 284
588 275 598 287
590 275 601 287
582 278 593 287
585 278 596 289
588 278 598 290
573 281 586 288
579 281 589 290
582 281 592 292
585 281 595 292
588 281 598 293
590 281 600 293
593 281 603 293
571 284 583 292
573 284 586 292
579 284 588 292
585 284 595 295
588 284 597 295
590 284 600 295
596 284 606 295
602 284 610 295
607 284 617 295
554 287 567 288
579 287 589 294
582 287 591 295
593 287 601 297
596 287 604 298
599 287 607 299
635 287 637 299
556 290 569 291
576 290 584 295
579 290 586 295
596 290 603 300
604 290 612 302
633 290 632 301
562 292 573 294
565 292 575 295
576 292 583 297
579 292 586 297
582 292 588 297
590 292 597 301
593 292 600 301
596 292 603 303
602 292 609 304
604 292 611 304
565 295 575 298
576 295 583 300
582 295 589 300
585 295 592 301
588 295 594 302
602 295 609 307
613 295 615 304
616 295 618 305
559 298 567 300
562 298 570 300
565 298 573 301
568 298 575 301
571 298 578 301
573 298 580 301
585 298 589 304
588 298 594 304
599 298 604 306
602 298 607 307
604 298 609 309
607 298 612 309
647 298 647 299
562 301 570 303
565 301 572 303
568 301 575 303
571 301 577 303
573 301 580 304
582 301 587 303
588 301 593 307
590 301 595 307
593 301 598 309
596 301 601 309
599 301 604 309
602 301 606 310
619 301 621 312
630 301 631 312
565 304 572 306
576 304 581 306
579 304 584 306
582 304 587 306
588 304 592 309
590 304 595 310
596 304 601 312
599 304 603 312
602 304 606 312
604 304 608 312
565 306 573 308
568 306 575 309
573 306 578 309
576 306 581 309
579 306 584 308
582 306 587 309
585 306 589 312
588 306 591 312
590 306 594 313
576 309 580 312
579 309 583 312
582 309 586 312
576 312 580 315
579 312 583 315
582 312 586 314
585 312 589 315
613 315 620 316
616 315 622 315
619 315 625 315
