621 278 614 295
635 278 629 296
585 281 582 294
607 281 602 296
619 281 611 299
621 281 614 299
635 281 627 298
641 281 632 300
537 284 533 292
585 284 581 298
593 284 588 300
596 284 591 300
599 284 594 299
602 284 596 299
619 284 611 301
621 284 614 301
624 284 617 301
627 284 620 301
630 284 623 301
635 284 627 301
641 284 633 303
624 287 617 304
627 287 620 303
630 287 623 304
635 287 627 304
638 287 630 304
641 287 633 305
624 290 618 306
627 290 620 306
641 290 633 308
559 295 552 305
562 295 555 305
565 295 557 305
571 295 561 301
573 295 563 301
576 295 566 301
579 295 569 301
582 295 572 301
585 295 576 301
588 295 579 300
590 295 582 300
602 295 594 306
613 295 603 307
616 295 606 308
619 295 612 310
551 298 540 304
554 298 543 306
556 298 550 308
559 298 552 308
562 298 554 308
571 298 561 304
579 298 569 304
582 298 573 304
585 298 576 303
588 298 579 303
590 298 582 303
596 298 588 306
602 298 595 308
604 298 597 309
610 298 603 311
616 298 610 313
621 298 612 312
627 298 618 313
551 301 541 307
559 301 555 312
571 301 561 308
576 301 566 305
588 301 578 307
590 301 581 306
596 301 588 309
559 304 556 315
571 304 561 311
573 304 564 311
579 304 569 308
582 304 572 308
585 304 575 308
588 304 577 310
590 304 580 309
571 306 562 313
576 306 567 311
579 306 569 310
588 306 577 312
593 306 583 312
579 315 565 316
585 315 576 315
