493 111 522 162
493 146 524 194
649 146 686 184
476 163 510 211
493 163 524 209
614 163 657 205
632 163 672 204
649 163 687 204
632 181 673 221
632 198 677 236
649 198 693 238
424 215 464 263
441 215 482 261
458 215 498 260
476 215 515 260
493 215 531 259
510 215 548 258
528 215 564 257
545 215 583 256
562 215 600 256
371 233 420 282
476 233 513 277
406 250 447 295
424 250 462 295
441 250 479 294
458 250 496 294
493 250 528 291
510 250 546 291
528 250 563 291
545 250 581 290
649 250 697 290
354 267 402 314
389 267 432 312
406 267 448 311
424 267 463 310
441 267 479 310
458 267 496 310
476 267 511 307
493 267 528 307
510 267 546 307
528 267 562 306
545 267 580 305
580 267 623 307
389 285 433 329
406 285 449 328
424 285 466 327
441 285 481 326
458 285 497 326
476 285 512 325
493 285 529 324
510 285 545 323
528 285 562 322
545 285 582 323
562 285 600 323
354 302 406 348
389 302 434 345
406 302 449 345
424 302 465 344
441 302 483 344
458 302 499 343
476 302 514 343
493 302 529 341
510 302 548 339
528 302 563 339
545 302 583 340
562 302 602 339
597 302 641 340
614 302 659 340
302 319 358 366
389 319 434 362
406 319 451 362
424 319 465 361
441 319 482 361
458 319 499 360
476 319 516 360
493 319 532 359
510 319 549 358
528 319 564 355
580 319 626 359
597 319 645 358
614 319 663 357
406 337 451 378
424 337 467 377
441 337 483 377
458 337 502 378
476 337 519 378
493 337 535 377
510 337 550 376
528 337 566 374
562 337 606 383
614 337 665 378
354 354 408 398
389 354 439 399
406 354 454 397
424 354 471 396
441 354 487 396
458 354 503 395
476 354 520 395
493 354 536 395
510 354 551 393
528 354 568 392
545 354 585 392
580 354 632 398
614 354 667 396
354 371 409 419
406 371 456 415
424 371 472 414
441 371 489 414
458 371 504 413
476 371 521 413
493 371 538 413
510 371 553 412
528 371 569 410
545 371 587 409
614 371 670 414
684 371 748 415
337 389 394 436
354 389 408 435
371 389 426 433
406 389 458 433
424 389 473 432
458 389 507 432
476 389 523 432
493 389 540 431
510 389 556 430
580 389 635 435
649 389 701 431
371 406 419 449
389 406 441 451
441 406 491 450
458 406 509 449
476 406 525 449
493 406 541 449
510 406 559 449
562 406 617 453
632 406 682 448
649 406 701 449
302 424 361 470
319 424 377 469
424 424 476 469
458 424 510 466
476 424 528 468
493 424 542 466
510 424 562 466
649 424 699 465
666 424 718 466
