493 94 495 98
476 111 479 116
493 111 494 115
510 111 513 115
528 111 530 115
545 111 547 115
562 111 564 115
580 111 582 115
597 111 599 114
476 129 477 133
493 129 495 132
528 129 529 133
545 129 546 133
562 129 564 133
580 129 583 132
597 129 600 132
614 129 616 132
632 129 633 131
476 146 478 150
493 146 495 149
510 146 513 149
580 146 582 150
597 146 599 150
614 146 616 149
632 146 635 148
649 146 652 149
476 163 478 167
493 163 495 166
510 163 511 167
562 163 562 167
580 163 580 167
597 163 597 168
614 163 616 167
632 163 634 166
649 163 652 165
441 181 444 185
458 181 461 184
476 181 478 183
493 181 496 184
510 181 512 184
632 181 634 183
649 181 652 182
424 198 426 202
441 198 443 202
458 198 461 202
476 198 478 201
493 198 496 201
528 198 531 201
545 198 547 201
597 198 601 202
614 198 618 201
632 198 634 202
649 198 651 202
389 215 391 219
424 215 426 219
441 215 444 218
458 215 461 219
476 215 479 219
493 215 495 218
510 215 513 218
528 215 530 218
545 215 547 218
562 215 565 219
580 215 582 218
597 215 598 219
614 215 614 218
632 215 633 218
649 215 652 218
371 233 375 237
389 233 391 236
424 233 426 236
441 233 444 236
458 233 461 236
476 233 478 235
493 233 495 236
510 233 513 236
528 233 530 235
545 233 547 235
562 233 565 235
580 233 582 235
597 233 600 236
614 233 618 237
632 233 634 236
649 233 652 235
42 250 49 255
59 250 66 255
77 250 82 255
354 250 358 254
371 250 375 253
389 250 392 254
406 250 409 252
424 250 426 253
441 250 444 253
458 250 461 253
476 250 478 253
493 250 495 252
510 250 513 252
528 250 531 253
545 250 548 252
562 250 565 253
580 250 582 253
597 250 599 254
614 250 618 254
632 250 635 250
649 250 652 252
25 267 28 272
42 267 45 272
59 267 65 272
77 267 83 272
94 267 100 272
337 267 341 271
354 267 358 271
389 267 391 270
406 267 410 270
424 267 427 269
441 267 444 270
458 267 462 270
476 267 479 270
493 267 496 270
510 267 514 270
528 267 531 270
545 267 548 270
562 267 565 270
597 267 600 271
614 267 617 271
632 267 635 266
649 267 653 269
337 285 341 289
354 285 357 289
371 285 375 288
389 285 391 288
406 285 409 287
424 285 427 287
441 285 444 287
458 285 462 288
476 285 478 287
493 285 495 286
510 285 513 287
528 285 530 287
545 285 548 287
562 285 565 287
580 285 582 287
597 285 600 287
614 285 617 287
632 285 634 285
649 285 653 287
302 302 306 306
337 302 340 305
354 302 358 305
389 302 392 305
406 302 409 305
424 302 427 304
441 302 444 305
458 302 461 304
476 302 477 304
493 302 495 304
510 302 513 304
528 302 530 304
545 302 548 305
562 302 565 305
580 302 583 304
597 302 599 304
614 302 617 304
649 302 653 305
285 319 289 323
302 319 306 322
319 319 323 322
337 319 340 322
354 319 358 322
389 319 392 322
406 319 410 323
424 319 427 322
441 319 445 322
458 319 460 322
476 319 478 322
493 319 494 321
510 319 513 321
528 319 529 320
545 319 547 321
580 319 583 322
597 319 600 321
614 319 618 321
632 319 635 321
302 337 306 340
319 337 323 340
337 337 341 340
354 337 359 338
371 337 375 340
389 337 392 339
406 337 410 339
424 337 426 339
441 337 444 339
458 337 461 339
476 337 479 339
493 337 494 339
510 337 513 339
528 337 530 339
545 337 547 339
562 337 566 339
580 337 583 339
597 337 600 338
614 337 618 339
337 354 341 358
354 354 357 356
389 354 393 357
406 354 409 357
424 354 428 357
441 354 444 357
458 354 462 357
476 354 479 356
493 354 496 356
510 354 513 356
528 354 530 356
545 354 548 356
562 354 565 355
580 354 583 356
597 354 600 357
614 354 618 355
649 354 652 356
666 354 671 356
684 354 688 357
337 371 341 375
354 371 358 375
371 371 375 375
389 371 392 375
406 371 410 374
424 371 427 374
441 371 444 374
458 371 462 374
476 371 479 373
493 371 496 373
510 371 513 373
528 371 530 374
545 371 548 374
580 371 583 375
597 371 601 374
614 371 618 374
632 371 635 374
649 371 652 374
666 371 669 373
684 371 687 374
337 389 341 393
354 389 358 391
371 389 375 392
389 389 392 392
406 389 410 391
424 389 427 391
441 389 445 391
458 389 461 391
476 389 479 392
493 389 496 391
510 389 514 390
528 389 531 391
545 389 548 391
580 389 584 392
597 389 601 391
614 389 618 390
632 389 635 392
649 389 652 392
666 389 670 391
684 389 687 391
337 406 341 409
354 406 357 410
371 406 375 409
389 406 393 410
406 406 410 409
424 406 427 409
441 406 445 409
458 406 462 409
476 406 479 409
493 406 497 409
510 406 514 408
528 406 531 408
545 406 549 408
562 406 567 409
580 406 584 409
597 406 601 408
614 406 618 409
632 406 635 409
649 406 652 409
666 406 669 408
684 406 687 407
302 424 306 427
319 424 321 428
337 424 337 428
354 424 355 426
371 424 375 425
389 424 392 425
406 424 410 426
424 424 427 426
441 424 444 426
458 424 462 426
476 424 480 426
493 424 496 426
510 424 514 426
528 424 532 425
545 424 549 425
562 424 567 424
580 424 583 425
597 424 600 427
614 424 618 426
632 424 635 425
649 424 652 425
666 424 669 425
684 424 686 425
302 441 306 444
319 441 320 443
337 441 338 443
354 441 355 441
406 441 409 444
424 441 428 443
441 441 445 443
458 441 462 444
476 441 480 443
493 441 496 442
510 441 514 443
528 441 531 442
545 441 549 441
562 441 567 441
580 441 583 442
597 441 602 443
614 441 618 443
632 441 636 443
649 441 653 443
666 441 668 443
684 441 687 442
285 458 289 462
302 458 304 460
319 458 320 457
337 458 336 461
354 458 372 457
371 458 388 459
389 458 406 460
424 458 428 459
441 458 445 460
458 458 461 460
476 458 479 460
493 458 497 461
510 458 514 461
528 458 532 462
545 458 550 461
562 458 566 460
580 458 584 460
597 458 603 460
614 458 619 460
649 458 651 459
666 458 670 459
684 458 686 459
302 476 306 475
319 476 323 474
337 476 339 476
354 476 373 473
371 476 390 475
389 476 409 476
424 476 426 476
441 476 459 476
458 476 473 476
493 476 494 476
510 476 513 476
528 476 532 476
545 476 549 476
562 476 566 476
580 476 586 476
597 476 603 476
614 476 619 475
632 476 634 476
649 476 652 476
666 476 670 477
