1 0 0 0.05831152200698853 
0 1 0 -0.2219620198011398 
0 0 1 -0.7369999885559082 
0 0 0 1 

0.9968293309211731 -0.06329868733882904 0.04821202158927917 0.07085025310516357 
0.06038202717900276 0.9963870048522949 0.05972251296043396 -0.2244566828012466 
-0.05181827768683434 -0.05662193894386292 0.9970499873161316 -0.7045581936836243 
0 0 0 1 

0.986941397190094 -0.08960298448801041 0.1338575631380081 0.07254801690578461 
0.07884030789136887 0.9933708310127258 0.08365726470947266 -0.2294116765260696 
-0.1404661685228348 -0.07201136648654938 0.987463116645813 -0.6998710632324219 
0 0 0 1 

0.9684089422225952 -0.1260712742805481 0.2151514291763306 0.07256652414798737 
0.1052277237176895 0.988807201385498 0.1057706102728844 -0.232775092124939 
-0.2260779142379761 -0.07978928834199905 0.9708359241485596 -0.6950721144676208 
0 0 0 1 

0.9443527460098267 -0.1638097316026688 0.2852437496185303 0.06068922579288483 
0.1451829522848129 0.9857106804847717 0.08541836589574814 -0.2410886436700821 
-0.2951602041721344 -0.03925244137644768 0.9546410441398621 -0.686554491519928 
0 0 0 1 

0.9190488457679749 -0.1529973149299622 0.3632366955280304 0.04373342543840408 
0.112630307674408 0.9851018190383911 0.129956990480423 -0.2483053356409073 
-0.377708226442337 -0.07852531969547272 0.9225888252258301 -0.6617935299873352 
0 0 0 1 

0.9033392071723938 -0.1610258966684341 0.3975535035133362 0.04291565343737602 
0.07885450124740601 0.9734048247337341 0.2150929272174835 -0.2471872717142105 
-0.4216160476207733 -0.1629529297351837 0.892012357711792 -0.6311812996864319 
0 0 0 1 

0.9006427526473999 -0.1612345576286316 0.403541773557663 0.04363127052783966 
0.07421555370092392 0.9720481634140015 0.2227427959442139 -0.247238501906395 
-0.4281758964061737 -0.1706626117229462 0.8874343037605286 -0.6282126307487488 
0 0 0 1 

