424 25 458 148
441 25 471 147
424 42 457 167
493 77 513 197
545 77 550 197
371 94 424 206
389 94 437 206
424 94 458 205
510 94 526 202
267 129 348 224
302 129 373 222
319 129 387 221
337 129 399 221
371 129 423 220
389 129 436 220
406 129 452 220
441 129 476 220
458 129 489 221
250 146 334 245
302 163 370 240
319 163 386 239
337 163 399 235
371 163 427 234
389 163 439 234
406 163 455 235
441 163 479 234
458 163 492 234
476 163 506 235
302 181 370 260
510 181 533 251
302 198 368 276
337 198 399 261
371 198 426 259
406 198 453 254
441 198 478 253
458 198 493 253
476 198 506 253
510 198 534 264
545 198 569 282
337 215 395 279
354 215 411 280
371 215 424 280
389 215 442 276
424 215 465 267
458 215 494 263
476 215 509 264
545 215 570 298
562 215 589 298
337 233 395 299
354 233 409 300
371 233 428 303
406 233 446 293
424 233 464 290
441 233 480 287
267 250 323 378
285 250 342 379
337 250 392 316
354 250 407 321
389 250 443 324
424 267 466 339
250 285 304 401
424 302 471 412
371 319 415 437
406 354 456 471
424 354 471 471
