424 25 440 88
441 25 455 87
476 25 475 84
25 42 109 164
424 59 440 109
441 59 453 106
458 59 468 105
424 77 438 125
441 77 452 121
458 77 466 120
406 94 424 155
424 94 437 154
476 94 478 154
510 94 506 157
632 94 599 241
354 111 386 163
389 111 409 165
476 111 479 168
545 111 540 171
406 129 425 175
424 129 438 175
458 129 462 175
493 129 494 176
510 129 510 174
528 129 526 176
319 146 356 179
337 146 368 180
354 146 384 180
389 146 408 181
545 146 540 190
337 163 367 190
354 163 382 190
389 163 409 191
406 163 426 191
424 163 441 191
441 163 455 192
476 163 481 192
493 163 496 191
510 163 512 189
528 163 528 192
285 181 320 216
319 181 353 199
545 181 546 230
267 198 303 245
285 198 319 233
302 198 333 212
319 198 350 213
337 198 368 211
354 198 383 208
371 198 399 208
406 198 427 207
424 198 440 208
441 198 456 209
458 198 472 209
476 198 486 208
510 198 515 214
250 215 282 267
267 215 302 265
319 215 350 232
337 215 368 229
354 215 384 223
389 215 412 221
406 215 427 220
458 215 472 220
510 215 515 226
545 215 548 248
562 215 564 248
580 215 580 249
267 233 288 283
285 233 305 299
319 233 349 252
337 233 365 245
371 233 395 241
389 233 411 239
424 233 441 232
441 233 457 229
493 233 499 232
528 233 532 245
545 233 548 261
562 233 565 262
580 233 581 261
285 250 305 319
302 250 320 322
337 250 357 262
354 250 378 261
371 250 393 261
389 250 410 259
406 250 427 262
424 250 444 262
441 250 456 261
458 250 473 242
476 250 489 242
510 250 525 261
545 250 549 279
562 250 566 281
580 250 583 278
285 267 303 338
302 267 318 337
319 267 338 332
354 267 376 281
371 267 393 282
389 267 410 283
406 267 427 283
424 267 442 280
441 267 458 278
458 267 472 280
528 267 548 294
545 267 560 297
597 267 614 311
267 285 287 352
285 285 302 352
302 285 316 353
319 285 337 351
354 285 375 301
406 285 424 310
424 285 440 310
441 285 457 297
458 285 475 295
476 285 495 297
493 285 515 294
528 285 547 332
545 285 563 333
614 285 630 329
285 302 302 366
302 302 315 369
337 302 353 368
354 302 370 370
371 302 388 354
389 302 405 353
406 302 422 349
424 302 440 332
441 302 459 333
458 302 479 314
476 302 496 316
493 302 514 315
510 302 529 312
250 319 251 403
267 319 288 372
285 319 303 388
354 319 370 384
371 319 387 385
389 319 404 385
406 319 422 368
424 319 440 371
441 319 458 366
476 319 495 331
528 319 548 364
545 319 567 364
267 337 286 386
319 337 355 403
371 337 390 402
389 337 406 402
406 337 424 404
424 337 441 404
441 337 460 400
528 337 548 399
545 337 566 397
562 337 582 366
267 354 286 439
389 354 407 419
406 354 429 418
424 354 445 420
441 354 459 420
458 354 475 421
545 354 565 418
250 371 268 459
285 371 301 438
302 371 320 442
337 371 359 424
354 371 373 426
371 371 388 427
406 371 427 433
424 371 442 435
441 371 461 433
458 371 478 433
493 371 532 418
510 371 549 419
545 371 570 432
580 371 618 400
337 389 354 437
354 389 369 440
371 389 386 443
389 389 406 443
424 389 442 453
441 389 460 452
458 389 479 453
476 389 499 449
493 389 515 451
510 389 546 439
545 389 579 451
389 406 407 461
406 406 421 462
476 406 497 470
528 406 561 459
441 424 461 473
458 424 483 475
510 424 549 453
