94 25 91 59
111 25 111 59
129 25 129 59
181 25 183 62
198 25 198 61
215 25 215 63
233 25 233 64
250 25 249 65
94 42 92 72
406 42 411 59
424 42 436 21
389 59 393 73
406 59 413 73
424 59 440 45
441 59 457 45
458 59 475 45
441 77 455 63
458 77 474 64
354 94 362 98
371 94 379 98
406 94 416 98
528 94 534 105
337 111 343 110
354 111 361 111
371 111 380 111
389 111 398 112
406 111 416 111
424 111 434 111
493 111 504 116
545 111 555 120
319 129 329 124
337 129 346 124
354 129 364 125
371 129 381 126
389 129 399 125
406 129 416 127
424 129 434 128
441 129 452 128
458 129 469 128
476 129 486 128
493 129 505 131
510 129 521 130
528 129 540 132
285 146 289 139
354 146 365 140
371 146 382 141
389 146 400 141
406 146 417 141
424 146 436 141
441 146 453 142
458 146 471 144
476 146 487 142
493 146 507 143
510 146 523 145
528 146 540 146
614 146 618 160
302 163 307 153
319 163 327 154
371 163 382 155
389 163 401 155
406 163 418 156
424 163 437 156
441 163 453 157
458 163 472 158
476 163 490 158
493 163 509 156
510 163 526 158
528 163 542 161
614 163 619 180
267 181 268 180
285 181 285 182
302 181 305 174
337 181 348 169
354 181 363 168
493 181 510 172
510 181 528 175
597 181 603 198
614 181 620 196
267 198 266 202
302 198 306 194
319 198 324 194
337 198 346 185
354 198 364 185
371 198 383 184
389 198 403 185
406 198 420 184
424 198 439 186
441 198 456 186
458 198 476 187
476 198 494 187
493 198 513 190
510 198 529 192
302 215 303 215
319 215 324 215
337 215 342 210
354 215 365 202
371 215 383 202
389 215 402 202
406 215 422 201
424 215 440 201
441 215 458 202
458 215 476 204
476 215 494 204
510 215 529 208
545 215 559 222
250 233 239 246
285 233 273 253
319 233 323 233
337 233 341 229
354 233 359 229
371 233 383 222
389 233 402 222
406 233 420 221
424 233 441 219
441 233 458 218
458 233 477 219
476 233 497 220
493 233 514 222
510 233 531 227
545 233 560 238
285 250 272 273
319 250 320 255
337 250 341 249
354 250 360 247
371 250 377 248
389 250 398 246
406 250 418 245
424 250 439 244
441 250 457 239
458 250 479 237
476 250 498 237
493 250 514 242
545 250 561 259
562 250 576 259
354 267 359 268
371 267 377 269
389 267 392 269
406 267 410 268
424 267 434 266
441 267 458 267
458 267 476 264
545 267 559 281
562 267 578 279
597 267 616 285
614 267 633 287
285 285 271 314
441 285 454 288
458 285 476 286
493 285 515 279
545 285 560 303
614 285 635 302
267 302 252 334
285 302 270 333
319 302 303 333
337 302 334 335
354 302 349 334
406 302 409 323
424 302 430 320
458 302 475 308
476 302 495 303
493 302 517 300
597 302 618 315
250 319 229 356
267 319 249 357
285 319 269 357
354 319 351 354
389 319 386 352
406 319 407 346
424 319 428 346
250 337 229 372
319 337 304 371
337 337 323 375
354 337 353 371
371 337 370 372
389 337 388 370
406 337 405 371
424 337 425 371
441 337 445 366
528 337 542 367
545 337 559 367
250 354 232 390
354 354 352 386
371 354 370 388
406 354 410 389
441 354 444 388
458 354 460 389
510 354 526 385
528 354 545 382
545 354 561 384
597 354 630 368
371 371 372 407
389 371 388 406
406 371 411 406
424 371 428 409
441 371 446 407
458 371 460 406
476 371 487 407
493 371 510 404
510 371 525 406
545 371 564 403
371 389 371 423
389 389 386 422
406 389 408 422
424 389 427 423
441 389 448 427
458 389 463 427
476 389 489 425
493 389 507 422
510 389 528 424
528 389 547 420
580 389 614 406
597 389 633 408
371 406 371 443
389 406 388 442
406 406 406 441
510 406 528 439
562 406 598 425
580 406 614 422
389 424 387 461
510 424 528 458
580 424 620 443
597 424 636 443
