493 25 468 82
493 42 470 96
510 42 484 97
528 42 504 100
510 77 486 125
493 94 472 139
476 111 458 155
493 129 472 173
545 146 525 186
371 163 369 206
389 163 383 204
406 163 399 204
424 163 415 204
458 163 446 203
476 163 462 203
510 163 494 201
528 163 508 200
545 163 524 200
562 163 541 199
337 181 335 223
354 181 352 220
371 181 367 219
389 181 384 218
406 181 398 218
441 181 429 217
458 181 446 216
476 181 462 216
493 181 478 216
510 181 493 215
528 181 508 213
545 181 524 213
562 181 541 214
580 181 559 215
371 198 368 234
389 198 383 232
476 198 461 228
528 198 509 227
545 198 524 226
319 215 321 256
354 215 352 252
406 215 399 246
424 215 415 244
458 215 445 242
493 215 477 242
510 215 493 242
580 215 563 248
597 215 582 245
632 215 616 248
319 233 321 273
354 233 353 268
389 233 383 263
406 233 399 262
441 233 431 260
458 233 446 258
476 233 462 258
493 233 477 257
510 233 493 256
528 233 508 256
545 233 526 256
562 233 545 262
632 233 615 262
285 250 285 296
302 250 303 292
319 250 322 291
337 250 337 290
371 250 367 282
389 250 383 279
406 250 400 279
441 250 430 276
458 250 447 276
476 250 462 274
493 250 478 272
510 250 493 270
528 250 510 271
545 250 527 273
614 250 594 276
632 250 616 281
302 267 303 308
337 267 336 312
354 267 353 301
371 267 368 299
389 267 384 296
406 267 402 296
441 267 431 293
458 267 446 291
476 267 462 290
493 267 480 290
510 267 495 287
528 267 511 288
545 267 528 289
562 267 546 291
580 267 564 292
597 267 580 291
319 285 321 329
389 285 385 312
406 285 400 311
441 285 433 311
458 285 448 308
476 285 464 308
493 285 481 307
510 285 497 304
528 285 513 304
545 285 533 308
580 285 566 310
597 285 583 309
319 302 321 347
389 302 386 329
441 302 434 329
458 302 449 327
476 302 465 326
493 302 483 324
510 302 498 322
528 302 514 321
545 302 531 320
562 302 552 327
580 302 570 326
597 302 584 325
319 319 321 365
337 319 338 363
371 319 371 358
389 319 387 354
406 319 403 351
441 319 436 349
458 319 453 347
476 319 468 345
493 319 484 342
510 319 500 340
528 319 515 337
545 319 530 334
580 319 570 344
319 337 321 381
337 337 337 380
354 337 355 379
371 337 372 376
389 337 388 371
406 337 404 371
424 337 421 370
458 337 454 366
476 337 471 364
493 337 486 362
510 337 501 357
528 337 515 354
580 337 573 363
319 354 321 399
337 354 337 398
354 354 356 398
371 354 372 395
389 354 389 392
406 354 405 389
424 354 421 388
441 354 439 385
476 354 472 382
493 354 487 381
528 354 516 371
562 354 559 382
632 354 620 372
302 371 308 418
319 371 325 414
337 371 340 415
354 371 357 414
371 371 373 411
389 371 389 410
406 371 406 409
424 371 423 406
441 371 440 404
476 371 473 401
580 371 577 402
632 371 619 386
649 371 637 386
285 389 287 436
302 389 308 435
389 389 393 429
406 389 408 428
424 389 425 426
441 389 441 425
476 389 475 421
528 389 534 424
562 389 560 420
580 389 577 419
632 389 621 400
649 389 638 398
441 406 446 444
458 406 461 442
545 406 543 440
562 406 561 438
267 424 273 475
424 424 428 457
614 424 612 439
666 424 657 434
424 441 427 473
458 441 462 472
476 441 481 472
649 441 642 447
