602 258 596 265
619 278 609 278
641 278 627 283
644 278 630 283
599 281 594 282
638 281 627 286
641 281 629 286
573 284 564 289
590 284 587 286
593 284 590 285
633 284 621 289
571 287 562 291
599 287 594 287
542 290 544 291
571 290 563 296
576 290 568 295
585 290 581 293
593 290 590 289
599 290 594 289
573 292 565 297
576 292 571 299
582 292 577 296
590 292 587 295
593 292 590 292
579 295 574 299
582 295 576 299
585 295 581 298
588 295 584 298
590 295 587 298
593 295 590 298
596 295 592 298
602 295 598 295
635 295 626 298
571 298 565 302
573 298 568 302
579 298 574 303
582 298 577 302
585 298 581 300
588 298 583 300
590 298 586 301
593 298 590 300
599 298 595 298
602 298 598 299
630 298 616 300
633 298 619 300
565 301 562 305
576 301 571 305
582 301 577 305
588 301 583 303
590 301 586 303
593 301 590 303
596 301 592 302
599 301 595 301
602 301 598 302
604 301 600 302
576 304 573 305
582 304 579 306
590 304 586 307
596 304 592 305
599 304 595 304
602 304 598 304
604 304 600 304
607 304 603 305
633 304 619 303
571 306 567 307
573 306 571 308
576 306 573 308
579 306 576 309
582 306 579 309
585 306 581 309
588 306 584 309
590 306 588 306
593 306 590 307
599 306 595 307
647 306 647 309
573 309 570 311
576 309 574 311
579 309 577 312
582 309 579 312
585 309 582 311
590 309 588 309
593 309 591 310
599 309 597 311
604 309 600 308
610 309 607 311
647 309 646 312
571 312 566 311
576 312 573 314
579 312 577 314
582 312 579 315
585 312 582 316
588 312 585 313
590 312 588 313
593 312 590 313
596 312 594 314
599 312 597 314
602 312 599 313
604 312 602 314
613 312 610 313
621 312 615 312
624 312 618 313
627 312 621 313
638 312 636 315
571 315 567 314
573 315 570 314
593 315 590 316
596 315 593 316
610 315 606 315
613 315 609 315
616 315 613 315
619 315 615 315
621 315 617 315
627 315 621 315
630 315 624 316
647 315 642 315
