94 77 81 26
146 77 134 24
198 77 195 18
215 77 212 18
233 77 232 16
42 94 28 48
59 94 48 45
77 94 61 45
146 94 131 42
233 94 234 34
441 111 461 8
371 146 381 71
389 146 402 71
424 146 443 57
441 146 462 56
354 163 363 94
371 163 382 90
389 163 402 89
441 163 465 78
458 163 484 80
476 163 505 86
510 163 543 84
337 181 342 114
354 181 362 112
371 181 383 111
389 181 404 110
406 181 423 109
458 181 484 105
476 181 506 104
493 181 527 104
510 181 546 104
319 198 323 134
337 198 343 133
354 198 364 132
371 198 383 131
389 198 403 130
406 198 424 129
424 198 443 127
441 198 467 126
458 198 485 124
476 198 506 123
493 198 528 123
510 198 548 123
528 198 568 122
302 215 305 154
319 215 325 153
337 215 344 152
354 215 365 152
371 215 384 150
389 215 405 150
406 215 424 149
424 215 445 148
441 215 467 147
458 215 487 145
476 215 507 143
493 215 529 144
510 215 550 142
302 233 306 174
319 233 324 173
337 233 345 172
354 233 364 170
371 233 385 170
389 233 405 169
406 233 425 167
424 233 445 167
441 233 468 166
458 233 488 164
476 233 509 164
493 233 531 164
528 233 565 171
580 233 633 157
233 250 238 208
267 250 273 200
319 250 327 192
337 250 346 192
354 250 365 190
371 250 385 190
389 250 407 190
406 250 427 188
424 250 447 187
441 250 468 186
458 250 488 185
476 250 510 184
545 250 583 188
233 267 240 223
302 267 311 217
319 267 329 216
337 267 347 211
354 267 366 210
371 267 386 211
389 267 406 208
406 267 427 207
424 267 448 207
441 267 470 206
458 267 490 205
476 267 510 204
493 267 531 206
528 267 570 205
545 267 588 205
198 285 207 245
215 285 223 243
267 285 280 240
285 285 300 239
302 285 314 239
337 285 349 231
354 285 368 230
371 285 389 231
389 285 408 228
406 285 428 230
424 285 451 228
441 285 471 227
458 285 490 226
476 285 511 225
493 285 533 225
510 285 552 227
528 285 572 225
267 302 284 262
302 302 315 257
337 302 351 254
354 302 370 252
371 302 391 252
389 302 409 249
406 302 428 249
424 302 452 249
441 302 471 247
458 302 491 247
476 302 512 246
493 302 532 246
510 302 552 246
528 302 572 245
285 319 303 279
302 319 321 278
337 319 353 273
354 319 372 271
371 319 391 271
389 319 410 270
406 319 431 269
424 319 452 270
441 319 473 268
458 319 492 266
476 319 512 267
510 319 552 267
528 319 572 266
562 319 614 265
267 337 286 297
285 337 304 297
302 337 323 301
319 337 342 297
337 337 358 294
371 337 395 292
406 337 432 290
441 337 473 288
458 337 494 287
510 337 553 286
562 337 613 284
580 337 633 283
250 354 270 315
267 354 285 315
285 354 303 317
302 354 324 314
319 354 341 312
337 354 360 313
389 354 415 311
406 354 436 311
441 354 475 309
476 354 515 308
510 354 551 306
562 354 616 304
580 354 634 303
267 371 288 332
285 371 308 330
371 371 399 330
389 371 417 329
424 371 455 328
441 371 475 329
476 371 516 327
510 371 553 325
233 389 253 354
250 389 271 352
267 389 287 347
285 389 303 350
371 389 397 347
389 389 414 347
406 389 435 346
424 389 456 347
458 389 495 347
476 389 517 345
510 389 555 343
562 389 616 345
233 406 254 373
250 406 273 372
267 406 290 370
285 406 304 369
302 406 321 371
319 406 340 369
337 406 359 370
354 406 378 368
371 406 395 369
389 406 416 367
406 406 435 367
441 406 478 362
458 406 498 364
476 406 514 363
493 406 537 360
510 406 555 361
528 406 576 366
580 406 632 366
250 424 275 391
337 424 357 387
371 424 399 386
389 424 417 386
406 424 438 385
424 424 460 385
441 424 480 382
545 424 598 384
337 441 362 406
354 441 381 406
371 441 401 403
389 441 419 402
406 441 444 404
424 441 463 402
458 441 499 398
493 441 533 407
528 441 577 403
545 441 597 404
562 441 616 403
302 458 328 421
319 458 345 424
337 458 359 422
354 458 379 422
371 458 401 421
476 458 522 423
493 458 536 424
528 458 585 426
545 458 602 425
337 476 363 441
