42 111 89 166
458 111 439 92
458 146 445 117
476 146 459 114
389 181 390 163
406 181 406 162
319 198 334 182
354 198 359 179
371 198 375 177
389 198 392 174
406 198 408 173
441 198 437 170
458 198 453 169
493 198 484 165
302 215 318 203
371 215 376 188
389 215 391 187
406 215 406 186
441 215 440 183
458 215 455 181
476 215 471 180
493 215 486 177
510 215 501 177
545 215 532 173
285 233 305 221
302 233 319 219
337 233 348 205
354 233 363 203
250 250 274 251
267 250 292 243
285 250 306 238
337 250 350 223
354 250 364 218
371 250 379 215
389 250 395 212
424 250 424 207
441 250 441 206
458 250 456 204
476 250 473 203
493 250 488 202
528 250 520 199
250 267 277 264
285 267 309 256
319 267 336 242
337 267 353 239
354 267 366 232
371 267 382 229
389 267 398 226
424 267 426 221
441 267 443 219
458 267 458 217
476 267 474 216
493 267 490 215
319 285 339 259
337 285 355 255
354 285 368 249
371 285 383 245
389 285 399 242
424 285 428 236
441 285 444 234
493 285 490 228
597 285 597 237
233 302 266 291
319 302 342 275
337 302 357 269
354 302 371 263
371 302 388 261
389 302 400 259
406 302 418 257
458 302 460 245
476 302 475 242
528 302 525 243
545 302 546 250
597 302 599 254
337 319 359 285
354 319 373 282
371 319 389 279
389 319 405 278
406 319 420 274
441 319 449 266
458 319 464 263
476 319 478 258
510 319 512 260
302 337 332 331
371 337 394 298
389 337 408 295
441 337 451 284
458 337 468 281
476 337 481 275
493 337 497 272
528 337 538 285
562 337 568 280
319 354 351 339
337 354 366 333
354 354 379 323
371 354 395 318
424 354 439 306
441 354 454 302
458 354 470 297
476 354 484 294
493 354 501 291
528 354 541 302
545 354 558 299
250 371 292 363
267 371 308 363
319 371 352 356
337 371 367 351
354 371 383 343
371 371 397 339
389 371 414 336
424 371 445 329
441 371 459 322
458 371 474 316
476 371 488 312
493 371 502 304
545 371 560 318
597 371 603 313
250 389 293 377
302 389 335 375
319 389 353 372
354 389 385 362
371 389 400 358
389 389 416 354
406 389 431 350
441 389 462 340
476 389 490 328
493 389 506 322
545 389 564 336
302 406 337 391
319 406 353 390
354 406 388 380
371 406 403 377
389 406 419 371
424 406 451 364
441 406 465 362
476 406 495 347
528 406 550 359
337 424 373 401
354 424 390 397
371 424 405 395
389 424 422 391
406 424 438 388
441 424 468 380
510 424 537 379
528 424 553 376
458 441 489 401
476 441 505 399
493 441 519 400
510 441 540 396
528 441 558 392
580 441 593 367
406 458 438 423
424 458 457 420
441 458 474 420
458 458 490 419
476 458 505 419
493 458 522 416
510 458 539 414
528 458 557 410
