59 94 45 120
163 94 153 123
77 111 64 141
94 111 81 141
111 111 98 141
146 111 134 139
163 111 151 140
458 111 438 191
59 129 52 161
111 129 95 160
476 129 452 204
424 146 404 199
389 163 370 221
406 163 388 219
424 163 404 219
354 181 338 241
371 181 356 239
389 181 372 238
406 181 388 238
424 181 405 239
337 198 323 259
354 198 340 259
371 198 357 260
389 198 372 259
406 198 388 258
424 198 402 258
441 198 419 257
458 198 436 258
493 198 469 258
528 198 498 254
319 215 308 278
337 215 324 280
354 215 340 279
371 215 356 279
389 215 372 278
406 215 387 277
424 215 403 277
441 215 420 276
458 215 435 275
476 215 450 275
510 215 482 275
528 215 498 274
545 215 514 273
285 233 275 287
302 233 291 288
337 233 324 295
354 233 340 297
371 233 355 297
389 233 372 298
406 233 388 297
424 233 403 296
441 233 418 296
458 233 435 296
493 233 465 294
510 233 481 294
528 233 497 293
319 250 306 306
337 250 324 310
354 250 340 312
371 250 356 316
389 250 372 316
406 250 387 316
424 250 403 316
441 250 418 314
458 250 434 314
493 250 465 314
510 250 480 313
528 250 496 310
233 267 224 313
250 267 242 313
267 267 256 313
319 267 306 322
337 267 324 325
354 267 341 329
371 267 356 330
389 267 372 331
406 267 387 332
424 267 403 333
441 267 417 333
458 267 434 333
493 267 464 331
510 267 480 330
528 267 495 327
597 267 562 314
215 285 207 330
233 285 225 329
267 285 256 331
319 285 308 338
354 285 341 345
371 285 356 346
389 285 371 346
406 285 387 347
424 285 402 347
441 285 417 349
458 285 433 350
493 285 464 349
510 285 479 347
528 285 495 345
580 285 542 329
597 285 559 331
233 302 225 348
285 302 268 343
354 302 340 359
371 302 356 360
389 302 372 360
406 302 387 361
424 302 403 363
441 302 417 363
458 302 433 366
476 302 447 366
510 302 477 363
528 302 494 361
562 302 526 352
580 302 542 351
597 302 558 348
337 319 323 371
406 319 385 374
424 319 401 377
441 319 418 377
458 319 433 379
476 319 448 381
545 319 511 369
302 337 285 373
389 337 369 387
545 337 509 383
562 337 525 383
267 354 255 387
389 354 368 400
424 354 401 402
441 354 417 404
458 354 430 405
493 354 460 407
510 354 475 409
545 354 509 398
562 354 524 399
250 371 242 403
285 371 274 403
319 371 303 404
389 371 370 413
406 371 384 414
424 371 401 416
441 371 416 419
458 371 432 420
476 371 447 423
510 371 475 423
354 389 335 424
441 389 415 432
458 389 432 433
510 389 475 441
545 389 509 427
580 389 540 428
597 389 554 430
319 406 297 436
337 406 315 438
354 406 335 438
371 406 352 439
389 406 367 441
406 406 383 442
424 406 400 444
476 406 448 449
545 406 508 441
580 406 539 446
597 406 555 447
614 406 569 446
354 424 331 454
371 424 350 455
389 424 368 455
406 424 383 457
424 424 400 458
441 424 413 460
545 424 509 455
371 441 347 470
389 441 365 471
406 441 382 471
424 441 398 473
528 441 493 470
