585 244 590 247
588 244 593 247
585 247 590 250
585 250 590 253
588 250 593 253
585 253 590 256
604 287 619 294
562 290 571 293
596 290 608 297
599 290 612 301
604 290 619 298
630 290 636 300
585 292 593 301
588 292 596 301
590 292 600 301
593 292 603 301
596 292 609 304
599 292 611 303
602 292 615 304
610 292 623 303
616 292 628 303
633 292 639 304
568 295 574 299
573 295 579 301
593 295 602 304
596 295 606 304
607 295 619 306
613 295 625 306
633 295 640 306
579 298 584 305
582 298 588 305
596 298 605 309
602 298 611 309
616 298 623 307
562 301 568 302
579 301 584 307
582 301 588 307
585 301 592 307
607 301 617 312
616 301 623 310
647 301 646 303
565 306 565 305
644 309 643 311
647 315 646 315
