0.9431803226470947 -0.1926314681768417 0.2707469761371613 -0.3125947117805481 
0.1671525090932846 0.9792674779891968 0.1144343689084053 -0.09585324674844742 
-0.2871773540973663 -0.06267619878053665 0.9558246731758118 -0.4407935440540314 
0 0 0 1 

0.9346182346343994 -0.2753440737724304 0.2251095622777939 -0.2810638248920441 
0.2357563227415085 0.9535492062568665 0.1875173598527908 -0.1463360041379929 
-0.2662848830223083 -0.122186079621315 0.956118643283844 -0.4372006952762604 
0 0 0 1 

0.9583413600921631 -0.2607295513153076 0.1166268959641457 -0.2211704105138779 
0.244977667927742 0.9602616429328918 0.1337284743785858 -0.1216187179088593 
-0.1468593776226044 -0.09958646446466446 0.9841315150260925 -0.4667678773403168 
0 0 0 1 

0.9166761636734009 -0.3473367094993591 0.1976407468318939 -0.2484179139137268 
0.3343706727027893 0.9374695420265198 0.09668023884296417 -0.1175307407975197 
-0.2188628017902374 -0.0225391574203968 0.9754952788352966 -0.4511314630508423 
0 0 0 1 

0.9770594835281372 -0.01197359245270491 0.2126297950744629 -0.2658863067626953 
-0.07655130326747894 0.9119417071342468 0.4031155705451965 -0.1884697079658508 
-0.1987327188253403 -0.4101449847221375 0.8901047110557556 -0.3725184202194214 
0 0 0 1 

0.9718735814094543 -0.02180686593055725 0.234491229057312 -0.2752394676208496 
-0.08897207677364349 0.8879122138023376 0.4513266980648041 -0.2077076882123947 
-0.218049630522728 -0.4594956934452057 0.8609982132911682 -0.350938469171524 
0 0 0 1 

0.9426884651184082 -0.1673806309700012 0.2886557281017303 -0.2949981391429901 
0.03462221473455429 0.9094797372817993 0.4143040180206299 -0.2051871567964554 
-0.3318730294704437 -0.3805657029151917 0.8631511330604553 -0.3325793743133545 
0 0 0 1 

0.9444764852523804 -0.1918354630470276 0.2667644023895264 -0.2836430668830872 
0.1062316372990608 0.94654780626297 0.3045685589313507 -0.1669617146253586 
-0.3109323680400848 -0.2593189775943756 0.914371132850647 -0.3699807822704315 
0 0 0 1 

0.9414873719215393 -0.1825370639562607 0.2833399176597595 -0.2910616099834442 
0.139396920800209 0.9762656688690186 0.1657519638538361 -0.1045654937624931 
-0.3068709671497345 -0.1165565922856331 0.9445869922637939 -0.3962772190570831 
0 0 0 1 

0.9446011781692505 -0.1938818097114563 0.2648363709449768 -0.2832401394844055 
0.1462389081716537 0.9709798693656921 0.1892408430576324 -0.1140968203544617 
-0.2938411235809326 -0.1400277018547058 0.9455419778823853 -0.3969087600708008 
0 0 0 1 

