0.9431803226470947 -0.1926314532756805 0.2707469463348389 -0.31259486079216 
0.1671524941921234 0.9792674779891968 0.1144343614578247 -0.09585324674844742 
-0.2871773540973663 -0.06267619132995605 0.9558246731758118 -0.4407936036586761 
0 0 0 1 

0.9346182346343994 -0.275344043970108 0.2251095324754715 -0.2810639441013336 
0.2357562929391861 0.9535492062568665 0.1875173449516296 -0.1463360786437988 
-0.266284853219986 -0.1221860721707344 0.956118643283844 -0.4372007250785828 
0 0 0 1 

0.9583413600921631 -0.2607293725013733 0.1166268438100815 -0.2211704552173615 
0.2449775189161301 0.9602617025375366 0.1337283700704575 -0.1216188371181488 
-0.146859273314476 -0.09958641231060028 0.9841315150260925 -0.4667678773403168 
0 0 0 1 

0.9166761636734009 -0.3473367094993591 0.1976407468318939 -0.2484180629253387 
0.3343706727027893 0.9374695420265198 0.09668023884296417 -0.1175307631492615 
-0.2188628017902374 -0.02253915369510651 0.9754952788352966 -0.4511314630508423 
0 0 0 1 

0.9770594835281372 -0.01197359245270491 0.2126297950744629 -0.2658864259719849 
-0.07655130326747894 0.9119417071342468 0.4031155705451965 -0.1884699910879135 
-0.1987327188253403 -0.4101449847221375 0.8901047110557556 -0.3725186288356781 
0 0 0 1 

0.9718736410140991 -0.0218068566173315 0.234491154551506 -0.2752396166324615 
-0.08897204697132111 0.8879122734069824 0.4513265490531921 -0.2077079713344574 
-0.2180495709180832 -0.4594955444335938 0.860998272895813 -0.3509385585784912 
0 0 0 1 

0.942688524723053 -0.1673805415630341 0.2886556386947632 -0.2949982583522797 
0.03462224826216698 0.9094797968864441 0.4143038988113403 -0.2051872611045837 
-0.3318729102611542 -0.3805655837059021 0.8631512522697449 -0.3325793743133545 
0 0 0 1 

0.9444764852523804 -0.1918354630470276 0.2667644023895264 -0.2836430966854095 
0.1062316372990608 0.94654780626297 0.3045685589313507 -0.1669617742300034 
-0.3109323680400848 -0.2593189775943756 0.914371132850647 -0.3699807226657867 
0 0 0 1 

0.9414873719215393 -0.1825370490550995 0.2833399176597595 -0.2910619974136353 
0.1393969357013702 0.9762657284736633 0.1657519489526749 -0.1045656129717827 
-0.3068709671497345 -0.1165565773844719 0.9445869922637939 -0.3962773382663727 
0 0 0 1 

0.9435403943061829 -0.1960654258728027 0.2670013904571533 -0.283974289894104 
0.1482411623001099 0.9707292914390564 0.1889685094356537 -0.1143256947398186 
-0.2962363064289093 -0.1387187540531158 0.9449872970581055 -0.3959763944149017 
0 0 0 1 

