588 208 584 201
554 211 551 205
593 213 592 212
596 213 595 213
548 222 541 213
596 222 594 219
599 222 598 219
554 225 579 226
559 225 582 227
573 227 567 216
596 227 596 229
542 230 562 230
545 230 571 232
568 230 555 218
596 230 596 233
599 230 599 232
599 233 599 235
602 233 602 236
607 233 607 245
602 236 602 241
604 236 604 241
537 239 562 237
551 239 570 238
590 239 595 244
593 239 597 244
542 242 577 235
588 242 573 272
590 242 576 272
604 242 604 244
545 247 567 244
548 247 570 243
545 250 567 247
551 250 570 247
613 250 606 251
545 253 567 250
599 253 550 266
610 253 599 263
542 256 564 252
571 256 581 234
613 256 602 268
571 258 580 236
596 261 545 281
537 264 577 267
534 267 595 246
596 267 600 290
627 267 614 267
596 270 599 293
630 270 626 272
542 273 541 259
610 273 619 306
627 273 633 287
633 273 629 275
633 275 632 279
635 278 634 282
621 281 626 296
537 284 599 265
641 287 639 286
573 290 571 269
599 290 590 286
647 290 646 289
537 292 570 302
545 292 574 288
641 292 641 292
644 292 644 293
647 292 647 292
528 295 529 285
548 295 579 294
644 295 645 295
647 295 647 294
579 298 592 300
582 298 595 300
579 301 592 304
582 301 595 302
638 301 638 298
644 301 645 298
647 301 648 299
554 304 574 299
556 304 576 300
559 304 579 300
579 304 591 308
582 304 594 308
619 304 607 301
635 304 635 300
638 304 638 300
647 304 647 302
559 306 578 304
573 306 588 307
579 306 591 311
582 306 594 311
585 306 597 309
647 306 647 305
562 309 578 309
579 309 590 314
585 309 596 311
610 309 606 309
644 309 643 310
647 309 647 310
568 312 581 313
610 312 606 312
613 312 608 312
619 312 612 312
621 312 615 313
638 312 637 310
644 312 643 313
562 315 575 315
565 315 575 313
568 315 581 315
582 315 593 315
585 315 596 315
588 315 600 315
590 315 603 315
593 315 606 315
624 315 637 316
