604 202 607 206
602 205 605 203
593 208 599 206
599 208 605 210
590 211 596 208
590 213 599 209
596 213 602 213
588 216 596 211
590 216 599 212
599 216 605 216
599 219 604 221
582 222 577 217
593 222 599 218
540 225 545 215
556 225 560 215
540 227 543 217
545 227 548 217
548 227 551 218
551 227 556 218
554 227 558 216
534 230 539 218
542 230 546 218
548 230 554 221
551 230 556 221
582 230 577 225
534 233 539 220
540 233 543 221
585 233 580 232
588 233 582 232
596 233 598 230
531 236 536 223
534 236 539 223
551 236 550 224
579 236 574 228
582 236 577 234
585 236 580 234
590 236 589 235
593 236 592 235
596 236 594 235
554 239 556 227
582 239 577 236
590 239 589 238
593 239 591 237
596 239 593 238
599 239 596 238
596 242 593 240
599 242 596 241
534 244 536 229
540 244 540 244
551 244 551 231
590 244 588 242
593 244 591 242
602 244 600 243
537 247 538 247
540 247 540 247
588 247 585 246
590 247 588 244
593 247 591 244
596 247 594 244
599 247 597 247
534 250 535 250
537 250 538 250
540 250 540 250
590 250 588 249
593 250 591 250
604 250 603 250
540 253 540 253
593 253 591 252
596 253 593 253
602 253 601 252
604 253 603 252
607 253 605 252
610 253 608 251
534 256 534 255
540 256 540 256
585 256 584 252
590 256 589 253
596 256 593 255
602 256 600 255
604 256 603 255
610 256 608 254
576 258 576 252
579 258 579 255
582 258 581 255
585 258 584 255
588 258 587 255
590 258 590 256
602 258 600 258
607 258 606 257
610 258 608 257
613 258 612 257
619 258 619 258
579 261 579 257
582 261 581 258
588 261 585 258
593 261 591 258
596 261 594 259
607 261 606 260
610 261 609 260
613 261 612 260
616 261 614 259
542 264 540 258
573 264 572 260
576 264 576 260
579 264 579 260
582 264 581 260
588 264 585 261
593 264 590 261
596 264 594 261
604 264 604 263
610 264 609 262
613 264 613 263
616 264 616 263
619 264 619 263
554 267 555 259
590 267 589 264
596 267 596 265
599 267 598 266
602 267 601 266
604 267 604 266
610 267 608 265
613 267 612 265
630 267 628 264
635 267 637 267
534 270 532 261
545 270 543 262
559 270 556 263
562 270 558 263
565 270 561 263
568 270 563 263
573 270 572 266
579 270 578 264
599 270 599 269
602 270 602 269
604 270 604 269
613 270 611 268
627 270 625 266
630 270 628 266
556 273 555 265
562 273 558 266
565 273 560 266
573 273 572 269
576 273 575 269
579 273 578 267
610 273 610 271
616 273 616 270
624 273 622 269
627 273 625 269
630 273 631 270
633 273 633 270
596 275 598 274
616 275 617 273
619 275 614 271
627 275 626 273
630 275 630 273
635 275 636 273
638 275 639 273
576 278 574 275
579 278 577 275
590 278 592 277
604 278 604 276
621 278 622 276
624 278 624 276
627 278 627 276
633 278 633 276
635 278 636 276
573 281 571 279
576 281 575 279
588 281 588 279
590 281 592 279
607 281 607 277
610 281 610 278
616 281 616 278
619 281 619 278
621 281 621 278
624 281 624 278
627 281 628 278
630 281 631 278
633 281 634 278
635 281 636 278
638 281 639 278
641 281 641 279
571 284 568 281
573 284 572 282
576 284 574 282
585 284 583 281
588 284 587 280
596 284 596 280
602 284 601 280
604 284 604 280
610 284 610 280
613 284 612 281
616 284 616 281
619 284 619 281
621 284 621 281
624 284 625 280
630 284 631 280
633 284 634 280
635 284 636 281
638 284 639 281
647 284 647 282
571 287 568 284
573 287 572 284
576 287 575 284
579 287 578 284
588 287 586 282
590 287 591 282
596 287 596 282
602 287 601 282
604 287 604 283
607 287 607 283
610 287 610 283
613 287 613 283
616 287 616 283
619 287 618 283
621 287 622 283
627 287 627 283
630 287 631 283
633 287 634 283
635 287 637 284
641 287 642 284
562 290 557 287
565 290 560 286
571 290 568 287
573 290 571 287
576 290 574 287
582 290 580 286
585 290 583 285
590 290 591 285
596 290 596 285
599 290 598 285
602 290 602 285
604 290 604 286
607 290 607 286
610 290 610 286
613 290 613 286
616 290 616 286
624 290 625 286
627 290 627 286
630 290 633 287
633 290 635 287
644 290 645 287
647 290 647 288
565 292 562 290
568 292 565 289
573 292 571 289
576 292 574 289
579 292 578 288
585 292 583 288
588 292 589 287
590 292 591 287
593 292 594 288
599 292 598 288
602 292 602 288
604 292 604 288
607 292 607 289
610 292 610 289
613 292 613 289
616 292 616 289
627 292 630 289
630 292 633 289
633 292 635 290
638 292 639 290
641 292 642 289
644 292 644 290
647 292 647 291
565 295 562 292
568 295 565 292
582 295 580 290
590 295 591 290
596 295 597 291
599 295 600 291
604 295 604 291
607 295 607 292
610 295 610 292
613 295 613 291
616 295 615 291
630 295 633 292
641 295 642 291
647 295 647 293
548 298 548 298
573 298 574 294
590 298 591 294
593 298 593 294
596 298 597 294
599 298 600 294
602 298 602 294
610 298 610 294
613 298 613 294
616 298 615 295
619 298 618 295
641 298 641 294
644 298 645 295
573 301 573 296
576 301 576 298
582 301 582 297
590 301 591 297
593 301 593 297
596 301 597 297
599 301 600 297
602 301 602 297
604 301 605 297
616 301 615 298
619 301 618 298
621 301 621 298
635 301 636 297
638 301 639 297
641 301 641 297
644 301 645 297
647 301 647 297
573 304 573 299
585 304 586 300
588 304 588 300
590 304 591 300
593 304 593 300
596 304 597 300
599 304 600 300
602 304 602 300
604 304 605 300
607 304 608 300
610 304 611 300
613 304 614 301
619 304 620 300
624 304 623 300
627 304 630 301
635 304 636 300
638 304 638 300
641 304 641 301
644 304 644 300
647 304 647 301
573 306 573 302
579 306 579 302
582 306 583 302
588 306 588 303
590 306 591 303
596 306 597 303
599 306 599 303
602 306 602 303
604 306 605 303
607 306 608 303
610 306 611 303
613 306 614 303
624 306 623 302
635 306 636 303
641 306 641 303
644 306 644 303
647 306 647 303
573 309 574 304
576 309 576 304
579 309 579 305
582 309 583 305
585 309 586 305
588 309 588 305
590 309 591 305
593 309 594 306
596 309 597 306
607 309 608 306
610 309 611 306
613 309 614 306
619 309 618 305
621 309 623 307
624 309 626 307
630 309 632 306
633 309 635 306
635 309 638 306
638 309 641 306
644 309 644 306
647 309 647 306
562 312 559 304
565 312 565 307
568 312 567 307
576 312 577 308
579 312 580 308
582 312 583 308
585 312 586 308
588 312 588 308
590 312 591 308
596 312 597 309
599 312 599 309
604 312 605 309
613 312 614 309
616 312 617 309
619 312 618 308
635 312 635 308
638 312 638 308
647 312 647 309
565 315 564 310
568 315 567 310
571 315 570 310
573 315 573 310
576 315 576 311
579 315 578 315
582 315 582 311
585 315 586 310
588 315 587 314
590 315 590 311
593 315 594 311
596 315 597 311
610 315 602 315
624 315 625 311
630 315 629 311
633 315 631 311
635 315 637 311
638 315 640 311
644 315 644 312
647 315 647 315
