1 0 0 -0.2022774517536163 
0 1 0 -0.02555054239928722 
0 0 1 -0.5562111139297485 
0 0 0 1 

0.9998927116394043 0.01210893411189318 -0.008244523778557777 -0.1939708143472672 
-0.0114146014675498 0.9967608451843262 0.07960876077413559 -0.06083853170275688 
0.009181792847812176 -0.07950610667467117 0.9967920780181885 -0.5340010523796082 
0 0 0 1 

0.9969217777252197 -0.0112241180613637 -0.07759488373994827 -0.1543144583702087 
0.01884366385638714 0.9949909448623657 0.09817299246788025 -0.07311267405748367 
0.0761042907834053 -0.09933297336101532 0.9921396374702454 -0.5399248600006104 
0 0 0 1 

0.9893700480461121 -0.02980587631464005 -0.1423325538635254 -0.1149957180023193 
0.0479506328701973 0.9908952116966248 0.1258070319890976 -0.09082246571779251 
0.1372868716716766 -0.1312946528196335 0.9817912578582764 -0.5352885127067566 
0 0 0 1 

0.9796881079673767 -0.06651773303747177 -0.1891731470823288 -0.08674784749746323 
0.1019265428185463 0.9776071906089783 0.1841061413288116 -0.135177806019783 
0.17269067466259 -0.1996484100818634 0.9645301103591919 -0.5294666290283203 
0 0 0 1 

