514 219 505 219
488 222 530 223
509 222 516 223
514 222 528 223
498 224 500 224
509 224 517 226
533 224 535 243
445 227 433 227
469 227 481 236
533 227 535 246
464 230 470 247
522 230 530 227
467 232 473 249
469 232 456 283
525 232 532 230
533 232 531 275
538 232 538 264
459 235 508 234
525 235 532 232
527 235 535 232
514 238 506 255
522 238 530 235
525 238 532 235
527 238 535 234
538 238 538 234
522 240 529 245
485 243 497 242
498 243 438 253
430 246 429 282
432 246 431 282
464 248 477 248
467 248 480 249
443 254 511 251
467 254 512 272
443 256 512 254
514 256 447 264
538 259 538 246
432 264 436 319
477 264 505 265
527 264 530 250
485 269 495 279
519 269 514 300
459 275 500 287
443 277 470 292
467 277 509 288
469 277 512 287
506 277 511 300
467 280 509 291
469 280 513 290
511 280 519 244
525 280 516 308
440 283 502 250
451 283 457 298
461 283 451 287
490 283 507 282
472 285 505 284
498 285 517 286
501 285 511 297
530 285 532 289
533 285 534 289
474 288 508 285
485 288 493 297
514 288 530 268
530 288 532 293
533 288 534 292
432 290 432 297
435 290 434 296
493 290 511 267
430 293 430 267
432 293 432 300
435 293 435 300
437 293 435 315
445 293 473 292
461 293 503 289
464 293 507 288
482 293 491 304
493 293 500 303
496 293 504 305
498 293 506 304
522 293 524 288
525 293 527 287
535 293 535 284
430 296 430 270
432 296 433 303
485 296 494 288
535 296 536 287
477 298 465 318
488 298 505 316
490 298 509 316
493 298 512 316
432 301 464 306
456 301 446 292
474 304 496 315
496 304 522 304
498 304 524 304
437 306 441 224
474 306 496 318
437 309 442 227
490 309 519 262
493 309 523 261
496 309 519 314
535 309 535 314
440 312 444 227
448 312 452 226
490 312 519 266
538 312 538 313
437 314 443 230
451 314 454 228
453 314 458 228
448 317 450 231
451 317 455 231
511 317 530 315
435 320 442 235
437 320 444 235
440 320 447 234
482 320 502 316
535 320 536 317
538 320 538 317
435 322 442 237
437 322 445 237
440 322 447 239
448 322 460 237
456 322 463 235
482 322 503 320
490 322 475 323
493 322 479 321
533 322 530 318
535 322 536 320
493 325 440 325
501 325 488 326
525 325 520 320
535 325 536 323
488 327 511 327
525 327 522 327
527 327 525 327
533 327 528 327
535 327 534 327
538 327 538 326
