328 149 328 150
333 149 334 150
338 149 338 150
343 149 343 149
349 149 348 149
354 149 353 149
359 149 358 149
364 149 363 149
369 149 369 150
302 154 302 154
307 154 307 155
312 154 312 155
317 154 317 155
323 154 322 155
328 154 327 155
333 154 332 155
338 154 338 155
343 154 343 155
349 154 348 155
354 154 353 154
359 154 359 155
364 154 364 155
369 154 369 155
375 154 374 155
380 154 379 155
297 160 297 160
302 160 301 160
307 160 307 160
312 160 312 160
317 160 316 160
323 160 322 160
328 160 327 160
333 160 332 160
338 160 338 160
343 160 343 160
349 160 348 160
354 160 353 160
359 160 358 160
364 160 363 160
369 160 369 160
375 160 374 160
380 160 379 160
385 160 384 160
390 160 390 160
297 165 296 165
302 165 301 165
307 165 307 165
312 165 311 165
317 165 316 165
323 165 322 165
328 165 327 165
333 165 332 165
338 165 337 166
343 165 342 166
349 165 347 166
354 165 352 165
359 165 358 165
364 165 363 165
369 165 368 165
375 165 373 165
380 165 379 165
385 165 384 165
390 165 390 165
281 170 281 171
286 170 286 171
297 170 296 171
302 170 301 170
307 170 307 170
312 170 312 170
317 170 316 170
323 170 322 171
328 170 327 170
333 170 332 170
338 170 337 171
343 170 341 171
349 170 347 171
354 170 352 170
359 170 358 170
364 170 363 170
369 170 368 170
375 170 374 170
380 170 379 170
385 170 384 170
390 170 389 170
395 170 395 170
281 175 281 176
286 175 286 176
291 175 291 176
297 175 295 176
302 175 301 176
307 175 305 175
312 175 311 175
317 175 316 176
323 175 322 176
328 175 327 176
333 175 332 176
338 175 337 176
343 175 342 176
349 175 347 176
354 175 353 176
359 175 357 175
364 175 363 175
369 175 368 175
375 175 373 176
380 175 379 175
385 175 384 175
390 175 389 175
395 175 395 176
276 180 275 181
281 180 281 181
286 180 286 181
291 180 291 181
297 180 295 181
302 180 300 181
307 180 305 181
312 180 311 181
317 180 316 181
328 180 326 180
338 180 337 181
343 180 342 181
349 180 347 181
354 180 353 180
359 180 358 180
364 180 363 180
369 180 368 181
375 180 373 181
380 180 379 181
385 180 384 181
390 180 389 181
395 180 395 181
401 180 400 181
406 180 406 181
271 186 271 186
281 186 280 186
286 186 286 186
291 186 291 186
297 186 296 186
302 186 300 186
307 186 306 186
317 186 316 186
323 186 321 186
328 186 326 186
333 186 332 186
338 186 337 186
343 186 342 186
349 186 347 186
354 186 354 186
359 186 359 185
364 186 363 186
369 186 368 186
380 186 379 186
385 186 384 186
390 186 389 186
395 186 395 186
401 186 400 186
406 186 405 186
411 186 411 186
271 191 271 192
276 191 275 191
281 191 280 192
286 191 285 192
291 191 291 192
297 191 295 192
302 191 302 191
307 191 306 192
317 191 317 191
323 191 321 191
328 191 327 191
333 191 331 192
338 191 337 192
343 191 342 191
349 191 347 191
354 191 353 191
359 191 358 192
364 191 363 191
369 191 368 191
375 191 373 191
380 191 379 191
385 191 383 192
390 191 389 192
395 191 395 191
401 191 400 191
406 191 405 191
411 191 411 191
265 196 266 196
271 196 270 196
276 196 275 196
281 196 280 196
286 196 285 197
291 196 291 197
302 196 302 196
307 196 306 196
312 196 311 196
323 196 322 197
328 196 327 197
333 196 332 197
338 196 336 197
343 196 342 196
349 196 347 196
354 196 352 196
359 196 358 197
364 196 363 197
369 196 369 197
375 196 374 197
380 196 379 197
385 196 384 197
390 196 389 197
395 196 394 197
401 196 400 196
406 196 405 196
411 196 411 196
416 196 416 196
276 201 276 202
281 201 281 202
286 201 285 202
291 201 290 203
297 201 295 202
302 201 301 202
307 201 307 202
317 201 317 201
323 201 321 202
328 201 327 203
333 201 332 202
338 201 337 201
343 201 342 201
349 201 347 201
354 201 353 202
359 201 358 202
364 201 363 202
369 201 368 202
375 201 373 202
380 201 379 202
385 201 384 202
390 201 389 202
395 201 394 202
401 201 400 202
406 201 406 201
411 201 411 201
265 206 265 207
271 206 271 207
276 206 276 207
281 206 281 207
286 206 285 208
291 206 290 208
297 206 295 207
302 206 301 207
307 206 306 206
312 206 312 206
323 206 321 208
328 206 326 207
333 206 332 207
338 206 337 207
343 206 342 207
349 206 347 206
354 206 352 207
359 206 358 207
369 206 368 207
375 206 373 207
380 206 379 206
385 206 385 206
390 206 389 207
395 206 394 207
401 206 400 207
406 206 405 207
411 206 410 206
416 206 416 206
260 212 260 211
265 212 265 212
271 212 270 212
276 212 276 212
281 212 281 212
286 212 287 212
291 212 292 212
297 212 296 212
302 212 301 212
307 212 307 212
312 212 312 211
317 212 317 211
328 212 326 212
333 212 332 212
338 212 337 212
343 212 342 212
349 212 347 212
354 212 352 213
359 212 358 213
364 212 364 211
369 212 368 212
375 212 374 211
380 212 379 212
385 212 384 211
390 212 389 212
395 212 394 212
401 212 400 212
406 212 405 212
411 212 410 212
416 212 416 211
265 217 265 216
271 217 271 217
276 217 276 217
281 217 281 217
286 217 286 217
291 217 291 217
297 217 295 218
302 217 300 217
307 217 307 216
312 217 312 217
323 217 322 217
328 217 326 217
333 217 332 216
338 217 337 217
343 217 342 218
349 217 347 218
354 217 353 218
359 217 358 218
364 217 364 217
375 217 374 217
380 217 379 217
385 217 384 217
390 217 390 217
395 217 395 217
401 217 401 217
406 217 405 217
411 217 410 217
416 217 416 217
271 222 271 223
276 222 276 222
281 222 281 222
286 222 286 222
291 222 291 222
297 222 295 222
302 222 301 222
307 222 307 222
312 222 313 222
317 222 317 223
323 222 322 223
333 222 331 222
338 222 337 223
343 222 343 223
349 222 348 223
354 222 353 223
359 222 358 223
364 222 364 223
369 222 369 223
375 222 373 223
380 222 379 223
385 222 385 223
390 222 390 223
401 222 401 222
406 222 406 222
281 227 281 229
286 227 286 227
291 227 291 228
297 227 296 227
302 227 301 228
307 227 306 228
312 227 312 227
317 227 318 228
323 227 322 228
333 227 332 228
338 227 338 228
343 227 343 227
349 227 347 227
354 227 353 228
359 227 358 227
364 227 363 228
369 227 368 227
375 227 374 228
380 227 379 228
385 227 384 228
390 227 389 227
401 227 401 228
406 227 407 228
411 227 412 228
416 227 416 227
281 232 281 234
286 232 286 233
291 232 291 234
297 232 296 232
302 232 301 233
307 232 306 233
312 232 311 233
317 232 317 233
328 232 327 233
333 232 332 233
338 232 338 233
343 232 342 233
349 232 348 232
354 232 352 233
359 232 358 232
364 232 363 233
369 232 368 233
375 232 374 233
380 232 379 233
385 232 384 233
390 232 389 233
395 232 395 232
401 232 400 233
406 232 406 233
411 232 411 233
416 232 417 232
281 238 281 238
286 238 286 238
291 238 290 238
297 238 297 237
302 238 301 238
307 238 305 239
312 238 311 239
317 238 317 239
323 238 322 238
328 238 327 238
333 238 332 238
338 238 337 238
343 238 342 238
349 238 348 237
354 238 353 237
359 238 358 238
364 238 363 237
369 238 369 238
375 238 374 238
380 238 379 238
385 238 384 238
390 238 390 238
395 238 394 238
401 238 400 238
406 238 406 238
411 238 411 238
416 238 416 238
281 243 281 242
286 243 286 243
291 243 291 243
297 243 296 243
302 243 302 243
307 243 306 244
312 243 311 244
317 243 317 244
323 243 322 243
333 243 333 243
338 243 337 243
343 243 342 243
349 243 348 243
354 243 353 243
359 243 358 243
364 243 364 243
369 243 369 243
375 243 374 243
380 243 379 243
385 243 384 244
390 243 389 244
395 243 395 244
401 243 400 243
406 243 406 243
411 243 411 243
281 248 281 249
286 248 286 248
291 248 291 248
297 248 296 248
302 248 301 248
307 248 306 248
312 248 311 248
317 248 317 248
323 248 322 248
328 248 327 248
333 248 332 248
338 248 337 248
343 248 342 248
349 248 347 249
354 248 352 248
359 248 358 249
364 248 363 248
369 248 368 248
375 248 373 248
380 248 379 248
385 248 384 248
390 248 389 249
395 248 395 249
401 248 401 249
406 248 406 248
411 248 411 248
286 253 286 253
291 253 291 254
297 253 296 254
302 253 301 254
307 253 306 253
312 253 311 253
317 253 317 254
323 253 322 253
328 253 327 254
333 253 332 253
338 253 337 253
343 253 342 253
349 253 347 253
354 253 353 253
359 253 358 254
369 253 368 254
375 253 374 254
380 253 379 254
385 253 384 254
390 253 390 254
401 253 401 254
406 253 406 253
286 258 286 259
291 258 291 259
297 258 296 259
302 258 301 259
307 258 306 259
312 258 311 259
317 258 316 259
323 258 322 259
328 258 327 259
333 258 332 259
338 258 338 258
343 258 343 258
349 258 348 258
354 258 353 258
359 258 358 258
364 258 364 259
375 258 374 259
380 258 379 259
385 258 384 259
406 258 406 259
286 264 286 264
291 264 290 265
297 264 296 264
302 264 301 264
307 264 306 264
312 264 311 264
317 264 317 264
323 264 322 264
328 264 327 264
333 264 332 264
338 264 338 263
343 264 343 263
349 264 348 264
354 264 353 263
359 264 358 264
364 264 363 264
369 264 369 264
375 264 374 264
380 264 379 264
385 264 384 263
406 264 406 265
411 264 411 264
286 269 286 269
291 269 291 270
297 269 296 270
302 269 301 269
307 269 306 269
312 269 311 269
317 269 316 269
323 269 322 269
328 269 328 269
333 269 332 269
338 269 337 270
343 269 343 269
354 269 353 268
359 269 358 269
364 269 363 269
369 269 369 269
375 269 374 270
380 269 379 269
416 269 415 269
281 274 281 274
286 274 285 274
291 274 291 274
297 274 295 274
302 274 301 274
307 274 306 275
312 274 311 275
317 274 317 274
323 274 322 274
328 274 328 274
333 274 332 274
338 274 337 275
343 274 343 275
349 274 349 275
354 274 353 274
359 274 358 274
364 274 364 274
380 274 379 274
411 274 410 274
416 274 415 274
281 279 281 279
286 279 285 279
291 279 291 279
297 279 296 279
302 279 301 280
307 279 306 279
312 279 311 280
317 279 317 280
328 279 327 279
333 279 331 279
338 279 337 279
343 279 343 280
349 279 348 279
354 279 353 279
359 279 358 279
364 279 363 279
369 279 368 280
406 279 404 278
291 284 291 284
297 284 295 285
302 284 300 285
307 284 307 285
312 284 311 285
323 284 321 285
333 284 331 285
338 284 337 284
343 284 342 285
349 284 348 285
354 284 353 285
359 284 358 285
364 284 363 285
369 284 369 284
375 284 374 284
380 284 379 285
385 284 385 284
390 284 390 284
395 284 395 285
401 284 401 283
406 284 406 284
411 284 411 283
416 284 416 284
291 290 291 289
297 290 296 290
302 290 301 290
307 290 306 290
312 290 312 290
323 290 321 289
328 290 327 290
338 290 337 289
343 290 342 289
349 290 348 290
354 290 353 290
359 290 359 290
364 290 363 290
369 290 369 291
375 290 374 289
380 290 380 290
385 290 385 290
390 290 390 290
395 290 395 290
401 290 400 290
406 290 406 289
411 290 410 290
416 290 416 289
286 295 287 295
291 295 292 295
297 295 296 295
302 295 301 295
307 295 306 295
312 295 311 295
317 295 317 295
323 295 321 295
328 295 327 295
333 295 331 295
338 295 337 295
343 295 342 295
349 295 348 294
354 295 354 295
359 295 359 296
364 295 364 296
369 295 369 296
375 295 374 295
385 295 385 295
390 295 390 295
395 295 395 295
401 295 401 295
406 295 406 295
411 295 410 295
416 295 415 295
297 300 296 300
302 300 301 300
307 300 307 300
312 300 312 300
317 300 317 301
323 300 322 301
333 300 332 300
343 300 343 301
349 300 348 300
354 300 354 300
359 300 360 301
364 300 365 301
375 300 375 299
380 300 380 300
385 300 385 300
395 300 395 300
401 300 401 300
406 300 406 300
411 300 411 300
416 300 416 300
307 305 307 306
312 305 311 305
317 305 317 306
323 305 322 306
328 305 328 305
333 305 332 306
338 305 337 306
343 305 344 304
349 305 349 304
359 305 360 306
364 305 365 306
369 305 370 307
375 305 375 305
380 305 380 305
385 305 385 305
390 305 390 306
395 305 396 306
401 305 401 305
406 305 406 305
411 305 411 305
416 305 416 305
302 310 301 312
307 310 307 311
312 310 312 311
317 310 316 311
323 310 322 310
328 310 327 311
333 310 332 311
338 310 337 311
343 310 343 310
359 310 361 311
364 310 364 311
369 310 369 310
375 310 375 310
380 310 380 310
385 310 385 310
390 310 390 311
395 310 395 311
401 310 401 310
406 310 406 311
411 310 411 310
416 310 416 311
421 310 421 310
437 310 438 311
302 316 303 315
307 316 308 316
312 316 312 316
317 316 317 316
323 316 322 316
333 316 333 316
338 316 338 316
349 316 348 315
354 316 354 315
359 316 360 315
364 316 364 315
369 316 369 316
375 316 374 315
380 316 379 316
385 316 385 315
390 316 390 315
395 316 395 316
401 316 401 316
406 316 406 316
411 316 411 316
416 316 416 316
421 316 421 316
427 316 427 316
437 316 438 316
442 316 443 316
307 321 307 320
323 321 323 321
328 321 328 321
333 321 333 320
338 321 338 320
343 321 343 320
349 321 348 320
354 321 354 320
359 321 359 321
364 321 364 321
369 321 369 321
375 321 374 321
380 321 379 322
385 321 384 321
390 321 390 321
395 321 396 321
401 321 401 321
406 321 406 321
411 321 411 321
416 321 416 321
437 321 438 321
442 321 443 321
307 326 306 324
312 326 313 325
317 326 318 326
323 326 324 325
328 326 328 326
338 326 338 325
349 326 348 326
354 326 354 326
359 326 358 327
364 326 364 326
369 326 369 326
375 326 375 327
380 326 379 327
385 326 385 326
390 326 390 326
395 326 395 326
401 326 400 326
406 326 406 326
411 326 411 326
416 326 416 326
421 326 421 326
432 326 432 326
442 326 442 326
307 331 308 331
312 331 312 331
317 331 318 331
328 331 328 331
333 331 333 331
338 331 338 332
343 331 343 331
349 331 348 331
354 331 354 331
359 331 359 332
369 331 369 332
375 331 375 332
380 331 380 332
385 331 385 331
390 331 390 331
395 331 395 332
401 331 400 332
406 331 406 331
411 331 411 331
416 331 416 332
421 331 421 331
427 331 426 331
432 331 432 332
437 331 437 333
302 336 303 336
307 336 307 337
312 336 312 337
317 336 317 337
323 336 322 336
328 336 328 337
333 336 333 336
338 336 338 337
359 336 359 337
364 336 364 337
369 336 370 337
375 336 375 337
380 336 380 337
385 336 385 337
390 336 390 337
395 336 395 337
401 336 400 337
406 336 406 337
411 336 411 336
416 336 416 336
421 336 421 337
427 336 426 337
432 336 431 337
437 336 437 337
442 336 442 337
