576 199 576 209
585 202 586 212
559 205 570 212
562 205 566 217
565 205 572 215
568 205 579 214
571 205 583 214
573 205 586 215
559 208 569 215
562 208 569 218
565 208 575 216
568 208 578 217
588 208 591 220
562 211 567 222
565 211 571 221
568 211 575 221
599 211 603 221
562 213 567 225
565 213 571 225
599 213 604 225
554 216 556 232
556 216 559 232
559 216 561 233
568 216 569 232
599 216 603 228
613 216 616 228
556 219 558 235
576 219 584 238
556 222 558 239
562 222 562 238
616 222 618 231
619 222 620 232
554 225 556 238
556 225 558 242
562 225 564 244
565 225 569 247
571 225 567 241
573 225 570 242
599 225 599 243
616 225 617 235
619 225 620 235
554 227 555 242
559 227 560 245
565 227 566 247
571 227 570 245
576 227 576 246
582 227 595 252
599 227 598 246
607 227 606 245
554 230 554 246
556 230 557 247
565 230 566 251
610 230 609 249
613 230 614 252
616 230 617 253
619 230 620 252
562 233 559 249
607 233 604 254
610 233 606 256
613 233 614 255
616 233 616 256
619 233 620 255
562 236 560 252
602 236 598 257
607 236 603 258
613 236 612 259
568 239 568 256
607 239 602 262
613 239 609 263
616 239 612 263
582 242 579 263
590 242 589 265
579 244 576 265
582 244 580 266
599 244 595 267
604 244 601 267
576 247 572 267
599 247 594 269
573 250 568 270
576 250 571 270
585 253 593 278
588 253 596 278
590 253 599 278
616 253 622 261
619 253 625 261
540 256 539 253
621 256 627 263
534 258 535 257
540 258 542 256
568 258 565 273
619 258 624 266
621 258 627 266
624 258 630 266
534 261 538 258
537 261 541 258
616 261 621 268
621 261 627 268
624 261 630 269
545 264 550 257
588 264 580 276
616 264 620 271
621 264 626 271
624 264 629 271
627 264 633 271
542 267 547 260
545 267 549 261
556 267 561 268
579 267 573 278
588 267 579 282
616 267 620 274
619 267 623 274
621 267 626 274
624 267 629 274
627 267 633 275
540 270 543 263
542 270 546 263
545 270 549 264
582 270 572 285
585 270 575 285
588 270 578 285
590 270 581 285
593 270 585 287
596 270 591 288
610 270 612 276
616 270 619 277
621 270 625 278
624 270 628 277
627 270 632 278
630 270 635 278
528 273 530 266
531 273 534 264
540 273 543 266
542 273 546 266
545 273 549 268
548 273 552 268
573 273 565 283
585 273 574 288
588 273 578 288
590 273 581 288
596 273 591 291
621 273 625 282
624 273 627 281
627 273 630 282
528 275 530 269
540 275 542 269
545 275 549 271
548 275 552 271
571 275 562 285
573 275 565 287
576 275 567 287
585 275 574 291
588 275 577 292
604 275 611 285
635 275 635 273
528 278 529 273
545 278 548 274
548 278 551 274
551 278 554 275
571 278 561 288
573 278 564 289
576 278 567 290
604 278 604 287
610 278 620 290
624 278 626 288
638 278 638 277
528 281 529 275
531 281 535 274
537 281 541 275
565 281 554 291
568 281 557 290
571 281 561 291
616 281 618 283
627 281 630 288
633 281 636 289
635 281 635 279
638 281 637 279
528 284 528 278
562 284 548 293
573 284 564 293
576 284 568 293
619 284 617 286
621 284 621 286
627 284 628 292
630 284 633 292
635 284 634 283
638 284 637 283
641 284 641 283
562 287 550 293
573 287 560 295
610 287 611 289
630 287 632 296
633 287 635 296
641 287 641 286
534 290 534 284
537 290 537 283
562 290 550 296
565 290 553 296
602 290 603 293
613 290 616 292
641 290 641 290
644 290 644 289
647 290 647 289
534 292 533 287
537 292 539 284
596 292 593 301
602 292 605 296
613 292 615 296
619 292 619 294
647 292 647 292
534 295 536 287
537 295 539 287
579 295 582 302
593 295 598 300
610 295 611 298
619 295 618 296
621 295 622 297
647 295 646 295
528 298 529 296
531 298 534 296
559 298 550 303
571 298 559 301
573 298 563 301
610 298 610 301
616 298 615 299
619 298 619 300
621 298 622 300
633 298 633 303
638 298 638 303
641 298 641 303
534 301 539 300
568 301 555 304
571 301 559 304
573 301 565 305
585 301 581 308
588 301 587 307
616 301 615 302
619 301 618 303
621 301 621 303
624 301 624 303
627 301 626 304
630 301 630 305
633 301 633 305
635 301 636 305
638 301 639 305
568 304 554 307
579 304 571 308
582 304 577 308
588 304 586 310
590 304 590 310
604 304 601 303
607 304 605 304
610 304 608 304
616 304 614 305
627 304 626 306
633 304 632 308
647 304 646 303
551 306 546 302
573 306 563 309
576 306 567 310
579 306 571 310
582 306 575 311
585 306 579 312
596 306 594 307
602 306 600 307
604 306 603 307
610 306 607 307
613 306 612 308
647 306 646 307
540 309 542 308
554 309 545 305
568 309 557 311
571 309 560 312
576 309 566 314
579 309 570 313
582 309 574 314
596 309 593 311
599 309 597 311
602 309 599 310
604 309 602 310
610 309 606 310
616 309 613 311
627 309 626 312
633 309 631 313
540 312 541 311
554 312 545 308
556 312 547 309
559 312 551 313
571 312 560 315
573 312 563 316
596 312 592 314
607 312 603 312
610 312 606 312
613 312 608 313
616 312 612 313
633 312 631 315
635 312 634 316
556 315 547 312
562 315 553 316
621 315 615 316
647 315 647 315
