491 252 488 254
494 252 491 254
491 255 488 257
494 255 491 258
497 255 493 258
497 258 496 261
486 269 484 261
477 272 468 267
477 275 475 267
486 275 480 267
502 275 497 280
502 278 496 284
483 280 488 267
466 286 456 274
463 289 452 277
466 289 455 277
469 292 461 287
471 292 467 291
477 292 471 282
460 295 454 281
469 295 460 290
471 295 467 295
457 297 412 313
486 303 493 281
457 312 443 317
460 314 456 310
460 317 456 313
460 320 456 316
463 320 459 316
454 323 435 346
460 323 455 318
480 326 451 293
460 328 481 314
494 348 481 329
483 354 475 366
486 354 478 366
488 354 466 349
491 354 468 350
491 357 469 353
