1 0 0 -0.04922165349125862 
0 1 0 -0.0675094872713089 
0 0 1 -0.5077975988388062 
0 0 0 1 

0.9961232542991638 -0.06128311902284622 -0.0631086528301239 -0.0534229651093483 
0.06440114229917526 0.9967390894889832 0.04861709848046303 -0.09656805545091629 
0.05992341414093971 -0.05249294266104698 0.9968217611312866 -0.5103675127029419 
0 0 0 1 

0.9963057637214661 -0.05837546288967133 -0.06298387795686722 -0.05408689379692078 
0.06130273640155792 0.997077465057373 0.04558854550123215 -0.0961003303527832 
0.06013849377632141 -0.04928129911422729 0.9969726800918579 -0.5117773413658142 
0 0 0 1 

0.9963338971138 -0.06033346429467201 -0.06065259873867035 -0.04344993457198143 
0.06445389240980148 0.9955706596374512 0.06844579428434372 -0.1089800745248795 
0.05625442788004875 -0.07210411876440048 0.9958094954490662 -0.5070791244506836 
0 0 0 1 

0.9984169006347656 0.001412471174262464 -0.05622804537415504 -0.05129142478108406 
0.0002013877674471587 0.9995884299278259 0.0286855585873127 -0.09022190421819687 
0.05624542012810707 -0.02865147218108177 0.998005747795105 -0.5140447020530701 
0 0 0 1 

0.9810934066772461 -0.1702471375465393 -0.09204155951738358 -0.02956639416515827 
0.1760702431201935 0.9825897216796875 0.05930205807089806 -0.1167719066143036 
0.08034307509660721 -0.07438664883375168 0.9939877390861511 -0.5180196166038513 
0 0 0 1 

0.9764389395713806 -0.1952632367610931 -0.09186489135026932 -0.02706393040716648 
0.2029959857463837 0.9755657315254211 0.08404798060655594 -0.1307419687509537 
0.07320874184370041 -0.1007159426808357 0.9922180771827698 -0.5145015716552734 
0 0 0 1 

0.9478704929351807 -0.3077861070632935 -0.08251742273569107 -0.02040842175483704 
0.3132961392402649 0.9474336504936218 0.06492277979850769 -0.1234945431351662 
0.05819743871688843 -0.08739079535007477 0.9944726824760437 -0.519234299659729 
0 0 0 1 

0.9474838972091675 -0.3090621531009674 -0.08218716084957123 -0.01859750226140022 
0.3151303827762604 0.9460535049438477 0.07533539831638336 -0.1303301751613617 
0.05447009205818176 -0.09727877378463745 0.9937654733657837 -0.5190836191177368 
0 0 0 1 

0.9716004133224487 -0.2362110763788223 -0.01404331531375647 -0.1019959598779678 
0.2359868884086609 0.9716256856918335 -0.01593491435050964 -0.09774826467037201 
0.01740885339677334 0.01216832641512156 0.999774694442749 -0.5683858394622803 
0 0 0 1 

