286 165 307 159
323 165 355 163
333 165 362 164
312 170 347 167
323 170 356 167
328 170 362 168
333 170 368 170
349 170 379 175
291 175 325 168
328 175 363 174
333 175 367 175
338 175 373 176
286 180 320 174
291 180 325 174
297 180 330 175
302 180 336 176
317 180 353 176
333 180 367 181
338 180 372 182
286 186 320 178
291 186 327 180
297 186 333 180
317 186 352 180
323 186 356 184
333 186 367 186
338 186 372 187
333 191 366 190
286 196 319 191
317 196 350 196
328 196 360 197
317 201 350 200
354 201 383 203
307 206 333 205
317 206 350 205
323 206 355 207
328 206 360 207
369 206 393 210
297 212 323 206
323 212 354 211
343 212 371 213
359 212 382 213
364 212 386 213
307 217 337 212
317 217 350 213
328 217 356 217
333 217 360 217
338 217 365 218
343 217 370 218
349 217 374 218
281 222 301 215
291 222 316 217
307 222 337 217
328 222 355 222
333 222 360 222
338 222 364 223
343 222 370 224
354 222 376 224
359 222 382 224
364 222 386 224
385 222 398 225
286 227 311 222
291 227 316 222
302 227 331 223
312 227 338 223
317 227 344 224
323 227 350 224
328 227 355 227
333 227 360 227
338 227 364 228
343 227 368 229
354 227 376 229
359 227 381 229
364 227 385 229
375 227 393 229
385 227 397 230
286 232 311 228
291 232 317 228
302 232 327 228
307 232 333 228
312 232 338 228
317 232 344 229
323 232 349 232
328 232 354 232
333 232 359 232
343 232 369 234
359 232 381 234
364 232 385 234
369 232 389 234
286 238 311 233
291 238 317 233
297 238 322 233
302 238 327 233
323 238 349 238
328 238 354 238
333 238 359 237
349 238 371 238
359 238 379 238
364 238 384 239
286 243 310 238
291 243 315 238
297 243 321 238
302 243 327 239
307 243 333 240
317 243 344 240
338 243 363 243
343 243 367 243
359 243 379 244
364 243 384 244
286 248 309 243
291 248 315 244
297 248 322 244
302 248 328 244
307 248 333 244
317 248 344 245
323 248 349 246
291 253 309 249
297 253 321 250
307 253 333 249
312 253 338 249
317 253 342 250
328 253 354 251
333 253 359 253
338 253 362 256
291 258 310 254
302 258 326 256
328 258 354 257
338 258 362 262
349 258 370 258
354 258 374 258
291 264 310 260
297 264 319 260
307 264 335 261
323 264 348 261
328 264 354 262
333 264 358 262
343 264 364 265
349 264 369 265
286 269 304 265
291 269 310 265
297 269 319 266
302 269 330 266
312 269 340 266
323 269 348 266
328 269 353 267
333 269 358 270
343 269 363 270
354 269 373 268
291 274 310 271
297 274 318 272
302 274 325 271
307 274 334 271
317 274 342 272
323 274 347 272
333 274 357 277
291 279 310 276
297 279 318 277
302 279 324 278
312 279 336 278
328 279 352 278
349 279 367 282
297 284 317 283
302 284 324 282
307 284 329 283
312 284 335 282
317 284 341 282
328 284 352 283
333 284 356 283
343 284 363 283
291 290 309 288
297 290 314 288
302 290 323 288
307 290 328 288
312 290 334 288
317 290 340 288
323 290 345 288
328 290 351 289
338 290 358 288
343 290 363 288
297 295 313 295
333 300 349 303
359 305 366 305
380 305 384 306
328 310 335 312
359 310 366 310
359 316 367 315
375 316 380 316
354 321 362 319
359 321 366 320
364 321 371 322
375 321 380 322
359 326 366 327
364 326 371 327
375 326 380 327
369 331 376 332
364 336 372 337
369 336 376 338
