25 25 32 15
129 77 61 33
146 77 81 30
163 77 104 26
181 77 122 22
111 94 46 55
129 94 72 51
146 94 91 49
163 94 109 45
181 94 126 42
441 94 413 5
94 111 39 74
111 111 60 73
129 111 80 71
146 111 100 68
163 111 117 66
181 111 133 63
198 111 152 60
215 111 172 58
424 111 396 24
441 111 414 22
493 111 467 9
510 111 498 7
545 111 532 6
562 111 551 4
77 129 47 96
94 129 64 95
111 129 83 91
146 129 116 86
181 129 138 83
198 129 157 80
215 129 175 79
233 129 197 75
250 129 216 72
424 129 400 44
441 129 417 41
458 129 437 34
476 129 456 27
493 129 475 23
510 129 492 24
545 129 535 25
580 129 573 21
597 129 597 16
614 129 620 12
632 129 635 10
458 146 438 52
476 146 457 47
493 146 477 44
545 146 538 46
562 146 557 43
580 146 577 40
597 146 595 38
614 146 617 33
632 146 639 26
649 146 659 28
389 163 366 86
406 163 384 83
424 163 404 80
441 163 423 77
458 163 441 73
476 163 460 67
493 163 481 65
528 163 523 70
545 163 542 66
580 163 568 57
597 163 598 57
614 163 617 51
632 163 640 45
649 163 657 49
354 181 329 111
371 181 347 108
389 181 367 105
406 181 386 101
424 181 406 99
476 181 464 90
528 181 528 88
545 181 544 87
580 181 572 79
597 181 594 76
614 181 619 72
632 181 641 67
649 181 657 68
319 198 296 134
337 198 311 132
354 198 330 129
371 198 349 126
389 198 369 124
406 198 388 121
424 198 408 119
441 198 428 115
458 198 447 112
493 198 485 107
528 198 527 104
580 198 578 99
597 198 594 96
614 198 623 93
632 198 641 89
285 215 268 153
302 215 276 157
319 215 294 155
337 215 314 151
354 215 333 149
371 215 354 147
389 215 372 144
406 215 391 142
424 215 410 138
441 215 430 135
458 215 450 133
476 215 469 130
493 215 489 127
510 215 507 123
528 215 529 122
580 215 581 119
597 215 599 117
614 215 625 109
632 215 643 105
285 233 265 179
302 233 281 177
319 233 298 175
337 233 317 172
354 233 336 169
371 233 355 166
389 233 374 163
406 233 393 160
424 233 413 157
441 233 432 154
458 233 451 152
476 233 471 149
493 233 491 147
510 233 509 143
528 233 530 141
545 233 548 138
580 233 583 136
597 233 602 135
614 233 619 130
632 233 640 134
267 250 249 203
285 250 269 199
302 250 285 196
319 250 303 194
337 250 320 189
354 250 338 188
371 250 358 185
389 250 377 182
406 250 395 180
424 250 416 178
441 250 433 174
458 250 454 170
476 250 473 169
493 250 492 166
510 250 512 163
528 250 531 161
562 250 568 158
580 250 585 155
597 250 606 152
614 250 623 150
233 267 218 224
250 267 235 223
267 267 252 222
319 267 306 212
337 267 324 209
354 267 342 206
371 267 360 204
389 267 379 201
406 267 398 198
424 267 417 196
441 267 436 193
458 267 456 190
476 267 476 187
493 267 495 185
510 267 515 182
528 267 534 179
562 267 569 176
580 267 586 174
597 267 608 172
614 267 625 172
215 285 205 247
233 285 219 244
250 285 239 242
267 285 258 239
319 285 310 230
337 285 327 228
354 285 345 226
371 285 365 224
389 285 384 221
406 285 401 217
424 285 420 215
441 285 440 213
458 285 459 209
476 285 477 207
493 285 498 204
510 285 517 201
528 285 535 199
562 285 571 195
580 285 591 192
597 285 610 189
215 302 204 264
233 302 234 259
285 302 283 252
302 302 293 251
319 302 314 249
337 302 331 247
354 302 348 244
371 302 367 242
389 302 388 240
406 302 405 237
424 302 423 234
441 302 443 231
458 302 462 229
476 302 481 226
493 302 500 223
510 302 519 220
528 302 537 217
545 302 556 215
562 302 574 212
597 302 610 208
285 319 286 271
319 319 316 269
337 319 333 265
354 319 352 262
371 319 370 259
389 319 390 257
406 319 406 254
424 319 425 251
441 319 445 251
458 319 465 247
476 319 483 244
493 319 501 242
510 319 520 239
528 319 540 237
545 319 558 234
562 319 576 230
580 319 595 229
250 337 259 291
267 337 274 290
302 337 306 288
319 337 322 285
337 337 337 281
354 337 356 280
371 337 374 278
389 337 394 276
406 337 412 272
424 337 427 269
441 337 446 268
458 337 468 267
476 337 486 263
493 337 503 261
510 337 523 257
528 337 542 254
545 337 561 252
562 337 577 249
580 337 597 247
250 354 262 308
267 354 278 309
285 354 299 304
302 354 312 302
337 354 341 301
371 354 379 295
406 354 415 290
424 354 432 287
441 354 450 285
458 354 470 284
476 354 488 280
493 354 505 278
528 354 544 272
545 354 560 270
562 354 579 267
233 371 250 325
250 371 261 329
267 371 281 325
285 371 299 318
302 371 317 316
337 371 348 316
354 371 365 315
371 371 383 313
389 371 401 310
406 371 418 307
424 371 436 305
441 371 454 304
458 371 472 301
476 371 490 298
493 371 507 297
510 371 525 293
528 371 546 290
545 371 564 287
562 371 582 284
580 371 601 282
597 371 618 279
215 389 234 345
233 389 249 347
267 389 276 340
285 389 294 337
302 389 312 333
319 389 331 336
337 389 352 333
354 389 368 331
371 389 386 329
389 389 403 327
406 389 421 325
424 389 439 322
458 389 475 317
476 389 491 316
493 389 509 316
510 389 529 313
528 389 548 307
545 389 566 303
562 389 583 301
580 389 602 299
597 389 620 297
614 389 637 294
198 406 220 364
215 406 235 372
233 406 251 369
250 406 268 364
267 406 285 359
302 406 312 351
319 406 333 352
337 406 353 351
354 406 372 347
371 406 388 345
389 406 406 345
406 406 424 342
424 406 442 340
441 406 459 338
458 406 476 335
476 406 494 335
493 406 512 332
510 406 531 329
545 406 565 321
580 406 604 317
597 406 622 315
614 406 639 313
198 424 221 383
215 424 238 391
233 424 258 386
250 424 272 384
354 424 371 365
371 424 391 362
389 424 410 360
406 424 427 358
424 424 445 356
441 424 462 354
458 424 478 351
476 424 496 351
493 424 515 349
510 424 535 344
528 424 551 340
562 424 588 335
580 424 606 336
597 424 624 333
614 424 641 330
198 441 222 401
215 441 241 403
233 441 260 402
319 441 353 387
337 441 369 386
371 441 390 379
389 441 409 375
406 441 428 373
424 441 445 371
441 441 465 368
458 441 481 367
476 441 501 365
493 441 521 365
510 441 535 362
528 441 551 359
545 441 570 354
562 441 589 354
580 441 607 354
597 441 625 352
614 441 642 346
198 458 226 420
215 458 245 421
319 458 356 404
337 458 371 405
371 458 389 398
389 458 409 394
406 458 428 391
424 458 449 388
441 458 465 384
458 458 484 382
476 458 500 382
493 458 520 378
510 458 538 378
528 458 553 376
545 458 571 371
562 458 590 372
580 458 609 371
597 458 626 369
614 458 643 365
198 476 273 471
285 476 497 476
319 476 515 477
389 476 417 415
406 476 435 412
424 476 451 409
441 476 467 406
476 476 504 404
493 476 523 399
510 476 541 396
528 476 557 393
545 476 573 391
562 476 592 391
597 476 628 388
614 476 646 385
