0.9348060488700867 -0.273740291595459 0.2262825518846512 -0.2818729281425476 
0.2344976663589478 0.954231321811676 0.185616061091423 -0.1452833712100983 
-0.2667365372180939 -0.1204522326588631 0.9562127590179443 -0.4370624721050262 
0 0 0 1 

0.9398596286773682 -0.3330614566802979 0.07572239637374878 -0.2022186815738678 
0.308958113193512 0.9235175848007202 0.2272884398698807 -0.1800013780593872 
-0.1456320434808731 -0.1902241259813309 0.9708790183067322 -0.4597121179103851 
0 0 0 1 

0.9756649136543274 -0.1123789772391319 0.1882786601781845 -0.2520143687725067 
0.02847521565854549 0.9163419008255005 0.3993826508522034 -0.2022470682859421 
-0.2174098789691925 -0.3843023777008057 0.8972427248954773 -0.3737413287162781 
0 0 0 1 

0.9697830080986023 -0.1243755221366882 0.209884837269783 -0.261115163564682 
0.01763651892542839 0.8937817811965942 0.4481551051139832 -0.2221896648406982 
-0.243330791592598 -0.4309115409851074 0.8689679503440857 -0.3516028523445129 
0 0 0 1 

0.9683558344841003 -0.1263495087623596 0.2152270674705505 -0.2638192176818848 
-0.01471119653433561 0.8319829702377319 0.5546059608459473 -0.2629297375679016 
-0.2491394579410553 -0.54022216796875 0.8037968277931213 -0.308483898639679 
0 0 0 1 

0.9685741662979126 -0.1668532937765121 0.1844561398029327 -0.2463196665048599 
0.01100762188434601 0.7696360945701599 0.6383877396583557 -0.3053485155105591 
-0.2484812438488007 -0.6162953972816467 0.7472862601280212 -0.2736886143684387 
0 0 0 1 

0.938757598400116 -0.2860879302024841 0.1920618861913681 -0.2403087168931961 
0.08294112980365753 0.7286014556884766 0.6798974275588989 -0.335319459438324 
-0.3344470858573914 -0.6223289966583252 0.7077086567878723 -0.2351106852293015 
0 0 0 1 

0.9239963889122009 -0.2898238301277161 0.2494648844003677 -0.2675192654132843 
0.06243113800883293 0.7579437494277954 0.6493253111839294 -0.3162815272808075 
-0.377270370721817 -0.5843998789787292 0.7184313535690308 -0.2348126620054245 
0 0 0 1 

0.9322867393493652 -0.2846549153327942 0.2231880575418472 -0.2562181055545807 
0.09062249958515167 0.7811470627784729 0.6177350282669067 -0.306806355714798 
-0.3501841127872467 -0.5556802749633789 0.7540491819381714 -0.2599551677703857 
0 0 0 1 

0.9349227547645569 -0.2696757316589355 0.2306390851736069 -0.2600898444652557 
0.08231697231531143 0.7970518469810486 0.598274290561676 -0.297109067440033 
-0.3451713919639587 -0.5403546690940857 0.7673807740211487 -0.268926590681076 
0 0 0 1 

