554 202 552 201
556 202 555 202
562 202 563 202
565 202 565 202
568 202 568 202
571 202 571 202
576 202 576 202
579 202 578 202
545 205 545 205
551 205 550 205
576 205 577 204
582 205 591 206
585 205 594 207
548 208 558 205
551 208 559 206
554 208 561 206
556 208 564 206
559 208 567 206
562 208 570 207
571 208 581 207
585 208 595 210
588 208 597 210
593 208 600 210
596 208 603 210
540 211 549 207
542 211 552 208
545 211 555 208
554 211 561 209
565 211 572 210
568 211 575 210
571 211 578 210
573 211 583 212
579 211 587 212
582 211 590 212
585 211 595 213
588 211 598 213
593 211 603 215
596 211 606 215
528 213 538 211
531 213 541 211
537 213 545 211
548 213 552 214
551 213 555 215
556 213 564 212
559 213 567 212
562 213 570 213
565 213 573 213
576 213 584 215
579 213 587 215
582 213 590 216
590 213 601 219
593 213 603 220
599 213 607 221
604 213 606 212
528 216 538 214
534 216 542 216
537 216 544 216
540 216 547 217
542 216 550 217
551 216 555 218
554 216 561 214
559 216 567 216
562 216 570 216
565 216 572 216
568 216 575 216
573 216 581 219
588 216 596 223
590 216 599 224
593 216 601 224
596 216 604 224
599 216 607 224
534 219 542 219
540 219 547 220
542 219 550 220
551 219 555 221
554 219 561 216
556 219 564 216
559 219 567 219
562 219 569 219
565 219 572 224
571 219 579 225
573 219 581 225
590 219 598 226
593 219 601 226
596 219 604 226
531 222 538 222
534 222 542 222
537 222 544 222
540 222 547 223
542 222 549 223
545 222 552 223
551 222 555 224
554 222 561 219
568 222 575 227
571 222 578 228
573 222 581 228
588 222 596 229
590 222 598 229
593 222 601 229
596 222 604 229
537 225 544 225
540 225 547 226
542 225 551 227
545 225 553 227
548 225 556 228
554 225 561 228
556 225 564 228
565 225 572 230
576 225 584 231
579 225 587 231
585 225 592 231
588 225 596 231
590 225 598 232
596 225 604 232
534 227 541 228
537 227 544 228
540 227 547 228
542 227 550 230
545 227 554 230
568 227 576 233
571 227 578 233
576 227 584 234
579 227 587 235
582 227 590 233
588 227 595 234
593 227 598 236
599 227 604 236
537 230 544 230
540 230 547 231
542 230 551 232
548 230 556 233
551 230 559 233
554 230 561 234
585 230 587 239
588 230 590 239
593 230 598 237
531 233 536 233
534 233 539 233
537 233 543 233
540 233 547 233
551 233 559 236
554 233 561 236
559 233 567 239
562 233 569 239
568 233 578 238
585 233 587 241
588 233 589 242
531 236 536 236
534 236 538 237
540 236 547 236
551 236 559 238
554 236 561 239
559 236 567 242
562 236 569 242
576 236 582 244
579 236 585 244
585 236 586 244
590 236 596 241
593 236 599 241
596 236 601 241
604 236 606 230
534 239 539 239
537 239 542 239
548 239 558 242
554 239 562 242
556 239 564 242
559 239 567 244
562 239 570 244
576 239 582 247
579 239 585 247
582 239 588 247
590 239 596 243
593 239 599 243
540 242 545 241
542 242 550 242
548 242 558 245
593 242 595 247
602 242 607 241
534 244 537 244
537 244 542 244
540 244 545 244
548 244 558 247
551 244 561 248
556 244 565 248
559 244 568 248
562 244 570 247
571 244 585 258
585 244 590 250
599 244 605 244
602 244 607 243
537 247 541 247
540 247 545 248
542 247 553 248
545 247 556 249
548 247 558 249
554 247 562 250
556 247 565 251
559 247 568 251
562 247 570 250
568 247 581 261
571 247 585 261
596 247 601 247
599 247 604 247
607 247 611 246
537 250 539 251
545 250 556 252
548 250 558 253
554 250 561 253
556 250 564 253
559 250 568 253
596 250 601 249
604 250 607 249
607 250 610 249
610 250 615 250
534 253 534 254
537 253 539 254
540 253 544 257
551 253 560 256
554 253 562 256
556 253 565 256
559 253 568 256
602 253 604 252
604 253 607 252
607 253 610 252
610 253 613 252
613 253 616 252
616 253 619 253
531 256 531 256
534 256 533 256
540 256 542 259
548 256 557 259
551 256 559 259
556 256 565 258
559 256 568 259
562 256 570 259
596 256 602 253
602 256 604 254
604 256 607 255
607 256 609 255
610 256 612 255
613 256 615 255
616 256 619 255
528 258 528 259
531 258 533 262
534 258 536 263
537 258 538 262
540 258 542 262
542 258 545 263
548 258 557 261
551 258 559 261
554 258 562 261
556 258 565 261
559 258 568 262
562 258 570 261
565 258 574 261
579 258 584 267
585 258 590 267
602 258 604 257
604 258 606 257
607 258 610 258
610 258 612 258
613 258 615 258
616 258 619 258
619 258 621 258
621 258 624 258
528 261 530 265
531 261 533 265
534 261 535 265
537 261 538 266
540 261 541 266
542 261 545 265
548 261 556 264
551 261 559 264
554 261 562 264
556 261 565 264
559 261 567 264
562 261 570 264
565 261 573 258
568 261 578 264
585 261 589 270
604 261 607 260
607 261 610 261
610 261 612 261
613 261 615 261
616 261 618 261
619 261 621 261
621 261 624 261
531 264 533 268
534 264 536 268
537 264 538 268
540 264 541 268
545 264 548 265
551 264 558 267
565 264 573 267
582 264 585 275
585 264 588 275
599 264 602 263
604 264 606 263
607 264 610 264
610 264 612 264
613 264 615 264
616 264 619 265
619 264 621 264
621 264 624 264
624 264 627 264
528 267 528 271
534 267 536 271
537 267 538 271
542 267 545 268
551 267 557 269
562 267 568 270
565 267 574 269
568 267 576 278
571 267 582 270
573 267 584 270
582 267 585 278
585 267 588 278
588 267 590 278
596 267 600 266
599 267 602 266
602 267 604 266
604 267 607 266
610 267 611 267
613 267 613 267
616 267 616 267
621 267 624 268
624 267 627 268
627 267 630 268
528 270 528 274
531 270 534 270
548 270 554 273
554 270 559 270
559 270 564 274
562 270 567 273
568 270 576 281
571 270 582 273
585 270 588 280
588 270 590 280
596 270 599 270
599 270 601 269
602 270 603 269
604 270 607 270
610 270 611 270
616 270 616 271
624 270 626 271
627 270 630 271
630 270 632 271
528 273 529 277
531 273 532 277
534 273 537 273
537 273 536 276
545 273 547 270
548 273 553 275
554 273 559 278
562 273 567 276
565 273 570 276
568 273 578 276
585 273 593 259
588 273 596 258
596 273 598 273
599 273 601 273
602 273 603 272
610 273 611 272
616 273 615 274
624 273 625 274
627 273 628 273
633 273 634 273
528 275 528 279
531 275 531 279
534 275 534 279
537 275 537 279
559 275 563 278
562 275 565 279
565 275 570 279
585 275 594 261
588 275 596 261
596 275 598 276
599 275 600 276
604 275 605 277
607 275 607 277
610 275 610 277
616 275 615 277
621 275 621 277
624 275 624 277
627 275 628 277
630 275 631 277
635 275 636 277
528 278 528 281
531 278 531 281
534 278 533 282
537 278 536 282
542 278 542 278
551 278 553 279
556 278 559 281
559 278 562 281
562 278 565 281
565 278 568 280
568 278 571 284
596 278 598 279
602 278 602 280
604 278 605 280
607 278 608 280
610 278 610 280
613 278 613 280
616 278 616 280
621 278 621 280
624 278 624 280
627 278 627 280
630 278 630 280
638 278 638 280
528 281 528 285
534 281 533 285
537 281 536 285
540 281 539 281
542 281 542 281
556 281 559 284
559 281 562 284
562 281 564 284
565 281 567 283
588 281 594 283
602 281 602 283
604 281 605 283
607 281 607 283
610 281 610 283
613 281 613 283
616 281 616 283
619 281 618 280
621 281 621 283
624 281 623 283
627 281 627 283
638 281 638 282
641 281 641 283
528 284 528 288
531 284 530 288
540 284 538 287
556 284 559 286
559 284 562 286
562 284 564 287
579 284 582 287
585 284 591 286
588 284 594 286
599 284 600 286
602 284 602 286
604 284 604 286
607 284 607 285
610 284 610 285
613 284 613 285
624 284 623 286
638 284 638 285
641 284 641 285
528 287 528 291
537 287 536 290
540 287 538 290
542 287 541 289
548 287 548 287
551 287 552 287
554 287 556 287
556 287 559 289
562 287 563 289
565 287 566 290
568 287 570 290
571 287 573 290
573 287 576 290
576 287 579 290
579 287 582 289
582 287 587 289
590 287 590 290
593 287 593 290
596 287 596 289
599 287 599 289
602 287 601 289
604 287 604 288
607 287 607 288
610 287 610 288
528 290 528 293
531 290 531 293
534 290 533 293
537 290 536 292
540 290 538 292
542 290 541 292
545 290 545 290
548 290 548 290
551 290 551 290
562 290 563 292
565 290 566 293
568 290 568 293
571 290 571 293
573 290 573 293
576 290 577 293
579 290 580 293
582 290 582 293
588 290 587 293
596 290 594 292
599 290 598 292
602 290 601 292
604 290 605 292
610 290 608 291
616 290 613 291
627 290 624 289
630 290 627 289
633 290 633 292
638 290 636 288
641 290 639 288
644 290 642 289
528 292 528 296
531 292 530 296
537 292 535 295
540 292 538 295
542 292 540 295
545 292 543 295
548 292 548 293
551 292 551 293
556 292 557 295
565 292 565 295
568 292 568 295
571 292 571 295
573 292 574 295
576 292 577 295
579 292 580 296
582 292 582 296
585 292 584 296
588 292 587 296
599 292 598 295
602 292 601 295
604 292 604 294
610 292 608 294
621 292 619 291
630 292 629 295
633 292 632 294
635 292 635 294
641 292 639 291
644 292 641 291
647 292 647 294
548 295 545 298
551 295 550 297
554 295 554 298
556 295 557 298
559 295 559 298
562 295 562 298
565 295 565 298
568 295 567 298
571 295 570 298
576 295 577 298
579 295 579 298
582 295 581 298
585 295 584 298
590 295 589 298
593 295 592 298
596 295 594 298
599 295 598 298
604 295 604 298
627 295 625 297
630 295 628 297
633 295 631 297
635 295 635 297
641 295 639 297
644 295 642 297
647 295 647 297
528 298 528 299
534 298 531 299
537 298 534 299
540 298 537 299
542 298 540 300
548 298 546 300
554 298 554 301
556 298 556 301
559 298 559 300
562 298 562 300
565 298 564 300
568 298 567 301
571 298 570 301
573 298 573 300
576 298 576 301
579 298 578 300
582 298 581 301
588 298 586 300
590 298 589 300
593 298 592 300
596 298 595 301
599 298 598 301
602 298 602 301
604 298 605 301
613 298 608 298
616 298 611 298
619 298 613 298
621 298 620 300
630 298 628 300
633 298 631 300
635 298 634 300
638 298 636 300
641 298 638 300
644 298 642 300
647 298 647 300
528 301 528 301
531 301 531 301
537 301 533 301
540 301 537 302
542 301 539 302
545 301 543 303
548 301 546 303
554 301 554 304
556 301 556 304
559 301 559 303
562 301 562 303
565 301 565 304
568 301 567 303
571 301 570 304
573 301 572 304
576 301 575 304
582 301 580 303
585 301 583 303
588 301 586 303
590 301 589 303
593 301 593 304
596 301 596 304
599 301 599 304
602 301 602 304
604 301 605 304
613 301 610 302
619 301 616 303
621 301 619 303
624 301 622 303
627 301 626 303
630 301 628 303
633 301 630 302
635 301 633 302
638 301 636 302
641 301 638 302
644 301 642 302
647 301 644 302
531 304 531 304
534 304 534 304
540 304 537 305
542 304 539 305
548 304 548 307
554 304 553 307
556 304 556 307
559 304 559 307
562 304 562 306
565 304 565 306
568 304 567 306
571 304 570 307
573 304 572 307
576 304 575 307
582 304 580 306
585 304 583 306
588 304 586 306
590 304 589 306
593 304 592 306
596 304 594 306
599 304 599 307
602 304 602 307
604 304 605 307
607 304 607 306
613 304 610 305
616 304 613 305
619 304 616 305
624 304 622 306
627 304 625 305
630 304 628 305
633 304 630 305
635 304 633 305
638 304 639 306
644 304 642 305
647 304 644 305
534 306 534 307
537 306 537 307
554 306 554 310
556 306 556 310
559 306 559 310
562 306 562 310
565 306 565 309
571 306 570 309
582 306 581 309
585 306 583 309
588 306 586 309
590 306 589 309
593 306 591 309
596 306 595 309
599 306 599 310
602 306 602 310
604 306 605 309
607 306 607 309
613 306 611 308
616 306 614 308
619 306 616 308
621 306 620 308
624 306 623 308
627 306 625 308
630 306 628 308
633 306 631 308
635 306 634 308
638 306 637 308
641 306 640 308
644 306 642 308
647 306 644 308
548 309 548 310
559 309 559 313
562 309 562 312
565 309 564 312
573 309 572 312
576 309 575 313
579 309 578 313
582 309 580 312
585 309 583 312
593 309 592 312
599 309 599 313
602 309 601 312
604 309 605 312
607 309 607 312
616 309 614 311
619 309 617 311
621 309 620 311
624 309 623 311
627 309 625 311
630 309 628 311
633 309 631 311
635 309 633 311
638 309 637 311
641 309 640 311
644 309 642 311
647 309 645 311
556 312 556 313
571 312 569 312
582 312 581 315
585 312 583 315
588 312 586 314
621 312 620 314
624 312 623 314
627 312 625 314
630 312 628 314
633 312 631 314
635 312 633 314
638 312 636 313
641 312 640 313
644 312 642 314
559 315 559 315
562 315 562 315
565 315 565 316
571 315 569 315
573 315 572 316
576 315 575 316
579 315 577 316
590 315 589 316
593 315 591 315
596 315 594 315
599 315 600 315
604 315 602 315
613 315 610 315
621 315 617 315
