371 25 392 77
389 25 409 76
406 25 435 56
424 25 450 54
441 25 465 54
354 42 376 88
371 42 393 88
389 42 410 88
441 42 461 70
493 42 508 93
510 59 523 103
528 59 540 105
302 77 332 111
319 77 347 111
337 77 364 112
371 77 394 113
389 77 411 113
406 77 427 113
528 77 540 118
545 77 557 119
302 94 330 125
319 94 346 125
337 94 364 125
371 94 394 126
389 94 411 127
406 94 428 128
424 94 444 127
441 94 459 127
458 94 477 128
476 94 493 128
493 94 509 128
510 94 525 129
545 94 558 133
267 111 297 137
302 111 328 137
319 111 346 138
337 111 364 139
354 111 380 140
371 111 397 140
406 111 428 141
424 111 445 141
441 111 462 141
458 111 478 142
476 111 494 141
493 111 512 142
510 111 527 144
528 111 543 144
250 129 275 156
285 129 313 152
354 129 381 154
371 129 397 154
406 129 430 154
424 129 446 154
441 129 461 155
458 129 479 155
476 129 496 155
493 129 513 154
250 146 272 175
285 146 310 166
302 146 328 166
319 146 347 166
337 146 362 165
493 146 515 169
510 146 532 171
250 163 270 197
267 163 288 196
285 163 306 188
302 163 325 182
319 163 346 182
337 163 363 180
354 163 381 180
389 163 413 180
424 163 448 181
441 163 466 181
458 163 483 182
476 163 500 183
510 163 532 186
597 163 610 208
233 181 250 220
285 181 304 209
302 181 323 203
319 181 341 197
337 181 363 196
354 181 381 196
371 181 398 195
389 181 416 196
406 181 433 195
424 181 450 195
476 181 501 198
493 181 518 200
545 181 563 215
562 181 582 216
215 198 231 237
233 198 248 237
302 198 323 226
319 198 340 216
337 198 360 215
354 198 383 215
371 198 400 216
389 198 415 213
406 198 432 212
424 198 450 211
441 198 468 212
458 198 486 212
493 198 519 215
510 198 534 218
528 198 550 231
562 198 582 232
198 215 212 251
215 215 229 252
319 215 338 235
337 215 358 235
354 215 382 236
371 215 398 236
406 215 431 231
424 215 449 228
441 215 469 228
458 215 486 228
476 215 504 230
545 215 564 247
562 215 584 249
580 215 601 246
267 233 272 283
302 233 317 264
319 233 337 261
337 233 358 256
354 233 375 256
371 233 392 256
389 233 407 253
406 233 427 253
424 233 445 250
441 233 471 250
458 233 489 245
476 233 505 246
528 233 549 268
545 233 565 267
285 250 289 306
337 250 356 276
354 250 375 279
371 250 393 280
389 250 408 279
406 250 426 276
424 250 444 275
441 250 466 275
458 250 487 266
545 250 564 294
580 250 602 291
267 267 270 319
285 267 283 322
302 267 304 322
441 267 466 295
458 267 483 294
250 285 252 338
267 285 271 340
285 285 291 341
337 285 340 337
389 285 403 331
424 285 442 329
441 285 465 316
458 285 482 317
493 285 525 309
545 285 564 338
233 302 234 356
250 302 249 356
267 302 265 356
389 302 401 354
406 302 420 354
424 302 440 351
528 302 549 354
545 302 564 355
233 319 233 371
250 319 250 372
406 319 412 375
424 319 438 375
458 319 476 372
371 337 386 393
406 337 422 394
424 337 443 398
441 337 459 398
458 337 477 399
354 354 369 411
371 354 385 409
406 354 420 411
424 354 440 415
441 354 460 414
458 354 474 415
371 371 385 426
389 371 403 426
406 371 423 435
424 371 441 432
441 371 460 434
545 371 584 414
302 389 303 460
319 389 320 457
389 389 402 452
406 389 422 453
424 389 442 452
562 389 603 430
