430 217 429 216
432 217 432 217
435 217 435 217
437 217 437 217
440 217 440 217
443 217 443 217
456 217 453 217
459 217 459 217
461 217 461 217
464 217 464 217
467 217 466 217
485 217 482 217
501 217 498 217
503 217 501 217
506 217 504 216
509 217 506 216
517 217 511 216
522 217 519 216
525 217 521 216
527 217 524 217
530 217 527 217
535 217 535 217
538 217 538 217
430 219 429 219
443 219 442 220
453 219 456 222
461 219 462 221
464 219 464 220
467 219 467 220
469 219 469 219
472 219 471 219
474 219 474 220
477 219 477 220
480 219 479 219
485 219 482 219
501 219 498 220
503 219 501 221
519 219 514 219
522 219 519 219
525 219 522 219
527 219 525 219
530 219 527 219
533 219 530 219
535 219 535 220
538 219 538 219
430 222 429 221
440 222 446 222
445 222 451 222
459 222 459 225
474 222 474 222
485 222 483 222
488 222 486 222
490 222 488 222
493 222 490 222
506 222 499 221
522 222 519 222
525 222 522 222
527 222 525 222
530 222 528 222
533 222 530 222
538 222 538 222
443 224 448 225
445 224 450 225
459 224 459 227
461 224 461 227
472 224 471 225
482 224 480 225
485 224 483 225
501 224 496 225
506 224 506 227
514 224 511 224
519 224 516 224
522 224 519 224
525 224 522 224
530 224 529 225
538 224 538 225
430 227 430 227
432 227 432 227
445 227 451 227
448 227 446 225
461 227 461 230
464 227 464 230
485 227 485 228
488 227 488 228
506 227 506 229
509 227 504 227
511 227 511 230
522 227 519 226
525 227 522 227
535 227 533 227
538 227 538 227
430 230 429 230
432 230 432 230
445 230 444 228
461 230 461 232
469 230 469 232
485 230 485 230
488 230 487 230
496 230 480 228
498 230 482 227
506 230 501 230
509 230 509 232
511 230 511 232
519 230 517 231
522 230 519 230
533 230 530 230
535 230 533 230
538 230 538 230
432 232 432 242
467 232 466 233
501 232 498 232
506 232 501 232
509 232 503 232
519 232 519 233
522 232 517 232
527 232 524 232
533 232 533 234
535 232 532 233
538 232 538 235
501 235 498 235
506 235 501 236
511 235 514 238
514 235 516 238
517 235 517 234
538 235 538 238
430 238 429 257
501 238 498 238
503 238 501 238
517 238 512 240
501 240 498 240
503 240 500 240
511 240 506 243
430 243 429 243
443 243 440 244
493 243 504 245
443 246 440 246
445 246 442 246
535 246 530 252
538 246 538 245
445 248 440 235
453 248 451 251
464 248 461 248
467 248 463 248
472 248 466 248
480 248 471 248
490 248 488 248
496 248 493 249
443 251 441 251
453 251 451 253
464 251 461 251
469 251 464 251
480 251 471 251
482 251 474 251
485 251 483 251
490 251 488 251
496 251 491 251
498 251 493 251
432 254 432 246
461 254 458 254
467 254 462 253
469 254 465 253
474 254 469 253
477 254 474 254
480 254 477 254
482 254 480 254
485 254 483 254
488 254 485 254
490 254 487 254
496 254 491 253
498 254 494 253
519 254 509 245
538 254 538 254
432 256 433 248
443 256 440 256
453 256 451 257
461 256 458 256
464 256 461 256
467 256 463 257
469 256 466 256
472 256 469 257
474 256 471 256
477 256 474 256
480 256 477 256
482 256 479 256
485 256 482 256
488 256 484 256
490 256 487 256
493 256 490 257
514 256 509 256
525 256 519 251
432 259 432 259
435 259 434 259
440 259 438 258
443 259 441 258
445 259 443 258
456 259 453 260
459 259 455 259
461 259 458 259
464 259 461 259
467 259 463 259
469 259 466 259
472 259 469 259
474 259 471 259
477 259 474 259
480 259 477 258
482 259 479 258
485 259 482 258
490 259 487 259
493 259 490 259
496 259 493 259
498 259 495 259
501 259 498 259
503 259 500 259
509 259 506 260
514 259 510 260
538 259 538 261
432 261 432 262
435 261 435 262
437 261 437 262
443 261 441 261
445 261 443 261
448 261 445 261
451 261 448 262
453 261 450 262
456 261 453 262
459 261 456 261
461 261 458 261
464 261 461 261
467 261 463 262
469 261 466 262
472 261 469 262
474 261 471 262
477 261 473 261
480 261 476 261
482 261 479 261
485 261 482 261
490 261 486 262
493 261 490 262
496 261 492 262
501 261 497 261
503 261 500 261
506 261 503 261
509 261 505 262
517 261 516 267
519 261 511 262
525 261 522 253
527 261 525 253
535 261 535 253
430 264 429 264
432 264 432 265
435 264 435 265
437 264 437 265
445 264 443 263
456 264 453 264
459 264 456 264
461 264 458 264
464 264 460 263
467 264 463 264
469 264 467 264
472 264 469 264
474 264 471 264
477 264 474 264
480 264 476 264
482 264 479 265
485 264 481 265
490 264 487 264
493 264 490 264
496 264 492 264
498 264 495 264
503 264 500 264
506 264 503 264
509 264 505 264
514 264 511 265
517 264 516 270
522 264 524 264
430 267 429 267
432 267 432 267
437 267 435 268
443 267 437 267
445 267 440 267
464 267 460 266
469 267 467 267
472 267 469 267
474 267 471 267
477 267 474 267
480 267 477 267
482 267 479 267
485 267 481 267
488 267 484 267
490 267 487 267
493 267 489 267
496 267 492 267
498 267 495 267
501 267 497 267
509 267 504 266
522 267 524 267
527 267 525 257
530 267 528 256
535 267 535 277
538 267 538 278
445 269 440 270
448 269 445 267
451 269 448 267
456 269 454 266
461 269 458 269
472 269 468 269
474 269 471 269
477 269 475 270
480 269 477 270
482 269 479 269
485 269 482 269
488 269 484 269
490 269 487 269
493 269 489 269
496 269 492 269
498 269 495 269
501 269 497 270
509 269 504 269
514 269 511 269
522 269 519 272
530 269 528 259
535 269 535 279
538 269 538 279
456 272 453 269
461 272 458 273
467 272 464 269
469 272 466 272
482 272 479 272
485 272 482 272
488 272 484 272
490 272 487 272
493 272 489 272
496 272 492 272
498 272 495 272
501 272 497 272
506 272 502 272
509 272 506 272
522 272 519 275
445 275 442 272
448 275 445 274
459 275 456 275
464 275 460 277
482 275 479 275
485 275 482 275
488 275 485 275
490 275 487 275
493 275 490 275
496 275 492 275
498 275 495 275
501 275 497 275
503 275 500 275
509 275 505 275
517 275 513 277
519 275 514 281
451 277 448 277
453 277 450 277
482 277 480 277
485 277 482 277
488 277 485 277
490 277 488 277
493 277 490 277
496 277 492 277
498 277 495 277
501 277 497 277
503 277 500 277
506 277 503 277
509 277 505 277
517 277 511 283
519 277 514 283
522 277 516 283
535 277 529 272
538 277 538 286
443 280 440 279
445 280 443 279
456 280 453 279
459 280 455 280
467 280 462 280
469 280 465 281
482 280 479 280
485 280 482 280
488 280 485 280
490 280 488 280
493 280 490 280
496 280 493 280
498 280 496 280
501 280 498 280
503 280 500 280
506 280 503 280
509 280 505 280
519 280 514 285
522 280 519 278
533 280 527 275
535 280 529 275
430 283 430 278
443 283 441 282
448 283 445 282
451 283 447 283
456 283 452 282
459 283 455 282
467 283 462 283
469 283 465 283
472 283 467 283
498 283 493 282
503 283 500 282
506 283 503 282
517 283 512 285
430 285 430 281
445 285 443 284
448 285 446 286
451 285 448 285
453 285 450 285
456 285 452 285
459 285 455 285
461 285 458 285
469 285 465 286
511 285 506 291
514 285 509 288
517 285 512 288
519 285 514 288
535 285 535 267
430 288 430 283
448 288 445 288
451 288 448 288
453 288 450 288
456 288 453 288
461 288 458 288
464 288 461 288
467 288 463 288
477 288 474 288
488 288 485 285
511 288 505 294
514 288 508 294
517 288 511 294
432 290 431 312
443 290 440 290
445 290 442 290
448 290 445 290
456 290 453 291
459 290 455 291
461 290 459 291
464 290 461 291
467 290 464 290
509 290 503 296
511 290 505 296
514 290 508 296
459 293 456 293
461 293 459 293
464 293 461 293
467 293 464 293
469 293 466 293
472 293 470 291
490 293 488 291
496 293 490 293
498 293 498 288
509 293 503 299
511 293 506 298
514 293 508 299
527 293 528 277
533 293 532 277
538 293 538 288
445 296 448 304
448 296 451 304
461 296 458 295
464 296 461 295
467 296 464 295
472 296 470 293
490 296 487 294
501 296 497 296
522 296 517 293
530 296 530 280
538 296 538 291
459 298 455 298
464 298 461 298
467 298 463 298
472 298 469 296
485 298 482 296
488 298 485 296
498 298 494 298
503 298 500 298
538 298 538 294
445 301 443 311
456 301 454 301
459 301 455 301
461 301 458 300
464 301 461 301
467 301 464 301
472 301 469 299
474 301 472 299
485 301 482 299
488 301 484 298
496 301 490 300
498 301 493 301
530 301 533 299
535 301 534 296
538 301 538 296
456 304 453 303
459 304 456 303
461 304 458 303
464 304 460 303
467 304 464 304
488 304 485 301
490 304 487 301
496 304 490 303
498 304 493 303
503 304 500 302
525 304 528 309
535 304 534 299
538 304 538 299
432 306 434 301
456 306 459 312
464 306 461 307
467 306 463 307
469 306 466 306
482 306 475 306
485 306 483 306
488 306 485 303
490 306 487 304
501 306 498 305
503 306 500 305
538 306 538 301
430 309 430 304
432 309 435 304
435 309 437 304
437 309 440 304
467 309 463 309
469 309 466 309
482 309 481 308
485 309 483 308
488 309 485 309
498 309 494 309
501 309 497 309
533 309 527 303
430 312 429 307
432 312 435 307
435 312 437 307
437 312 440 307
445 312 444 315
448 312 447 315
464 312 456 309
467 312 464 312
469 312 466 311
477 312 469 309
480 312 472 310
485 312 483 312
488 312 485 311
493 312 488 311
496 312 490 311
498 312 493 312
501 312 497 312
503 312 501 309
506 312 501 311
509 312 503 310
519 312 516 306
430 314 429 310
448 314 448 317
451 314 451 317
461 314 455 314
464 314 458 314
467 314 466 315
477 314 469 312
480 314 472 312
482 314 474 313
485 314 477 313
488 314 480 314
493 314 488 314
496 314 491 314
498 314 494 314
501 314 496 314
503 314 498 314
506 314 501 314
509 314 503 314
511 314 506 312
533 314 530 314
535 314 533 314
430 317 429 320
432 317 432 317
440 317 440 319
461 317 456 317
467 317 467 320
496 317 492 317
501 317 496 317
503 317 498 317
506 317 501 316
519 317 514 316
522 317 518 316
535 317 533 317
538 317 538 317
430 320 430 322
432 320 432 320
440 320 440 322
443 320 442 322
467 320 464 319
480 320 470 317
482 320 472 318
496 320 492 319
514 320 506 316
517 320 508 317
527 320 528 319
530 320 530 319
535 320 533 319
538 320 538 320
430 322 429 325
437 322 438 325
482 322 474 322
493 322 488 322
517 322 509 320
530 322 530 322
535 322 535 322
538 322 538 322
443 325 440 325
445 325 443 325
448 325 454 325
451 325 456 325
511 325 506 325
519 325 501 325
522 325 504 325
530 325 530 325
538 325 538 325
430 327 429 328
432 327 432 327
435 327 435 327
437 327 438 328
448 327 454 327
451 327 456 327
461 327 462 328
464 327 464 328
467 327 467 328
472 327 472 328
509 327 503 327
511 327 506 327
514 327 509 327
519 327 501 327
525 327 528 327
527 327 530 328
530 327 532 327
533 327 534 328
538 327 538 327
