489 250 496 260
463 264 419 285
463 266 462 263
466 266 466 264
455 269 448 264
460 269 456 264
463 269 460 265
468 269 491 247
471 269 494 248
455 272 447 268
458 272 451 270
463 272 489 250
455 274 446 272
458 274 450 274
455 277 424 292
466 280 490 258
476 285 496 264
479 285 501 278
447 290 419 306
487 290 496 281
431 293 404 300
444 293 435 296
489 293 499 287
426 296 406 295
436 296 410 307
460 296 438 297
484 304 484 292
487 304 487 294
468 314 448 315
471 314 452 316
471 327 458 319
468 330 442 330
471 330 446 331
474 330 449 332
484 335 488 299
468 346 440 353
