0.9675904512405396 -0.1278720051050186 0.2177550196647644 0.07083889096975327 
0.1050872355699539 0.9879961609840393 0.1132262423634529 -0.2380304932594299 
-0.2296196222305298 -0.08667328208684921 0.9694133996963501 -0.6924905776977539 
0 0 0 1 

0.9425694942474365 -0.164820522069931 0.2905114591121674 0.05707647651433945 
0.1438340842723846 0.9852855801582336 0.09232563525438309 -0.245855987071991 
-0.3014539182186127 -0.04523784667253494 0.9524069428443909 -0.6830847263336182 
0 0 0 1 

0.9174928665161133 -0.1548841893672943 0.3663571774959564 0.041531041264534 
0.1115068420767784 0.9842925667762756 0.1368734836578369 -0.2532837390899658 
-0.3818022012710571 -0.08472906798124313 0.920352041721344 -0.6590204238891602 
0 0 0 1 

0.9018464088439941 -0.1630932539701462 0.4000917673110962 0.04104277491569519 
0.07837862521409988 0.9724094867706299 0.2197191715240479 -0.2508614957332611 
-0.4248877763748169 -0.1667942106723785 0.8897470235824585 -0.6293602585792542 
0 0 0 1 

0.8744892477989197 -0.175361379981041 0.4522353410720825 0.04399742186069489 
0.0426805354654789 0.9565613269805908 0.2883899807929993 -0.2624749839305878 
-0.4831633269786835 -0.2328922301530838 0.8439871072769165 -0.6062374114990234 
0 0 0 1 

0.859509289264679 -0.1963402479887009 0.4719046652317047 0.04987693205475807 
0.009636493399739265 0.9293367862701416 0.369107186794281 -0.2689183056354523 
-0.5110290050506592 -0.3127034902572632 0.8006656765937805 -0.5872729420661926 
0 0 0 1 

0.8787554502487183 -0.2118124812841415 0.4276964366436005 0.05951434746384621 
-0.001352755934931338 0.8950178623199463 0.4460281133651733 -0.2973820567131042 
-0.4772703051567078 -0.3925281763076782 0.7862153053283691 -0.5355289578437805 
0 0 0 1 

0.8637282848358154 -0.2609542310237885 0.4311336278915405 0.08889105916023254 
-0.009657610207796097 0.8467679023742676 0.5318746566772461 -0.3150878548622131 
-0.503865122795105 -0.4635588526725769 0.7288572192192078 -0.4750694930553436 
0 0 0 1 

0.8361372351646423 -0.2972012758255005 0.4610268771648407 0.1034021526575089 
-0.0430426336824894 0.8023502826690674 0.5952991843223572 -0.3201879560947418 
-0.5468288064002991 -0.5175955891609192 0.6580826640129089 -0.4496398270130157 
0 0 0 1 

0.80109703540802 -0.3330080211162567 0.4973423182964325 0.1084262430667877 
-0.08077052235603333 0.7631853222846985 0.6411118507385254 -0.3320261240005493 
-0.5930598974227905 -0.5537635684013367 0.5844884514808655 -0.4365690052509308 
0 0 0 1 

