430 217 430 217
435 217 438 217
437 217 442 217
440 217 445 217
448 217 453 217
467 217 475 217
469 217 477 217
490 217 480 217
432 219 435 220
435 219 438 220
467 219 475 219
469 219 477 219
477 219 482 220
482 219 485 219
493 219 461 219
496 219 465 219
503 219 499 219
430 222 429 219
432 222 436 222
435 222 438 222
437 222 441 222
443 222 472 222
448 222 453 219
469 222 477 222
480 222 485 222
482 222 487 222
485 222 490 222
493 222 461 222
496 222 465 222
501 222 496 221
503 222 499 221
430 224 429 221
432 224 436 225
435 224 438 225
437 224 440 225
467 224 475 227
501 224 493 224
503 224 499 225
430 227 429 224
432 227 432 224
472 227 480 229
474 227 482 227
477 227 485 227
482 227 491 227
503 227 499 228
474 230 482 230
477 230 485 230
480 230 488 230
527 230 525 225
474 232 482 233
477 232 484 233
461 235 480 238
493 235 504 240
535 235 535 227
538 235 538 238
459 238 477 243
469 238 491 246
474 238 466 232
477 238 469 232
480 238 472 233
538 238 538 240
440 240 440 259
538 240 538 242
430 243 429 240
435 243 432 241
538 243 538 245
430 246 429 243
496 246 508 248
511 246 514 234
530 246 529 245
533 246 532 245
535 246 535 246
430 248 429 245
464 248 472 246
493 248 506 251
496 248 508 251
498 248 511 251
522 248 533 237
527 248 527 248
530 248 530 249
533 248 533 248
538 248 538 248
432 251 432 238
469 251 477 251
472 251 480 251
496 251 507 253
527 251 527 251
530 251 529 252
533 251 533 251
535 251 535 251
538 251 538 250
432 254 432 263
448 254 454 249
451 254 456 249
506 254 504 238
509 254 506 238
432 256 432 243
453 256 459 255
459 256 462 255
464 256 467 256
467 256 472 256
488 256 487 253
498 256 509 259
509 256 506 240
451 259 455 259
461 259 464 258
464 259 468 259
472 259 475 259
474 259 483 259
477 259 485 259
480 259 487 259
485 259 491 258
514 259 509 243
517 259 512 242
451 261 454 262
453 261 457 262
456 261 459 262
469 261 471 261
472 261 474 261
474 261 483 261
477 261 485 261
482 261 489 261
485 261 490 261
488 261 493 261
490 261 495 262
517 261 511 246
519 261 514 245
525 261 517 246
538 261 538 267
451 264 454 264
453 264 456 264
456 264 459 264
464 264 467 264
474 264 482 264
480 264 486 264
488 264 493 264
498 264 500 264
525 264 517 248
538 264 538 269
440 267 445 258
443 267 447 258
445 267 448 273
451 267 454 267
453 267 456 267
456 267 459 266
464 267 466 267
467 267 472 266
472 267 475 266
480 267 482 266
482 267 487 267
485 267 490 267
527 267 520 251
430 269 430 275
453 269 456 269
459 269 461 270
461 269 465 269
464 269 467 269
467 269 470 269
469 269 472 269
472 269 475 269
474 269 477 269
477 269 480 269
480 269 485 269
485 269 489 269
490 269 495 269
493 269 496 268
498 269 506 272
506 269 511 277
535 269 535 290
538 269 538 290
445 272 450 267
456 272 459 272
459 272 462 272
461 272 464 272
464 272 467 272
467 272 470 271
469 272 472 271
472 272 475 271
474 272 478 271
477 272 480 271
480 272 483 271
490 272 494 271
493 272 496 271
498 272 501 270
501 272 503 270
535 272 535 256
538 272 538 256
448 275 453 270
456 275 459 275
459 275 462 275
461 275 466 274
464 275 469 274
469 275 473 274
490 275 493 274
493 275 496 274
498 275 501 274
501 275 503 272
538 275 538 259
437 277 445 265
440 277 440 274
451 277 454 277
456 277 459 277
459 277 462 277
461 277 466 277
472 277 475 277
482 277 487 276
490 277 494 277
496 277 500 277
522 277 525 273
525 277 532 259
535 277 535 299
538 277 538 298
432 280 432 303
435 280 440 264
443 280 448 280
448 280 451 280
451 280 454 280
453 280 457 279
456 280 460 279
459 280 462 280
461 280 465 280
464 280 469 279
467 280 472 279
469 280 474 280
472 280 477 280
477 280 482 278
480 280 484 279
485 280 489 279
488 280 491 280
496 280 499 279
501 280 505 280
503 280 509 282
514 280 517 277
533 280 527 278
535 280 535 301
538 280 538 275
430 283 430 285
432 283 432 306
435 283 440 266
443 283 447 283
445 283 450 283
451 283 454 283
453 283 457 282
456 283 460 282
461 283 464 283
464 283 467 282
467 283 472 282
472 283 476 283
474 283 479 282
480 283 483 282
482 283 486 282
485 283 489 282
490 283 494 282
496 283 501 280
506 283 510 283
533 283 526 281
535 283 529 281
430 285 429 288
432 285 432 288
443 285 447 285
445 285 450 285
451 285 454 285
453 285 457 285
456 285 460 285
461 285 464 285
464 285 467 285
467 285 472 285
485 285 488 285
488 285 491 285
490 285 494 285
496 285 501 283
511 285 514 269
514 285 517 269
533 285 527 283
430 288 429 291
432 288 437 280
435 288 433 290
437 288 440 290
440 288 443 290
443 288 447 289
445 288 450 288
453 288 457 288
456 288 459 288
461 288 465 287
464 288 467 287
469 288 475 285
472 288 477 285
480 288 483 287
485 288 488 288
488 288 491 288
493 288 496 287
498 288 503 285
509 288 512 287
511 288 514 271
527 288 535 285
430 290 429 294
435 290 433 293
456 290 459 290
459 290 462 290
464 290 468 289
477 290 480 290
480 290 483 290
485 290 488 290
488 290 491 290
498 290 503 287
501 290 505 287
527 290 535 288
437 293 440 293
440 293 443 294
448 293 453 293
453 293 456 294
459 293 462 293
461 293 465 293
464 293 469 293
469 293 474 291
474 293 478 293
506 293 510 290
525 293 530 290
430 296 429 296
432 296 432 296
435 296 437 296
448 296 451 296
461 296 465 296
464 296 469 296
467 296 471 295
469 296 474 295
474 296 477 295
477 296 481 296
480 296 483 295
482 296 486 296
485 296 488 296
493 296 496 293
498 296 501 293
501 296 505 293
506 296 510 294
511 296 520 292
522 296 523 282
430 298 429 299
459 298 464 298
464 298 467 298
467 298 471 298
477 298 480 298
480 298 483 298
482 298 485 298
485 298 488 298
488 298 491 298
490 298 493 296
493 298 495 296
496 298 499 296
498 298 501 298
501 298 504 298
522 298 523 285
456 301 461 302
459 301 464 302
469 301 473 300
480 301 485 301
488 301 491 301
490 301 494 300
493 301 496 301
496 301 498 301
498 301 501 301
501 301 504 301
525 301 525 288
430 304 430 311
432 304 432 283
435 304 435 312
456 304 461 307
469 304 474 303
472 304 477 303
474 304 480 303
477 304 482 303
493 304 496 303
496 304 499 303
525 304 525 307
430 306 430 315
453 306 459 310
467 306 471 306
469 306 474 306
472 306 477 306
480 306 484 306
488 306 492 305
493 306 496 305
496 306 499 306
498 306 502 305
503 306 509 304
506 306 512 304
525 306 525 309
527 306 527 306
530 306 530 306
451 309 451 311
467 309 477 312
469 309 474 309
472 309 478 309
482 309 491 308
488 309 492 308
503 309 509 307
533 309 532 307
448 312 448 314
451 312 451 314
453 312 457 315
459 312 462 315
469 312 474 312
474 312 469 309
477 312 472 309
490 312 495 311
493 312 498 310
448 314 448 317
453 314 456 317
456 314 459 317
474 314 469 312
477 314 472 312
485 314 490 315
488 314 493 314
490 314 496 313
498 314 503 311
535 314 533 314
445 317 446 317
451 317 451 317
474 317 470 314
477 317 472 314
485 317 488 317
488 317 493 317
498 317 503 314
503 317 506 319
506 317 511 315
514 317 520 317
517 317 522 317
430 320 429 318
445 320 445 320
448 320 448 320
451 320 451 320
461 320 462 319
464 320 465 320
490 320 495 317
503 320 506 322
514 320 520 320
517 320 522 319
535 320 532 322
445 322 448 322
461 322 462 322
464 322 464 322
467 322 466 322
514 322 519 322
517 322 522 322
519 322 525 322
535 322 532 325
430 325 429 324
445 325 448 325
448 325 450 325
456 325 456 325
459 325 477 325
461 325 479 325
511 325 512 325
517 325 520 324
525 325 509 325
430 327 429 327
432 327 435 327
435 327 437 325
440 327 444 327
443 327 446 327
445 327 448 327
448 327 450 327
451 327 456 328
453 327 458 327
461 327 480 327
469 327 469 327
488 327 490 327
490 327 493 327
496 327 501 327
498 327 503 327
511 327 512 328
514 327 516 327
517 327 520 327
525 327 508 328
535 327 535 327
538 327 538 327
