430 217 429 217
435 217 433 216
437 217 435 216
451 217 460 216
453 217 463 216
469 217 470 218
477 217 479 216
430 219 429 220
437 219 438 219
459 219 465 221
469 219 470 221
430 222 429 223
443 222 441 221
474 222 505 220
509 222 508 223
514 222 516 223
430 224 430 227
437 224 436 227
511 224 514 225
437 227 436 230
440 227 439 230
480 227 489 229
482 227 492 229
522 227 524 227
530 227 526 225
440 230 439 232
453 230 457 232
456 230 460 232
474 230 494 223
480 230 489 231
482 230 492 231
490 230 481 229
503 230 502 231
509 230 505 228
538 230 538 228
435 232 433 235
443 232 444 236
451 232 454 233
482 232 492 234
498 232 484 229
501 232 500 234
506 232 510 231
509 232 506 231
514 232 522 233
535 232 534 231
538 232 538 230
437 235 436 236
443 235 444 238
456 235 479 237
503 235 503 237
514 235 511 234
535 235 535 233
538 235 538 233
432 238 431 239
437 238 436 238
456 238 479 239
514 238 511 237
535 238 535 236
538 238 538 235
432 240 431 242
435 240 433 241
437 240 438 241
443 240 444 241
488 240 487 237
506 240 505 242
432 243 431 244
437 243 438 244
461 243 470 240
464 243 473 240
480 243 473 243
509 243 508 242
511 243 511 242
538 243 538 244
443 246 449 238
490 246 500 239
509 246 508 245
525 246 527 241
535 246 536 247
538 246 538 247
448 248 457 243
464 248 471 245
469 248 481 247
480 248 489 242
485 248 495 242
488 248 497 242
538 248 538 249
448 251 457 245
451 251 460 245
453 251 463 246
464 251 471 248
467 251 473 248
474 251 463 242
538 251 538 252
443 254 452 249
445 254 455 248
451 254 460 249
453 254 461 251
469 254 479 250
477 254 485 248
488 254 495 247
522 254 524 246
527 254 527 247
472 256 479 253
477 256 488 253
480 256 492 253
482 256 489 250
496 256 503 252
498 256 505 252
437 259 444 249
440 259 449 249
453 259 461 256
456 259 463 256
459 259 466 256
464 259 471 256
467 259 476 255
485 259 496 255
488 259 498 256
490 259 501 256
496 259 503 255
498 259 506 255
522 259 524 268
453 261 461 259
459 261 466 258
461 261 468 258
482 261 493 258
485 261 496 258
488 261 499 258
490 261 501 258
493 261 503 258
525 261 528 271
437 264 449 250
451 264 458 262
453 264 461 261
456 264 464 261
459 264 466 261
477 264 484 259
485 264 490 259
488 264 498 261
490 264 501 261
493 264 503 260
498 264 506 260
535 264 536 288
432 267 442 254
435 267 444 254
437 267 447 254
461 267 468 263
467 267 474 263
482 267 490 263
485 267 493 263
498 267 506 263
435 269 434 262
451 269 458 268
453 269 461 267
459 269 466 266
464 269 471 267
467 269 473 267
469 269 477 266
472 269 480 264
480 269 488 265
488 269 495 266
490 269 498 265
493 269 501 265
496 269 503 264
498 269 506 265
440 272 445 275
443 272 447 275
453 272 461 270
459 272 465 269
461 272 468 269
464 272 471 269
467 272 474 269
469 272 476 269
485 272 493 268
490 272 498 268
493 272 501 268
496 272 504 268
498 272 508 269
535 272 536 248
440 275 445 278
451 275 458 273
459 275 465 272
461 275 468 272
464 275 471 272
467 275 474 272
480 275 488 271
482 275 490 271
485 275 493 271
488 275 495 271
493 275 501 271
496 275 504 271
525 275 528 277
443 277 451 281
451 277 459 275
453 277 461 275
467 277 474 274
469 277 478 274
472 277 480 274
474 277 482 274
477 277 485 274
480 277 488 274
482 277 490 274
485 277 492 274
488 277 495 274
490 277 498 274
493 277 501 274
496 277 503 274
503 277 511 272
432 280 434 259
437 280 442 289
451 280 459 278
464 280 472 276
467 280 474 277
469 280 477 277
472 280 480 277
474 280 483 276
482 280 490 276
485 280 492 277
488 280 495 277
490 280 498 277
493 280 501 277
503 280 512 276
509 280 517 279
527 280 530 284
445 283 453 283
451 283 458 281
456 283 464 280
459 283 466 280
461 283 469 279
467 283 474 280
474 283 483 279
485 283 493 280
490 283 498 280
496 283 503 277
501 283 510 279
506 283 515 280
530 283 533 287
538 283 538 279
451 285 458 283
453 285 461 283
456 285 464 283
461 285 469 282
482 285 491 283
485 285 493 283
490 285 498 282
493 285 501 280
496 285 503 280
538 285 538 262
430 288 429 284
448 288 456 286
451 288 458 286
453 288 462 286
456 288 464 285
464 288 472 283
472 288 480 283
474 288 483 283
480 288 488 285
485 288 493 285
488 288 496 285
490 288 484 284
493 288 501 283
496 288 504 283
501 288 509 283
509 288 517 282
430 290 429 289
437 290 445 297
448 290 456 289
451 290 459 289
453 290 462 289
456 290 464 288
464 290 472 285
469 290 477 286
482 290 490 285
490 290 498 287
496 290 504 285
501 290 510 286
527 290 528 295
538 290 538 270
430 293 429 292
437 293 445 299
448 293 456 291
451 293 459 291
453 293 462 291
469 293 478 290
472 293 480 290
474 293 482 290
480 293 488 288
493 293 501 290
496 293 504 289
498 293 506 288
503 293 513 288
506 293 515 287
527 293 528 298
448 296 455 294
456 296 463 291
464 296 471 292
477 296 485 291
480 296 488 291
482 296 491 293
490 296 498 292
493 296 501 292
503 296 512 290
506 296 515 290
509 296 515 295
517 296 523 312
464 298 471 294
467 298 474 294
469 298 477 294
472 298 480 294
480 298 488 296
482 298 490 296
485 298 493 296
496 298 504 293
503 298 511 295
517 298 526 289
525 298 531 295
435 301 432 299
451 301 456 299
461 301 467 296
464 301 469 296
472 301 480 297
480 301 489 298
482 301 491 299
490 301 499 296
493 301 501 296
501 301 507 298
503 301 510 298
517 301 526 292
533 301 536 273
464 304 469 299
467 304 475 301
474 304 483 300
488 304 496 300
490 304 498 299
493 304 502 299
496 304 504 299
501 304 507 301
503 304 509 301
538 304 538 292
464 306 469 302
467 306 472 301
469 306 477 302
488 306 494 303
490 306 497 303
496 306 504 302
527 306 531 305
535 306 537 316
538 306 538 295
459 309 462 309
467 309 471 304
469 309 474 304
472 309 477 305
480 309 488 305
482 309 491 305
527 309 531 308
535 309 537 319
437 312 442 302
443 312 453 304
477 312 485 309
485 312 493 307
488 312 496 307
490 312 499 307
511 312 517 312
467 314 477 312
469 314 480 312
472 314 485 315
477 314 489 314
498 314 505 315
511 314 517 314
514 314 520 315
445 317 454 318
448 317 456 318
459 317 462 315
464 317 475 315
467 317 478 315
469 317 481 315
490 317 496 317
496 317 501 317
498 317 504 317
511 317 518 316
430 320 429 318
432 320 432 318
435 320 435 318
448 320 456 321
464 320 475 317
467 320 478 317
469 320 481 317
472 320 483 317
485 320 496 314
490 320 496 323
493 320 499 319
533 320 534 322
430 322 429 321
432 322 433 324
435 322 435 321
443 322 451 323
445 322 457 323
467 322 468 320
469 322 480 320
472 322 483 320
480 322 489 320
490 322 497 325
533 322 534 325
535 322 537 324
430 325 429 324
469 325 480 323
477 325 485 323
480 325 488 323
482 325 491 323
488 325 494 325
522 325 523 324
430 327 429 327
432 327 433 327
435 327 441 327
437 327 435 327
440 327 448 327
443 327 451 326
445 327 454 326
485 327 491 328
488 327 493 327
490 327 499 327
496 327 503 328
498 327 505 328
509 327 519 328
517 327 507 327
527 327 527 327
533 327 534 327
