354 222 322 231
359 222 326 231
369 222 342 234
375 222 348 233
338 227 306 237
354 227 321 236
333 232 301 242
338 232 305 242
349 232 315 242
354 232 321 242
375 232 347 240
385 232 370 239
390 232 387 234
333 238 304 246
354 238 322 248
359 238 327 247
364 238 332 247
375 238 348 245
390 238 390 238
349 243 315 254
359 243 328 253
364 243 332 253
343 248 310 259
354 248 322 259
364 248 336 259
369 253 337 264
354 258 320 270
359 258 325 270
349 264 309 275
354 264 319 275
359 264 324 275
364 264 330 276
375 264 346 275
349 269 313 280
354 269 318 281
359 269 324 281
364 269 329 281
343 274 308 285
349 274 313 285
354 274 318 286
359 274 324 286
364 274 329 286
343 279 308 290
354 279 318 290
359 279 324 290
364 279 329 291
354 284 319 295
