0.9961221814155579 -0.06129122525453568 -0.06311745196580887 -0.05343101173639297 
0.06441011279821396 0.9967381954193115 0.04862344264984131 -0.09654340893030167 
0.05993132665753365 -0.05250035971403122 0.996820867061615 -0.5103496313095093 
0 0 0 1 

0.9963047504425049 -0.05838314071297646 -0.06299254298210144 -0.0541083887219429 
0.06131121143698692 0.997076690196991 0.04559445753693581 -0.09605647623538971 
0.06014638021588326 -0.04928820952773094 0.9969719052314758 -0.5117484331130981 
0 0 0 1 

0.9963330030441284 -0.060340516269207 -0.0606602244079113 -0.04344531893730164 
0.06446193903684616 0.9955695867538452 0.06845385581254959 -0.1090063601732254 
0.05626098811626434 -0.07211307436227798 0.995808482170105 -0.5070978999137878 
0 0 0 1 

0.9810934066772461 -0.1702471375465393 -0.09204155951738358 -0.02956430427730083 
0.1760702431201935 0.9825897216796875 0.05930205807089806 -0.1167612597346306 
0.08034307509660721 -0.07438664883375168 0.9939877390861511 -0.5180156230926514 
0 0 0 1 

0.9764362573623657 -0.1952740848064423 -0.09187057614326477 -0.02705707773566246 
0.2030077278614044 0.9755629301071167 0.08405222743749619 -0.1307208091020584 
0.07321227341890335 -0.10072211176157 0.9922171831130981 -0.5144895315170288 
0 0 0 1 

0.9571073651313782 -0.2642979025840759 -0.1187094673514366 -0.01235179975628853 
0.2765321731567383 0.955569326877594 0.1020640209317207 -0.1396968215703964 
0.08645976334810257 -0.1305132657289505 0.9876694679260254 -0.5094475746154785 
0 0 0 1 

0.9478662610054016 -0.3077981173992157 -0.0825212150812149 -0.02040942758321762 
0.3133086264133453 0.9474292993545532 0.06492485851049423 -0.1234881356358528 
0.05819923058152199 -0.08739472180604935 0.9944722056388855 -0.5192313194274902 
0 0 0 1 

0.9474804997444153 -0.309071809053421 -0.08219023793935776 -0.01860008761286736 
0.3151403963565826 0.9460500478744507 0.07533742487430573 -0.1303292810916901 
0.05447137355804443 -0.09728223085403442 0.9937650561332703 -0.5190842747688293 
0 0 0 1 

0.9209480881690979 -0.3157316744327545 -0.2284034192562103 0.05862986668944359 
0.3882452547550201 0.7937567234039307 0.4682047665119171 -0.3534343838691711 
0.03346960246562958 -0.5198688507080078 0.8535901308059692 -0.4042908549308777 
0 0 0 1 

0.9000860452651978 -0.339504599571228 -0.2730965316295624 0.0926634818315506 
0.43324875831604 0.7639326453208923 0.4782282710075378 -0.342468798160553 
0.0462665781378746 -0.5487653613090515 0.8346951007843018 -0.3899431526660919 
0 0 0 1 

