633 267 639 287
596 270 602 285
633 270 634 287
593 273 598 288
573 275 583 285
593 275 598 291
579 278 586 287
635 278 629 295
571 281 582 292
616 281 619 294
571 284 582 295
644 284 644 301
647 284 647 301
565 287 572 293
619 287 615 300
624 287 619 300
635 287 628 302
638 287 631 302
588 290 591 297
596 290 597 298
621 290 618 303
638 290 631 304
644 290 642 306
565 292 569 296
568 292 571 296
571 292 574 297
573 292 577 298
579 292 581 299
585 292 586 299
588 292 590 300
593 292 594 301
596 292 597 300
599 292 600 302
619 292 618 306
621 292 621 306
624 292 624 307
565 295 568 299
571 295 574 299
576 295 578 301
579 295 581 302
582 295 583 302
585 295 586 302
588 295 589 302
593 295 594 303
596 295 597 303
599 295 600 304
602 295 602 304
641 295 633 308
554 298 553 297
556 298 557 297
562 298 565 303
565 298 568 303
568 298 570 303
571 298 573 303
576 298 578 304
579 298 580 304
582 298 583 305
585 298 586 305
593 298 593 306
596 298 596 306
599 298 599 307
602 298 602 308
604 298 604 308
554 301 553 300
556 301 556 301
565 301 567 306
568 301 570 306
571 301 573 306
576 301 577 307
579 301 580 307
582 301 582 307
593 301 593 308
596 301 596 309
610 301 610 312
630 301 621 311
556 304 556 304
562 304 564 306
568 304 570 308
576 304 576 310
579 304 579 310
588 304 588 309
599 304 598 310
562 306 563 309
576 306 577 312
585 306 585 312
562 309 560 308
565 309 566 312
579 309 579 314
593 309 591 315
579 312 579 316
568 315 566 315
579 315 575 315
