602 270 603 281
619 270 618 280
621 270 621 280
602 273 603 284
619 273 618 282
621 273 621 283
599 275 600 286
602 275 602 289
604 275 606 286
596 278 597 289
599 278 600 289
613 278 612 287
633 278 630 291
644 278 640 292
616 281 617 292
627 281 623 291
630 281 625 292
644 281 640 295
599 284 596 294
624 284 620 293
644 284 641 298
551 287 546 285
554 287 550 285
619 287 617 296
630 287 623 296
635 287 629 298
644 287 642 301
647 287 646 302
540 290 539 291
548 290 546 290
554 290 548 288
604 290 601 299
607 290 604 299
616 290 616 299
619 290 614 299
621 290 619 299
630 290 623 299
635 290 629 301
638 290 631 300
647 290 646 305
540 292 539 293
542 292 542 293
548 292 545 294
551 292 549 294
562 292 555 291
588 292 582 296
607 292 603 301
610 292 606 301
613 292 608 301
621 292 619 303
540 295 539 296
542 295 542 296
545 295 544 295
562 295 554 294
565 295 557 294
568 295 560 296
571 295 563 295
573 295 566 295
582 295 574 299
585 295 578 299
599 295 593 302
607 295 602 305
610 295 605 305
613 295 608 305
621 295 619 306
647 295 646 314
559 298 554 297
565 298 557 297
568 298 560 297
571 298 562 298
579 298 571 301
588 298 580 300
590 298 583 300
593 298 587 300
602 298 595 306
610 298 607 310
638 298 628 307
565 301 557 300
568 301 559 301
571 301 562 301
573 301 565 301
579 301 570 301
585 301 575 302
588 301 578 303
590 301 580 305
599 301 589 306
638 301 628 310
644 301 634 312
568 304 559 303
571 304 562 304
576 304 566 304
579 304 569 304
582 304 572 304
585 304 574 305
588 304 577 305
593 304 583 306
596 304 586 306
602 304 592 309
604 304 595 310
621 304 610 311
624 304 613 311
630 304 618 312
633 304 622 312
635 304 625 312
638 304 627 313
562 306 562 313
571 306 562 307
576 306 566 306
585 306 574 308
588 306 577 308
590 306 580 308
593 306 583 309
596 306 586 309
604 306 594 312
607 306 598 313
627 306 615 315
635 306 624 315
579 309 569 308
582 309 571 308
585 309 574 310
588 309 577 311
590 309 580 311
593 309 582 312
596 309 585 312
582 312 571 311
588 312 576 313
590 312 579 314
568 315 565 316
579 315 567 314
582 315 571 315
585 315 573 315
604 315 588 315
