491 252 477 241
494 252 479 241
488 255 475 242
494 258 480 244
497 258 482 243
485 266 467 256
488 266 473 257
491 266 476 257
485 269 467 258
488 272 471 262
491 272 476 259
488 275 471 265
491 275 474 265
494 275 478 262
502 278 500 275
471 283 466 266
469 286 455 274
474 286 460 271
463 289 450 274
466 289 453 275
469 289 455 276
474 289 460 274
497 289 479 270
460 292 447 276
463 292 450 276
460 295 448 279
457 300 443 283
457 312 494 277
460 312 477 275
463 312 479 275
460 314 476 277
463 317 498 281
463 320 467 278
471 320 479 280
474 320 481 280
508 320 440 284
452 323 443 308
469 323 476 280
457 326 462 283
460 326 466 283
463 326 469 283
460 328 464 286
460 331 464 288
469 334 449 313
514 340 491 310
517 340 493 311
519 340 497 310
514 343 491 313
517 343 493 313
519 343 497 313
488 348 449 310
494 348 452 309
480 351 470 322
488 351 459 307
480 354 470 324
491 357 492 345
