328 149 332 147
333 149 337 148
312 154 317 155
317 154 322 153
328 154 332 153
333 154 337 153
338 154 342 153
343 154 347 153
354 154 355 154
364 154 369 154
307 160 313 158
312 160 322 157
317 160 328 158
323 160 332 158
328 160 336 158
338 160 355 158
354 160 358 159
359 160 364 159
364 160 370 158
369 160 374 158
375 160 379 159
380 160 384 159
302 165 306 163
307 165 313 163
312 165 317 164
317 165 327 164
323 165 332 163
328 165 337 163
338 165 353 163
343 165 360 164
354 165 365 164
359 165 369 163
364 165 374 163
375 165 380 164
380 165 384 164
281 170 287 169
291 170 298 169
297 170 302 168
302 170 308 169
307 170 312 169
312 170 322 169
317 170 329 168
323 170 337 168
328 170 343 168
333 170 347 168
338 170 352 168
343 170 358 169
349 170 362 169
359 170 370 168
364 170 375 168
369 170 379 167
380 170 386 170
385 170 390 170
271 175 276 174
276 175 281 174
281 175 287 174
291 175 300 173
297 175 306 174
302 175 317 174
307 175 322 173
312 175 327 174
317 175 332 173
323 175 337 173
328 175 343 173
333 175 348 173
338 175 353 173
343 175 357 173
349 175 362 174
354 175 367 174
364 175 376 173
369 175 379 174
375 175 384 175
385 175 391 175
390 175 395 176
271 180 277 179
276 180 283 179
286 180 291 179
291 180 302 179
297 180 308 179
302 180 316 179
307 180 322 179
312 180 327 178
317 180 334 178
323 180 339 178
328 180 343 178
333 180 348 178
338 180 353 178
343 180 358 179
349 180 362 179
354 180 368 179
359 180 373 179
369 180 379 180
375 180 384 180
380 180 388 180
390 180 397 180
395 180 400 181
276 186 283 185
281 186 287 184
286 186 291 186
302 186 317 184
307 186 323 183
312 186 329 183
317 186 334 183
323 186 339 183
328 186 344 184
333 186 350 184
338 186 354 184
343 186 359 184
349 186 363 184
354 186 368 184
359 186 373 184
369 186 380 184
375 186 385 184
380 186 389 185
385 186 393 185
395 186 401 186
401 186 403 185
265 191 272 192
276 191 283 190
281 191 287 190
286 191 291 191
323 191 338 189
328 191 344 190
333 191 349 190
338 191 354 190
343 191 358 189
349 191 363 190
354 191 368 190
359 191 373 189
369 191 380 190
375 191 385 189
380 191 390 189
385 191 394 190
395 191 401 191
401 191 405 189
265 196 275 197
281 196 286 195
286 196 291 197
302 196 317 191
307 196 323 192
312 196 328 192
323 196 338 196
328 196 342 195
343 196 357 195
349 196 363 195
359 196 371 195
364 196 376 195
369 196 380 195
375 196 385 194
380 196 390 194
385 196 394 195
395 196 401 197
401 196 405 196
271 201 280 200
281 201 286 202
297 201 306 202
307 201 317 202
317 201 332 201
323 201 338 201
328 201 342 201
354 201 366 200
359 201 371 200
364 201 376 200
369 201 380 200
375 201 385 199
380 201 389 200
390 201 397 200
395 201 401 201
401 201 405 202
260 206 265 206
271 206 277 206
276 206 283 206
281 206 286 207
286 206 290 206
291 206 296 206
297 206 307 206
302 206 312 207
307 206 318 208
312 206 323 207
323 206 338 206
354 206 366 206
359 206 371 205
364 206 376 205
369 206 380 205
375 206 384 205
380 206 388 205
390 206 396 206
395 206 401 206
406 206 406 206
260 212 266 210
271 212 276 211
276 212 282 211
281 212 286 212
291 212 300 212
297 212 306 212
302 212 313 213
307 212 318 212
312 212 324 211
317 212 332 211
323 212 336 211
333 212 344 210
349 212 360 210
354 212 366 210
359 212 371 211
364 212 374 210
369 212 380 210
375 212 384 210
385 212 392 211
390 212 396 211
401 212 401 211
406 212 405 211
260 217 265 216
265 217 272 217
271 217 277 217
276 217 282 217
281 217 286 217
286 217 292 218
291 217 300 215
297 217 307 216
302 217 313 217
307 217 318 216
312 217 324 216
317 217 332 215
323 217 336 215
328 217 342 215
333 217 347 215
343 217 354 216
349 217 360 215
354 217 366 215
364 217 375 215
369 217 380 215
375 217 383 215
385 217 392 215
390 217 395 215
401 217 401 216
406 217 406 217
265 222 272 222
271 222 276 222
276 222 281 222
281 222 286 222
286 222 292 223
297 222 307 221
302 222 312 222
307 222 319 222
312 222 327 220
317 222 332 220
323 222 338 221
328 222 342 220
333 222 348 220
343 222 355 220
349 222 360 220
354 222 365 220
364 222 375 221
369 222 379 220
375 222 383 220
385 222 391 220
390 222 395 220
276 227 281 228
281 227 287 227
286 227 294 227
291 227 301 226
297 227 307 226
302 227 317 226
307 227 321 226
312 227 327 226
317 227 333 226
323 227 338 226
328 227 343 226
333 227 348 225
338 227 353 225
349 227 360 225
359 227 370 226
369 227 379 226
380 227 386 226
385 227 391 225
390 227 396 225
401 227 401 227
406 227 405 221
276 232 280 234
281 232 288 234
286 232 294 232
291 232 302 232
297 232 308 231
302 232 314 231
307 232 322 232
312 232 327 231
317 232 333 231
323 232 338 231
328 232 343 231
333 232 348 231
338 232 354 231
343 232 359 230
354 232 365 229
369 232 379 230
380 232 387 230
385 232 392 231
390 232 396 230
401 232 400 231
406 232 405 232
281 238 287 238
286 238 295 238
291 238 303 238
302 238 314 237
317 238 332 237
323 238 337 236
328 238 342 236
333 238 348 236
338 238 354 236
343 238 358 236
364 238 375 232
369 238 379 236
380 238 387 236
385 238 392 236
390 238 396 235
401 238 400 236
281 243 287 244
286 243 295 244
291 243 301 243
297 243 307 242
302 243 314 242
307 243 320 241
312 243 327 241
317 243 332 241
323 243 337 242
328 243 342 241
333 243 348 241
338 243 353 241
349 243 363 241
359 243 371 242
375 243 383 241
385 243 392 241
390 243 396 241
401 243 401 241
286 248 295 249
291 248 300 248
297 248 306 248
302 248 315 247
307 248 321 247
312 248 327 246
317 248 332 246
323 248 337 246
328 248 341 246
333 248 348 246
338 248 353 246
349 248 363 246
364 248 376 241
369 248 379 243
385 248 392 246
390 248 396 246
286 253 293 254
291 253 300 254
297 253 306 253
302 253 313 253
307 253 322 253
312 253 328 252
317 253 333 252
323 253 338 252
328 253 343 252
333 253 348 252
338 253 353 251
343 253 358 251
349 253 363 251
359 253 370 253
364 253 375 247
375 253 384 249
385 253 392 251
390 253 396 251
395 253 400 247
291 258 299 259
297 258 312 258
302 258 318 258
307 258 323 258
312 258 328 258
317 258 334 257
323 258 338 257
328 258 344 257
338 258 353 256
343 258 359 256
349 258 363 256
359 258 368 257
364 258 375 257
369 258 380 254
375 258 384 255
385 258 392 256
390 258 397 256
291 264 300 264
297 264 312 264
302 264 318 263
307 264 324 263
312 264 329 263
317 264 333 263
323 264 338 262
328 264 344 262
333 264 349 262
338 264 354 261
343 264 358 261
364 264 376 262
369 264 380 260
375 264 384 260
401 264 402 257
406 264 406 257
286 269 292 268
291 269 300 270
302 269 319 269
307 269 324 268
312 269 329 268
317 269 333 268
323 269 338 268
328 269 344 267
333 269 348 267
343 269 359 266
349 269 364 265
354 269 369 265
369 269 381 267
375 269 384 267
385 269 390 265
406 269 410 263
286 274 291 274
297 274 307 275
302 274 318 273
307 274 324 273
312 274 329 273
317 274 334 273
323 274 339 273
328 274 343 272
333 274 349 272
338 274 354 270
343 274 359 272
349 274 365 270
354 274 368 270
359 274 374 270
364 274 375 273
369 274 380 272
385 274 390 268
395 274 396 273
406 274 410 269
297 279 308 280
302 279 318 279
307 279 323 278
312 279 329 278
317 279 334 278
323 279 339 278
328 279 344 278
333 279 349 277
338 279 354 277
343 279 359 277
349 279 364 277
354 279 369 277
364 279 374 279
369 279 379 278
380 279 385 279
385 279 389 278
395 279 396 278
401 279 400 279
406 279 412 275
302 284 317 284
307 284 323 284
312 284 329 284
317 284 334 283
323 284 339 283
328 284 344 283
333 284 349 283
343 284 359 283
349 284 364 283
354 284 369 283
364 284 375 285
369 284 379 284
385 284 389 284
390 284 394 284
406 284 406 285
297 290 307 291
302 290 316 290
307 290 321 290
312 290 328 289
317 290 334 289
323 290 339 289
328 290 344 289
333 290 350 289
338 290 354 289
343 290 360 290
349 290 364 290
354 290 368 289
364 290 375 289
375 290 381 290
380 290 385 289
385 290 389 289
390 290 394 289
401 290 407 290
406 290 411 289
302 295 312 296
307 295 321 295
312 295 328 295
317 295 334 294
323 295 339 294
328 295 345 294
333 295 349 294
338 295 354 294
343 295 358 294
349 295 364 294
354 295 368 293
369 295 375 296
375 295 380 296
380 295 384 294
395 295 399 294
401 295 407 294
302 300 312 301
307 300 319 301
312 300 326 300
317 300 332 300
323 300 338 299
328 300 344 299
333 300 349 299
338 300 354 299
343 300 358 300
349 300 364 298
364 300 371 300
369 300 375 299
375 300 379 300
380 300 384 300
385 300 389 299
390 300 394 300
395 300 399 300
307 305 318 306
312 305 322 305
317 305 332 305
323 305 338 305
328 305 344 304
333 305 349 304
338 305 354 304
343 305 359 304
354 305 363 304
364 305 370 305
369 305 374 304
375 305 379 304
380 305 384 305
385 305 389 305
390 305 394 305
395 305 399 305
401 305 404 305
307 310 318 310
312 310 323 310
317 310 333 310
323 310 338 310
328 310 343 310
354 310 359 310
369 310 374 310
375 310 378 310
380 310 384 310
385 310 389 310
390 310 394 310
395 310 399 310
401 310 404 310
406 310 409 310
411 310 415 311
421 310 423 310
432 310 431 310
437 310 437 310
442 310 443 310
323 316 327 315
333 316 339 316
338 316 347 316
349 316 353 316
354 316 360 314
359 316 364 314
369 316 373 315
375 316 378 315
380 316 384 315
385 316 389 316
390 316 394 315
395 316 399 315
401 316 404 315
406 316 409 315
411 316 415 316
416 316 420 316
427 316 428 315
432 316 432 315
437 316 437 316
442 316 443 316
317 321 321 320
323 321 326 320
333 321 339 321
354 321 358 320
359 321 363 321
364 321 368 319
369 321 373 319
375 321 379 320
380 321 384 320
385 321 389 320
390 321 394 320
395 321 399 320
401 321 404 320
406 321 409 320
411 321 415 321
416 321 420 321
432 321 436 322
442 321 443 320
312 326 313 327
317 326 318 327
323 326 326 325
328 326 331 326
343 326 348 327
354 326 358 326
364 326 368 325
369 326 374 324
375 326 378 324
380 326 384 325
385 326 389 325
390 326 394 325
395 326 399 326
401 326 404 326
406 326 409 326
411 326 415 326
416 326 420 327
421 326 425 326
427 326 430 327
437 326 439 325
442 326 442 325
307 331 307 332
317 331 318 332
323 331 324 332
328 331 331 331
338 331 342 332
343 331 347 333
349 331 353 331
359 331 363 330
364 331 368 330
369 331 373 330
375 331 378 330
380 331 384 330
385 331 389 331
390 331 394 331
395 331 399 331
401 331 404 331
406 331 410 332
411 331 415 332
416 331 419 332
427 331 431 331
302 336 302 337
307 336 309 336
312 336 314 337
317 336 318 337
323 336 324 337
328 336 330 336
338 336 342 337
343 336 347 337
349 336 352 337
354 336 357 336
359 336 362 336
364 336 368 335
369 336 373 335
375 336 378 336
380 336 383 336
385 336 389 336
390 336 394 336
395 336 399 336
401 336 404 337
406 336 409 337
411 336 415 337
416 336 420 337
421 336 425 337
