649 181 644 187
666 181 661 188
718 198 714 205
788 198 786 206
632 215 627 221
649 215 645 222
753 215 748 222
788 215 783 222
805 215 803 222
684 233 679 239
770 233 766 240
649 250 643 257
666 250 661 256
684 250 679 256
788 267 787 273
805 267 803 275
736 285 731 291
753 285 751 292
805 302 798 309
510 319 507 325
545 319 541 325
493 337 489 343
510 337 507 343
528 337 523 342
545 337 541 342
562 337 558 342
580 337 577 343
597 337 593 342
614 337 610 342
753 337 748 344
770 337 763 343
788 337 783 343
528 354 524 359
545 354 541 360
580 354 576 360
597 354 595 360
614 354 611 360
770 354 764 359
510 371 507 377
528 371 523 378
562 371 558 377
580 371 578 378
597 371 595 378
614 371 611 378
649 371 645 376
666 371 662 375
701 371 695 377
718 371 713 376
788 371 783 377
805 371 802 377
562 389 559 394
580 389 576 394
632 389 629 395
701 389 696 394
736 389 730 394
493 406 489 411
510 406 507 410
562 406 558 411
580 406 576 411
597 406 592 411
614 406 611 411
632 406 627 412
649 406 643 412
666 406 661 412
736 406 731 411
788 406 781 412
805 406 798 411
77 424 72 428
493 424 489 429
510 424 506 428
580 424 575 428
614 424 610 429
632 424 629 430
649 424 645 429
736 424 730 429
770 424 766 430
805 424 798 428
94 441 89 446
493 441 490 445
597 441 593 445
614 441 610 445
649 441 645 446
718 441 713 445
736 441 731 446
805 441 801 446
580 458 575 463
614 458 610 463
632 458 627 463
649 458 645 463
666 458 661 462
770 458 764 462
788 458 781 460
805 458 800 462
42 476 40 478
111 476 110 477
129 476 129 477
458 476 458 477
476 476 475 477
493 476 493 477
562 476 559 477
597 476 593 478
614 476 609 478
684 476 680 477
770 476 764 476
788 476 782 477
805 476 799 476
