449 239 451 239
430 241 430 242
436 241 435 241
438 241 438 242
441 241 441 242
444 241 447 242
446 241 449 242
449 241 451 242
455 241 457 242
408 244 408 245
411 244 411 244
414 244 414 244
427 244 427 244
430 244 430 244
433 244 433 244
436 244 436 244
438 244 438 244
441 244 441 244
444 244 443 244
446 244 446 244
449 244 450 244
452 244 453 244
408 247 408 247
411 247 411 247
414 247 414 247
416 247 416 247
419 247 419 247
430 247 430 247
433 247 432 247
436 247 435 247
438 247 438 247
441 247 441 247
444 247 444 247
446 247 446 247
449 247 449 247
452 247 452 247
460 247 459 247
383 250 383 252
405 250 406 250
408 250 408 250
411 250 411 250
414 250 414 250
419 250 419 250
422 250 422 250
425 250 425 250
457 250 457 250
460 250 460 250
463 250 463 250
466 250 466 250
408 252 408 253
411 252 411 252
414 252 414 252
416 252 416 252
419 252 419 252
422 252 422 252
425 252 424 252
427 252 428 252
430 252 430 252
433 252 433 252
436 252 436 252
438 252 438 252
441 252 441 252
444 252 443 252
446 252 446 252
449 252 449 252
452 252 452 252
455 252 454 252
457 252 457 252
460 252 460 252
463 252 463 252
411 255 411 255
414 255 414 255
416 255 416 255
419 255 419 255
422 255 422 255
425 255 424 255
427 255 427 255
430 255 430 255
433 255 433 255
436 255 436 255
438 255 438 255
441 255 441 255
444 255 444 255
446 255 447 255
449 255 449 255
452 255 452 255
455 255 454 255
457 255 457 255
460 255 460 255
463 255 463 255
466 255 466 255
411 258 411 257
422 258 421 257
425 258 424 257
427 258 427 258
433 258 432 258
436 258 435 258
438 258 438 258
441 258 441 258
444 258 444 257
446 258 447 257
449 258 449 257
452 258 452 258
455 258 455 258
457 258 458 257
460 258 461 257
463 258 463 258
466 258 466 257
468 258 468 258
403 261 402 258
419 261 419 258
433 261 432 260
436 261 435 261
438 261 438 261
441 261 441 260
444 261 444 260
452 261 452 260
455 261 455 260
457 261 458 260
460 261 461 261
463 261 463 261
466 261 466 260
468 261 468 260
392 263 393 271
411 263 411 261
422 263 420 263
427 263 428 264
430 263 431 263
433 263 433 263
436 263 435 264
438 263 438 264
441 263 441 264
444 263 444 263
449 263 449 263
452 263 452 263
455 263 455 263
457 263 458 263
460 263 461 263
463 263 463 264
468 263 468 262
389 266 392 271
414 266 413 266
416 266 416 266
425 266 425 267
430 266 430 266
438 266 439 266
441 266 441 266
444 266 444 266
449 266 449 266
452 266 452 266
455 266 455 266
460 266 461 266
463 266 463 266
466 266 466 264
416 269 416 268
422 269 419 266
430 269 430 269
438 269 438 268
441 269 441 268
444 269 444 269
446 269 447 269
449 269 449 269
452 269 452 268
463 269 463 269
466 269 466 269
468 269 468 269
444 272 444 272
452 272 452 271
463 272 463 272
466 272 466 272
468 272 468 272
416 274 416 271
449 274 451 277
460 274 460 274
466 274 466 274
414 277 414 274
416 277 416 274
460 277 460 277
468 277 468 277
441 280 441 277
444 280 444 283
446 280 447 283
460 280 460 280
463 280 463 277
466 280 466 280
468 280 468 279
414 282 417 279
422 282 422 280
425 282 424 283
444 282 444 285
446 282 447 285
463 282 463 282
466 282 466 282
468 282 468 283
408 285 408 288
411 285 411 283
414 285 416 282
422 285 422 282
430 285 433 288
444 285 444 288
446 285 446 287
463 285 463 285
466 285 466 285
468 285 468 286
408 288 408 285
414 288 414 288
422 288 421 285
425 288 425 285
427 288 429 291
430 288 433 291
452 288 452 288
455 288 455 288
460 288 460 288
463 288 463 288
466 288 466 288
471 288 471 288
474 288 474 288
477 288 477 288
479 288 479 288
408 291 408 291
411 291 411 288
414 291 414 291
422 291 422 294
427 291 430 293
452 291 452 291
455 291 455 291
460 291 460 291
463 291 463 291
466 291 466 291
471 291 471 291
474 291 474 290
477 291 477 291
479 291 479 291
482 291 482 291
485 291 485 291
488 291 488 291
490 291 491 291
493 291 493 291
422 293 423 297
452 293 452 293
455 293 455 294
460 293 461 294
463 293 463 294
471 293 471 293
474 293 473 293
477 293 476 294
479 293 479 293
482 293 482 293
485 293 484 293
488 293 487 293
490 293 490 293
493 293 493 293
408 296 408 296
411 296 411 297
457 296 458 296
460 296 461 296
463 296 463 297
471 296 471 296
474 296 474 296
477 296 476 296
479 296 479 296
482 296 482 296
485 296 484 296
488 296 487 296
490 296 490 296
493 296 493 296
408 299 408 299
427 299 428 300
436 299 436 302
449 299 449 296
460 299 461 299
463 299 463 299
471 299 471 299
474 299 474 299
477 299 476 299
479 299 479 299
482 299 482 299
485 299 485 299
488 299 487 299
490 299 490 299
493 299 493 299
403 302 403 302
405 302 405 302
408 302 408 302
411 302 411 301
414 302 413 300
416 302 419 300
433 302 430 304
444 302 444 302
446 302 447 302
449 302 449 302
457 302 457 301
463 302 463 301
471 302 471 302
474 302 474 302
477 302 476 302
479 302 479 302
482 302 482 302
485 302 485 302
488 302 488 302
490 302 490 302
493 302 493 301
392 304 392 304
394 304 395 304
397 304 397 304
400 304 400 304
403 304 402 304
405 304 406 304
411 304 411 304
414 304 414 302
416 304 419 302
433 304 430 307
441 304 441 304
444 304 444 304
446 304 447 305
452 304 450 305
455 304 452 305
457 304 457 304
463 304 462 304
468 304 468 304
471 304 471 304
474 304 473 305
477 304 476 304
479 304 479 304
482 304 482 304
485 304 485 304
488 304 487 304
490 304 490 304
493 304 493 304
381 307 381 307
389 307 389 307
392 307 392 307
394 307 394 307
397 307 397 307
400 307 399 307
403 307 402 307
405 307 405 307
408 307 408 307
414 307 414 307
416 307 416 308
425 307 425 309
441 307 441 307
444 307 443 307
452 307 450 307
455 307 452 307
457 307 457 307
463 307 463 307
466 307 466 307
471 307 471 307
474 307 474 307
477 307 476 307
479 307 479 307
482 307 482 307
485 307 485 307
488 307 487 307
490 307 490 307
493 307 493 307
381 310 381 310
383 310 383 310
386 310 387 310
389 310 389 310
392 310 392 310
394 310 395 310
397 310 397 310
400 310 400 309
403 310 402 309
405 310 405 310
408 310 408 310
411 310 411 310
414 310 414 311
416 310 416 310
419 310 418 310
422 310 421 310
430 310 433 309
441 310 441 310
444 310 443 310
449 310 450 310
452 310 452 310
455 310 455 309
457 310 457 310
463 310 463 310
468 310 468 310
471 310 471 310
474 310 474 310
477 310 477 310
479 310 480 310
482 310 482 309
485 310 485 309
488 310 488 310
490 310 490 310
493 310 493 310
378 313 378 313
381 313 381 313
383 313 384 313
386 313 387 313
389 313 389 312
392 313 392 312
394 313 395 312
397 313 397 312
400 313 400 312
403 313 402 312
405 313 405 312
408 313 408 313
411 313 411 313
414 313 414 313
419 313 418 313
422 313 421 313
425 313 425 313
427 313 428 313
430 313 433 312
433 313 435 312
438 313 439 313
441 313 441 312
444 313 444 312
446 313 446 313
449 313 450 312
452 313 452 312
455 313 455 312
460 313 460 312
463 313 463 313
466 313 466 312
468 313 468 312
477 313 477 312
479 313 479 312
482 313 482 313
485 313 484 313
488 313 487 313
490 313 490 313
493 313 493 313
378 315 378 316
381 315 381 315
383 315 384 315
386 315 387 315
389 315 389 315
392 315 392 315
394 315 395 315
397 315 398 315
400 315 400 315
403 315 403 315
408 315 408 315
411 315 411 315
414 315 414 315
416 315 416 315
419 315 419 315
422 315 425 316
425 315 428 316
430 315 431 315
433 315 435 315
438 315 439 315
441 315 441 316
444 315 444 315
446 315 446 315
452 315 452 315
455 315 455 316
460 315 460 315
463 315 463 315
466 315 466 315
468 315 468 315
471 315 471 315
474 315 474 315
477 315 477 315
479 315 479 315
482 315 482 315
485 315 484 315
488 315 487 316
490 315 490 316
493 315 493 315
378 318 378 318
381 318 381 318
383 318 384 318
386 318 387 318
389 318 389 318
392 318 392 318
394 318 395 318
397 318 397 318
400 318 400 318
403 318 403 318
405 318 406 318
408 318 409 318
411 318 411 318
414 318 414 318
416 318 416 318
419 318 419 318
427 318 427 318
430 318 430 318
433 318 433 318
436 318 436 318
438 318 438 318
441 318 441 318
444 318 444 318
446 318 446 318
449 318 449 318
452 318 452 318
455 318 454 318
457 318 457 318
460 318 460 318
463 318 463 318
466 318 466 318
468 318 469 318
471 318 471 318
474 318 474 319
477 318 477 318
479 318 479 318
482 318 482 318
485 318 485 318
488 318 487 318
490 318 490 318
493 318 493 318
378 321 378 321
381 321 381 321
383 321 384 321
386 321 387 321
389 321 389 321
392 321 392 321
394 321 394 321
397 321 397 321
403 321 403 321
405 321 406 321
408 321 409 321
411 321 411 321
414 321 414 321
416 321 416 321
419 321 419 321
422 321 423 321
425 321 425 321
427 321 428 321
430 321 430 321
433 321 433 321
436 321 436 321
438 321 438 320
441 321 441 320
444 321 444 320
446 321 446 321
449 321 449 321
452 321 452 321
455 321 455 321
457 321 458 320
460 321 461 320
463 321 463 320
466 321 466 320
468 321 468 320
471 321 471 321
474 321 474 321
477 321 477 321
479 321 479 321
482 321 482 321
485 321 485 321
488 321 487 321
490 321 490 321
493 321 493 321
378 324 378 324
381 324 380 324
383 324 383 324
386 324 386 324
389 324 389 324
392 324 392 323
403 324 403 323
405 324 406 323
408 324 409 323
427 324 428 323
430 324 430 323
433 324 433 323
436 324 436 324
438 324 438 323
441 324 441 323
444 324 443 323
446 324 446 323
449 324 449 324
452 324 452 324
455 324 455 323
457 324 458 323
460 324 460 323
463 324 463 323
466 324 466 323
468 324 468 323
471 324 471 323
474 324 474 323
477 324 477 324
479 324 480 324
482 324 482 323
485 324 485 323
488 324 487 323
490 324 490 324
493 324 493 324
378 326 378 326
381 326 381 326
383 326 383 326
386 326 386 326
389 326 388 326
392 326 391 326
394 326 394 326
397 326 397 326
400 326 400 326
411 326 411 326
414 326 414 326
419 326 419 326
422 326 422 326
425 326 425 325
427 326 427 325
430 326 430 326
433 326 433 326
436 326 436 326
438 326 438 326
441 326 441 326
444 326 444 326
446 326 447 326
449 326 449 326
452 326 452 326
455 326 455 326
457 326 457 326
460 326 460 326
463 326 463 326
466 326 466 326
468 326 468 326
471 326 471 326
474 326 475 327
477 326 477 327
479 326 480 327
482 326 482 326
485 326 485 326
488 326 488 326
490 326 490 326
493 326 493 326
378 329 378 329
381 329 381 329
383 329 384 329
386 329 386 329
389 329 389 329
392 329 391 329
394 329 394 329
397 329 397 329
400 329 400 329
403 329 403 329
405 329 406 329
408 329 409 329
411 329 411 329
414 329 414 329
416 329 416 329
419 329 419 329
422 329 422 329
425 329 425 329
427 329 427 329
430 329 430 329
433 329 433 329
436 329 436 328
438 329 439 328
441 329 441 328
444 329 444 329
446 329 447 329
449 329 450 329
452 329 452 329
455 329 455 329
457 329 457 329
463 329 463 330
466 329 466 329
468 329 468 329
471 329 471 329
474 329 474 329
477 329 477 329
479 329 480 329
482 329 482 329
485 329 485 329
488 329 487 329
490 329 490 329
493 329 493 329
381 332 381 332
383 332 384 332
386 332 387 332
389 332 389 332
392 332 392 331
394 332 395 331
397 332 397 332
400 332 400 331
403 332 403 332
405 332 406 331
408 332 408 331
411 332 411 331
414 332 413 331
416 332 416 331
419 332 419 331
422 332 422 331
425 332 425 331
427 332 428 331
430 332 430 332
433 332 433 331
436 332 436 331
438 332 439 331
441 332 441 331
444 332 444 331
446 332 447 331
449 332 449 332
452 332 452 332
455 332 455 332
457 332 457 332
460 332 460 332
463 332 464 332
466 332 466 332
468 332 469 332
471 332 471 332
474 332 476 332
479 332 480 332
482 332 483 332
485 332 485 332
488 332 487 332
490 332 490 332
493 332 493 332
378 335 378 334
383 335 386 335
389 335 389 334
392 335 392 334
394 335 395 334
397 335 397 334
400 335 400 334
403 335 403 334
405 335 405 335
408 335 408 334
411 335 410 334
414 335 413 334
416 335 417 334
419 335 419 334
422 335 422 334
425 335 425 334
427 335 428 334
430 335 430 334
433 335 433 334
436 335 436 334
438 335 438 334
441 335 441 334
444 335 444 334
446 335 447 334
449 335 450 334
452 335 452 334
455 335 455 334
457 335 457 335
460 335 460 335
463 335 463 335
466 335 466 335
468 335 468 335
471 335 471 334
474 335 474 334
482 335 482 334
485 335 485 335
488 335 488 335
490 335 490 335
493 335 493 334
378 337 378 337
381 337 381 337
389 337 389 337
392 337 392 337
394 337 394 337
397 337 398 337
400 337 400 337
403 337 403 337
405 337 405 337
408 337 408 337
411 337 411 337
414 337 414 337
416 337 417 337
419 337 420 337
422 337 422 337
425 337 425 337
427 337 428 337
430 337 430 337
433 337 433 337
436 337 436 337
438 337 438 337
441 337 441 337
444 337 443 337
446 337 446 337
449 337 449 337
452 337 451 337
455 337 455 337
457 337 458 337
460 337 460 337
463 337 463 337
466 337 466 337
468 337 469 337
471 337 471 337
474 337 474 337
477 337 476 337
479 337 479 337
482 337 482 337
485 337 485 337
488 337 487 337
493 337 493 337
