42 77 37 70
163 94 153 66
181 94 171 61
42 111 40 102
59 111 58 100
77 111 74 96
94 111 91 93
129 111 119 89
163 111 157 83
181 111 175 79
458 111 446 35
476 111 466 24
493 111 503 24
42 129 43 119
59 129 60 116
77 129 77 113
94 129 95 110
111 129 114 106
146 129 143 103
163 129 159 101
181 129 177 98
198 129 195 95
441 129 436 55
458 129 453 53
493 129 501 46
510 129 518 44
528 129 542 18
42 146 49 134
77 146 87 129
94 146 103 126
111 146 122 124
129 146 138 122
146 146 159 119
198 146 200 111
215 146 214 109
233 146 235 106
424 146 421 76
441 146 439 73
458 146 455 73
528 146 543 57
545 146 566 53
562 146 586 49
580 146 623 36
597 146 637 30
614 146 656 27
476 163 481 55
528 163 533 78
545 163 562 74
562 163 585 71
597 163 638 57
614 163 656 51
632 163 672 46
424 181 430 96
458 181 467 79
476 181 482 72
493 181 503 69
528 181 549 102
545 181 567 99
580 181 602 86
597 181 622 85
614 181 643 77
632 181 667 70
406 198 413 116
424 198 431 113
458 198 470 101
476 198 487 93
493 198 504 92
545 198 574 118
562 198 587 114
580 198 606 106
597 198 625 102
614 198 645 95
632 198 666 93
354 215 358 141
371 215 377 138
389 215 395 135
406 215 415 132
424 215 433 129
441 215 452 126
580 215 607 125
597 215 628 122
614 215 646 118
632 215 666 109
337 233 340 159
354 233 360 157
371 233 378 154
389 233 398 151
406 233 417 149
424 233 435 146
441 233 454 143
458 233 472 141
476 233 493 138
493 233 513 136
528 233 553 131
562 233 595 144
580 233 613 144
597 233 633 141
614 233 648 137
632 233 667 142
319 250 327 179
337 250 344 176
354 250 363 174
371 250 381 171
389 250 400 168
406 250 419 166
424 250 437 163
441 250 457 161
458 250 475 158
476 250 494 156
493 250 515 153
510 250 534 150
528 250 555 148
545 250 574 146
562 250 597 160
580 250 615 162
614 250 651 154
267 267 272 224
285 267 300 207
319 267 330 199
337 267 347 196
354 267 364 190
371 267 382 188
389 267 402 185
406 267 420 182
424 267 440 180
441 267 459 177
458 267 478 175
476 267 498 173
493 267 517 170
528 267 556 165
545 267 576 162
597 267 632 174
614 267 652 171
285 285 302 227
337 285 350 214
354 285 367 209
371 285 385 205
389 285 405 202
406 285 423 199
424 285 442 196
441 285 462 195
458 285 481 192
476 285 499 189
493 285 519 188
510 285 538 184
528 285 558 182
562 285 600 197
580 285 618 198
597 285 636 192
614 285 653 193
233 302 255 253
250 302 272 252
267 302 289 249
285 302 307 247
302 302 323 242
337 302 354 232
354 302 370 228
371 302 388 222
389 302 407 220
406 302 426 218
424 302 444 214
441 302 463 212
458 302 482 209
476 302 502 206
493 302 521 204
510 302 541 202
528 302 562 202
545 302 581 209
562 302 603 204
580 302 622 203
597 302 638 206
215 319 241 274
233 319 257 270
250 319 276 267
302 319 329 260
337 319 357 250
354 319 373 245
371 319 391 243
389 319 410 239
406 319 429 236
424 319 446 233
441 319 465 230
458 319 485 227
476 319 504 225
493 319 523 221
510 319 542 220
528 319 563 223
580 319 624 221
267 337 298 287
285 337 318 283
337 337 361 270
354 337 377 265
371 337 395 262
389 337 413 259
406 337 432 256
424 337 449 252
441 337 468 249
458 337 487 245
476 337 507 242
493 337 526 240
510 337 547 238
545 337 586 240
562 337 604 237
267 354 302 307
285 354 321 303
302 354 337 302
337 354 364 289
354 354 380 283
371 354 398 280
389 354 417 279
406 354 434 275
424 354 452 270
441 354 471 268
458 354 489 264
476 354 509 261
493 354 529 258
510 354 550 258
545 354 589 258
562 354 607 255
580 354 627 252
267 371 306 322
285 371 326 321
302 371 341 318
319 371 355 314
354 371 384 303
371 371 403 300
389 371 422 297
406 371 440 295
424 371 458 291
441 371 475 287
458 371 493 284
476 371 512 281
493 371 530 277
528 371 570 279
545 371 588 276
562 371 610 274
250 389 289 344
267 389 308 339
285 389 328 336
302 389 342 334
319 389 360 332
337 389 376 328
371 389 408 320
389 389 426 317
424 389 461 311
441 389 478 306
458 389 496 302
476 389 514 298
493 389 532 294
528 389 574 300
562 389 609 301
233 406 288 352
267 406 313 356
285 406 331 354
302 406 351 352
319 406 363 348
337 406 379 345
354 406 395 342
389 406 429 336
406 406 447 333
424 406 465 331
441 406 482 325
458 406 500 322
476 406 517 318
493 406 536 313
510 406 557 315
528 406 576 318
545 406 593 322
562 406 612 323
580 406 633 312
597 406 649 314
215 424 262 380
250 424 317 393
285 424 333 371
319 424 371 363
337 424 381 363
354 424 399 360
389 424 432 355
406 424 450 352
424 424 468 349
441 424 486 345
458 424 504 342
476 424 521 336
493 424 539 333
510 424 558 330
528 424 578 336
545 424 596 342
562 424 614 340
580 424 634 333
597 424 656 327
614 424 677 333
215 441 264 404
302 441 357 387
319 441 373 384
337 441 387 379
354 441 402 378
371 441 420 375
406 441 454 370
424 441 472 367
441 441 489 364
476 441 523 356
493 441 541 351
528 441 580 355
562 441 617 357
597 441 657 342
198 458 265 434
215 458 287 433
250 458 322 430
267 458 335 429
319 458 372 405
337 458 394 398
354 458 414 395
371 458 427 392
389 458 440 391
424 458 476 382
458 458 510 379
476 458 526 373
493 458 545 374
510 458 563 375
528 458 585 373
562 458 620 376
580 458 640 361
597 458 658 361
614 458 675 357
198 476 293 473
233 476 351 478
250 476 385 475
406 476 462 405
424 476 479 402
458 476 509 400
476 476 528 397
510 476 567 393
528 476 587 392
597 476 660 377
