430 217 430 216
467 217 495 216
493 219 504 218
496 219 496 219
527 219 527 221
435 230 432 260
490 230 500 227
430 232 429 266
535 232 535 235
430 235 430 269
435 235 432 266
480 235 490 237
482 235 492 236
493 235 500 230
535 235 535 238
538 235 538 240
435 238 433 269
493 238 500 233
435 240 433 272
437 240 435 272
488 240 494 235
490 240 500 236
435 243 433 274
485 243 489 239
490 243 501 239
490 246 501 243
496 248 504 246
461 256 516 244
519 259 521 239
525 259 526 233
482 261 485 248
485 261 490 247
517 261 512 237
519 261 515 237
522 261 518 237
530 261 527 245
535 261 532 261
432 264 440 285
488 264 493 247
517 264 474 281
530 264 528 248
535 264 532 264
432 267 440 288
482 267 488 252
485 267 491 252
488 267 493 251
522 267 531 256
535 267 536 248
485 269 491 254
488 269 494 253
496 269 505 252
498 269 526 241
451 272 445 219
480 272 477 256
496 272 476 275
535 272 536 273
477 275 475 258
480 275 478 258
482 275 483 258
503 275 509 268
538 275 538 275
480 277 478 260
501 277 505 272
509 277 516 269
511 277 516 240
525 277 520 257
527 277 522 256
506 280 513 273
509 280 516 273
530 280 523 236
538 280 538 233
517 283 513 268
437 285 431 223
443 285 436 223
453 285 444 222
459 285 450 221
474 285 470 218
511 285 509 289
535 285 536 243
437 288 432 225
440 288 435 225
443 288 437 225
453 288 444 225
459 288 451 224
469 288 465 219
472 288 468 220
474 288 470 222
493 288 483 309
496 288 486 308
511 288 509 291
517 288 516 294
519 288 502 298
535 288 535 246
437 290 432 228
440 290 435 228
456 290 448 227
469 290 465 222
493 290 484 312
496 290 487 311
506 290 483 286
509 290 486 286
519 290 504 300
533 290 533 247
430 293 430 238
435 293 432 234
437 293 432 231
440 293 434 232
443 293 437 230
456 293 448 231
461 293 454 227
464 293 457 225
467 293 463 226
472 293 468 225
496 293 486 315
509 293 486 289
514 293 468 279
430 296 429 240
443 296 437 234
445 296 440 234
448 296 443 234
453 296 446 233
459 296 452 229
461 296 455 229
464 296 457 228
467 296 460 228
469 296 462 229
472 296 465 225
443 298 438 237
445 298 441 236
448 298 444 235
464 298 457 231
467 298 461 232
469 298 463 232
472 298 466 231
533 298 526 293
437 301 433 239
440 301 436 239
443 301 439 238
461 301 455 234
469 301 463 234
517 301 489 294
519 301 514 309
530 301 522 297
533 301 526 296
448 304 444 240
461 304 456 237
517 304 490 297
530 304 522 299
533 304 535 290
535 304 534 311
538 304 538 257
448 306 445 242
451 306 447 242
472 306 467 236
474 306 470 237
538 306 538 261
437 309 436 245
456 309 450 241
459 309 452 240
461 309 458 240
469 309 464 239
474 309 470 239
514 309 508 306
533 309 530 318
538 309 538 264
430 312 429 312
437 312 436 248
456 312 450 243
459 312 453 243
469 312 464 242
501 312 504 313
511 312 518 291
533 312 537 307
538 312 538 294
430 314 429 315
453 314 445 247
456 314 448 247
467 314 467 241
469 314 470 241
474 314 459 283
477 314 486 260
535 314 535 295
538 314 538 297
437 317 434 313
448 317 437 251
453 317 445 250
456 317 448 249
461 317 457 248
490 317 526 316
538 317 538 300
430 320 429 320
437 320 435 316
527 320 521 317
538 320 538 303
430 322 430 323
435 322 432 322
485 322 483 322
488 322 472 322
490 322 476 321
501 322 498 321
506 322 501 318
511 322 509 320
533 322 533 320
535 322 536 320
538 322 538 321
435 325 432 325
437 325 435 325
440 325 439 324
443 325 442 324
490 325 487 325
493 325 491 326
496 325 515 325
501 325 499 324
506 325 501 321
509 325 506 323
511 325 510 323
514 325 516 323
522 325 524 324
535 325 535 323
538 325 538 324
430 327 430 328
435 327 432 328
437 327 436 328
440 327 439 327
443 327 442 327
445 327 445 327
490 327 488 328
496 327 476 327
498 327 519 327
503 327 493 327
506 327 459 328
509 327 507 326
511 327 510 326
514 327 517 327
527 327 522 327
530 327 525 327
538 327 538 328
