181 163 130 70
406 215 392 72
424 215 412 69
458 215 450 41
389 233 370 94
406 233 394 90
424 233 416 86
458 233 454 65
476 233 475 60
354 250 332 117
371 250 354 113
389 250 374 109
406 250 397 108
424 250 418 105
493 250 500 93
319 267 292 141
337 267 312 137
354 267 334 133
371 267 355 131
389 267 379 129
406 267 400 127
424 267 420 124
441 267 441 120
476 267 482 115
493 267 503 111
510 267 525 111
302 285 279 166
319 285 296 161
337 285 317 155
354 285 337 154
371 285 357 150
389 285 378 147
406 285 400 145
424 285 421 142
441 285 442 139
458 285 463 136
476 285 485 134
493 285 505 131
510 285 527 129
528 285 548 127
285 302 268 192
302 302 286 189
319 302 301 181
337 302 321 176
354 302 341 172
371 302 360 169
389 302 381 165
406 302 403 163
424 302 423 161
441 302 445 158
458 302 466 155
476 302 488 153
493 302 508 148
510 302 530 147
545 302 566 155
285 319 274 215
319 319 307 203
337 319 324 198
354 319 343 192
371 319 364 188
389 319 384 184
406 319 405 180
424 319 427 179
441 319 447 176
458 319 469 173
476 319 491 172
493 319 512 168
510 319 533 167
233 337 220 243
250 337 244 238
267 337 264 236
319 337 311 222
337 337 330 218
354 337 346 212
371 337 368 208
389 337 387 205
406 337 408 201
424 337 430 198
441 337 450 195
458 337 472 193
476 337 494 190
493 337 515 188
510 337 535 187
562 337 592 193
319 354 316 244
337 354 333 237
354 354 351 233
371 354 371 230
389 354 391 226
406 354 412 222
424 354 433 218
441 354 454 215
458 354 475 212
476 354 495 210
493 354 517 207
510 354 537 207
562 354 600 206
319 371 320 263
337 371 337 258
354 371 355 253
371 371 375 251
389 371 395 247
406 371 415 243
424 371 436 239
441 371 456 236
458 371 478 232
476 371 499 229
493 371 519 226
510 371 539 228
528 371 561 230
562 371 600 222
285 389 299 296
337 389 341 277
354 389 360 275
371 389 380 270
389 389 403 268
406 389 421 265
424 389 441 261
441 389 460 257
458 389 481 252
476 389 501 248
493 389 522 248
528 389 563 248
545 389 582 244
562 389 603 241
267 406 285 315
285 406 302 314
389 406 407 288
406 406 426 284
424 406 446 282
441 406 464 277
458 406 484 274
476 406 504 269
528 406 565 268
545 406 583 265
267 424 288 337
285 424 308 334
319 424 342 324
354 424 374 315
371 424 392 312
389 424 411 309
424 424 448 302
441 424 467 297
458 424 486 293
476 424 507 287
493 424 528 285
528 424 566 288
302 441 326 348
337 441 362 338
371 441 397 330
389 441 414 327
406 441 433 324
441 441 472 316
458 441 489 313
476 441 509 309
493 441 530 305
528 441 567 307
562 441 607 301
580 441 627 297
319 458 350 362
354 458 384 351
424 458 455 340
458 458 493 331
476 458 512 328
493 458 532 324
580 458 630 315
476 476 515 346
510 476 552 347
