562 146 647 188
580 146 664 188
684 146 789 194
562 163 646 205
580 163 664 206
597 163 684 207
614 163 710 206
632 163 729 207
649 163 749 210
666 163 767 211
684 163 788 213
701 163 808 214
545 181 628 221
562 181 642 222
580 181 661 223
597 181 678 224
649 181 747 229
666 181 770 231
684 181 788 231
701 181 805 234
545 198 627 239
562 198 641 240
580 198 660 240
597 198 678 243
545 215 625 257
562 215 641 257
580 215 660 258
597 215 676 260
684 215 782 269
701 215 805 271
528 233 604 273
545 233 620 274
562 233 639 275
580 233 659 278
597 233 678 279
614 233 698 281
493 250 566 288
510 250 582 288
528 250 604 290
545 250 619 292
562 250 639 292
580 250 658 293
597 250 677 295
614 250 696 298
649 250 740 300
666 250 760 305
701 250 810 312
458 267 529 301
476 267 546 302
493 267 564 304
510 267 584 305
545 267 619 307
562 267 637 309
597 267 675 312
614 267 694 315
632 267 719 318
649 267 736 317
666 267 756 321
701 267 810 331
441 285 511 319
458 285 528 319
476 285 546 319
493 285 565 320
510 285 581 322
528 285 598 322
562 285 636 327
597 285 674 331
614 285 693 333
649 285 736 339
666 285 754 340
701 285 813 353
441 302 510 335
493 302 563 340
510 302 580 340
528 302 598 340
545 302 618 342
614 302 691 350
632 302 715 353
649 302 734 357
666 302 754 360
701 302 812 371
424 319 491 351
441 319 508 352
458 319 527 352
476 319 544 354
493 319 561 358
528 319 599 358
545 319 616 360
562 319 632 359
580 319 653 362
597 319 673 364
632 319 709 371
649 319 734 375
666 319 756 378
684 319 775 381
701 319 797 383
476 337 542 370
510 337 579 374
528 337 596 376
545 337 622 382
562 337 641 389
580 337 653 380
597 337 672 381
614 337 687 380
632 337 713 390
649 337 735 394
666 337 755 396
684 337 776 399
701 337 801 403
389 354 455 379
406 354 472 381
441 354 506 388
458 354 524 387
476 354 542 388
493 354 559 389
510 354 577 392
545 354 622 402
580 354 650 402
597 354 669 406
614 354 686 397
632 354 711 409
649 354 734 413
684 354 775 418
701 354 796 420
424 371 488 406
458 371 523 404
493 371 558 408
510 371 576 410
528 371 592 410
580 371 651 420
614 371 684 413
632 371 710 427
649 371 735 433
684 371 775 436
701 371 799 439
424 389 486 424
441 389 503 421
476 389 539 425
493 389 557 426
510 389 574 427
528 389 594 430
545 389 612 431
562 389 630 436
614 389 689 443
632 389 709 445
666 389 753 453
684 389 774 452
701 389 797 457
441 406 500 439
476 406 538 442
493 406 558 444
510 406 572 445
528 406 592 447
545 406 611 446
614 406 690 462
649 406 735 468
424 424 483 454
441 424 499 454
458 424 518 456
476 424 537 458
493 424 556 461
510 424 571 463
528 424 591 466
562 424 626 465
597 424 660 466
406 441 463 468
476 441 533 473
493 441 555 473
510 441 571 476
528 441 588 479
424 458 491 470
545 476 622 476
770 476 786 478
788 476 799 476
