42 77 45 30
111 77 113 26
129 77 132 25
25 94 28 49
77 94 77 45
94 94 97 46
111 94 114 44
129 94 131 43
389 94 403 32
476 94 521 12
493 94 574 26
25 111 28 66
42 111 46 64
77 111 66 60
94 111 98 63
111 111 117 63
129 111 134 62
146 111 153 62
389 111 412 37
441 111 492 48
493 111 543 30
510 111 576 38
528 111 596 41
25 129 26 86
42 129 49 83
77 129 84 82
94 129 102 81
111 129 121 81
129 129 136 81
163 129 154 83
371 129 387 66
389 129 407 66
441 129 471 48
458 129 490 80
476 129 512 78
493 129 534 78
510 129 556 78
528 129 584 75
545 129 609 57
42 146 52 104
371 146 396 80
423 146 449 60
458 146 490 99
476 146 511 98
493 146 531 98
510 146 548 99
528 146 570 92
545 146 596 93
562 146 624 76
406 163 430 84
423 163 449 83
458 163 492 117
476 163 510 117
493 163 531 116
510 163 548 115
528 163 567 114
545 163 590 109
562 163 616 114
354 181 370 120
371 181 392 116
406 181 431 104
423 181 451 105
441 181 471 104
476 181 509 136
493 181 527 135
510 181 548 132
528 181 567 132
545 181 590 132
562 181 614 133
337 198 351 137
354 198 372 137
371 198 391 136
389 198 411 134
406 198 431 128
423 198 451 128
441 198 471 132
458 198 496 135
493 198 529 153
510 198 550 152
528 198 569 150
545 198 591 152
562 198 613 151
319 215 332 159
337 215 351 156
354 215 372 156
371 215 392 155
389 215 411 155
406 215 432 151
423 215 452 151
441 215 473 152
458 215 493 153
476 215 513 151
510 215 549 169
528 215 570 168
545 215 593 170
302 233 313 177
319 233 332 176
337 233 353 176
354 233 373 176
371 233 392 175
389 233 412 174
406 233 434 174
423 233 453 173
441 233 474 174
458 233 496 173
476 233 515 172
510 233 552 188
528 233 571 188
545 233 594 186
267 250 280 193
285 250 295 197
302 250 313 196
319 250 332 196
337 250 352 195
354 250 373 195
371 250 392 193
389 250 412 194
406 250 434 194
423 250 453 193
441 250 475 193
458 250 496 193
476 250 516 193
510 250 551 204
528 250 571 206
545 250 593 205
250 267 262 216
267 267 277 220
285 267 295 217
302 267 312 215
319 267 333 215
337 267 352 214
354 267 373 213
371 267 393 213
389 267 413 212
406 267 434 213
423 267 454 212
441 267 475 211
458 267 496 212
476 267 516 214
493 267 532 219
510 267 550 219
528 267 576 217
215 285 225 245
233 285 243 243
250 285 262 240
267 285 281 240
285 285 296 238
302 285 317 239
319 285 331 233
337 285 352 234
354 285 373 234
371 285 393 233
389 285 414 233
406 285 434 233
423 285 455 233
441 285 475 233
458 285 497 232
493 285 533 235
510 285 557 236
528 285 576 237
198 302 209 264
215 302 226 262
233 302 244 261
250 302 266 260
285 302 300 259
302 302 317 257
319 302 334 254
337 302 353 254
354 302 374 253
371 302 394 253
389 302 414 254
406 302 436 253
423 302 455 252
441 302 476 252
458 302 497 253
476 302 516 254
493 302 537 253
198 319 213 282
215 319 227 279
233 319 248 278
250 319 268 277
267 319 288 281
285 319 301 280
302 319 318 276
319 319 335 276
337 319 355 274
354 319 375 274
371 319 394 274
389 319 416 272
406 319 435 273
423 319 455 272
441 319 476 272
458 319 497 273
476 319 517 274
493 319 538 274
510 319 558 273
250 337 271 299
267 337 289 299
285 337 305 299
302 337 320 297
319 337 337 297
337 337 357 296
354 337 376 295
371 337 394 293
389 337 417 294
406 337 435 294
423 337 456 293
441 337 477 293
476 337 517 294
493 337 537 294
250 354 271 318
267 354 288 316
285 354 307 316
319 354 339 316
354 354 379 315
371 354 396 314
389 354 418 315
406 354 437 313
423 354 457 312
458 354 498 314
476 354 516 315
493 354 537 317
510 354 558 314
233 371 253 336
250 371 272 336
267 371 288 330
285 371 308 329
302 371 324 332
319 371 346 335
337 371 364 336
354 371 381 336
371 371 399 335
406 371 438 334
441 371 478 333
458 371 497 333
476 371 517 334
493 371 536 336
510 371 559 334
528 371 579 332
215 389 237 355
233 389 254 355
250 389 270 350
267 389 290 348
285 389 314 351
302 389 333 354
337 389 365 353
354 389 384 354
371 389 401 353
389 389 421 354
406 389 440 354
423 389 458 351
441 389 478 353
476 389 518 353
493 389 538 357
510 389 558 354
528 389 581 353
215 406 239 371
267 406 288 372
285 406 318 369
302 406 335 373
337 406 362 373
354 406 378 373
371 406 398 371
389 406 422 373
406 406 441 372
423 406 461 374
458 406 499 372
476 406 518 373
493 406 539 374
510 406 558 373
528 406 581 373
215 423 236 389
233 423 252 388
250 423 272 392
302 423 338 386
337 423 363 391
354 423 388 389
371 423 405 394
389 423 424 393
406 423 444 395
423 423 462 395
441 423 478 393
458 423 498 393
476 423 519 392
493 423 540 392
528 423 581 393
215 441 238 408
233 441 254 404
250 441 269 401
267 441 285 404
285 441 305 407
302 441 325 408
337 441 364 409
354 441 387 411
371 441 405 411
389 441 424 411
406 441 442 413
423 441 461 416
441 441 477 416
458 441 498 416
493 441 540 412
510 441 559 414
528 441 581 411
233 458 253 422
250 458 270 419
267 458 287 419
285 458 305 424
302 458 338 436
319 458 357 436
337 458 373 435
354 458 386 431
371 458 405 432
389 458 424 431
406 458 441 432
423 458 460 433
441 458 477 435
458 458 499 433
493 458 540 431
510 458 560 432
528 458 580 432
250 476 308 469
267 476 326 473
285 476 342 471
302 476 341 459
354 476 389 453
371 476 411 470
406 476 432 474
423 476 461 449
441 476 482 453
458 476 501 450
493 476 539 451
510 476 560 452
