94 111 31 23
111 111 49 24
129 111 69 23
146 111 99 23
111 129 52 40
476 163 515 22
493 163 534 23
354 181 354 51
371 181 375 53
441 181 457 48
476 181 516 47
545 181 596 79
354 198 354 70
371 198 375 69
406 198 426 31
424 198 450 27
319 215 306 90
337 215 333 88
354 215 355 88
371 215 378 88
389 215 400 85
458 215 489 87
476 215 519 92
545 215 597 127
302 233 285 107
319 233 307 105
337 233 334 105
354 233 356 105
371 233 380 106
389 233 403 106
406 233 427 106
424 233 449 106
441 233 472 106
458 233 500 109
476 233 518 108
510 233 556 133
528 233 576 130
545 233 596 147
285 250 264 126
302 250 285 126
319 250 308 123
337 250 337 126
354 250 357 125
371 250 382 125
389 250 404 125
406 250 429 125
424 250 452 125
441 250 476 124
458 250 500 127
476 250 522 128
510 250 562 148
528 250 581 150
545 250 596 166
267 267 240 161
285 267 266 149
302 267 286 146
319 267 310 145
337 267 336 143
354 267 358 143
371 267 383 144
389 267 406 143
406 267 430 144
424 267 454 144
441 267 479 142
458 267 503 145
476 267 526 148
493 267 545 166
510 267 564 171
528 267 582 168
233 285 203 204
250 285 223 195
267 285 244 195
285 285 264 182
302 285 289 170
319 285 310 164
337 285 337 164
354 285 360 162
371 285 386 163
389 285 409 163
406 285 433 163
424 285 459 163
441 285 483 164
458 285 505 165
493 285 547 185
510 285 567 187
528 285 584 186
215 302 185 224
233 302 200 224
250 302 228 223
267 302 256 224
285 302 275 205
302 302 291 203
319 302 310 189
337 302 337 186
354 302 362 185
371 302 388 184
389 302 412 183
406 302 437 184
424 302 460 183
441 302 486 184
458 302 507 187
476 302 525 202
493 302 546 200
510 302 571 203
215 319 182 244
233 319 206 244
250 319 231 249
267 319 256 259
302 319 292 226
319 319 315 219
337 319 337 215
354 319 367 214
371 319 389 210
389 319 415 207
406 319 439 205
424 319 463 205
441 319 487 205
458 319 508 217
476 319 527 224
493 319 549 222
510 319 571 221
267 337 260 277
285 337 280 280
302 337 295 255
319 337 317 245
337 337 340 245
354 337 365 243
371 337 388 240
389 337 413 231
406 337 437 228
424 337 465 228
441 337 489 231
476 337 528 249
493 337 548 246
233 354 208 312
250 354 241 302
267 354 266 298
285 354 284 296
319 354 319 273
337 354 343 273
354 354 368 274
371 354 391 271
389 354 418 268
406 354 440 264
424 354 465 257
458 354 510 260
476 354 528 275
493 354 547 276
510 354 572 273
528 354 593 274
233 371 212 334
250 371 246 319
267 371 270 315
285 371 286 315
302 371 301 317
337 371 347 313
354 371 370 310
371 371 392 304
406 371 442 289
424 371 467 285
441 371 493 283
493 371 548 307
510 371 575 293
528 371 597 293
215 389 195 352
250 389 251 337
267 389 267 336
285 389 281 333
302 389 304 333
319 389 326 334
337 389 346 334
354 389 371 332
371 389 392 331
389 389 417 328
406 389 441 323
424 389 467 314
441 389 494 309
476 389 523 329
493 389 555 325
510 389 576 330
528 389 598 312
198 406 181 388
215 406 197 373
233 406 215 368
250 406 235 364
267 406 266 356
285 406 285 352
302 406 309 364
319 406 328 360
337 406 347 359
354 406 372 358
371 406 397 358
389 406 418 354
406 406 443 351
458 406 504 350
476 406 524 350
493 406 559 345
510 406 578 344
528 406 605 339
198 424 182 409
215 424 204 403
267 424 265 368
285 424 290 380
302 424 309 379
319 424 329 381
337 424 347 378
354 424 376 379
371 424 397 379
389 424 420 379
406 424 444 375
424 424 471 369
441 424 490 366
458 424 505 373
476 424 529 371
493 424 561 361
510 424 574 367
215 441 217 427
233 441 237 426
285 441 287 396
302 441 312 398
319 441 324 397
337 441 352 398
354 441 379 401
371 441 397 399
389 441 420 397
406 441 438 404
424 441 468 394
441 441 492 388
458 441 510 388
493 441 565 377
510 441 581 381
215 458 218 441
233 458 239 443
250 458 257 436
267 458 275 440
302 458 328 436
319 458 330 417
337 458 352 416
354 458 381 428
371 458 402 426
389 458 423 424
424 458 472 407
441 458 488 423
458 458 511 419
493 458 567 399
510 458 581 399
250 476 259 459
267 476 298 472
285 476 312 471
302 476 332 467
319 476 346 471
354 476 381 446
371 476 404 469
389 476 417 468
406 476 436 470
424 476 460 468
441 476 477 464
458 476 515 474
493 476 566 420
510 476 596 422
