371 181 359 33
337 198 316 53
354 198 337 53
371 198 360 53
406 198 409 34
441 198 454 57
319 215 293 74
337 215 313 74
354 215 338 74
371 215 360 76
441 215 454 78
458 215 478 82
476 215 498 83
302 233 267 95
319 233 290 95
337 233 314 95
354 233 339 96
371 233 362 97
406 233 408 97
441 233 455 101
458 233 479 101
476 233 499 101
302 250 267 117
319 250 292 116
337 250 318 120
354 250 339 118
371 250 363 118
389 250 386 120
406 250 408 121
424 250 432 121
441 250 455 121
458 250 478 122
476 250 499 123
267 267 225 146
285 267 244 141
302 267 267 139
319 267 290 139
337 267 314 138
354 267 339 140
371 267 363 141
389 267 385 140
406 267 409 142
424 267 433 142
441 267 456 142
458 267 479 143
528 267 561 156
215 285 162 179
285 285 246 167
302 285 270 164
319 285 293 162
337 285 314 161
354 285 339 162
371 285 363 162
389 285 387 163
406 285 410 163
424 285 434 164
441 285 457 164
198 302 143 199
215 302 164 196
233 302 191 195
302 302 273 191
319 302 293 185
337 302 316 184
354 302 340 184
371 302 363 184
389 302 388 185
406 302 411 185
424 302 431 184
441 302 457 185
458 302 480 189
476 302 497 195
493 302 519 194
250 319 218 221
285 319 251 216
302 319 275 214
319 319 295 211
337 319 318 210
354 319 343 209
371 319 365 209
389 319 388 207
406 319 415 209
424 319 434 208
441 319 457 208
458 319 480 211
493 319 519 214
510 319 541 216
319 337 296 235
337 337 318 235
354 337 341 234
371 337 361 233
389 337 388 232
406 337 417 232
424 337 436 231
476 337 498 237
493 337 518 239
250 354 224 265
285 354 265 266
319 354 298 259
337 354 322 258
371 354 369 259
389 354 389 256
406 354 411 257
424 354 436 253
476 354 494 262
528 354 557 261
233 371 198 289
250 371 225 284
267 371 247 283
285 371 268 284
302 371 286 286
354 371 347 283
371 371 367 282
406 371 412 279
510 371 538 282
215 389 183 304
250 389 230 305
285 389 265 303
302 389 282 305
319 389 307 304
354 389 349 304
371 389 368 304
389 389 390 304
441 389 458 299
510 389 539 303
215 406 184 319
267 406 248 320
285 406 268 319
354 406 349 325
389 406 391 325
528 406 562 320
215 424 180 339
354 424 352 343
371 424 368 345
389 424 392 346
458 424 476 340
476 424 494 344
493 424 519 344
528 424 562 344
319 441 304 366
337 441 334 368
354 441 352 365
389 441 391 362
406 441 412 363
493 441 520 363
510 441 543 365
233 458 212 387
250 458 232 386
302 458 286 385
319 458 305 383
337 458 333 385
354 458 352 385
371 458 372 383
389 458 392 381
406 458 412 382
441 458 454 384
458 458 475 383
510 458 542 384
354 476 353 405
510 476 544 403
