42 77 41 75
94 77 93 75
111 77 110 75
129 77 128 76
424 77 423 75
441 77 440 75
25 94 24 93
42 94 41 93
111 94 111 93
129 94 128 93
389 94 387 92
441 94 440 93
458 94 460 93
476 94 478 93
493 94 494 93
59 111 59 109
129 111 127 110
146 111 145 109
389 111 388 109
406 111 405 110
424 111 422 111
441 111 441 111
458 111 458 110
476 111 477 111
493 111 494 110
510 111 510 109
528 111 527 109
42 129 42 127
59 129 59 128
77 129 76 128
94 129 93 127
111 129 112 127
129 129 129 127
146 129 148 127
163 129 164 127
181 129 179 127
371 129 371 128
389 129 388 127
406 129 404 127
424 129 423 127
458 129 458 128
476 129 475 128
528 129 526 126
545 129 544 127
77 146 79 144
94 146 97 144
111 146 113 144
371 146 370 145
424 146 423 145
441 146 440 144
458 146 456 145
476 146 475 145
493 146 493 145
510 146 510 145
528 146 527 145
545 146 544 144
562 146 561 144
354 163 354 163
371 163 371 162
389 163 387 162
406 163 405 163
424 163 423 162
458 163 457 162
476 163 475 162
493 163 493 163
510 163 509 162
545 163 545 161
562 163 562 162
354 181 354 179
371 181 371 180
424 181 423 179
441 181 441 180
458 181 457 179
476 181 475 180
493 181 492 178
510 181 508 179
528 181 526 180
562 181 562 179
285 198 284 195
337 198 336 197
354 198 353 197
371 198 370 196
406 198 405 196
424 198 423 197
441 198 441 197
458 198 459 198
476 198 477 199
493 198 493 198
510 198 509 197
528 198 527 196
545 198 544 196
562 198 562 196
267 215 267 214
319 215 319 215
337 215 335 214
354 215 354 215
371 215 371 214
406 215 405 214
424 215 423 214
441 215 441 215
458 215 458 214
476 215 475 214
493 215 492 214
510 215 509 214
528 215 527 214
545 215 544 214
302 233 301 232
319 233 319 232
337 233 336 232
354 233 354 232
371 233 371 231
389 233 388 231
406 233 406 231
424 233 423 232
441 233 440 232
458 233 458 232
476 233 475 232
510 233 509 231
528 233 527 231
545 233 544 232
267 250 267 249
285 250 284 249
302 250 302 250
319 250 319 249
337 250 336 249
354 250 354 249
371 250 371 248
389 250 388 250
406 250 405 249
424 250 423 249
441 250 440 249
458 250 458 249
476 250 475 249
510 250 511 248
528 250 527 250
545 250 544 249
233 267 232 266
250 267 250 265
267 267 267 266
285 267 284 267
302 267 301 267
319 267 319 267
337 267 336 266
354 267 353 266
371 267 371 266
389 267 389 267
406 267 405 266
424 267 423 266
441 267 440 266
458 267 458 266
493 267 492 266
510 267 509 266
528 267 526 268
215 285 215 284
233 285 231 284
250 285 250 283
285 285 284 284
302 285 303 284
319 285 318 283
337 285 336 283
354 285 353 283
371 285 370 284
389 285 388 284
406 285 406 284
424 285 423 284
441 285 440 284
458 285 458 283
493 285 493 284
510 285 510 285
528 285 527 283
198 302 197 302
215 302 215 301
233 302 233 299
285 302 284 301
302 302 302 301
319 302 319 301
337 302 336 301
354 302 354 301
371 302 371 301
389 302 388 301
406 302 406 301
424 302 423 301
441 302 441 301
458 302 458 302
476 302 475 301
493 302 493 301
510 302 510 301
198 319 197 319
215 319 215 318
233 319 232 318
250 319 249 318
285 319 284 319
302 319 302 318
319 319 318 318
337 319 336 318
354 319 354 318
371 319 371 319
389 319 389 318
406 319 406 319
424 319 423 319
441 319 440 318
458 319 458 319
476 319 475 319
493 319 493 319
510 319 510 318
250 337 249 336
285 337 284 336
302 337 302 336
319 337 318 335
337 337 336 336
354 337 354 336
371 337 371 336
389 337 388 335
406 337 404 335
424 337 423 336
441 337 440 335
476 337 475 336
493 337 492 336
250 354 249 355
285 354 286 354
319 354 319 352
354 354 354 353
371 354 372 354
389 354 389 353
406 354 406 354
424 354 423 352
476 354 474 354
493 354 492 353
510 354 510 353
528 354 527 353
233 371 230 371
250 371 250 373
267 371 269 371
285 371 285 370
319 371 319 370
337 371 337 371
354 371 353 371
371 371 371 371
389 371 389 371
406 371 406 371
441 371 440 371
458 371 458 370
476 371 475 371
493 371 492 371
510 371 510 370
528 371 527 370
215 389 214 388
233 389 228 389
250 389 246 386
267 389 267 385
285 389 285 386
302 389 301 387
337 389 336 387
354 389 354 388
371 389 371 388
389 389 389 388
406 389 405 388
424 389 423 386
441 389 440 387
476 389 474 388
493 389 493 387
510 389 510 388
528 389 528 388
215 406 214 405
250 406 247 407
267 406 265 404
285 406 280 408
302 406 302 406
354 406 353 405
371 406 371 405
389 406 388 405
406 406 405 405
476 406 474 405
493 406 492 405
510 406 510 406
528 406 527 405
215 424 213 423
233 424 228 425
302 424 303 423
319 424 321 424
337 424 338 422
354 424 354 422
371 424 370 422
389 424 388 423
406 424 407 422
424 424 423 423
441 424 441 423
458 424 457 424
476 424 475 422
493 424 493 422
510 424 510 422
528 424 527 422
198 441 199 440
215 441 214 439
233 441 230 438
285 441 283 440
302 441 301 439
319 441 317 438
337 441 337 439
354 441 354 439
371 441 370 439
389 441 388 440
406 441 404 439
424 441 422 440
441 441 439 440
458 441 458 441
493 441 493 439
510 441 510 440
528 441 527 440
215 458 214 456
233 458 229 455
250 458 247 455
285 458 285 457
319 458 317 458
337 458 336 457
354 458 353 458
371 458 370 457
389 458 389 458
406 458 405 459
424 458 423 457
441 458 441 457
458 458 457 458
493 458 492 457
510 458 510 458
250 476 249 475
267 476 268 476
285 476 285 476
302 476 303 476
319 476 320 477
337 476 337 476
354 476 353 475
371 476 371 476
389 476 388 476
406 476 405 475
424 476 423 476
441 476 442 475
458 476 456 475
