493 129 540 144
510 129 560 144
562 129 637 143
580 129 657 143
597 129 676 144
493 146 542 159
510 146 561 161
528 146 598 159
545 146 618 161
562 146 638 161
580 146 657 161
597 146 673 164
614 146 686 160
632 146 704 163
476 163 526 176
493 163 540 177
510 163 559 176
597 163 674 181
614 163 688 180
632 163 699 179
649 163 718 180
476 181 524 193
493 181 540 193
510 181 559 194
597 181 673 198
614 181 687 198
649 181 714 201
476 198 525 211
493 198 541 211
510 198 559 211
632 198 698 218
649 198 716 219
476 215 525 228
493 215 540 229
510 215 559 228
528 215 580 228
545 215 617 232
562 215 634 233
614 215 690 233
632 215 698 233
649 215 716 234
458 233 508 245
476 233 525 245
493 233 542 246
510 233 559 246
528 233 577 246
545 233 596 246
562 233 615 247
580 233 633 247
597 233 653 251
614 233 688 250
632 233 701 248
649 233 715 249
389 250 438 261
406 250 454 259
424 250 472 260
441 250 489 260
458 250 505 261
476 250 522 262
493 250 540 262
510 250 558 264
545 250 591 262
562 250 611 263
580 250 631 264
614 250 686 269
632 250 700 266
649 250 716 266
371 267 422 278
389 267 437 277
406 267 453 275
424 267 469 276
441 267 486 276
458 267 503 277
476 267 520 277
493 267 537 277
528 267 572 279
545 267 590 280
562 267 608 279
580 267 631 282
597 267 652 283
614 267 692 292
632 267 700 291
649 267 715 284
371 285 423 292
389 285 438 291
406 285 452 291
424 285 469 291
441 285 484 292
476 285 517 294
493 285 533 294
510 285 551 295
528 285 569 295
545 285 587 296
562 285 607 296
580 285 631 300
597 285 653 299
614 285 668 298
632 285 701 306
649 285 715 307
354 302 407 309
371 302 422 309
389 302 436 308
406 302 452 308
424 302 468 309
441 302 486 310
458 302 503 311
493 302 533 311
510 302 549 312
528 302 566 312
545 302 586 314
562 302 606 314
597 302 649 318
614 302 666 319
632 302 685 320
649 302 714 324
337 319 387 329
354 319 407 326
371 319 422 326
406 319 452 326
424 319 467 325
441 319 484 326
458 319 503 328
476 319 519 329
493 319 537 329
528 319 566 331
545 319 585 330
562 319 606 331
597 319 650 337
614 319 666 336
632 319 685 337
649 319 707 340
337 337 390 341
354 337 407 341
371 337 422 342
389 337 434 343
406 337 451 342
424 337 467 342
458 337 502 344
476 337 518 345
510 337 551 346
528 337 567 348
545 337 585 349
562 337 608 355
597 337 650 355
614 337 667 355
632 337 686 356
649 337 707 358
302 354 368 363
319 354 380 359
354 354 409 359
371 354 423 360
424 354 467 359
441 354 483 360
458 354 503 363
476 354 518 364
510 354 551 364
528 354 568 365
545 354 584 366
562 354 601 367
597 354 649 372
614 354 668 373
632 354 686 374
649 354 707 377
371 371 424 376
389 371 435 379
406 371 455 379
424 371 469 378
441 371 486 380
458 371 502 380
476 371 519 381
493 371 536 382
510 371 552 382
545 371 583 382
562 371 601 383
580 371 632 393
597 371 650 393
614 371 668 392
632 371 687 393
666 371 725 395
684 371 740 394
371 389 423 395
406 389 455 396
424 389 469 396
441 389 485 396
458 389 502 398
476 389 519 399
493 389 535 399
510 389 552 400
528 389 570 402
562 389 602 405
597 389 649 410
614 389 666 411
632 389 687 411
649 389 703 410
666 389 722 412
684 389 741 413
701 389 764 417
371 406 421 411
406 406 455 416
424 406 469 414
441 406 486 415
458 406 502 416
476 406 520 416
493 406 535 417
510 406 553 419
528 406 570 420
580 406 633 429
597 406 649 429
614 406 666 430
649 406 697 428
666 406 719 428
684 406 739 433
389 424 436 426
406 424 454 431
424 424 470 434
441 424 486 433
458 424 502 433
476 424 520 434
493 424 535 435
510 424 554 436
528 424 571 437
545 424 591 440
562 424 614 444
580 424 632 446
597 424 650 446
614 424 666 448
632 424 681 446
649 424 695 446
666 424 716 449
684 424 735 449
701 424 754 452
354 441 402 442
371 441 419 440
389 441 437 442
424 441 469 449
441 441 486 450
458 441 502 450
476 441 519 452
493 441 536 453
510 441 553 454
528 441 572 455
562 441 612 464
580 441 630 466
597 441 651 465
614 441 664 466
649 441 693 464
666 441 713 465
684 441 733 468
701 441 753 468
337 458 384 459
354 458 397 457
371 458 419 459
389 458 436 460
406 458 450 458
441 458 486 467
458 458 502 468
476 458 519 470
493 458 535 470
510 458 553 471
545 458 596 473
666 458 710 477
684 458 732 479
701 458 752 476
319 476 366 476
337 476 383 476
354 476 398 476
371 476 419 476
389 476 436 476
406 476 451 476
424 476 467 478
528 476 577 477
580 476 613 479
597 476 649 477
632 476 663 476
