493 129 625 157
510 129 644 157
562 129 739 160
580 129 761 160
597 129 791 162
493 146 625 173
510 146 644 175
528 146 687 175
545 146 717 179
562 146 740 181
580 146 759 180
597 146 776 184
614 146 789 179
476 163 606 190
493 163 623 191
510 163 642 191
597 163 779 203
614 163 790 202
632 163 811 203
476 181 603 208
493 181 621 207
510 181 641 209
597 181 776 222
614 181 790 224
632 181 809 226
476 198 604 226
493 198 619 225
510 198 640 227
632 198 808 245
493 215 620 246
510 215 639 246
528 215 662 246
545 215 698 253
562 215 730 257
597 215 780 262
614 215 803 263
424 233 549 259
441 233 565 260
458 233 585 259
476 233 603 261
493 233 621 263
510 233 640 264
528 233 659 265
545 233 679 265
562 233 705 268
580 233 726 270
614 233 803 281
632 233 816 281
406 250 528 272
424 250 546 273
441 250 563 274
458 250 579 276
476 250 599 277
493 250 618 279
510 250 637 281
528 250 656 282
545 250 675 284
562 250 698 286
580 250 724 288
597 250 748 290
614 250 797 305
371 267 492 289
389 267 509 287
406 267 525 289
424 267 542 289
441 267 558 290
458 267 577 293
476 267 594 294
493 267 613 295
510 267 632 296
528 267 651 299
545 267 672 301
562 267 694 304
580 267 721 308
597 267 748 312
614 267 802 330
632 267 810 334
371 285 493 302
389 285 509 303
406 285 522 302
424 285 540 304
441 285 557 306
458 285 574 308
476 285 591 309
493 285 610 312
510 285 628 313
528 285 648 316
545 285 670 319
562 285 691 321
580 285 721 328
597 285 746 330
632 285 812 351
354 302 475 321
371 302 493 319
389 302 507 319
406 302 522 320
424 302 538 322
441 302 555 324
458 302 574 325
476 302 590 327
493 302 608 330
510 302 626 331
528 302 645 332
545 302 666 336
562 302 689 339
597 302 741 349
614 302 763 351
632 302 784 354
337 319 453 337
354 319 475 335
371 319 491 336
406 319 522 337
424 319 537 339
441 319 554 342
458 319 573 344
476 319 591 345
493 319 608 347
510 319 627 349
528 319 644 351
545 319 665 354
562 319 689 358
597 319 743 370
614 319 762 371
319 337 445 346
371 337 491 353
389 337 502 353
406 337 519 356
424 337 536 356
441 337 555 358
458 337 573 361
476 337 589 363
493 337 607 367
510 337 626 369
528 337 644 370
545 337 663 372
562 337 682 374
597 337 741 388
614 337 760 390
632 337 786 395
319 354 448 369
337 354 462 368
371 354 491 372
424 354 534 374
441 354 552 377
458 354 570 379
476 354 587 383
493 354 606 385
510 354 625 386
528 354 644 390
545 354 663 394
562 354 681 394
597 354 740 410
614 354 760 413
632 354 785 417
649 354 812 424
354 371 477 393
389 371 501 393
406 371 520 393
424 371 536 393
441 371 553 396
458 371 570 399
476 371 588 401
493 371 606 404
510 371 625 407
528 371 642 408
545 371 661 411
562 371 681 413
580 371 717 432
597 371 738 432
614 371 763 434
632 371 785 437
354 389 474 413
406 389 520 411
424 389 535 413
441 389 553 416
458 389 569 418
476 389 588 421
493 389 606 423
510 389 625 426
528 389 643 430
545 389 660 428
562 389 679 432
597 389 738 452
614 389 763 453
632 389 785 460
649 389 805 459
389 406 501 428
406 406 519 430
424 406 535 432
441 406 552 433
458 406 569 437
476 406 588 440
493 406 605 443
510 406 624 446
528 406 643 449
545 406 663 453
580 406 718 473
597 406 742 472
614 406 763 472
632 406 783 477
354 424 473 435
406 424 517 447
424 424 534 449
441 424 551 453
458 424 568 455
476 424 586 457
493 424 604 461
510 424 624 465
528 424 644 470
545 424 664 470
337 441 457 448
371 441 481 451
389 441 499 452
424 441 532 467
441 441 549 470
458 441 567 473
476 441 585 477
493 441 603 479
337 458 443 465
354 458 461 463
371 458 480 464
389 458 497 467
406 458 511 471
319 476 427 477
337 476 442 477
354 476 459 478
371 476 475 479
