432 217 433 216
430 219 429 220
501 219 474 218
503 219 476 219
430 222 429 223
477 222 485 221
511 222 517 223
440 224 437 228
511 224 517 226
514 224 520 226
477 227 485 224
496 227 483 226
474 230 489 230
517 230 528 228
430 232 429 249
519 235 522 248
538 235 538 275
519 238 504 292
538 238 538 277
519 240 503 297
432 243 431 310
437 243 446 261
517 243 514 285
519 243 517 289
437 246 446 264
437 248 477 263
453 248 486 232
493 248 502 258
464 251 485 282
493 251 503 261
514 251 520 263
461 254 462 276
472 254 505 247
474 254 507 247
461 256 462 279
464 256 506 261
501 256 507 265
453 259 479 220
459 259 460 283
461 259 463 282
506 261 520 257
538 261 538 244
430 264 429 280
432 264 432 280
451 264 498 268
496 264 480 246
506 264 493 248
514 264 500 247
517 264 528 292
538 264 538 247
451 267 498 270
496 267 480 249
527 272 533 275
530 272 536 275
533 272 532 267
535 275 532 292
535 277 534 261
538 277 538 239
456 280 450 267
461 280 455 266
477 280 469 233
522 280 484 271
530 280 524 240
535 280 534 264
435 283 438 316
480 283 473 239
535 283 535 267
490 288 440 219
496 288 445 219
498 288 449 219
517 288 453 298
498 290 449 222
474 293 430 234
514 293 463 222
474 298 431 240
493 298 441 230
519 298 468 226
533 301 529 298
535 301 532 297
538 301 538 263
430 304 430 294
525 304 472 230
533 304 529 301
535 304 532 301
538 304 538 300
488 306 438 239
527 306 475 232
535 306 532 304
482 309 433 242
488 309 439 242
533 309 531 307
535 309 533 306
538 309 538 306
430 312 430 328
464 312 467 285
485 312 436 245
535 312 534 309
538 312 538 309
456 314 446 314
459 314 449 315
490 314 442 247
535 314 533 312
538 314 537 312
430 317 429 313
443 317 435 318
456 317 446 318
459 317 449 317
535 317 532 315
538 317 537 314
430 320 429 316
432 320 432 316
448 320 441 321
451 320 446 321
459 320 449 320
535 320 532 318
538 320 537 317
430 322 430 319
432 322 432 319
445 322 439 324
451 322 444 323
456 322 450 323
459 322 453 322
538 322 538 320
430 325 429 322
451 325 445 326
453 325 447 326
459 325 453 325
482 325 438 253
538 325 538 323
430 327 429 326
456 327 451 328
459 327 454 328
464 327 456 327
469 327 459 327
472 327 462 328
480 327 498 327
519 327 512 328
522 327 516 328
525 327 521 327
527 327 526 327
538 327 538 327
