430 217 430 216
445 217 445 217
461 217 461 216
464 217 464 217
430 219 430 219
435 219 434 219
437 219 437 219
443 219 440 219
464 219 464 219
488 219 485 219
430 222 429 222
432 222 432 221
435 222 434 221
437 222 437 222
440 222 440 222
456 222 455 224
459 222 458 224
461 222 459 221
464 222 461 221
480 222 477 220
430 224 429 224
435 224 433 224
437 224 437 225
440 224 440 224
445 224 443 224
453 224 454 227
456 224 456 227
459 224 459 227
461 224 461 227
469 224 480 225
472 224 483 224
474 224 485 224
509 224 511 224
443 227 441 226
445 227 442 226
453 227 454 230
456 227 457 230
459 227 459 230
461 227 461 230
464 227 464 230
469 227 480 227
472 227 483 227
474 227 485 227
485 227 491 225
488 227 493 225
490 227 495 225
509 227 512 227
511 227 508 227
517 227 517 226
519 227 519 226
435 230 432 227
437 230 435 227
440 230 437 228
445 230 442 229
456 230 457 232
490 230 496 227
501 230 504 225
503 230 506 225
517 230 514 230
525 230 522 233
430 232 429 237
435 232 432 230
437 232 435 230
445 232 442 232
485 232 474 237
488 232 516 259
490 232 520 259
530 232 529 232
430 235 429 240
445 235 441 235
490 235 520 262
503 235 503 237
522 235 522 238
430 238 430 243
503 238 503 240
506 238 506 240
509 240 513 241
525 240 525 241
535 240 536 249
437 243 432 252
517 243 518 243
522 243 522 243
525 243 525 243
430 246 429 230
517 246 499 238
522 246 522 246
535 246 535 240
430 248 429 254
503 248 488 241
506 248 490 241
437 251 438 254
477 251 462 235
485 251 485 253
503 251 488 244
440 254 440 254
448 254 442 243
474 254 459 238
477 254 462 238
525 254 521 254
527 254 525 253
430 256 430 262
522 256 518 256
437 259 445 251
472 259 491 254
461 261 458 246
498 261 490 259
509 261 509 262
538 261 538 259
445 264 440 288
474 264 454 254
527 264 525 267
538 264 538 261
527 267 525 270
535 267 535 264
538 267 538 264
485 269 477 264
488 269 482 265
490 269 488 264
493 269 491 267
503 269 496 264
506 269 498 264
509 269 501 264
525 269 520 272
533 269 533 272
451 272 456 278
467 272 461 264
469 272 464 264
477 272 474 268
490 272 485 269
496 272 492 269
533 272 533 274
535 272 536 275
430 275 429 270
432 275 433 257
435 275 435 285
448 275 454 281
451 275 456 281
467 275 461 267
480 275 475 271
485 275 481 271
530 275 530 278
533 275 532 278
535 275 535 278
538 275 538 278
430 277 429 272
435 277 433 273
467 277 461 269
474 277 469 272
477 277 473 274
480 277 475 274
482 277 478 274
485 277 482 274
490 277 487 274
498 277 493 273
530 277 530 280
533 277 532 280
535 277 535 280
430 280 429 274
445 280 448 283
448 280 451 283
451 280 453 282
480 280 475 277
485 280 482 277
488 280 485 277
496 280 491 276
498 280 494 276
501 280 496 276
517 280 512 275
530 280 530 251
535 280 535 282
538 280 538 282
445 283 448 285
448 283 451 285
482 283 478 279
485 283 480 279
488 283 483 279
496 283 491 279
498 283 494 279
501 283 495 279
506 283 500 278
509 283 503 278
517 283 516 282
527 283 524 280
538 283 538 285
445 285 448 288
453 285 453 285
469 285 467 280
482 285 477 282
485 285 480 282
488 285 484 282
493 285 488 282
496 285 491 282
498 285 495 282
501 285 497 282
509 285 503 281
511 285 506 281
514 285 509 280
525 285 522 283
527 285 524 283
533 285 528 283
535 285 530 282
538 285 538 288
430 288 429 283
451 288 450 288
469 288 467 282
485 288 480 285
493 288 488 285
498 288 493 285
501 288 495 285
506 288 500 284
511 288 506 284
525 288 522 285
533 288 527 285
535 288 530 285
538 288 538 291
430 290 429 285
451 290 450 291
453 290 453 290
464 290 462 285
467 290 464 285
482 290 478 288
493 290 488 288
496 290 490 287
503 290 498 288
506 290 501 287
509 290 504 287
511 290 506 286
514 290 508 286
517 290 514 288
533 290 527 287
535 290 535 293
538 290 538 267
430 293 429 288
443 293 440 250
451 293 450 293
453 293 453 293
464 293 462 288
467 293 464 287
469 293 466 287
472 293 468 288
474 293 469 291
506 293 501 290
511 293 506 289
514 293 511 291
522 293 520 291
535 293 535 270
538 293 538 270
451 296 450 295
461 296 461 290
467 296 464 290
480 296 475 293
488 296 483 291
501 296 496 293
503 296 498 293
519 296 514 292
525 296 521 293
527 296 524 293
530 296 527 293
538 296 538 273
467 298 464 293
474 298 470 296
477 298 473 296
480 298 475 295
485 298 480 295
488 298 483 295
498 298 493 296
509 298 503 295
511 298 506 295
514 298 509 295
517 298 511 294
522 298 516 294
525 298 521 296
527 298 524 296
530 298 527 296
533 298 530 296
535 298 532 296
467 301 464 296
472 301 468 296
474 301 470 298
477 301 472 298
480 301 474 298
482 301 477 298
506 301 503 298
514 301 509 299
519 301 513 295
522 301 516 296
527 301 524 299
530 301 527 299
533 301 530 299
535 301 532 298
538 301 538 294
461 304 456 301
467 304 462 300
472 304 467 300
474 304 470 301
477 304 474 301
482 304 477 301
485 304 480 301
506 304 501 301
511 304 503 303
514 304 510 302
519 304 513 299
525 304 520 300
527 304 523 301
530 304 527 304
533 304 529 301
535 304 532 301
464 306 459 301
467 306 463 303
472 306 467 303
474 306 470 303
477 306 475 303
511 306 506 304
514 306 509 304
522 306 517 303
525 306 520 303
527 306 523 303
437 309 435 296
443 309 437 295
472 309 467 306
474 309 470 306
477 309 475 306
480 309 477 306
511 309 506 306
514 309 508 307
525 309 520 306
527 309 522 306
461 312 456 309
464 312 459 309
469 312 465 309
472 312 467 309
477 312 473 309
482 312 477 308
485 312 480 308
517 312 511 310
522 312 517 309
525 312 520 309
527 312 523 309
533 312 527 307
538 312 538 303
448 314 448 302
461 314 456 312
464 314 459 312
467 314 461 312
477 314 473 311
482 314 477 311
485 314 480 311
488 314 482 311
501 314 495 312
511 314 508 311
517 314 512 312
519 314 515 312
522 314 518 312
527 314 522 314
530 314 525 309
474 317 472 316
477 317 473 314
488 317 485 314
496 317 493 312
506 317 500 312
511 317 509 314
522 317 517 314
530 317 525 314
533 317 528 314
535 317 533 314
430 320 429 319
435 320 433 319
459 320 453 316
472 320 469 319
474 320 472 319
480 320 476 316
485 320 482 317
488 320 485 317
490 320 487 317
496 320 493 316
509 320 504 315
522 320 517 317
525 320 520 317
527 320 522 317
530 320 524 317
533 320 528 317
535 320 530 316
461 322 456 319
474 322 473 322
480 322 476 319
485 322 482 320
496 322 491 319
498 322 493 319
501 322 496 319
503 322 498 320
506 322 501 321
511 322 506 317
514 322 508 317
517 322 512 322
522 322 517 320
525 322 519 320
527 322 522 319
530 322 525 319
533 322 528 319
535 322 530 319
538 322 538 319
430 325 429 325
456 325 450 325
459 325 453 325
464 325 459 324
472 325 472 325
477 325 475 325
482 325 479 322
485 325 482 323
490 325 487 322
501 325 496 322
503 325 498 324
514 325 506 326
517 325 511 325
519 325 514 325
522 325 516 324
525 325 519 323
527 325 522 322
530 325 525 321
533 325 528 322
535 325 532 322
538 325 537 322
430 327 429 328
435 327 432 328
440 327 435 327
448 327 445 328
456 327 450 327
461 327 455 328
464 327 458 328
474 327 474 328
477 327 476 328
485 327 482 324
514 327 509 327
517 327 511 327
522 327 514 327
525 327 517 327
527 327 519 327
530 327 524 327
533 327 527 327
538 327 538 327
