565 199 565 199
548 202 548 202
551 202 551 202
554 202 554 202
559 202 558 201
576 202 581 200
579 202 584 200
582 202 587 201
542 205 542 205
551 205 551 203
571 205 574 202
573 205 577 202
576 205 580 203
579 205 583 203
582 205 587 204
585 205 589 204
537 208 537 208
545 208 547 206
556 208 558 204
568 208 572 204
571 208 574 205
573 208 577 205
576 208 580 206
579 208 583 206
582 208 587 207
534 211 534 211
537 211 537 210
551 211 554 206
568 211 572 208
571 211 575 208
573 211 579 208
576 211 582 208
579 211 585 209
585 211 589 210
534 213 534 213
540 213 542 209
542 213 546 209
548 213 550 210
556 213 552 213
562 213 567 210
565 213 569 211
568 213 572 211
576 213 582 212
579 213 584 213
582 213 587 213
531 216 531 216
537 216 539 212
540 216 543 212
551 216 554 210
556 216 562 212
565 216 569 214
576 216 582 216
579 216 584 216
582 216 587 216
585 216 591 216
531 219 533 217
534 219 536 217
537 219 540 214
540 219 543 214
545 219 549 212
571 219 575 220
573 219 578 220
576 219 582 218
579 219 584 219
582 219 587 219
585 219 590 219
528 222 529 220
531 222 533 220
534 222 535 220
537 222 540 217
540 222 543 217
542 222 545 216
545 222 549 219
548 222 552 220
551 222 555 220
565 222 570 222
568 222 573 222
576 222 581 222
579 222 584 222
582 222 587 222
585 222 590 222
590 222 594 221
537 225 541 221
540 225 544 221
542 225 547 222
548 225 552 223
551 225 555 223
556 225 561 224
559 225 564 225
562 225 567 225
565 225 570 225
571 225 575 224
576 225 580 225
582 225 586 225
585 225 590 225
590 225 595 227
531 227 535 223
534 227 538 223
537 227 541 224
540 227 544 224
542 227 547 225
571 227 576 227
573 227 579 228
576 227 582 228
593 227 595 224
528 230 533 226
531 230 535 226
534 230 538 226
537 230 541 227
540 230 544 228
548 230 551 226
554 230 556 230
556 230 559 230
559 230 565 229
565 230 570 229
571 230 575 230
573 230 578 231
576 230 581 231
582 230 589 229
585 230 591 230
590 230 594 230
599 230 599 224
528 233 533 230
531 233 536 230
540 233 543 231
542 233 547 231
545 233 550 231
548 233 552 232
554 233 556 233
556 233 559 233
573 233 578 234
534 236 540 233
548 236 553 234
551 236 555 235
554 236 558 236
556 236 561 237
599 236 599 228
528 239 535 242
565 239 570 242
599 239 598 231
545 242 549 239
548 242 552 239
551 242 555 239
554 242 559 239
556 242 560 244
565 242 574 239
604 242 605 241
531 244 530 232
540 244 545 242
545 244 548 242
548 244 551 242
551 244 555 242
559 244 570 245
562 244 573 246
596 244 593 233
599 244 597 233
602 244 602 241
528 247 527 234
545 247 547 245
548 247 553 248
551 247 556 250
554 247 559 250
556 247 563 251
576 247 571 255
607 247 611 265
610 247 614 266
528 250 528 229
537 250 540 250
571 250 563 247
607 250 611 268
610 250 614 269
619 250 625 274
627 250 632 275
528 253 527 232
545 253 551 259
554 253 561 256
556 253 564 256
599 253 589 248
545 256 551 262
554 256 561 259
556 256 564 259
630 256 619 273
534 258 529 238
556 258 564 263
576 258 568 259
590 258 577 262
528 261 529 277
641 261 631 278
554 264 555 259
604 267 606 261
616 267 597 276
633 267 615 279
635 267 617 279
554 270 553 265
559 270 558 266
630 270 612 281
633 270 615 281
635 270 617 282
644 270 637 288
647 270 646 293
554 273 552 267
630 273 611 284
551 275 549 270
630 275 614 286
633 275 617 286
638 275 624 286
647 275 641 299
545 278 533 272
548 278 604 269
556 278 553 271
559 278 556 271
588 278 574 262
633 278 620 289
638 278 627 289
548 281 603 273
551 281 607 273
579 281 570 265
590 281 576 265
630 281 614 292
548 284 604 275
562 284 558 275
582 284 569 267
630 284 613 294
633 284 616 294
641 284 632 298
568 287 613 310
627 287 612 297
638 287 629 297
647 287 647 303
607 290 596 301
627 290 611 300
647 290 647 306
542 292 543 289
548 292 549 291
545 295 549 292
554 295 556 291
554 298 556 294
571 298 577 301
573 298 579 301
576 298 582 301
582 298 587 300
588 298 589 303
590 298 592 304
610 298 601 305
616 298 605 303
556 301 557 301
562 301 566 305
565 301 572 305
571 301 577 304
573 301 579 304
576 301 582 305
585 301 586 306
588 301 589 307
590 301 592 307
593 301 594 307
556 304 556 304
559 304 560 304
571 304 576 307
573 304 579 307
582 304 584 309
588 304 589 309
590 304 591 310
593 304 594 310
556 306 556 306
559 306 559 307
562 306 562 307
571 306 575 311
573 306 578 310
576 306 582 309
582 306 584 311
596 306 597 311
565 309 566 310
571 309 569 310
585 309 587 313
588 309 591 313
599 309 600 311
644 309 639 308
647 309 646 309
562 312 562 312
568 312 565 312
571 312 568 312
582 312 584 316
593 312 595 313
599 312 600 314
630 312 607 309
633 312 619 314
644 312 639 312
647 312 645 313
565 315 564 315
568 315 567 315
571 315 571 315
573 315 574 315
585 315 587 315
588 315 590 315
621 315 606 315
627 315 609 315
638 315 638 315
641 315 642 315
644 315 644 315
647 315 648 315
