430 217 429 216
432 217 432 216
437 217 438 217
459 217 474 216
461 217 477 216
430 219 429 222
451 219 452 221
453 219 454 221
459 219 476 219
464 219 479 219
490 219 506 220
493 219 509 220
448 222 460 229
469 222 484 220
472 222 486 220
477 222 492 219
488 222 504 223
490 222 506 223
435 224 435 223
496 224 509 224
511 224 441 222
522 224 522 224
430 227 429 228
448 227 462 235
451 227 465 236
488 227 503 226
490 227 506 226
496 227 509 227
498 227 512 227
522 227 526 230
467 230 484 228
517 230 523 228
522 230 525 233
530 230 532 227
533 230 534 227
538 230 538 228
456 232 476 231
459 232 478 231
467 232 485 231
469 232 487 231
485 232 498 229
490 232 509 230
493 232 512 230
506 232 522 233
522 232 525 236
533 232 533 231
488 235 506 232
506 235 522 235
522 235 526 239
525 235 528 239
538 235 538 242
430 238 429 237
451 238 474 232
453 238 476 233
488 238 498 231
490 238 501 231
525 238 528 242
430 240 429 240
490 240 501 234
538 240 538 248
448 243 473 236
530 243 531 244
533 243 533 244
535 246 536 249
538 246 538 249
480 251 498 234
490 251 504 267
538 251 538 253
503 254 516 241
517 254 527 249
538 254 538 255
443 256 444 262
488 256 498 278
501 256 514 241
453 259 475 241
519 259 525 250
467 261 484 242
469 261 486 242
496 261 511 243
503 261 516 246
533 261 532 253
535 261 535 252
467 264 483 244
437 267 437 272
493 267 510 246
538 267 538 261
430 269 429 274
432 269 432 274
493 269 510 249
498 269 515 249
538 269 538 263
430 272 429 277
432 272 432 277
435 272 435 277
437 272 438 278
469 272 494 253
472 272 497 253
482 272 503 251
493 272 510 251
496 272 513 252
498 272 515 252
430 275 429 279
435 275 435 280
464 275 481 293
496 275 513 254
498 275 515 254
533 275 534 267
430 277 430 283
432 277 435 284
451 277 518 271
480 277 497 256
482 277 504 256
496 277 513 256
509 277 514 289
522 277 528 269
430 280 430 286
432 280 432 288
451 280 487 275
464 280 477 296
477 280 499 261
496 280 513 259
509 280 515 292
511 280 517 292
522 280 527 293
432 283 432 290
474 283 496 264
477 283 499 264
522 283 527 295
530 283 534 272
530 285 534 274
451 288 483 266
453 288 485 265
485 288 503 278
501 288 517 268
440 290 470 280
445 290 473 280
448 290 476 277
453 290 485 268
485 290 507 271
488 290 509 271
448 293 476 279
451 293 478 279
456 293 487 280
474 293 498 272
482 293 506 273
485 293 504 281
488 293 510 273
525 293 526 280
538 293 538 288
445 296 473 282
448 296 476 282
464 296 454 289
482 296 506 275
535 296 536 291
538 296 538 291
448 298 476 285
451 298 478 285
501 298 520 279
503 298 523 279
517 298 508 298
519 298 523 282
525 298 525 281
533 298 532 308
535 298 535 294
538 298 538 293
443 301 470 285
445 301 473 285
480 301 500 285
488 301 505 289
493 301 511 290
443 304 470 287
445 304 472 287
451 304 478 287
485 304 509 284
496 304 517 281
501 304 520 282
530 304 532 313
538 304 538 296
437 306 462 290
445 306 455 267
469 306 492 289
501 306 520 285
509 306 520 291
456 309 487 292
493 309 506 295
501 309 520 288
509 309 519 292
538 309 538 299
445 312 457 276
453 312 486 294
459 312 489 294
514 312 502 308
517 312 496 300
525 312 516 309
451 314 467 299
535 314 536 277
538 314 538 308
430 317 429 318
456 317 480 302
488 317 501 316
530 317 532 318
435 320 438 320
498 320 487 322
535 320 535 321
430 322 429 321
432 322 435 322
435 322 438 322
437 322 441 323
443 322 444 322
445 322 446 322
522 322 498 321
430 325 429 324
432 325 435 324
435 325 438 324
437 325 441 325
440 325 443 325
445 325 446 325
448 325 449 325
477 325 474 321
480 325 477 321
506 325 517 320
530 325 531 324
535 325 534 324
430 327 429 327
437 327 440 327
440 327 443 328
445 327 446 328
482 327 482 328
485 327 485 327
490 327 493 327
530 327 531 327
535 327 535 327
538 327 538 327
