548 202 549 216
565 202 582 215
551 205 554 220
599 208 593 217
571 213 566 217
599 213 594 219
545 216 548 222
548 216 551 222
571 216 566 220
579 216 578 218
602 216 596 220
540 219 572 209
542 219 541 227
551 219 547 226
571 219 565 223
576 219 569 223
576 222 578 221
579 222 580 221
548 225 547 231
551 225 551 232
576 225 568 226
604 225 605 227
551 227 551 234
573 227 575 230
576 227 577 230
604 233 620 257
545 239 544 240
548 239 546 240
599 239 613 260
602 239 617 260
604 239 620 261
545 242 544 242
551 242 553 243
599 242 606 238
604 242 619 263
599 244 613 263
602 244 609 239
607 244 615 243
551 247 551 246
602 247 609 242
604 247 611 242
607 247 615 245
551 250 551 252
602 250 609 244
604 250 611 245
604 253 611 247
607 253 615 248
528 256 575 256
551 256 551 256
599 256 606 248
602 256 609 248
613 256 618 249
616 256 631 274
602 258 608 251
604 258 612 251
607 258 614 251
610 258 617 251
551 261 554 264
588 261 602 253
593 261 605 253
602 261 609 254
604 261 611 254
607 261 614 254
610 261 617 254
585 264 564 280
596 264 606 256
604 264 611 256
607 264 614 257
593 267 576 284
604 267 611 259
588 273 598 272
590 273 601 272
588 275 598 274
604 275 600 283
633 275 625 276
635 275 628 276
638 275 631 276
554 278 549 285
571 278 586 279
573 278 589 278
585 278 582 290
630 278 624 278
635 278 628 278
638 278 630 279
607 281 615 281
610 281 612 281
613 281 618 281
633 281 627 281
638 281 630 282
641 281 633 282
559 284 552 292
573 284 569 289
585 284 581 294
593 284 590 295
596 284 592 295
613 284 615 284
633 284 626 285
556 287 549 294
559 287 551 295
582 287 581 296
593 287 590 297
596 287 593 297
630 287 626 288
635 287 630 288
551 290 545 294
559 290 567 288
613 290 609 292
635 290 630 290
556 292 564 292
630 292 620 292
562 295 569 293
590 295 589 304
596 295 586 294
602 295 599 304
604 295 605 296
610 295 609 296
621 295 618 296
624 295 620 296
630 295 625 296
641 295 634 295
647 295 638 295
576 298 575 293
596 298 587 297
602 298 599 306
604 298 605 298
610 298 608 298
621 298 617 299
630 298 626 299
641 298 635 298
644 298 637 298
551 301 551 301
607 301 607 301
621 301 617 302
630 301 626 302
641 301 635 301
568 304 574 302
604 304 605 303
607 304 608 304
568 306 575 305
579 306 571 306
604 306 605 306
644 306 640 307
647 306 642 307
559 309 559 310
571 309 577 308
588 309 592 309
593 309 595 309
599 309 598 310
619 309 613 312
621 309 616 311
624 309 619 311
627 309 622 311
644 309 640 310
647 309 642 309
579 312 571 310
585 312 588 315
593 312 595 313
599 312 598 313
602 312 600 313
613 312 606 313
619 312 613 314
621 312 615 314
624 312 618 314
638 312 636 313
641 312 639 313
579 315 571 313
585 315 580 315
593 315 595 315
599 315 598 316
602 315 601 316
604 315 603 316
607 315 606 316
633 315 628 316
635 315 630 315
