1 0 0 -0.2022774517536163 
0 1 0 -0.02555054239928722 
0 0 1 -0.5562111139297485 
0 0 0 1 

0.9999455213546753 0.006865501869469881 -0.007863852195441723 -0.1938601285219193 
-0.006181294564157724 0.9964507222175598 0.08395165950059891 -0.06421873718500137 
0.008412305265665054 -0.08389847725629807 0.9964388608932495 -0.533435583114624 
0 0 0 1 

0.9969621896743774 -0.01482974085956812 -0.0764617919921875 -0.1547445803880692 
0.02258438244462013 0.9945716261863708 0.1015735492110252 -0.07563341408967972 
0.07454041391611099 -0.1029918417334557 0.991885244846344 -0.5393717288970947 
0 0 0 1 

0.9869511127471924 -0.03177283704280853 -0.1578540652990341 -0.1068080365657806 
0.05176658183336258 0.9909045696258545 0.1242110431194305 -0.09105873107910156 
0.1524717807769775 -0.1307618021965027 0.9796191453933716 -0.5377911329269409 
0 0 0 1 

0.9789215922355652 -0.06011219322681427 -0.1951883882284164 -0.08438204973936081 
0.09460938721895218 0.9804481267929077 0.1725411862134933 -0.1258003413677216 
0.181000292301178 -0.1873711496591568 0.9654692411422729 -0.5332537293434143 
0 0 0 1 

