1 0 0 -0.04922165349125862 
0 1 0 -0.0675094872713089 
0 0 1 -0.5077975988388062 
0 0 0 1 

0.9981845021247864 0.01967793516814709 -0.05692450329661369 -0.05869224667549133 
-0.017078822478652 0.998805046081543 0.04578965902328491 -0.09109872579574585 
0.05775754526257515 -0.04473430663347244 0.9973278045654297 -0.5111320018768311 
0 0 0 1 

0.9979740977287292 -0.02193970791995525 -0.05971890315413475 -0.0558134913444519 
0.02474565990269184 0.9986042976379395 0.04665859416127205 -0.09421448409557343 
0.05861186608672142 -0.04804186895489693 0.9971241354942322 -0.5117614269256592 
0 0 0 1 

0.9980403780937195 -0.02493844926357269 -0.05738914757966995 -0.04572809487581253 
0.02892829850316048 0.9971431493759155 0.0697764977812767 -0.108281746506691 
0.0554850772023201 -0.07129993289709091 0.9959105253219604 -0.5071166157722473 
0 0 0 1 

0.9978469014167786 0.04453868046402931 -0.04814420267939568 -0.05572312325239182 
-0.04313191398978233 0.9986225962638855 0.02987442351877689 -0.08954230695962906 
0.04940846562385559 -0.02773353271186352 0.9983935356140137 -0.5141555666923523 
0 0 0 1 

0.9817209839820862 -0.1724518686532974 -0.08052372932434082 -0.02990373037755489 
0.1766776293516159 0.9830662608146667 0.04863801971077919 -0.1131541952490807 
0.07077240198850632 -0.06197575852274895 0.9955652952194214 -0.5198987126350403 
0 0 0 1 

0.9743310213088989 -0.2119770348072052 -0.07579362392425537 -0.0299022700637579 
0.2174312174320221 0.9733533263206482 0.072847880423069 -0.1281099319458008 
0.05833183974027634 -0.08745788782835007 0.9944589138031006 -0.5163129568099976 
0 0 0 1 

0.9593906998634338 -0.2745187282562256 -0.06487589329481125 -0.02870029024779797 
0.2781431078910828 0.9589328169822693 0.05553484708070755 -0.1200772896409035 
0.04696624353528023 -0.0713244155049324 0.9963468313217163 -0.5212478637695312 
0 0 0 1 

0.9677810072898865 -0.2435953915119171 -0.06372640281915665 -0.02904329262673855 
0.2474815547466278 0.9668761491775513 0.06247598677873611 -0.1251918524503708 
0.0463966429233551 -0.07623421400785446 0.996009886264801 -0.5222369432449341 
0 0 0 1 

0.4316925406455994 -0.8826045989990234 -0.1861463338136673 0.03198777139186859 
0.9020134210586548 0.4232277274131775 0.08514633774757385 -0.1077383905649185 
0.003631697036325932 -0.2046635448932648 0.9788256287574768 -0.5912823677062988 
0 0 0 1 

