328 149 327 148
338 149 338 147
343 149 343 147
349 149 349 147
302 154 301 155
323 154 321 152
328 154 327 153
333 154 332 153
338 154 338 153
343 154 343 152
349 154 350 153
354 154 354 152
359 154 359 152
364 154 365 152
369 154 370 153
375 154 375 153
291 160 291 160
297 160 296 160
302 160 301 160
307 160 305 159
312 160 311 158
317 160 317 158
323 160 322 158
328 160 328 158
333 160 332 158
338 160 337 158
343 160 344 159
349 160 350 159
354 160 355 158
364 160 365 158
369 160 371 158
375 160 376 157
380 160 380 157
385 160 386 159
286 165 285 166
291 165 291 165
297 165 296 165
302 165 301 164
307 165 306 164
312 165 312 165
317 165 318 164
323 165 323 164
328 165 328 164
333 165 334 165
338 165 339 165
343 165 346 165
349 165 352 165
354 165 357 164
359 165 362 164
364 165 367 164
375 165 376 163
385 165 386 163
281 170 279 171
286 170 285 171
291 170 291 170
312 170 313 171
317 170 318 171
323 170 324 171
328 170 329 171
333 170 336 171
338 170 342 171
343 170 347 170
349 170 352 170
354 170 357 170
359 170 362 170
364 170 368 169
369 170 373 169
375 170 378 169
380 170 383 169
385 170 388 168
276 175 274 176
281 175 279 176
286 175 285 175
291 175 291 176
297 175 297 176
302 175 304 177
307 175 310 177
312 175 315 177
317 175 320 177
323 175 325 177
333 175 336 176
338 175 342 176
343 175 348 176
349 175 353 175
354 175 358 175
359 175 363 175
364 175 368 175
369 175 373 175
375 175 378 175
380 175 383 174
385 175 389 174
271 180 270 181
276 180 275 181
281 180 279 181
286 180 286 181
297 180 299 182
302 180 305 182
307 180 311 182
317 180 321 182
323 180 326 182
328 180 331 182
333 180 336 182
338 180 342 181
343 180 348 181
349 180 354 181
354 180 358 181
359 180 363 181
364 180 369 181
369 180 374 181
375 180 379 180
380 180 384 180
385 180 389 179
390 180 394 179
395 180 399 179
265 186 264 186
281 186 280 187
286 186 287 188
291 186 292 188
302 186 305 188
307 186 311 188
312 186 317 188
323 186 327 188
328 186 332 187
338 186 342 186
343 186 348 186
349 186 354 186
354 186 358 186
359 186 363 187
364 186 369 186
369 186 374 186
375 186 379 185
380 186 384 185
385 186 389 185
390 186 394 185
395 186 400 184
406 186 407 183
265 191 264 192
271 191 269 192
276 191 275 193
281 191 282 194
286 191 290 195
291 191 295 195
297 191 300 194
307 191 310 193
312 191 316 195
328 191 331 193
338 191 343 191
343 191 347 192
349 191 353 191
354 191 358 192
364 191 369 192
369 191 373 192
375 191 380 191
380 191 384 191
385 191 389 191
390 191 394 190
395 191 399 190
401 191 404 190
255 196 255 197
265 196 264 198
271 196 270 198
276 196 276 198
286 196 291 201
302 196 307 197
312 196 316 199
317 196 321 199
323 196 326 199
328 196 331 199
338 196 343 197
343 196 348 197
349 196 353 197
354 196 359 197
359 196 363 197
369 196 374 197
375 196 379 197
380 196 384 197
385 196 389 196
390 196 394 196
395 196 400 196
401 196 404 196
411 196 413 194
260 201 260 204
265 201 264 203
271 201 270 203
276 201 276 203
281 201 282 203
291 201 297 203
302 201 307 203
343 201 348 203
349 201 353 203
359 201 363 202
364 201 369 202
369 201 375 201
375 201 379 202
380 201 384 202
385 201 389 201
390 201 395 201
395 201 400 200
401 201 405 200
406 201 409 200
260 206 259 209
271 206 269 208
281 206 280 208
297 206 303 208
323 206 327 208
328 206 332 207
333 206 337 208
338 206 342 208
343 206 347 208
349 206 353 208
354 206 358 207
359 206 364 208
364 206 369 207
369 206 375 207
375 206 380 207
380 206 385 206
385 206 390 206
390 206 395 206
395 206 399 206
401 206 405 205
406 206 409 205
416 206 417 204
255 212 255 206
260 212 259 213
265 212 264 213
271 212 268 213
276 212 275 213
281 212 281 213
286 212 286 216
297 212 301 212
302 212 305 215
307 212 312 213
312 212 316 213
317 212 321 213
323 212 326 215
328 212 332 214
333 212 337 213
349 212 353 213
354 212 359 213
359 212 364 213
369 212 375 211
375 212 381 212
380 212 385 212
385 212 389 212
390 212 394 211
395 212 399 211
401 212 404 211
411 212 413 210
416 212 417 209
260 217 260 217
265 217 264 219
271 217 269 219
276 217 274 218
281 217 280 217
302 217 303 220
312 217 316 221
317 217 322 219
323 217 327 220
328 217 332 219
333 217 337 219
338 217 343 219
343 217 348 219
349 217 355 221
354 217 360 222
359 217 365 221
369 217 370 215
375 217 380 217
380 217 385 217
385 217 390 217
390 217 394 217
395 217 399 216
401 217 404 216
411 217 413 215
265 222 265 223
271 222 269 224
276 222 274 223
281 222 280 222
286 222 287 223
291 222 295 224
302 222 306 226
307 222 312 225
312 222 317 226
333 222 337 224
338 222 342 224
343 222 348 223
354 222 360 226
369 222 371 221
375 222 380 223
385 222 390 222
390 222 394 222
395 222 399 221
401 222 404 221
411 222 413 220
271 227 270 227
276 227 275 228
281 227 281 228
286 227 287 231
291 227 295 230
297 227 300 230
302 227 306 231
307 227 312 230
312 227 318 231
317 227 323 231
328 227 332 230
333 227 337 230
338 227 343 229
343 227 349 229
349 227 354 229
359 227 366 228
364 227 370 228
375 227 380 228
380 227 385 228
390 227 394 227
401 227 403 226
406 227 407 226
411 227 412 225
276 232 276 233
281 232 281 235
286 232 287 237
291 232 295 236
297 232 301 236
302 232 306 236
307 232 311 236
312 232 316 235
328 232 332 236
333 232 338 236
338 232 343 234
343 232 348 234
349 232 353 234
354 232 359 234
359 232 364 234
364 232 369 234
369 232 374 234
375 232 380 233
390 232 394 233
401 232 402 231
406 232 407 231
411 232 412 230
276 238 277 239
281 238 282 240
291 238 295 241
297 238 301 241
302 238 306 241
307 238 311 241
312 238 317 241
323 238 327 241
328 238 333 242
333 238 338 241
338 238 343 239
343 238 348 239
349 238 353 239
354 238 358 239
359 238 364 239
364 238 369 239
369 238 374 239
375 238 379 238
380 238 384 238
385 238 390 238
390 238 394 238
401 238 402 236
406 238 407 236
411 238 412 235
276 243 277 244
281 243 281 245
291 243 295 247
297 243 300 246
302 243 306 246
323 243 327 246
328 243 333 247
333 243 338 246
338 243 343 245
343 243 349 244
349 243 354 244
354 243 359 244
359 243 364 244
364 243 369 244
369 243 374 244
375 243 379 244
380 243 384 243
385 243 389 242
390 243 394 242
401 243 403 241
406 243 407 240
411 243 412 240
271 248 274 250
281 248 281 249
286 248 288 250
307 248 311 251
312 248 317 251
323 248 328 251
328 248 333 252
333 248 338 251
354 248 359 249
359 248 364 250
364 248 369 249
369 248 374 249
375 248 379 249
390 248 394 247
401 248 402 246
406 248 407 245
281 253 284 255
286 253 288 256
291 253 295 256
302 253 305 256
307 253 311 257
312 253 316 257
323 253 328 257
338 253 344 255
343 253 349 255
349 253 354 254
364 253 369 254
369 253 375 254
375 253 380 254
380 253 384 253
385 253 390 252
390 253 396 252
401 253 402 251
406 253 407 251
286 258 289 261
291 258 296 261
297 258 301 261
302 258 306 261
307 258 312 262
312 258 317 262
317 258 323 263
323 258 329 262
333 258 339 263
338 258 344 260
343 258 349 260
349 258 354 259
354 258 359 259
359 258 364 260
364 258 369 260
369 258 374 260
375 258 380 260
385 258 390 257
395 258 398 256
401 258 403 257
406 258 412 257
276 264 280 266
291 264 296 267
297 264 301 267
302 264 307 267
312 264 318 268
317 264 323 268
323 264 329 269
328 264 334 268
338 264 344 264
343 264 349 265
349 264 354 265
354 264 360 265
359 264 364 265
364 264 369 265
369 264 375 265
375 264 379 265
390 264 392 262
395 264 397 263
276 269 279 271
291 269 295 272
297 269 301 273
302 269 306 273
307 269 311 272
317 269 323 272
323 269 329 273
333 269 338 271
338 269 343 270
343 269 349 270
349 269 354 271
354 269 359 270
359 269 364 270
364 269 369 270
369 269 374 270
385 269 387 268
390 269 391 270
401 269 407 263
276 274 279 277
281 274 285 277
291 274 296 278
297 274 301 278
302 274 306 278
328 274 334 276
333 274 338 275
338 274 343 276
343 274 349 276
349 274 354 276
354 274 359 275
364 274 369 275
369 274 374 275
375 274 380 275
385 274 387 274
395 274 395 275
411 274 412 273
276 279 277 281
286 279 290 283
291 279 296 283
297 279 301 283
302 279 306 283
312 279 318 282
317 279 324 281
323 279 328 281
328 279 333 281
333 279 339 282
338 279 343 281
343 279 349 283
349 279 354 280
354 279 359 278
359 279 364 279
369 279 374 279
385 279 387 279
390 279 390 279
395 279 395 279
401 279 401 280
406 279 407 279
411 279 412 278
276 284 275 286
281 284 285 287
286 284 290 288
291 284 295 288
297 284 301 288
302 284 307 288
312 284 319 287
317 284 325 287
323 284 328 287
328 284 333 288
333 284 338 287
349 284 354 285
354 284 359 284
359 284 363 283
364 284 369 284
385 284 387 284
390 284 391 284
395 284 395 284
401 284 402 283
411 284 412 284
276 290 278 290
281 290 285 292
291 290 296 293
312 290 319 294
328 290 333 293
349 290 353 289
354 290 359 290
359 290 363 290
380 290 383 288
385 290 387 289
390 290 392 289
395 290 397 289
401 290 402 288
406 290 406 289
281 295 281 296
286 295 287 296
307 295 312 298
312 295 318 299
317 295 322 297
338 295 339 297
343 295 345 296
385 295 386 294
390 295 391 293
395 295 397 294
401 295 402 295
406 295 407 295
411 295 411 295
286 300 287 302
291 300 293 303
307 300 312 304
317 300 322 302
323 300 329 302
328 300 334 304
333 300 339 305
369 300 372 301
375 300 376 300
380 300 380 300
390 300 391 299
401 300 402 299
406 300 408 299
411 300 413 300
291 305 296 307
302 305 304 307
307 305 309 307
323 305 328 309
375 305 375 305
380 305 379 306
385 305 384 305
390 305 390 304
401 305 402 304
406 305 408 305
411 305 413 305
416 305 417 305
291 310 296 312
302 310 304 312
307 310 309 312
317 310 322 313
343 310 349 312
359 310 359 311
369 310 367 312
375 310 372 311
380 310 379 311
390 310 390 311
395 310 395 311
401 310 401 311
406 310 406 311
411 310 413 311
416 310 417 310
432 310 434 311
437 310 438 311
442 310 443 310
291 316 297 316
302 316 303 317
307 316 308 317
328 316 329 318
333 316 334 318
338 316 344 318
343 316 349 317
359 316 359 316
369 316 367 316
375 316 372 316
380 316 378 317
385 316 383 316
390 316 390 316
395 316 395 317
406 316 406 317
411 316 411 317
416 316 416 315
421 316 422 316
427 316 428 316
432 316 433 316
437 316 438 316
442 316 443 315
307 321 307 321
312 321 313 321
317 321 318 322
323 321 323 322
359 321 356 321
364 321 361 321
369 321 366 322
375 321 372 322
380 321 377 322
385 321 383 322
390 321 388 322
395 321 395 322
406 321 404 322
411 321 409 322
416 321 414 322
421 321 421 322
432 321 432 322
437 321 437 321
442 321 443 320
302 326 303 328
307 326 308 327
312 326 313 327
317 326 318 327
323 326 323 327
333 326 334 327
338 326 339 328
343 326 343 328
349 326 349 326
359 326 356 327
364 326 361 327
369 326 366 328
375 326 372 327
380 326 376 328
385 326 383 328
390 326 389 328
395 326 394 327
401 326 399 327
406 326 404 328
411 326 409 327
416 326 414 327
421 326 419 327
427 326 428 326
437 326 437 326
442 326 442 325
302 331 302 332
307 331 308 331
312 331 313 332
317 331 319 332
323 331 323 332
328 331 328 332
338 331 339 332
343 331 344 332
354 331 351 331
359 331 356 332
364 331 361 333
369 331 366 333
375 331 371 333
380 331 377 332
385 331 383 332
390 331 388 333
395 331 393 332
401 331 398 332
411 331 408 332
416 331 413 332
421 331 418 332
427 331 423 331
442 331 443 335
302 336 304 336
307 336 309 336
312 336 313 337
323 336 324 337
328 336 328 338
333 336 334 337
343 336 343 338
354 336 350 337
359 336 355 338
364 336 361 338
369 336 366 338
375 336 371 338
380 336 377 337
385 336 383 337
390 336 388 338
395 336 393 338
401 336 398 337
406 336 403 338
411 336 407 337
416 336 412 337
421 336 418 337
427 336 422 336
432 336 427 337
