562 129 570 130
545 146 552 147
562 146 570 147
666 146 676 148
684 146 696 148
580 163 587 165
597 163 603 166
614 163 622 165
666 163 671 165
684 163 686 164
701 163 706 164
718 163 730 166
528 181 535 183
580 181 587 182
736 181 746 184
562 198 570 199
684 198 694 200
580 215 587 217
701 215 711 218
718 215 728 217
510 233 515 235
528 233 535 234
580 233 586 234
597 233 604 234
614 233 621 235
632 233 639 236
701 233 711 236
476 250 481 252
493 250 499 251
510 250 517 251
528 250 534 251
545 250 551 252
562 250 568 252
580 250 587 252
597 250 603 252
614 250 620 252
632 250 637 251
649 250 657 253
701 250 712 253
441 267 447 268
458 267 463 268
476 267 481 268
493 267 499 268
510 267 517 269
528 267 535 269
545 267 552 270
562 267 568 268
580 267 587 269
597 267 604 269
614 267 622 270
632 267 639 270
649 267 657 270
684 267 694 271
718 267 729 275
424 285 430 286
458 285 464 286
476 285 483 285
493 285 499 285
510 285 516 286
528 285 533 286
545 285 551 286
562 285 569 287
580 285 586 287
597 285 604 287
614 285 622 287
632 285 639 287
649 285 657 288
684 285 695 288
701 285 711 289
736 285 745 290
424 302 430 302
441 302 447 303
458 302 463 303
476 302 481 302
493 302 499 302
510 302 516 303
528 302 533 304
562 302 569 304
580 302 586 304
597 302 604 304
614 302 622 304
649 302 658 305
666 302 676 306
684 302 695 306
701 302 711 306
718 302 728 307
736 302 745 310
424 319 429 320
458 319 464 320
476 319 481 320
493 319 497 320
510 319 515 320
528 319 534 321
545 319 551 321
562 319 568 322
580 319 586 322
597 319 604 322
614 319 621 322
632 319 639 322
666 319 674 323
736 319 745 324
406 337 412 338
458 337 464 338
476 337 482 338
493 337 498 338
510 337 515 338
528 337 534 339
545 337 551 339
562 337 569 339
580 337 587 339
614 337 621 340
632 337 638 339
666 337 673 340
684 337 691 340
701 337 709 341
389 354 395 355
424 354 429 355
476 354 481 354
493 354 499 356
510 354 517 356
528 354 534 356
545 354 551 356
562 354 569 357
580 354 586 357
597 354 603 356
614 354 622 357
632 354 639 357
666 354 673 357
684 354 691 358
701 354 710 358
736 354 746 359
406 371 412 372
424 371 430 372
476 371 481 372
510 371 515 373
528 371 533 373
545 371 550 373
562 371 569 374
580 371 586 374
597 371 604 374
614 371 621 374
666 371 673 375
684 371 690 376
701 371 709 376
718 371 724 376
424 389 429 390
458 389 464 391
476 389 481 389
493 389 498 390
510 389 515 390
528 389 533 390
545 389 551 391
580 389 586 391
666 389 674 392
701 389 710 393
424 406 429 407
441 406 446 407
476 406 482 408
493 406 498 407
510 406 515 407
528 406 533 409
545 406 550 409
562 406 568 408
580 406 586 409
597 406 602 408
614 406 620 410
701 406 709 410
424 424 428 426
441 424 443 426
476 424 480 425
493 424 498 425
528 424 533 426
545 424 550 425
562 424 568 426
632 424 638 426
666 424 673 428
701 424 709 428
718 424 730 428
736 424 746 428
406 441 411 440
424 441 427 441
441 441 443 441
458 441 460 442
476 441 480 442
510 441 515 443
528 441 532 442
545 441 551 442
562 441 569 444
580 441 585 444
632 441 639 444
684 441 690 444
701 441 708 444
718 441 726 445
736 441 746 444
753 441 763 447
371 458 377 459
389 458 394 460
406 458 405 458
424 458 425 459
441 458 443 460
458 458 459 458
493 458 498 460
510 458 516 459
528 458 533 459
545 458 551 460
562 458 568 461
580 458 586 461
597 458 603 461
632 458 638 460
649 458 655 460
666 458 673 461
684 458 688 460
701 458 708 462
718 458 728 463
736 458 745 464
753 458 762 465
389 476 393 476
406 476 410 476
424 476 425 476
441 476 441 477
458 476 460 477
476 476 479 476
493 476 497 476
510 476 515 477
545 476 549 476
562 476 567 477
580 476 585 477
597 476 604 477
614 476 622 476
649 476 655 477
684 476 688 476
