338 160 365 159
343 160 369 160
291 165 308 161
297 165 313 163
338 165 366 165
343 165 372 166
302 170 333 168
307 170 339 168
323 170 353 168
328 170 358 168
338 170 367 170
354 170 382 174
359 170 386 170
297 175 327 172
302 175 332 173
307 175 339 173
312 175 345 173
317 175 349 173
323 175 354 174
328 175 358 174
333 175 365 175
338 175 370 176
354 175 382 179
291 180 322 178
297 180 328 178
302 180 333 179
307 180 339 179
312 180 345 179
317 180 350 179
323 180 355 180
333 180 365 182
338 180 370 182
343 180 375 182
291 186 322 183
297 186 329 184
302 186 334 184
307 186 339 184
317 186 349 185
333 186 365 187
343 186 375 186
364 186 393 187
286 191 312 191
291 191 323 189
302 191 331 189
312 191 343 191
333 191 365 191
343 191 375 192
369 191 396 195
286 196 318 195
302 196 329 195
307 196 333 196
291 201 317 201
302 201 327 200
307 201 332 200
312 201 343 202
323 201 353 202
333 201 364 201
349 201 379 203
364 201 391 203
291 206 317 206
297 206 322 207
307 206 333 205
323 206 352 206
328 206 358 207
333 206 364 205
359 206 386 208
281 212 296 212
291 212 311 210
297 212 323 212
307 212 334 211
317 212 345 212
323 212 350 212
328 212 358 212
333 212 363 212
359 212 384 213
364 212 389 213
281 217 296 216
291 217 312 216
297 217 316 217
302 217 328 216
307 217 334 216
312 217 339 216
323 217 350 217
333 217 361 218
338 217 366 217
385 217 403 219
286 222 306 221
291 222 312 221
297 222 323 221
307 222 334 222
312 222 339 222
317 222 345 222
323 222 350 222
328 222 355 223
333 222 360 222
349 222 376 223
359 222 385 223
364 222 389 223
385 222 402 223
286 227 307 227
291 227 315 227
297 227 323 227
302 227 329 227
312 227 339 227
317 227 345 227
323 227 350 228
328 227 355 228
333 227 360 228
338 227 365 229
359 227 384 229
375 227 395 227
390 227 406 228
395 227 410 228
286 232 311 233
291 232 318 232
297 232 323 232
302 232 329 232
307 232 333 232
312 232 339 232
317 232 345 233
323 232 349 233
328 232 355 233
333 232 359 233
338 232 364 234
354 232 378 234
369 232 392 233
375 232 396 233
385 232 401 234
390 232 405 233
286 238 310 239
297 238 322 238
302 238 329 238
307 238 334 237
312 238 339 238
317 238 344 238
323 238 350 238
328 238 354 239
333 238 359 239
343 238 369 239
349 238 373 239
369 238 392 238
385 238 400 239
286 243 310 243
297 243 323 243
307 243 334 243
312 243 338 243
317 243 344 244
323 243 349 244
328 243 354 244
333 243 360 244
338 243 364 245
343 243 368 244
349 243 373 245
359 243 381 244
364 243 386 245
291 248 313 248
297 248 317 248
302 248 327 248
307 248 334 248
317 248 345 249
323 248 349 248
328 248 354 249
333 248 360 249
343 248 369 249
349 248 372 249
359 248 381 249
364 248 386 249
369 248 391 249
291 253 311 253
302 253 327 254
307 253 333 254
323 253 348 254
328 253 354 254
333 253 360 254
343 253 368 255
349 253 373 254
359 253 381 254
364 253 386 254
276 258 290 263
286 258 305 259
291 258 312 259
297 258 321 260
307 258 333 259
312 258 339 259
333 258 360 259
343 258 368 260
349 258 373 260
359 258 381 259
281 264 299 265
286 264 306 265
291 264 312 265
297 264 317 264
302 264 326 265
307 264 334 265
312 264 339 265
317 264 344 265
323 264 348 265
328 264 354 264
333 264 359 264
343 264 368 265
354 264 376 265
286 269 306 270
291 269 312 270
297 269 320 269
302 269 327 270
307 269 334 270
312 269 339 270
317 269 343 270
323 269 349 270
328 269 354 270
333 269 359 269
338 269 364 270
343 269 369 269
349 269 373 270
364 269 384 270
276 274 294 276
281 274 300 276
286 274 305 276
291 274 312 275
297 274 319 275
302 274 326 274
312 274 338 274
317 274 343 274
323 274 349 275
328 274 354 275
349 274 374 275
291 279 311 281
302 279 326 280
312 279 338 279
317 279 343 279
323 279 348 281
328 279 354 281
343 279 369 276
354 279 376 280
286 284 305 286
291 284 312 286
297 284 317 286
312 284 336 286
317 284 342 286
323 284 347 286
343 284 368 280
354 284 375 285
291 290 312 292
297 290 318 292
302 290 323 292
307 290 327 290
312 290 336 291
349 290 369 290
364 290 379 286
297 295 316 298
302 295 322 295
307 295 327 296
323 295 344 297
328 295 348 297
364 295 379 291
312 300 332 301
317 300 338 302
323 300 343 302
328 300 348 301
364 300 379 296
307 305 326 310
323 305 341 308
338 305 352 306
343 305 357 307
328 310 342 313
