522 217 526 217
525 217 529 217
538 217 538 217
430 219 430 220
432 219 432 220
511 219 459 219
514 219 462 219
517 219 465 219
538 219 538 219
472 222 451 227
517 222 465 221
535 222 535 222
538 222 538 222
472 224 451 230
535 224 535 225
485 227 452 286
533 227 513 230
488 230 450 240
538 230 538 235
477 232 435 246
488 232 449 243
469 235 433 260
445 238 442 272
485 238 441 252
443 240 441 276
453 240 446 248
477 240 467 302
514 246 496 293
538 246 538 263
432 248 436 265
538 248 538 265
443 251 436 238
511 251 485 293
535 251 533 297
538 251 538 268
445 254 447 257
535 254 536 271
538 254 538 271
474 256 502 309
432 259 431 250
485 259 458 302
488 259 461 301
527 259 514 258
535 259 535 276
432 261 431 252
472 261 439 265
474 261 502 314
480 261 437 259
525 261 533 292
527 261 536 292
530 261 477 271
430 264 429 303
432 264 431 255
456 264 445 262
459 264 447 262
467 264 469 283
503 264 520 300
503 267 520 303
506 267 523 304
533 267 533 286
464 269 466 288
432 272 433 235
437 272 440 310
485 272 490 269
498 272 508 282
459 275 450 289
461 275 452 288
519 275 498 303
538 275 538 247
501 277 531 303
503 277 534 303
437 280 434 280
440 280 436 280
467 280 437 292
493 280 501 281
501 280 531 306
503 280 534 306
525 280 528 308
527 280 531 308
467 283 437 296
437 285 432 310
467 285 437 299
469 285 454 291
501 285 515 304
506 285 463 280
480 288 502 304
488 288 494 293
533 288 534 300
535 288 536 301
538 288 538 300
435 293 434 305
469 293 458 257
490 293 472 305
493 298 475 309
501 298 494 306
456 301 445 301
517 301 491 312
501 304 523 311
498 306 474 291
459 309 445 310
480 309 468 250
535 309 534 242
456 312 443 311
477 317 460 318
517 317 494 317
535 317 534 311
432 320 432 321
477 320 460 321
501 320 513 316
503 320 516 316
511 320 500 322
453 322 446 321
456 322 446 319
501 322 513 319
517 322 492 325
530 322 529 325
535 322 537 315
430 325 430 324
453 325 446 324
459 325 449 324
461 325 454 323
474 325 462 326
501 325 510 325
522 325 521 324
430 327 430 327
448 327 513 328
456 327 446 327
459 327 449 327
480 327 465 328
482 327 494 328
488 327 476 327
490 327 504 327
496 327 489 327
498 327 491 327
511 327 461 328
522 327 520 327
530 327 530 328
538 327 538 327
