323 149 329 148
328 149 334 149
333 149 342 149
338 149 347 149
312 154 318 153
317 154 324 153
323 154 329 153
328 154 335 154
333 154 342 154
338 154 349 155
343 154 354 154
349 154 360 154
354 154 365 155
302 160 307 158
307 160 317 158
312 160 322 159
317 160 327 159
323 160 332 160
328 160 338 160
333 160 345 160
338 160 351 160
354 160 366 161
359 160 371 161
364 160 376 161
281 165 289 164
291 165 298 163
297 165 303 162
302 165 312 163
307 165 317 164
312 165 322 164
317 165 328 165
323 165 333 165
328 165 339 164
333 165 344 165
338 165 353 166
343 165 358 166
354 165 368 166
359 165 373 167
369 165 382 166
276 170 281 169
281 170 289 169
291 170 301 169
297 170 308 170
302 170 313 170
307 170 318 170
317 170 332 170
328 170 344 171
333 170 349 171
338 170 354 171
343 170 359 173
354 170 369 172
359 170 373 172
364 170 379 172
385 170 392 170
390 170 396 170
271 175 276 175
281 175 290 174
286 175 297 174
291 175 303 175
302 175 313 176
307 175 319 176
312 175 328 176
317 175 333 176
323 175 338 176
328 175 344 177
333 175 350 179
338 175 355 179
343 175 360 178
349 175 364 177
354 175 370 177
359 175 374 177
364 175 379 177
369 175 384 178
375 175 388 178
395 175 401 176
271 180 277 179
276 180 285 179
281 180 292 180
286 180 298 180
291 180 305 180
297 180 311 181
302 180 317 182
312 180 328 181
317 180 333 181
323 180 338 181
328 180 345 181
333 180 349 184
338 180 355 184
343 180 360 183
349 180 364 183
354 180 370 182
359 180 375 184
364 180 380 184
369 180 385 183
375 180 389 183
395 180 402 181
401 180 407 182
260 186 265 185
276 186 280 185
286 186 298 186
291 186 306 187
297 186 311 186
302 186 318 186
307 186 323 187
317 186 332 187
328 186 344 186
354 186 370 189
364 186 380 189
369 186 385 189
375 186 389 188
390 186 401 189
395 186 405 190
255 191 260 190
260 191 265 190
265 191 270 189
276 191 277 190
281 191 291 194
291 191 306 192
297 191 311 192
302 191 316 192
317 191 334 192
328 191 343 192
333 191 349 192
338 191 354 192
343 191 360 192
359 191 375 195
364 191 380 194
369 191 384 194
385 191 397 195
390 191 402 195
395 191 406 194
406 191 412 196
265 196 270 196
271 196 281 196
281 196 296 197
286 196 301 197
291 196 305 197
302 196 313 197
323 196 338 199
328 196 343 199
333 196 349 197
338 196 354 197
343 196 360 198
349 196 366 198
395 196 406 199
401 196 411 199
411 196 415 197
255 201 260 201
260 201 264 201
265 201 270 201
271 201 275 201
281 201 291 202
286 201 296 202
291 201 301 202
297 201 307 202
302 201 311 204
307 201 321 202
312 201 326 205
317 201 332 202
333 201 349 203
349 201 365 203
354 201 370 203
364 201 379 203
369 201 385 203
385 201 397 203
390 201 401 203
406 201 412 207
411 201 415 205
250 206 254 205
255 206 259 205
260 206 264 205
265 206 270 206
286 206 296 207
297 206 306 208
307 206 317 210
317 206 332 207
323 206 338 207
328 206 343 207
333 206 349 206
338 206 354 207
349 206 364 208
354 206 369 207
359 206 374 208
364 206 379 208
369 206 384 208
385 206 395 210
390 206 400 210
395 206 406 210
406 206 411 212
411 206 416 211
250 212 254 212
265 212 269 211
276 212 275 211
286 212 297 212
302 212 313 213
307 212 322 212
312 212 326 213
317 212 331 213
323 212 338 212
328 212 343 211
333 212 348 212
338 212 352 215
364 212 375 211
369 212 381 212
375 212 385 213
390 212 400 215
406 212 411 216
250 217 255 217
260 217 263 217
265 217 269 217
276 217 280 217
307 217 321 221
312 217 327 220
323 217 337 218
328 217 342 218
343 217 358 220
349 217 363 217
359 217 370 217
364 217 374 217
375 217 386 219
380 217 390 219
385 217 395 219
411 217 416 218
255 222 254 222
260 222 261 221
265 222 269 222
276 222 279 222
281 222 285 221
286 222 296 222
291 222 301 223
297 222 308 223
328 222 342 226
333 222 347 224
349 222 363 223
359 222 370 223
364 222 376 223
375 222 385 223
380 222 390 223
385 222 395 225
401 222 406 224
406 222 411 224
271 227 274 227
286 227 296 228
291 227 302 228
297 227 307 228
302 227 316 229
307 227 321 228
323 227 336 230
328 227 342 230
333 227 347 230
338 227 352 231
343 227 357 229
349 227 362 231
354 227 368 229
359 227 371 231
369 227 381 229
375 227 385 228
380 227 390 228
395 227 401 229
401 227 405 228
406 227 410 228
411 227 415 221
271 232 275 233
276 232 280 233
286 232 297 234
291 232 302 234
297 232 308 234
302 232 314 233
307 232 320 234
328 232 341 235
333 232 346 235
359 232 372 235
375 232 386 234
395 232 402 233
401 232 405 233
406 232 409 234
411 232 416 228
271 238 275 238
276 238 280 238
286 238 297 239
291 238 302 239
297 238 308 239
302 238 312 239
307 238 319 239
317 238 332 241
328 238 341 241
333 238 346 241
338 238 352 239
349 238 362 240
369 238 381 240
375 238 387 240
380 238 389 239
395 238 402 239
401 238 406 239
406 238 410 238
271 243 275 243
276 243 280 243
286 243 297 245
297 243 307 244
302 243 316 245
312 243 323 245
317 243 328 246
328 243 339 246
343 243 356 245
359 243 371 245
364 243 376 245
369 243 381 245
380 243 389 244
385 243 394 245
395 243 401 244
401 243 405 244
406 243 409 244
271 248 275 248
276 248 279 247
281 248 286 253
286 248 295 250
291 248 301 249
297 248 307 249
302 248 313 249
307 248 318 250
328 248 339 252
333 248 347 251
359 248 371 250
364 248 376 251
369 248 381 250
380 248 389 249
390 248 396 249
395 248 400 249
401 248 404 249
276 253 281 259
281 253 286 257
286 253 295 254
291 253 300 254
297 253 306 256
302 253 312 256
312 253 326 256
333 253 346 256
354 253 366 255
364 253 376 256
375 253 384 253
385 253 390 252
390 253 395 253
395 253 400 253
401 253 404 254
411 253 412 254
276 258 281 263
281 258 289 259
286 258 294 260
291 258 300 260
302 258 316 260
307 258 321 262
328 258 338 263
338 258 351 260
349 258 360 262
359 258 371 261
364 258 376 261
385 258 390 257
390 258 395 258
395 258 400 259
411 258 414 260
276 264 282 266
281 264 289 265
286 264 295 265
291 264 300 265
307 264 321 268
312 264 326 265
317 264 333 265
328 264 341 266
333 264 347 265
354 264 365 266
359 264 370 266
364 264 375 267
369 264 380 267
375 264 383 269
385 264 390 262
390 264 395 262
395 264 401 263
401 264 407 264
286 269 295 271
291 269 301 272
297 269 306 272
302 269 311 270
307 269 317 270
323 269 336 271
333 269 346 271
349 269 360 271
354 269 365 271
359 269 370 271
369 269 380 273
385 269 389 268
390 269 393 269
411 269 411 269
276 274 284 275
281 274 289 277
291 274 300 277
297 274 305 277
302 274 311 278
307 274 317 274
317 274 332 278
323 274 336 276
328 274 341 276
333 274 347 278
338 274 349 274
343 274 355 275
349 274 360 275
354 274 365 276
380 274 384 275
385 274 388 275
411 274 411 273
276 279 281 281
291 279 300 282
307 279 318 280
312 279 324 281
317 279 328 280
323 279 336 280
328 279 341 281
333 279 347 283
343 279 354 279
349 279 359 279
354 279 363 278
359 279 368 279
380 279 384 280
385 279 388 280
390 279 396 280
406 279 405 280
411 279 410 280
281 284 287 287
286 284 294 287
291 284 300 287
297 284 306 287
302 284 312 287
312 284 324 286
317 284 327 285
323 284 333 285
328 284 339 285
349 284 358 286
354 284 364 284
359 284 369 283
364 284 373 284
380 284 384 285
385 284 389 286
390 284 395 285
411 284 411 285
276 290 276 290
286 290 294 293
291 290 300 293
297 290 306 292
302 290 312 293
307 290 318 293
317 290 327 291
323 290 333 291
328 290 339 290
343 290 353 289
349 290 359 290
354 290 364 290
359 290 368 289
369 290 374 295
375 290 380 291
380 290 384 291
385 290 389 291
390 290 394 291
406 290 406 290
281 295 285 295
297 295 305 298
307 295 318 298
317 295 328 296
328 295 338 295
338 295 347 295
359 295 363 300
364 295 368 300
369 295 374 300
380 295 384 296
390 295 394 296
395 295 399 296
406 295 405 294
411 295 411 295
286 300 289 301
291 300 296 302
302 300 311 303
307 300 316 303
312 300 321 303
317 300 327 302
323 300 333 301
328 300 338 305
338 300 347 305
343 300 354 300
359 300 363 305
364 300 369 305
375 300 379 302
380 300 383 302
390 300 394 302
395 300 399 301
406 300 405 300
411 300 411 300
291 305 295 307
302 305 309 309
312 305 320 308
317 305 326 309
323 305 331 309
328 305 336 309
369 305 374 307
375 305 378 307
380 305 383 307
385 305 389 307
395 305 399 307
401 305 404 306
406 305 409 306
416 305 417 305
291 310 295 311
297 310 300 312
338 310 343 314
343 310 348 314
349 310 353 312
354 310 358 312
359 310 362 315
364 310 369 311
369 310 373 313
375 310 378 312
380 310 383 313
385 310 389 313
390 310 394 312
395 310 399 312
401 310 404 312
406 310 409 312
411 310 414 312
427 310 427 311
432 310 432 311
437 310 436 311
442 310 442 310
291 316 296 317
297 316 301 317
302 316 306 317
333 316 337 319
338 316 342 319
343 316 347 320
354 316 357 316
364 316 367 318
369 316 373 317
375 316 378 317
380 316 383 317
385 316 388 318
390 316 394 318
395 316 399 318
401 316 404 318
406 316 409 318
411 316 414 318
416 316 420 318
427 316 428 316
432 316 433 317
437 316 437 317
442 316 442 316
312 321 311 322
328 321 332 325
338 321 342 325
354 321 357 323
369 321 372 323
375 321 378 323
380 321 383 323
385 321 388 323
390 321 394 323
395 321 399 323
401 321 404 323
406 321 409 323
411 321 414 323
432 321 433 322
437 321 436 321
442 321 442 321
302 326 305 326
307 326 311 326
312 326 314 327
317 326 319 327
323 326 325 326
333 326 335 327
343 326 348 326
349 326 354 326
354 326 357 328
359 326 362 330
364 326 367 330
369 326 372 328
375 326 378 327
380 326 384 327
385 326 388 328
390 326 394 328
395 326 398 328
401 326 403 328
406 326 409 328
411 326 414 328
437 326 436 326
442 326 442 326
302 331 302 332
307 331 309 331
312 331 314 332
317 331 320 332
323 331 325 331
328 331 330 332
338 331 341 333
354 331 357 333
375 331 378 333
380 331 383 333
385 331 388 334
390 331 393 334
401 331 403 333
406 331 408 331
427 331 421 326
302 336 301 337
307 336 307 337
312 336 314 337
317 336 320 337
323 336 325 337
328 336 330 337
333 336 335 337
349 336 351 338
354 336 357 337
359 336 363 338
364 336 367 339
369 336 373 339
375 336 378 338
380 336 383 338
385 336 388 339
390 336 393 339
395 336 398 338
401 336 403 338
406 336 408 337
411 336 414 337
437 336 436 337
442 336 442 337
