528 94 765 197
545 94 800 201
562 94 816 200
458 111 643 209
476 111 659 208
510 111 744 214
528 111 757 219
545 111 796 221
562 111 813 225
458 129 640 224
476 129 658 225
545 129 794 244
562 129 814 244
458 146 637 240
476 146 656 240
545 146 787 260
562 146 808 260
441 163 624 258
458 163 638 256
476 163 656 257
493 163 677 260
545 163 774 276
562 163 805 280
458 181 638 278
476 181 658 278
510 181 734 290
389 198 570 290
406 198 585 289
424 198 605 289
441 198 621 291
458 198 639 292
476 198 659 292
493 198 678 294
510 198 696 296
528 198 726 300
354 215 528 300
371 215 546 298
545 215 740 316
562 215 767 319
580 215 784 319
389 233 561 312
406 233 578 314
424 233 594 315
458 233 630 320
476 233 648 322
493 233 667 324
510 233 686 326
528 233 707 328
545 233 733 332
562 233 767 338
337 250 517 324
371 250 545 326
389 250 560 327
406 250 575 327
424 250 591 329
458 250 626 333
476 250 645 336
493 250 663 339
510 250 683 341
528 250 706 345
580 250 779 369
319 267 501 340
337 267 517 342
371 267 543 343
389 267 559 343
406 267 573 346
424 267 589 347
441 267 609 348
458 267 624 351
476 267 644 354
493 267 661 356
510 267 679 357
528 267 702 361
545 267 725 367
580 267 780 382
319 285 501 358
337 285 516 358
371 285 542 359
389 285 556 360
406 285 573 363
424 285 588 365
441 285 606 367
458 285 623 368
476 285 641 368
493 285 659 371
510 285 678 372
528 285 703 382
545 285 726 385
562 285 760 394
580 285 786 402
597 285 810 405
302 302 484 369
319 302 501 372
337 302 516 374
389 302 555 375
406 302 569 378
424 302 585 379
441 302 604 383
458 302 623 386
476 302 641 389
493 302 659 389
510 302 677 392
562 302 766 422
580 302 789 423
267 319 459 382
285 319 473 381
337 319 514 390
371 319 538 392
389 319 552 392
406 319 569 396
424 319 583 396
441 319 606 401
458 319 626 408
476 319 642 410
493 319 659 412
510 319 676 413
528 319 696 412
562 319 769 439
580 319 787 441
319 337 496 412
337 337 513 411
354 337 527 410
389 337 555 413
424 337 589 419
441 337 606 423
458 337 623 427
476 337 641 428
493 337 659 430
510 337 677 432
528 337 695 434
545 337 715 436
580 337 789 459
337 354 512 432
371 354 543 435
406 354 571 436
424 354 588 439
441 354 605 443
458 354 624 447
476 354 641 448
493 354 659 450
510 354 674 449
528 354 695 455
337 371 509 448
354 371 524 450
371 371 541 451
389 371 556 453
424 371 587 460
458 371 622 465
476 371 642 467
493 371 657 466
371 389 538 471
302 406 491 445
476 406 599 454
