556 205 557 206
559 205 560 206
579 205 580 222
556 208 557 209
571 208 571 226
579 208 580 225
545 211 546 210
551 211 552 213
554 211 554 212
556 211 558 212
537 213 537 214
540 213 540 214
542 213 543 214
545 213 546 214
576 213 578 228
579 213 581 228
585 213 585 231
588 213 587 231
540 216 540 218
588 216 587 234
528 219 534 219
588 219 588 237
590 219 592 242
528 222 528 221
542 222 563 232
562 222 555 246
590 222 592 246
593 222 595 246
534 225 543 239
542 225 542 242
556 225 569 239
562 225 565 247
604 225 597 261
542 227 542 245
531 230 534 246
551 230 561 243
551 233 561 246
554 233 565 246
537 239 541 257
528 242 528 252
534 244 532 255
613 244 601 266
537 247 535 258
610 247 598 271
613 247 601 271
531 250 529 260
534 250 531 259
534 253 532 262
554 253 536 264
559 253 543 264
537 256 533 267
554 256 536 267
556 256 539 267
562 256 545 266
545 258 531 274
548 258 534 274
554 258 536 270
556 258 540 270
559 258 543 269
562 258 545 268
579 258 571 279
593 258 581 250
599 258 587 250
545 261 531 277
556 261 540 272
562 261 546 271
616 261 604 268
545 264 531 280
610 264 588 270
554 267 539 276
582 267 570 260
585 267 572 260
599 267 587 254
528 270 528 281
565 270 552 275
596 270 585 286
604 270 614 273
616 270 608 277
635 270 635 271
641 270 642 271
528 273 529 283
531 273 532 283
556 273 544 282
565 273 552 278
638 273 637 272
641 273 642 273
528 275 529 285
531 275 532 285
559 275 550 283
607 275 618 280
638 275 639 274
559 278 551 286
590 278 593 286
593 278 597 285
607 278 618 282
630 278 633 279
633 278 635 279
528 281 528 289
531 281 532 290
590 281 593 289
593 281 596 288
599 281 603 288
633 281 636 282
638 281 640 281
641 281 643 280
531 284 532 292
534 284 536 292
545 284 535 282
551 284 538 282
559 284 544 279
562 284 557 290
573 284 581 289
585 284 589 291
588 284 592 292
590 284 594 291
599 284 604 290
619 284 624 285
627 284 630 284
630 284 634 284
638 284 640 283
641 284 643 282
551 287 538 286
554 287 541 285
565 287 564 295
568 287 567 294
571 287 574 294
579 287 581 293
582 287 585 293
604 287 609 289
607 287 613 289
613 287 619 288
616 287 621 288
619 287 624 288
627 287 631 287
630 287 635 287
633 287 637 287
635 287 640 287
565 290 564 297
568 290 567 296
599 290 603 292
602 290 607 292
604 290 610 292
607 290 613 292
616 290 622 291
619 290 624 290
624 290 630 289
630 290 635 289
633 290 637 290
635 290 640 289
641 290 642 286
562 292 548 288
571 292 574 297
573 292 577 297
576 292 580 296
579 292 582 294
582 292 585 295
585 292 588 294
588 292 591 294
596 292 600 294
599 292 604 296
604 292 610 295
607 292 613 295
624 292 630 292
630 292 635 292
633 292 638 292
635 292 641 292
638 292 643 292
644 292 647 292
647 292 646 288
545 295 542 298
565 295 565 301
568 295 567 301
590 295 595 297
593 295 597 294
599 295 602 296
613 295 617 295
616 295 620 295
624 295 632 295
630 295 635 295
633 295 638 295
635 295 641 295
641 295 645 295
644 295 647 295
565 298 564 304
571 298 571 300
573 298 574 300
579 298 580 299
582 298 585 299
585 298 588 298
588 298 591 298
596 298 599 297
604 298 607 297
607 298 611 298
613 298 618 297
616 298 619 297
619 298 623 298
633 298 638 298
635 298 641 298
641 298 645 298
562 301 562 305
568 301 568 304
571 301 571 303
573 301 574 303
576 301 578 303
585 301 587 301
588 301 591 301
596 301 599 300
599 301 602 301
602 301 605 300
604 301 608 300
607 301 611 301
610 301 614 300
613 301 618 300
619 301 623 300
621 301 625 300
641 301 644 301
647 301 647 299
559 304 560 308
562 304 563 308
565 304 565 308
568 304 569 306
571 304 571 306
573 304 574 305
576 304 577 306
579 304 581 305
582 304 584 304
585 304 586 304
588 304 590 304
590 304 594 304
596 304 600 304
599 304 602 303
602 304 605 303
604 304 608 303
610 304 614 303
613 304 617 303
616 304 620 303
621 304 625 303
624 304 629 303
644 304 645 303
647 304 648 303
568 306 569 309
571 306 572 308
573 306 575 308
576 306 578 308
579 306 581 308
585 306 586 308
588 306 590 308
590 306 593 307
593 306 597 307
596 306 600 307
599 306 603 306
602 306 605 305
616 306 620 306
619 306 623 305
621 306 626 306
624 306 630 306
633 306 636 306
638 306 642 305
644 306 646 306
647 306 648 306
554 309 554 309
568 309 570 312
571 309 573 311
573 309 576 311
576 309 578 311
582 309 585 310
585 309 587 310
588 309 590 310
590 309 593 310
593 309 596 309
596 309 600 309
599 309 602 308
602 309 605 308
619 309 623 309
621 309 626 308
624 309 630 309
627 309 633 309
635 309 639 309
644 309 646 309
559 312 560 313
562 312 562 313
565 312 566 313
576 312 579 314
585 312 588 313
590 312 593 312
593 312 596 312
596 312 600 312
599 312 602 312
610 312 612 310
613 312 615 310
616 312 620 312
619 312 624 312
621 312 627 312
624 312 630 312
630 312 634 312
633 312 637 312
635 312 640 312
644 312 646 312
565 315 566 315
568 315 568 315
571 315 571 315
573 315 576 315
579 315 582 315
582 315 585 315
588 315 591 314
590 315 594 315
604 315 606 314
610 315 613 314
613 315 616 314
616 315 619 314
621 315 625 314
624 315 628 314
630 315 634 314
633 315 638 315
635 315 640 315
641 315 644 315
644 315 646 315
