562 202 545 204
565 202 549 204
573 202 581 208
571 205 576 212
576 208 583 212
579 208 585 212
585 208 588 211
540 216 534 214
554 216 557 225
588 216 592 220
528 219 529 250
545 219 545 228
556 219 562 227
590 219 594 223
593 219 597 225
528 222 528 253
556 222 559 233
590 222 594 226
593 222 597 227
604 222 604 234
528 225 528 255
534 225 548 228
537 225 553 228
554 225 557 236
556 225 559 236
602 225 604 237
604 225 607 237
607 225 610 236
610 225 613 236
540 227 545 234
542 227 548 233
554 227 557 240
556 227 560 239
596 227 601 237
602 227 605 239
604 227 607 239
607 227 610 239
540 230 546 237
542 230 548 237
559 230 596 246
604 230 608 242
607 230 611 242
528 233 528 238
540 233 545 239
542 233 548 239
556 233 593 249
610 233 613 243
613 233 616 242
531 236 537 238
534 236 539 238
545 236 549 246
551 236 577 229
562 236 575 250
565 236 583 234
604 236 608 245
607 236 611 245
610 236 613 245
613 236 616 245
616 236 619 245
531 239 536 240
534 239 539 240
542 239 545 249
545 239 549 249
602 239 605 248
604 239 608 248
607 239 611 247
610 239 613 247
613 239 616 248
616 239 619 248
531 242 534 241
599 242 605 252
613 242 616 250
576 244 574 239
607 244 611 252
610 244 614 252
619 244 620 251
624 244 624 245
531 247 530 229
562 247 560 251
579 247 578 242
588 247 583 241
610 247 614 254
613 247 617 254
619 247 621 254
621 247 623 254
624 247 624 247
579 250 578 244
588 250 583 244
607 250 611 257
610 250 614 257
613 250 617 256
619 250 621 256
621 250 624 256
624 250 626 256
627 250 626 251
537 253 564 265
554 253 553 255
556 253 555 255
559 253 558 255
579 253 578 247
607 253 612 261
610 253 614 260
613 253 617 259
616 253 620 259
619 253 622 259
621 253 625 259
624 253 628 259
627 253 626 253
630 253 629 253
528 256 532 267
554 256 553 258
556 256 555 258
562 256 561 257
579 256 578 250
610 256 615 263
613 256 618 262
616 256 620 262
619 256 623 261
621 256 626 262
624 256 628 262
633 256 632 256
534 258 541 264
551 258 552 261
556 258 555 260
562 258 561 260
610 258 615 265
613 258 617 265
616 258 621 265
619 258 623 264
621 258 626 264
633 258 634 259
534 261 541 267
554 261 555 262
559 261 558 262
571 261 570 262
619 261 624 267
624 261 629 265
627 261 632 265
630 261 631 262
633 261 634 261
528 264 532 273
531 264 535 273
610 264 618 270
624 264 630 268
627 264 633 268
630 264 636 268
528 267 532 276
585 267 593 263
607 267 606 263
616 267 624 272
619 267 627 272
621 267 629 271
627 267 635 270
596 270 597 266
602 270 603 266
616 270 625 274
619 270 627 274
624 270 630 274
630 270 639 272
593 273 594 270
596 273 597 269
599 273 601 269
613 273 623 277
616 273 626 277
630 273 635 273
633 273 642 273
590 275 594 273
604 275 618 280
610 275 621 280
613 275 624 280
616 275 627 279
619 275 630 278
624 275 632 277
630 275 635 276
633 275 642 276
635 275 644 276
559 278 567 277
573 278 588 273
599 278 609 281
604 278 616 282
607 278 618 283
610 278 621 283
613 278 624 283
624 278 633 280
627 278 635 279
630 278 639 279
633 278 641 279
635 278 644 279
638 278 647 278
542 281 554 284
548 281 556 281
551 281 559 281
585 281 598 272
596 281 607 281
599 281 609 284
621 281 632 282
627 281 637 281
630 281 639 281
633 281 642 281
635 281 644 281
638 281 647 282
531 284 529 279
545 284 557 286
554 284 562 283
571 284 585 276
573 284 588 275
582 284 585 282
596 284 607 284
607 284 618 287
613 284 627 286
616 284 630 286
621 284 633 284
627 284 637 284
630 284 639 284
633 284 642 285
635 284 644 284
554 287 562 286
556 287 566 286
559 287 568 286
562 287 572 285
573 287 588 279
579 287 583 285
582 287 586 284
585 287 589 284
588 287 598 287
590 287 601 287
593 287 603 290
596 287 607 286
599 287 609 290
602 287 612 290
610 287 621 288
613 287 627 289
616 287 630 288
619 287 633 288
627 287 637 287
635 287 645 287
548 290 560 290
554 290 563 289
556 290 565 290
559 290 568 289
562 290 572 289
571 290 583 281
579 290 589 291
585 290 595 293
588 290 598 290
596 290 607 289
602 290 613 293
604 290 616 292
607 290 619 291
613 290 627 291
627 290 637 290
633 290 642 290
638 290 645 290
556 292 566 292
559 292 569 292
562 292 571 292
565 292 575 291
568 292 577 289
579 292 590 293
582 292 592 290
588 292 599 293
590 292 601 293
593 292 604 293
596 292 607 293
602 292 612 294
604 292 616 295
607 292 619 294
542 295 545 292
545 295 548 293
548 295 551 293
551 295 555 293
556 295 566 295
559 295 569 294
562 295 571 295
565 295 575 294
568 295 578 294
576 295 586 294
582 295 592 296
585 295 595 297
588 295 598 296
590 295 601 296
593 295 604 296
596 295 607 296
599 295 609 296
604 295 615 297
610 295 622 295
613 295 625 295
554 298 557 295
559 298 569 297
562 298 571 298
565 298 575 297
568 298 578 298
573 298 584 299
576 298 586 297
579 298 589 297
582 298 592 299
585 298 595 299
588 298 598 299
590 298 601 300
593 298 604 300
596 298 607 299
599 298 610 299
602 298 612 300
610 298 622 299
613 298 625 298
559 301 569 300
562 301 572 300
565 301 575 301
571 301 581 301
576 301 586 300
579 301 589 300
582 301 593 303
585 301 595 302
588 301 598 303
590 301 601 302
607 301 617 302
610 301 619 301
621 301 628 300
568 304 578 304
571 304 581 303
573 304 584 303
576 304 586 302
579 304 590 302
582 304 593 305
585 304 596 305
588 304 599 306
590 304 601 305
596 304 607 305
599 304 610 305
607 304 617 304
610 304 619 304
613 304 622 303
616 304 629 306
565 306 576 305
568 306 578 306
571 306 581 306
573 306 583 306
576 306 587 306
579 306 590 308
582 306 592 308
585 306 595 307
588 306 598 308
590 306 601 308
593 306 604 307
596 306 607 308
599 306 610 308
602 306 613 308
607 306 617 307
610 306 619 306
613 306 622 306
616 306 629 309
568 309 578 309
571 309 581 310
573 309 584 309
576 309 587 309
582 309 593 311
585 309 596 311
588 309 599 311
590 309 601 310
596 309 606 310
599 309 610 310
602 309 613 310
610 309 619 309
630 309 638 309
635 309 646 303
644 309 643 305
647 309 646 305
565 312 573 312
573 312 584 312
576 312 587 312
596 312 606 313
599 312 608 312
602 312 611 313
604 312 614 313
610 312 620 313
613 312 623 312
616 312 626 313
621 312 629 312
624 312 632 312
627 312 635 312
630 312 638 312
644 312 643 308
647 312 646 308
565 315 573 315
568 315 575 315
571 315 578 314
573 315 584 315
576 315 587 315
579 315 591 315
582 315 594 314
588 315 599 314
599 315 608 315
602 315 611 315
607 315 616 315
610 315 619 315
613 315 623 315
616 315 625 315
621 315 630 315
624 315 632 315
627 315 635 315
630 315 638 315
647 315 647 313
