540 233 545 239
542 233 548 239
545 236 549 246
545 239 549 249
604 239 608 248
607 239 611 247
610 239 613 247
607 244 611 252
610 244 614 252
610 247 614 254
613 247 617 254
607 250 611 257
610 250 614 257
613 250 617 256
619 250 621 256
607 253 612 261
610 253 614 260
613 253 617 259
616 253 620 259
630 253 629 253
610 256 615 263
613 256 618 262
616 256 620 262
619 256 623 261
621 256 626 262
624 256 628 262
551 258 552 261
610 258 615 265
613 258 617 265
616 258 621 265
619 258 623 264
621 258 626 264
554 261 555 262
619 261 624 267
624 261 629 265
624 264 630 268
627 264 633 268
619 267 627 272
627 267 635 270
596 270 597 266
624 270 630 274
593 273 594 270
596 273 597 269
559 278 567 277
610 278 621 283
613 278 624 283
624 278 633 280
627 278 635 279
630 278 639 279
621 281 632 282
627 281 637 281
630 281 639 281
633 281 642 281
635 281 644 281
554 284 562 283
613 284 627 286
616 284 630 286
621 284 633 284
627 284 637 284
630 284 639 284
633 284 642 285
635 284 644 284
554 287 562 286
556 287 566 286
559 287 568 286
562 287 572 285
579 287 583 285
582 287 586 284
585 287 589 284
588 287 598 287
590 287 601 287
593 287 603 290
596 287 607 286
599 287 609 290
602 287 612 290
610 287 621 288
613 287 627 289
616 287 630 288
619 287 633 288
627 287 637 287
635 287 645 287
556 290 565 290
559 290 568 289
562 290 572 289
579 290 589 291
585 290 595 293
588 290 598 290
596 290 607 289
602 290 613 293
604 290 616 292
613 290 627 291
627 290 637 290
633 290 642 290
556 292 566 292
559 292 569 292
562 292 571 292
579 292 590 293
582 292 592 290
588 292 599 293
590 292 601 293
593 292 604 293
596 292 607 293
602 292 612 294
604 292 616 295
556 295 566 295
559 295 569 294
562 295 571 295
576 295 586 294
582 295 592 296
585 295 595 297
588 295 598 296
590 295 601 296
593 295 604 296
596 295 607 296
599 295 609 296
604 295 615 297
613 295 625 295
559 298 569 297
562 298 571 298
565 298 575 297
568 298 578 298
573 298 584 299
576 298 586 297
579 298 589 297
582 298 592 299
585 298 595 299
588 298 598 299
590 298 601 300
593 298 604 300
596 298 607 299
599 298 610 299
602 298 612 300
613 298 625 298
559 301 569 300
562 301 572 300
565 301 575 301
571 301 581 301
576 301 586 300
579 301 589 300
585 301 595 302
588 301 598 303
590 301 601 302
607 301 617 302
610 301 619 301
621 301 628 300
568 304 578 304
571 304 581 303
573 304 584 303
576 304 586 302
579 304 590 302
582 304 593 305
585 304 596 305
588 304 599 306
590 304 601 305
596 304 607 305
599 304 610 305
607 304 617 304
610 304 619 304
613 304 622 303
616 304 629 306
565 306 576 305
568 306 578 306
571 306 581 306
573 306 583 306
576 306 587 306
579 306 590 308
582 306 592 308
585 306 595 307
588 306 598 308
590 306 601 308
593 306 604 307
596 306 607 308
599 306 610 308
602 306 613 308
607 306 617 307
610 306 619 306
613 306 622 306
616 306 629 309
568 309 578 309
571 309 581 310
573 309 584 309
576 309 587 309
582 309 593 311
585 309 596 311
588 309 599 311
590 309 601 310
596 309 606 310
599 309 610 310
602 309 613 310
610 309 619 309
635 309 646 303
573 312 584 312
576 312 587 312
596 312 606 313
599 312 608 312
602 312 611 313
604 312 614 313
610 312 620 313
613 312 623 312
616 312 626 313
621 312 629 312
624 312 632 312
571 315 578 314
573 315 584 315
576 315 587 315
579 315 591 315
582 315 594 314
588 315 599 314
599 315 608 315
602 315 611 315
607 315 616 315
610 315 619 315
613 315 623 315
616 315 625 315
621 315 630 315
624 315 632 315
630 315 638 315
