430 217 430 217
509 217 510 217
527 217 521 216
538 217 538 217
430 219 430 221
509 219 510 220
533 219 528 220
480 222 485 223
477 224 482 226
480 224 485 226
482 224 488 225
488 224 493 225
522 224 525 224
538 224 537 232
482 227 488 228
485 227 491 229
517 227 497 228
533 227 534 233
511 230 491 230
514 230 494 230
519 230 500 230
530 230 532 237
538 230 538 234
496 232 506 230
511 232 492 233
522 232 521 237
527 232 530 238
538 232 538 237
496 235 506 232
525 235 523 239
474 238 458 243
525 238 524 242
474 240 459 245
498 240 507 238
506 240 498 268
522 240 522 244
525 240 524 244
533 240 530 243
535 240 533 243
493 243 506 257
522 243 522 247
525 243 524 247
527 243 533 249
490 246 484 236
517 246 519 269
477 254 468 247
430 256 429 263
432 256 431 263
430 259 429 265
488 259 479 254
498 259 492 297
501 259 495 296
509 259 513 245
519 259 512 291
459 261 449 232
488 261 480 257
451 264 443 239
453 264 447 238
461 264 454 226
464 264 456 226
488 264 465 282
490 264 481 263
493 264 484 263
456 267 448 250
490 267 481 266
493 267 484 266
517 267 520 276
430 269 430 289
432 269 431 288
467 269 460 280
514 269 515 234
533 269 531 281
535 269 537 251
533 272 534 254
535 272 536 254
430 275 430 243
432 275 433 242
474 275 460 314
533 275 535 292
538 275 538 292
430 277 429 246
432 277 432 245
517 277 502 299
519 277 505 298
530 277 533 294
533 277 535 294
538 277 538 294
461 280 458 241
464 280 460 240
467 280 463 240
530 280 532 297
533 280 535 297
538 280 538 297
432 283 431 251
435 283 434 251
459 283 456 240
514 283 511 266
517 283 514 266
533 283 535 300
535 283 534 312
469 285 476 301
482 285 491 288
506 285 500 278
535 285 534 314
432 288 434 257
482 288 490 290
519 288 484 300
430 290 429 291
432 290 435 259
445 290 445 255
480 290 453 307
527 290 524 287
533 290 529 290
435 293 435 262
456 293 455 291
469 293 468 254
482 293 503 269
527 293 524 290
533 293 530 293
430 296 430 297
437 296 435 265
477 296 460 289
509 296 501 301
525 296 522 293
527 296 524 293
530 296 526 293
533 296 530 295
472 298 434 289
477 298 460 292
527 298 524 296
530 298 527 298
533 298 530 298
493 301 435 309
535 301 533 300
445 304 462 309
461 304 470 277
493 304 435 311
501 304 510 272
530 304 531 286
533 304 534 286
538 304 538 287
459 306 453 300
498 306 508 275
511 306 511 303
530 306 532 289
533 306 535 288
498 309 508 277
509 309 509 306
511 309 511 306
514 309 513 305
517 309 516 304
535 309 536 243
432 312 430 300
437 312 446 282
498 312 507 280
506 312 506 310
509 312 509 309
511 312 512 309
514 312 514 308
517 312 516 307
501 314 498 314
506 314 507 312
509 314 509 312
511 314 512 311
514 314 514 310
522 314 517 314
525 314 520 314
430 317 429 317
440 317 435 314
459 317 467 316
464 317 475 316
474 317 490 316
498 317 494 313
503 317 504 314
535 317 535 263
451 320 444 316
456 320 463 320
459 320 467 320
461 320 470 319
464 320 476 318
467 320 478 318
469 320 478 320
472 320 482 320
533 320 532 317
538 320 538 320
445 322 453 324
453 322 465 322
459 322 467 322
461 322 470 322
464 322 476 321
467 322 476 323
469 322 479 323
472 322 482 322
509 322 509 317
511 322 503 321
519 322 510 323
533 322 532 321
535 322 535 321
432 325 430 326
435 325 433 325
437 325 439 325
453 325 465 325
459 325 468 324
461 325 470 324
467 325 476 326
472 325 481 326
503 325 508 326
519 325 509 326
522 325 513 326
533 325 532 324
535 325 535 324
538 325 538 323
430 327 429 328
435 327 439 328
440 327 442 327
443 327 445 327
445 327 447 327
451 327 461 327
459 327 470 327
469 327 459 327
474 327 484 328
477 327 487 328
480 327 490 328
503 327 507 328
506 327 510 328
511 327 502 327
514 327 504 327
522 327 513 328
530 327 530 327
533 327 533 327
535 327 535 327
538 327 538 326
