493 25 471 91
528 25 521 103
545 25 541 105
562 25 557 103
580 25 574 103
597 25 591 104
476 42 456 106
493 42 471 104
545 42 540 129
562 42 557 128
597 42 577 119
614 42 594 119
545 59 539 142
580 59 566 141
597 59 582 140
614 59 599 137
649 59 613 123
493 77 475 129
510 77 489 128
545 77 538 156
580 77 567 155
597 77 581 156
614 77 595 155
649 77 618 158
458 94 449 146
493 94 476 142
510 94 490 146
580 94 577 172
614 94 594 174
649 94 617 177
458 111 451 162
493 111 477 156
632 111 602 189
649 111 616 193
441 129 438 183
458 129 451 180
493 129 479 177
510 129 494 178
528 129 513 179
580 129 579 199
632 129 600 207
649 129 618 208
649 146 620 226
389 163 393 206
406 163 409 206
424 163 424 206
441 163 437 205
458 163 453 204
493 163 481 203
510 163 497 202
528 163 511 202
545 163 526 201
562 163 542 201
632 163 603 231
337 181 352 219
406 181 408 217
424 181 422 215
441 181 437 216
458 181 453 216
493 181 482 214
510 181 497 213
545 181 526 213
562 181 543 214
319 198 336 239
562 198 544 228
580 198 564 231
302 215 321 255
319 215 336 255
337 215 352 249
371 215 378 243
389 215 393 240
406 215 408 239
424 215 423 238
441 215 437 237
458 215 451 237
493 215 480 237
510 215 495 236
528 215 511 236
545 215 526 237
580 215 565 250
302 233 322 272
319 233 336 271
337 233 351 265
371 233 378 257
389 233 393 255
406 233 408 254
424 233 423 252
441 233 437 251
458 233 451 249
493 233 480 249
510 233 495 248
528 233 511 248
545 233 527 250
614 233 600 262
267 250 290 295
285 250 305 293
302 250 323 289
319 250 337 290
337 250 350 280
371 250 378 272
389 250 393 270
406 250 410 269
424 250 424 268
441 250 437 265
458 250 451 263
476 250 470 263
528 250 511 261
545 250 527 263
580 250 564 274
597 250 580 272
614 250 596 275
632 250 617 282
285 267 304 307
319 267 335 312
337 267 350 297
371 267 378 288
389 267 395 287
406 267 409 287
424 267 425 285
441 267 437 283
458 267 452 280
476 267 471 280
510 267 496 274
545 267 531 278
562 267 546 284
580 267 565 287
597 267 581 287
302 285 320 328
319 285 335 330
337 285 352 310
354 285 366 308
389 285 395 303
406 285 412 303
424 285 426 303
441 285 441 300
458 285 454 299
476 285 471 298
510 285 498 290
528 285 514 290
545 285 534 298
562 285 554 307
580 285 566 303
597 285 582 302
614 285 600 301
302 302 321 345
319 302 336 348
337 302 353 349
354 302 367 325
389 302 396 319
406 302 411 319
424 302 428 320
441 302 442 319
458 302 457 316
510 302 500 307
528 302 515 305
562 302 557 325
580 302 573 320
597 302 587 319
302 319 320 364
319 319 337 364
337 319 354 363
406 319 414 340
424 319 429 339
441 319 445 338
458 319 458 335
493 319 487 327
510 319 504 327
528 319 517 321
545 319 531 319
562 319 557 339
580 319 575 336
597 319 590 338
614 319 602 358
302 337 321 378
319 337 337 377
337 337 353 379
371 337 382 367
389 337 398 366
406 337 415 364
424 337 430 361
441 337 445 359
458 337 460 356
476 337 476 352
510 337 502 341
528 337 517 338
545 337 533 334
580 337 575 357
597 337 593 355
649 337 642 368
285 354 303 398
302 354 322 398
319 354 340 398
337 354 356 395
371 354 380 387
389 354 399 385
406 354 416 383
424 354 431 380
441 354 447 379
458 354 462 376
476 354 479 373
510 354 503 359
528 354 518 354
545 354 533 352
614 354 606 370
632 354 624 366
649 354 640 383
666 354 658 385
285 371 306 416
371 371 382 405
406 371 417 403
424 371 432 400
441 371 448 399
458 371 463 396
476 371 480 393
493 371 498 393
528 371 522 377
545 371 552 397
562 371 566 398
580 371 585 395
614 371 604 389
632 371 623 387
666 371 657 401
267 389 291 422
302 389 324 420
319 389 340 418
337 389 358 419
371 389 383 419
389 389 401 422
406 389 417 423
424 389 433 421
441 389 449 419
458 389 466 417
476 389 482 415
493 389 504 414
510 389 526 414
528 389 539 413
545 389 556 413
562 389 573 415
597 389 592 410
614 389 604 404
250 406 271 437
267 406 291 437
285 406 308 438
302 406 323 435
319 406 340 432
337 406 357 433
371 406 384 435
389 406 395 436
406 406 413 435
424 406 431 437
441 406 452 439
458 406 468 438
476 406 484 437
493 406 503 434
528 406 544 431
545 406 557 431
562 406 571 432
649 406 639 401
250 424 269 454
302 424 321 449
371 424 381 448
389 424 395 450
406 424 413 453
424 424 433 453
441 424 453 453
458 424 470 453
476 424 486 454
493 424 501 455
510 424 521 448
528 424 542 445
545 424 556 445
562 424 573 444
580 424 589 443
614 424 606 417
632 424 643 422
285 441 293 459
302 441 312 459
337 441 364 453
389 441 401 467
406 441 419 467
424 441 434 467
441 441 450 469
458 441 469 469
476 441 486 467
493 441 502 466
510 441 522 467
528 441 541 461
580 441 590 457
614 441 625 439
267 458 275 475
319 458 347 472
337 458 362 469
354 458 380 468
545 458 559 463
562 458 579 465
597 458 611 461
614 458 625 463
632 458 641 450
649 458 643 444
493 476 524 477
528 476 542 478
545 476 560 477
562 476 579 476
580 476 592 478
597 476 614 478
