458 94 606 212
476 94 618 210
493 111 634 222
406 146 569 259
424 146 584 260
441 146 599 259
510 163 660 269
528 163 674 268
545 163 694 269
562 163 713 269
371 181 535 275
389 181 548 276
406 181 562 277
424 181 577 277
458 181 605 280
476 181 625 280
493 181 640 278
562 181 711 282
337 198 510 289
528 198 668 288
545 198 689 290
319 215 496 308
371 215 532 297
389 215 545 295
406 215 559 295
441 215 587 296
458 215 602 296
476 215 617 297
493 215 632 297
510 215 649 298
528 215 667 299
545 215 687 303
302 233 486 326
371 233 531 311
389 233 544 309
406 233 558 309
441 233 584 307
458 233 600 307
545 233 687 316
337 250 509 333
371 250 530 325
389 250 543 324
406 250 560 325
476 250 613 321
493 250 630 319
510 250 646 320
528 250 666 322
389 267 542 340
406 267 556 341
424 267 573 341
458 267 599 337
476 267 615 335
493 267 629 335
510 267 646 333
545 267 688 343
580 267 744 365
597 267 768 367
354 285 519 359
424 285 575 359
441 285 592 360
476 285 616 354
493 285 631 353
510 285 646 348
580 285 753 387
597 285 771 385
302 302 483 399
389 302 542 370
406 302 557 372
424 302 577 380
441 302 596 380
493 302 634 372
510 302 648 369
580 302 756 402
597 302 775 404
319 319 498 420
354 319 522 416
458 319 608 400
476 319 624 393
545 319 685 388
580 319 765 433
597 319 785 433
337 337 507 436
371 337 536 437
389 337 550 427
424 337 580 424
441 337 596 422
458 337 611 421
476 337 627 418
337 354 502 450
354 354 521 455
371 354 536 457
424 354 584 446
458 354 614 446
476 354 631 444
