476 77 512 196
493 111 529 218
424 146 486 258
441 146 499 256
458 146 511 254
510 146 553 249
528 146 570 247
545 146 587 247
354 181 431 282
371 181 445 281
406 181 469 279
424 181 482 276
441 181 497 277
458 181 512 275
493 181 540 272
510 181 554 269
562 181 602 266
319 198 408 301
354 198 432 292
371 198 445 291
545 198 586 280
302 215 396 320
406 215 469 297
424 215 483 295
441 215 497 294
476 215 522 292
493 215 537 291
510 215 551 290
528 215 567 289
302 233 398 335
371 233 444 316
406 233 470 310
424 233 483 309
441 233 495 305
493 233 538 303
510 233 551 300
528 233 567 299
545 233 585 300
285 250 383 356
319 250 412 351
354 250 434 335
371 250 445 331
406 250 473 326
424 250 485 326
441 250 498 322
458 250 514 321
545 250 586 314
371 267 446 344
406 267 471 342
424 267 486 339
441 267 501 339
493 267 540 325
510 267 553 323
545 267 591 331
580 267 634 338
597 267 649 337
250 285 361 379
354 285 434 366
371 285 448 360
424 285 490 356
441 285 505 355
458 285 521 357
476 285 528 347
493 285 542 343
510 285 557 339
580 285 636 356
597 285 654 353
302 302 402 408
424 302 491 375
441 302 508 374
493 302 547 363
510 302 559 357
528 302 574 354
580 302 648 371
302 319 401 427
319 319 417 427
458 319 524 390
493 319 550 379
510 319 566 377
528 319 579 372
545 319 593 370
302 337 402 439
389 337 472 424
441 337 515 416
458 337 529 411
476 337 544 408
510 337 567 393
354 354 448 458
371 354 462 457
406 354 491 441
441 354 518 436
458 354 535 434
476 354 548 431
458 371 537 455
476 371 553 451
632 406 699 456
