641 278 628 282
588 284 583 291
610 284 602 285
616 284 605 285
585 287 580 294
593 287 587 292
596 287 590 292
616 287 605 288
579 290 575 296
582 290 579 297
585 290 582 297
588 290 583 295
590 290 585 296
593 290 588 295
599 290 592 295
607 290 599 293
616 290 606 291
619 290 608 289
630 290 614 292
579 292 576 299
582 292 579 300
590 292 585 298
593 292 588 298
607 292 595 293
610 292 601 294
616 292 605 294
579 295 576 303
582 295 579 303
588 295 582 301
590 295 585 302
596 295 590 302
602 295 594 299
638 295 630 298
562 298 555 298
588 298 582 303
590 298 585 304
593 298 588 306
596 298 590 305
630 298 622 303
562 301 559 305
565 301 563 307
571 301 568 308
573 301 571 308
585 301 582 308
588 301 584 308
593 301 588 308
596 301 590 308
599 301 593 306
602 301 596 306
607 301 600 305
641 301 631 304
644 301 637 305
568 304 565 310
585 304 581 310
588 304 583 311
593 304 588 311
596 304 590 311
599 304 593 308
602 304 596 309
627 304 618 308
630 304 621 308
635 304 625 306
644 304 640 308
588 306 583 314
599 306 593 312
604 306 598 312
638 306 628 309
593 309 590 315
627 309 618 312
635 309 624 312
641 309 631 311
621 312 612 314
624 312 614 314
627 312 617 314
630 312 620 314
638 312 628 313
641 312 630 313
590 315 574 315
638 315 627 316
641 315 629 316
