554 199 554 200
559 199 562 200
562 199 565 199
573 199 576 201
576 199 579 201
579 199 582 202
582 199 585 202
585 199 588 202
545 202 548 204
551 202 551 202
571 202 573 203
573 202 576 204
576 202 580 204
579 202 582 205
582 202 586 206
542 205 542 205
554 205 556 205
556 205 559 204
559 205 562 204
571 205 574 207
573 205 576 207
576 205 582 210
579 205 585 210
585 205 589 210
537 208 537 208
540 208 540 208
545 208 546 209
548 208 551 207
551 208 553 207
556 208 559 207
571 208 574 210
579 208 585 213
588 208 591 212
590 208 593 210
534 211 534 211
540 211 542 211
545 211 546 212
548 211 551 210
551 211 553 210
576 211 583 216
582 211 585 215
585 211 591 216
590 211 593 213
534 213 537 215
540 213 542 214
545 213 546 214
556 213 561 221
559 213 564 222
571 213 576 221
582 213 585 221
585 213 590 219
590 213 593 216
528 216 531 218
531 216 534 218
534 216 536 217
562 216 568 224
565 216 571 224
568 216 573 224
571 216 576 224
573 216 579 224
579 216 583 224
582 216 585 224
585 216 590 222
593 216 596 218
528 219 531 221
531 219 534 221
534 219 536 221
540 219 541 221
545 219 549 224
548 219 551 224
554 219 559 227
559 219 565 227
565 219 571 227
568 219 574 227
571 219 576 227
573 219 579 227
528 222 531 226
531 222 534 225
534 222 537 224
548 222 553 230
565 222 571 230
568 222 573 229
571 222 575 229
585 222 588 227
588 222 591 227
528 225 528 232
531 225 535 229
534 225 539 230
540 225 544 230
545 225 551 232
556 225 559 232
565 225 571 232
585 225 587 230
588 225 590 230
590 225 593 230
528 227 531 234
542 227 547 235
568 227 577 232
593 227 595 227
599 227 599 224
528 230 528 238
531 230 534 234
534 230 537 235
540 230 548 238
545 230 550 235
548 230 553 237
568 230 576 235
571 230 578 232
593 230 596 233
528 233 530 240
537 233 542 240
540 233 545 238
542 233 547 240
551 233 557 238
571 233 579 235
573 233 581 235
599 233 599 228
531 236 537 241
534 236 540 241
545 236 550 243
562 236 568 238
565 236 570 238
599 236 599 230
531 239 533 246
537 239 542 246
545 239 553 246
599 239 599 233
616 239 607 248
537 242 542 249
534 244 537 246
542 244 553 255
545 244 558 266
593 244 593 236
537 247 540 249
588 247 590 238
534 250 534 250
542 250 550 257
545 250 552 257
551 250 562 269
585 250 588 241
588 250 590 242
596 250 596 241
607 250 589 264
610 250 592 264
613 250 596 265
528 253 528 252
531 253 531 253
540 253 543 254
585 253 587 244
607 253 589 267
610 253 592 267
619 253 599 270
624 253 610 264
528 256 528 255
534 256 534 255
556 256 596 245
559 256 599 246
607 256 590 270
619 258 602 273
534 261 539 263
556 261 593 250
576 261 576 256
619 261 601 276
534 264 538 266
556 264 593 253
562 264 600 253
630 264 615 276
638 264 630 275
540 267 547 268
548 267 552 269
633 267 618 279
638 267 630 278
630 270 615 282
633 270 618 282
528 273 530 274
582 273 567 263
627 273 613 284
630 273 616 284
633 273 620 284
537 275 541 277
545 275 553 277
551 275 556 278
582 275 567 266
627 275 612 287
630 275 615 287
633 275 619 287
647 275 646 294
531 278 536 281
540 278 544 280
548 278 553 280
551 278 556 280
641 278 635 288
534 281 533 283
545 281 550 283
548 281 552 283
554 281 556 283
559 281 570 272
576 281 578 289
647 281 646 296
528 284 528 285
531 284 531 285
534 284 533 286
556 284 559 286
562 284 566 290
593 284 593 284
647 284 646 299
534 287 535 286
556 287 559 288
559 287 561 289
565 287 567 292
573 287 575 293
588 287 583 295
647 287 646 301
548 290 550 289
551 290 553 289
554 290 556 290
565 290 567 294
568 290 570 295
571 290 572 295
596 290 595 289
619 290 610 295
647 290 646 304
548 292 549 291
551 292 552 291
554 292 556 292
573 292 573 299
576 292 575 299
579 292 578 298
582 292 581 298
590 292 590 295
596 292 595 292
616 292 607 298
554 295 555 295
573 295 573 301
576 295 575 300
579 295 577 300
582 295 580 300
596 295 595 299
613 295 604 302
559 298 559 294
576 298 575 303
579 298 577 303
588 298 584 303
590 298 586 304
616 298 606 304
562 301 561 301
573 301 572 306
576 301 574 306
582 301 580 304
593 301 590 304
596 301 593 304
599 301 595 303
647 301 646 309
579 304 578 307
582 304 580 306
593 304 590 307
596 304 593 307
599 304 595 306
602 304 598 306
576 306 575 310
579 306 578 309
582 306 581 309
590 306 586 312
596 306 593 309
599 306 595 309
621 306 607 307
624 306 610 307
638 306 629 307
576 309 574 313
585 309 581 312
590 309 589 309
602 309 597 310
624 309 610 310
627 309 614 310
576 312 574 314
590 312 590 312
593 312 592 311
624 312 609 312
627 312 611 313
633 312 618 312
635 312 621 313
585 315 581 316
596 315 592 315
599 315 595 315
602 315 597 315
607 315 602 315
624 315 609 315
627 315 611 315
633 315 617 315
644 315 645 316
