461 217 470 237
464 217 475 237
472 217 482 239
485 217 493 240
493 217 504 240
456 219 466 239
488 219 499 242
490 219 501 242
496 219 504 243
498 219 506 243
459 222 469 242
464 222 472 242
482 222 492 245
485 222 496 244
488 222 499 245
493 222 501 245
496 222 503 245
498 222 506 245
535 222 536 219
453 224 464 248
456 224 467 245
459 224 469 245
461 224 471 245
467 224 477 246
480 224 490 247
482 224 493 247
485 224 496 247
488 224 499 247
522 224 515 221
525 224 517 221
533 224 533 235
535 224 536 235
430 227 429 226
435 227 443 248
459 227 469 247
474 227 485 250
477 227 488 250
482 227 490 250
485 227 496 250
488 227 499 250
525 227 518 225
435 230 443 250
437 230 445 250
440 230 449 250
443 230 451 251
445 230 453 251
448 230 456 251
453 230 463 253
467 230 480 250
474 230 485 253
482 230 490 253
485 230 496 254
488 230 498 254
511 230 523 238
533 230 530 259
535 230 532 259
538 230 538 243
435 232 442 252
437 232 446 252
440 232 449 252
443 232 451 253
445 232 453 253
448 232 456 253
451 232 458 254
459 232 469 250
482 232 490 256
485 232 496 256
493 232 500 256
527 232 525 245
435 235 442 255
437 235 445 255
440 235 448 255
443 235 451 256
445 235 453 255
448 235 456 256
456 235 464 256
464 235 477 261
480 235 488 256
490 235 499 257
493 235 501 258
498 235 504 261
527 235 528 264
430 238 429 247
435 238 442 257
440 238 448 258
443 238 451 258
445 238 453 258
448 238 456 258
456 238 464 259
459 238 467 258
467 238 479 263
485 238 493 259
488 238 496 259
490 238 498 259
496 238 501 264
498 238 504 264
522 238 512 235
538 238 538 249
430 240 429 250
443 240 450 261
445 240 453 261
448 240 456 261
456 240 464 261
459 240 466 261
472 240 482 259
474 240 485 259
477 240 487 259
490 240 498 261
538 240 538 251
443 243 453 266
445 243 453 263
448 243 455 264
451 243 459 264
456 243 463 264
459 243 466 266
469 243 472 261
477 243 488 261
480 243 490 262
482 243 493 262
488 243 496 264
501 243 509 252
538 243 538 254
448 246 456 266
451 246 458 266
453 246 460 266
456 246 463 266
459 246 467 269
461 246 469 269
467 246 474 269
477 246 488 264
480 246 491 264
482 246 493 265
488 246 496 267
493 246 499 267
501 246 506 271
503 246 509 270
538 246 538 256
430 248 429 256
445 248 456 269
451 248 458 268
453 248 460 268
456 248 463 268
459 248 467 272
464 248 470 271
472 248 476 271
477 248 488 267
480 248 491 267
482 248 493 267
488 248 496 269
490 248 498 269
496 248 501 272
498 248 504 273
503 248 509 273
511 248 522 254
430 251 429 258
432 251 435 260
440 251 450 275
451 251 458 270
453 251 460 270
456 251 463 271
467 251 472 272
469 251 474 272
480 251 490 270
482 251 493 271
488 251 496 272
490 251 498 272
498 251 504 275
501 251 506 275
503 251 508 275
535 251 536 228
538 251 538 260
430 254 429 276
432 254 432 261
456 254 463 274
459 254 466 275
464 254 469 275
467 254 471 275
472 254 480 277
480 254 490 272
493 254 501 274
498 254 503 277
501 254 506 277
503 254 509 278
538 254 538 262
430 256 429 279
453 256 461 276
456 256 463 277
459 256 467 277
461 256 469 277
472 256 480 279
482 256 493 275
485 256 495 277
490 256 499 275
493 256 500 277
498 256 504 279
501 256 507 279
503 256 509 280
435 259 442 269
448 259 453 274
459 259 466 280
461 259 469 280
464 259 471 279
480 259 490 280
482 259 493 279
488 259 498 278
490 259 498 279
493 259 500 280
501 259 507 282
445 261 437 266
464 261 477 284
472 261 480 283
480 261 488 282
485 261 492 282
488 261 495 282
490 261 498 282
496 261 501 283
498 261 501 285
501 261 503 285
533 261 533 275
538 261 538 275
456 264 458 279
461 264 475 287
472 264 483 285
477 264 485 285
480 264 487 285
482 264 490 285
485 264 493 285
488 264 496 285
519 264 525 286
533 264 533 278
535 264 535 278
538 264 538 278
443 267 442 287
456 267 458 282
464 267 476 290
474 267 485 287
480 267 487 287
485 267 490 288
488 267 492 288
496 267 498 288
501 267 501 288
503 267 495 294
506 267 498 294
535 267 535 280
430 269 429 269
464 269 480 293
474 269 485 290
488 269 492 290
493 269 495 290
496 269 497 290
501 269 500 291
525 269 527 292
527 269 530 292
432 272 434 291
435 272 439 279
480 272 488 291
482 272 490 291
538 272 538 288
432 275 434 293
469 275 479 296
472 275 481 296
480 275 488 293
482 275 490 294
503 275 501 293
440 277 453 296
443 277 455 295
461 277 447 308
474 277 484 295
480 277 488 296
522 277 521 302
440 280 452 298
443 280 455 298
464 280 479 298
469 280 482 299
493 280 517 283
514 280 465 301
535 280 536 262
538 280 538 297
469 283 482 301
472 283 484 301
435 285 431 279
445 285 445 290
517 285 508 302
535 285 535 265
435 288 434 309
437 288 436 309
496 288 508 288
525 288 533 310
535 288 535 267
538 288 538 268
432 293 431 311
440 293 449 308
445 293 441 325
456 298 472 307
477 301 447 314
538 301 538 291
472 304 471 314
474 304 474 314
511 304 514 310
538 304 538 294
456 306 450 296
451 309 477 301
490 309 495 312
498 309 504 312
498 312 504 315
538 312 538 312
432 314 431 316
485 314 492 315
488 314 474 317
493 314 498 314
538 314 538 315
432 317 431 319
482 317 490 317
522 317 511 318
533 317 534 317
538 317 538 318
432 320 432 322
509 320 519 320
511 320 522 320
527 320 532 321
533 320 535 320
437 322 436 324
488 322 492 322
509 322 519 323
514 322 514 321
519 322 507 323
538 322 538 323
482 325 447 325
509 325 518 326
527 325 530 325
530 325 532 325
538 325 538 325
443 327 439 328
448 327 488 328
482 327 447 328
498 327 465 328
509 327 513 328
511 327 516 328
519 327 519 328
527 327 530 328
530 327 532 328
533 327 534 327
538 327 538 328
