371 77 360 20
389 77 380 18
406 77 399 18
424 77 423 12
354 94 342 36
371 94 360 36
389 94 380 37
424 94 421 32
441 94 440 32
458 94 458 33
476 94 477 41
493 94 494 41
337 111 322 55
354 111 341 54
371 111 360 54
389 111 380 55
406 111 400 55
476 111 475 57
493 111 495 59
510 111 513 60
319 129 302 74
337 129 322 73
354 129 341 73
371 129 360 73
389 129 380 74
406 129 398 73
424 129 418 75
476 129 476 77
493 129 495 78
510 129 513 78
528 129 532 78
545 129 550 78
319 146 302 92
337 146 321 92
354 146 341 93
371 146 360 93
389 146 380 94
406 146 400 94
441 146 437 95
458 146 456 95
476 146 476 95
493 146 494 96
510 146 514 97
528 146 532 97
285 163 262 110
302 163 283 110
319 163 302 111
337 163 321 110
354 163 341 111
371 163 360 112
389 163 378 113
406 163 398 113
424 163 419 114
441 163 438 114
458 163 456 114
476 163 476 115
493 163 495 115
510 163 514 116
528 163 532 118
267 181 245 132
285 181 262 130
302 181 283 129
319 181 303 129
337 181 321 130
354 181 341 131
371 181 360 130
389 181 380 131
406 181 399 131
424 181 418 133
441 181 438 134
458 181 456 133
476 181 476 133
493 181 494 133
562 181 561 143
580 181 580 143
597 181 602 142
250 198 225 153
267 198 245 150
302 198 284 150
319 198 303 151
337 198 323 152
354 198 341 150
371 198 361 149
406 198 399 150
424 198 418 152
441 198 438 152
458 198 457 153
476 198 476 152
493 198 494 153
528 198 529 158
545 198 544 159
562 198 563 159
580 198 581 161
597 198 599 165
215 215 190 173
302 215 284 171
319 215 305 170
337 215 323 169
354 215 341 169
371 215 360 169
389 215 379 169
406 215 400 169
424 215 418 170
441 215 437 170
458 215 456 171
476 215 476 172
493 215 494 173
545 215 546 175
580 215 582 178
215 233 191 191
233 233 212 190
250 233 228 190
267 233 247 191
302 233 285 191
319 233 303 190
337 233 321 189
354 233 341 188
371 233 360 188
389 233 381 190
406 233 399 189
424 233 418 189
441 233 437 190
458 233 455 189
476 233 476 190
493 233 494 191
510 233 511 192
528 233 529 193
545 233 547 193
562 233 566 195
215 250 191 210
302 250 284 212
319 250 303 208
337 250 322 208
354 250 341 209
371 250 360 208
389 250 381 208
406 250 399 208
424 250 419 208
441 250 437 208
458 250 455 208
476 250 475 209
493 250 493 210
510 250 511 211
528 250 530 213
562 250 565 213
267 267 249 232
302 267 284 228
337 267 323 228
354 267 341 228
371 267 359 228
389 267 381 229
406 267 400 229
441 267 437 229
458 267 456 228
528 267 528 231
545 267 545 231
285 285 268 247
302 285 287 247
337 285 323 247
354 285 341 247
371 285 359 247
389 285 378 246
424 285 416 248
441 285 437 247
458 285 455 248
476 285 474 247
510 285 506 250
528 285 526 249
545 285 542 254
580 285 580 251
597 285 598 251
250 302 231 267
267 302 250 265
319 302 302 263
389 302 379 267
458 302 455 266
476 302 473 265
510 302 507 268
528 302 525 268
562 302 561 272
580 302 580 270
597 302 599 270
614 302 615 267
250 319 232 282
267 319 250 280
319 319 304 281
337 319 319 282
389 319 380 285
424 319 415 286
441 319 436 285
458 319 452 285
476 319 473 285
493 319 492 285
545 319 541 289
580 319 580 288
597 319 598 287
233 337 213 302
250 337 231 297
267 337 248 297
285 337 269 299
302 337 283 301
319 337 303 302
337 337 329 302
389 337 378 303
493 337 492 304
510 337 509 304
528 337 523 305
562 337 562 304
580 337 580 305
597 337 598 306
233 354 212 318
302 354 285 318
319 354 304 321
371 354 355 321
406 354 393 320
424 354 413 321
458 354 453 322
476 354 471 322
493 354 488 322
510 354 507 323
580 354 580 323
597 354 598 323
233 371 213 343
285 371 267 336
302 371 284 335
319 371 305 334
424 371 412 339
441 371 433 340
458 371 453 336
476 371 471 337
493 371 486 339
510 371 506 338
528 371 527 339
562 371 562 340
597 371 598 341
406 389 395 357
424 389 415 356
441 389 434 356
458 389 451 356
510 389 504 358
528 389 524 358
545 389 544 359
562 389 562 359
580 389 580 360
597 389 597 361
319 406 302 371
337 406 321 372
371 406 359 376
389 406 377 374
424 406 416 373
441 406 435 374
458 406 453 376
493 406 489 374
510 406 503 376
545 406 544 376
562 406 563 377
580 406 580 378
597 406 596 384
371 424 364 391
406 424 396 391
493 424 487 391
510 424 504 394
528 424 521 393
562 424 561 395
580 424 580 395
337 441 328 415
354 441 347 411
371 441 364 411
389 441 383 414
406 441 399 415
424 441 415 404
510 441 502 411
337 458 323 428
354 458 346 431
389 458 383 432
406 458 399 432
510 458 504 428
424 476 417 451
441 476 436 443
