406 25 470 162
424 25 484 161
424 42 484 172
354 94 442 223
371 94 455 222
493 111 550 223
528 111 574 223
267 129 385 242
302 129 404 240
319 129 418 237
389 129 465 235
406 129 481 234
424 129 493 233
458 129 517 231
476 129 530 229
285 163 390 263
302 163 403 256
441 163 510 246
476 163 535 244
285 181 390 279
337 181 429 260
354 181 442 260
371 181 457 257
406 181 481 255
424 181 495 254
319 198 414 278
337 198 431 275
354 198 444 274
371 198 456 270
406 198 482 265
424 198 497 264
458 198 522 263
476 198 539 264
493 198 554 266
510 198 577 295
528 198 594 291
319 215 415 296
337 215 432 294
354 215 446 291
371 215 461 288
406 215 485 282
493 215 557 281
319 233 415 312
337 233 433 315
354 233 449 314
389 233 470 306
406 233 486 303
424 233 500 288
319 250 415 332
337 250 429 327
406 250 489 321
250 267 353 410
267 267 369 410
285 267 385 410
285 285 385 426
371 285 463 398
441 285 529 354
406 302 499 413
215 319 319 452
371 319 465 456
389 319 484 456
198 337 299 472
562 389 684 450
