568 208 568 207
571 208 570 208
573 208 573 208
576 208 576 208
579 208 579 208
585 208 585 208
588 208 588 208
554 211 554 211
556 211 557 211
559 211 559 211
562 211 562 210
565 211 565 211
568 211 568 211
571 211 570 211
573 211 573 211
576 211 576 211
579 211 579 211
582 211 582 211
585 211 585 211
588 211 588 211
590 211 591 211
593 211 593 211
596 211 596 211
551 213 551 213
554 213 554 214
556 213 556 214
559 213 559 214
562 213 561 214
565 213 565 214
568 213 568 213
571 213 571 214
573 213 574 214
576 213 576 214
579 213 579 214
585 213 585 214
588 213 588 214
590 213 591 213
593 213 593 213
596 213 596 214
542 216 543 216
545 216 545 216
548 216 548 216
551 216 551 216
554 216 554 217
556 216 556 217
559 216 559 217
562 216 562 217
565 216 565 217
568 216 568 216
571 216 570 217
573 216 573 217
576 216 576 217
579 216 579 216
582 216 582 217
585 216 585 216
588 216 588 216
593 216 593 216
596 216 596 216
540 219 540 219
542 219 543 219
545 219 546 219
548 219 548 219
551 219 551 219
554 219 554 219
556 219 557 220
559 219 559 219
562 219 562 219
571 219 571 220
573 219 573 220
576 219 576 220
579 219 579 219
582 219 581 218
585 219 585 219
588 219 590 219
593 219 593 220
596 219 596 219
599 219 599 220
540 222 539 222
542 222 543 222
545 222 546 222
548 222 548 223
551 222 551 223
554 222 554 222
556 222 556 222
559 222 560 223
562 222 562 222
565 222 565 222
568 222 568 222
573 222 574 222
576 222 577 222
582 222 582 222
585 222 585 221
590 222 591 222
596 222 596 221
537 225 537 224
540 225 540 225
542 225 543 225
545 225 545 225
548 225 548 226
551 225 551 225
554 225 553 225
556 225 556 225
559 225 559 225
562 225 562 224
565 225 565 224
568 225 568 225
571 225 571 225
573 225 573 225
576 225 576 227
579 225 580 227
582 225 582 224
590 225 590 224
593 225 594 225
596 225 596 224
599 225 599 224
607 225 607 226
537 227 537 227
540 227 540 228
542 227 543 227
545 227 545 228
554 227 554 228
559 227 559 228
562 227 562 227
571 227 571 228
576 227 576 230
593 227 593 227
596 227 596 227
599 227 599 227
602 227 601 228
604 227 604 228
607 227 607 228
610 227 610 228
537 230 537 230
540 230 540 230
551 230 551 229
559 230 559 231
571 230 571 233
573 230 574 233
576 230 576 233
582 230 583 230
590 230 590 231
596 230 596 230
599 230 599 230
602 230 602 231
604 230 604 231
607 230 607 231
610 230 610 231
613 230 613 231
540 233 540 233
542 233 543 234
545 233 545 234
548 233 548 233
554 233 554 232
565 233 565 233
573 233 574 235
590 233 590 234
599 233 599 233
602 233 602 233
604 233 605 234
607 233 607 234
610 233 611 233
613 233 613 233
542 236 543 236
545 236 545 236
548 236 548 235
551 236 551 235
559 236 559 234
573 236 576 247
576 236 579 247
579 236 582 247
596 236 595 236
599 236 599 235
602 236 602 236
604 236 604 236
607 236 607 236
610 236 610 236
613 236 613 235
616 236 616 234
542 239 543 239
545 239 545 239
548 239 548 238
562 239 562 236
568 239 571 250
571 239 574 250
573 239 576 250
576 239 579 249
579 239 582 249
585 239 588 249
596 239 596 238
599 239 599 239
602 239 602 238
604 239 604 239
607 239 607 239
610 239 610 239
613 239 613 238
616 239 616 238
545 242 546 242
559 242 560 245
565 242 566 245
571 242 573 253
579 242 582 253
596 242 596 241
599 242 599 241
602 242 602 241
604 242 604 241
607 242 607 241
610 242 610 241
613 242 613 242
616 242 616 241
619 242 619 241
545 244 545 244
548 244 548 244
554 244 556 248
556 244 558 248
565 244 566 247
590 244 591 248
599 244 598 244
602 244 601 244
604 244 604 244
607 244 607 244
610 244 610 244
613 244 613 244
616 244 616 244
619 244 619 244
545 247 545 247
548 247 548 247
602 247 601 246
604 247 604 247
607 247 607 247
610 247 610 247
613 247 613 247
616 247 616 247
619 247 618 247
542 250 543 249
545 250 545 250
548 250 548 250
551 250 551 249
602 250 602 250
604 250 604 250
607 250 607 250
610 250 610 250
613 250 613 250
616 250 616 250
619 250 619 250
621 250 621 250
540 253 540 253
542 253 543 253
545 253 545 253
548 253 548 253
554 253 557 253
556 253 559 258
562 253 562 254
565 253 565 254
571 253 571 253
602 253 602 253
604 253 604 253
607 253 607 253
610 253 610 253
613 253 613 253
616 253 616 253
619 253 619 253
621 253 621 253
537 256 537 256
540 256 540 256
542 256 543 256
545 256 546 256
548 256 548 256
551 256 551 256
573 256 574 259
602 256 602 256
604 256 604 255
607 256 607 256
610 256 609 256
613 256 613 256
616 256 616 256
619 256 619 256
621 256 621 256
537 258 537 258
540 258 540 258
542 258 543 259
545 258 546 259
548 258 548 259
551 258 551 258
554 258 553 258
571 258 571 259
576 258 577 260
579 258 580 259
593 258 596 259
596 258 598 259
602 258 602 259
604 258 604 258
607 258 607 259
610 258 610 259
613 258 613 259
616 258 616 258
619 258 619 259
621 258 621 259
624 258 624 258
540 261 539 261
542 261 543 261
545 261 546 261
548 261 548 261
571 261 571 262
573 261 574 262
576 261 577 262
579 261 579 262
607 261 607 261
610 261 610 262
613 261 613 262
616 261 616 262
619 261 619 262
621 261 622 262
624 261 624 261
627 261 626 261
540 264 539 265
542 264 543 264
545 264 546 264
548 264 549 264
551 264 551 265
554 264 554 265
556 264 557 265
559 264 560 265
568 264 568 265
573 264 573 265
576 264 577 265
579 264 579 265
582 264 582 264
585 264 585 264
588 264 588 264
602 264 602 265
604 264 604 264
607 264 607 264
610 264 610 265
613 264 613 265
616 264 616 265
619 264 619 265
621 264 622 264
624 264 624 264
627 264 626 263
540 267 539 270
542 267 543 267
545 267 546 267
548 267 549 267
551 267 551 268
554 267 554 267
556 267 557 267
559 267 560 268
562 267 563 268
565 267 565 268
568 267 568 267
571 267 571 267
573 267 573 267
576 267 577 268
579 267 579 267
582 267 582 267
585 267 585 267
588 267 587 267
590 267 591 267
596 267 597 267
599 267 599 268
602 267 601 268
604 267 604 268
607 267 608 268
610 267 611 268
613 267 613 267
616 267 616 267
619 267 619 267
621 267 622 267
624 267 624 267
627 267 627 266
542 270 542 270
545 270 545 270
548 270 548 271
551 270 551 270
554 270 554 270
556 270 557 270
559 270 560 270
562 270 563 270
565 270 565 270
568 270 568 270
571 270 571 270
573 270 574 270
576 270 576 270
579 270 579 270
582 270 582 270
585 270 585 269
588 270 587 269
590 270 591 270
593 270 594 270
596 270 597 270
599 270 599 270
602 270 602 270
604 270 605 270
607 270 607 270
610 270 610 270
613 270 613 270
616 270 616 270
619 270 619 270
621 270 621 270
624 270 624 270
627 270 627 269
630 270 630 270
542 273 542 273
545 273 545 273
548 273 548 273
551 273 551 273
554 273 554 273
556 273 557 273
559 273 560 273
562 273 563 273
565 273 565 273
568 273 568 273
571 273 571 273
573 273 574 273
576 273 576 273
579 273 579 273
582 273 582 273
585 273 585 273
588 273 587 273
590 273 590 273
593 273 594 272
596 273 596 273
599 273 599 273
602 273 602 273
604 273 605 273
607 273 608 273
610 273 610 273
613 273 613 273
616 273 616 273
619 273 619 273
621 273 621 273
624 273 624 273
627 273 627 273
630 273 630 273
633 273 633 273
542 275 543 275
545 275 546 276
548 275 549 276
551 275 551 276
554 275 554 276
556 275 557 276
559 275 560 276
562 275 563 276
565 275 565 276
568 275 568 276
571 275 571 276
573 275 574 276
576 275 577 276
579 275 579 276
607 275 607 275
610 275 610 276
613 275 613 275
616 275 616 275
619 275 618 275
621 275 621 276
624 275 624 276
627 275 627 276
630 275 630 275
633 275 633 276
545 278 546 278
548 278 549 278
551 278 551 279
554 278 554 279
556 278 557 279
559 278 560 278
562 278 563 278
565 278 566 279
568 278 568 279
571 278 571 279
573 278 574 279
579 278 579 278
582 278 582 279
585 278 585 279
588 278 588 279
590 278 591 279
593 278 593 279
596 278 595 278
599 278 599 278
602 278 602 278
604 278 605 278
610 278 610 279
613 278 613 279
616 278 615 278
619 278 618 278
621 278 621 278
624 278 623 278
627 278 627 278
630 278 630 279
633 278 633 279
635 278 635 279
548 281 548 281
551 281 551 281
554 281 554 282
556 281 557 281
559 281 560 281
565 281 565 282
568 281 568 282
571 281 571 282
576 281 576 281
579 281 581 281
585 281 585 282
588 281 588 281
590 281 591 281
593 281 593 281
596 281 596 281
599 281 599 281
602 281 602 281
607 281 608 281
610 281 610 281
613 281 612 282
616 281 615 281
619 281 618 281
621 281 621 281
624 281 623 281
627 281 627 281
630 281 630 282
633 281 633 282
635 281 635 281
638 281 638 282
545 284 546 284
548 284 548 284
551 284 551 284
554 284 554 284
556 284 557 285
559 284 560 284
562 284 563 284
565 284 565 284
568 284 568 284
573 284 574 284
576 284 577 284
579 284 580 284
582 284 582 284
585 284 585 285
588 284 588 284
590 284 590 284
593 284 593 284
596 284 596 284
599 284 598 284
602 284 602 285
604 284 605 284
607 284 608 284
610 284 610 284
613 284 612 284
619 284 616 284
621 284 620 284
624 284 624 284
627 284 627 284
630 284 630 285
633 284 633 285
635 284 636 284
638 284 638 284
545 287 546 287
548 287 548 287
551 287 551 287
554 287 554 287
556 287 557 287
559 287 560 287
562 287 562 287
565 287 565 287
568 287 568 287
573 287 574 287
576 287 577 287
579 287 580 287
582 287 583 287
585 287 585 287
588 287 588 287
590 287 591 287
593 287 593 287
596 287 596 287
599 287 598 287
602 287 601 288
604 287 605 287
616 287 615 286
619 287 618 287
621 287 621 287
624 287 624 287
627 287 627 287
630 287 630 287
633 287 633 287
635 287 636 287
638 287 638 287
545 290 546 290
548 290 548 290
551 290 551 289
554 290 554 290
556 290 557 290
559 290 560 290
562 290 562 290
565 290 565 290
568 290 568 290
573 290 574 290
576 290 577 290
579 290 579 290
582 290 582 290
585 290 585 290
588 290 588 290
590 290 591 290
593 290 593 290
596 290 596 290
599 290 599 290
602 290 602 290
604 290 605 289
616 290 615 289
619 290 619 290
621 290 622 290
624 290 624 290
627 290 627 290
630 290 630 290
633 290 633 289
635 290 636 289
638 290 638 290
641 290 641 290
545 292 545 293
548 292 548 293
551 292 551 292
554 292 554 293
556 292 557 293
559 292 559 292
562 292 562 293
565 292 565 292
568 292 568 292
571 292 571 293
573 292 574 293
576 292 577 293
579 292 579 293
582 292 582 293
585 292 585 293
588 292 588 293
590 292 591 292
593 292 593 292
596 292 596 292
599 292 599 292
602 292 602 293
604 292 605 293
619 292 619 292
621 292 622 293
624 292 625 293
627 292 627 293
630 292 630 293
633 292 633 292
635 292 635 292
638 292 638 292
641 292 641 292
644 292 644 292
545 295 545 295
548 295 548 295
551 295 551 295
554 295 554 295
556 295 556 295
559 295 559 295
562 295 563 295
565 295 566 295
568 295 569 295
571 295 571 295
573 295 574 296
576 295 577 296
579 295 579 296
582 295 582 296
585 295 585 296
588 295 588 295
590 295 591 295
593 295 593 295
596 295 596 295
599 295 599 295
602 295 602 295
604 295 605 296
621 295 622 296
624 295 625 295
627 295 627 295
630 295 630 296
633 295 633 296
635 295 635 295
638 295 638 295
641 295 641 295
644 295 644 295
548 298 548 298
551 298 551 298
554 298 554 298
556 298 557 298
559 298 559 298
562 298 562 298
565 298 565 298
568 298 568 298
571 298 571 298
573 298 574 298
576 298 577 299
579 298 579 298
582 298 582 298
585 298 585 298
588 298 588 298
590 298 591 298
593 298 594 298
596 298 597 298
599 298 599 298
602 298 602 298
604 298 605 299
607 298 607 298
610 298 613 297
613 298 616 298
621 298 622 299
627 298 627 298
630 298 630 298
633 298 633 299
635 298 635 298
638 298 638 298
641 298 641 298
644 298 644 298
647 298 647 298
551 301 551 301
554 301 554 301
556 301 556 301
559 301 559 301
562 301 562 301
565 301 565 301
568 301 568 301
571 301 571 301
573 301 574 301
576 301 577 301
579 301 580 301
582 301 583 301
585 301 585 301
588 301 588 301
590 301 591 301
593 301 594 301
596 301 596 301
599 301 599 301
602 301 602 301
604 301 605 301
607 301 607 301
610 301 610 301
619 301 619 301
621 301 622 301
624 301 625 301
627 301 627 301
630 301 630 301
633 301 633 301
635 301 636 301
638 301 638 301
641 301 641 301
644 301 644 301
647 301 647 301
556 304 556 304
559 304 559 304
562 304 562 303
565 304 565 304
568 304 568 304
571 304 571 304
573 304 574 304
576 304 576 304
579 304 580 304
582 304 583 304
585 304 585 304
588 304 588 304
590 304 591 304
593 304 594 304
596 304 596 304
599 304 599 304
602 304 602 304
604 304 605 304
607 304 607 304
610 304 610 303
613 304 613 303
616 304 615 303
619 304 619 304
621 304 621 304
624 304 623 304
627 304 626 304
630 304 630 304
633 304 633 304
635 304 636 304
638 304 639 304
641 304 641 304
644 304 644 304
647 304 647 304
556 306 556 306
559 306 560 306
562 306 562 306
565 306 565 306
568 306 568 306
571 306 571 307
573 306 574 307
576 306 576 307
579 306 579 307
582 306 582 307
585 306 585 307
588 306 588 306
590 306 591 307
593 306 593 307
596 306 596 307
599 306 599 307
602 306 602 307
604 306 605 307
607 306 607 306
610 306 610 306
613 306 613 307
616 306 616 306
619 306 619 306
621 306 622 307
624 306 624 306
627 306 626 306
630 306 629 306
633 306 633 306
635 306 636 307
638 306 639 307
641 306 642 307
644 306 644 307
647 306 647 306
559 309 560 308
562 309 562 309
565 309 565 309
568 309 568 309
571 309 571 310
573 309 574 310
576 309 576 310
579 309 580 309
582 309 583 309
585 309 585 309
588 309 588 309
590 309 591 309
593 309 593 310
596 309 596 310
599 309 599 310
602 309 602 309
607 309 608 309
610 309 610 309
613 309 613 309
616 309 616 310
619 309 619 310
621 309 622 310
624 309 624 310
627 309 627 309
630 309 629 309
633 309 632 309
635 309 636 310
638 309 639 310
641 309 641 309
644 309 644 309
647 309 647 309
562 312 562 312
565 312 565 312
568 312 568 313
571 312 571 312
573 312 574 313
576 312 577 312
579 312 579 312
582 312 582 312
585 312 585 312
588 312 588 312
590 312 590 312
593 312 593 312
596 312 596 312
599 312 599 313
602 312 601 312
607 312 607 312
610 312 610 312
613 312 613 312
616 312 616 312
619 312 619 312
621 312 621 313
624 312 625 313
627 312 627 313
630 312 629 312
633 312 632 312
635 312 636 312
638 312 638 312
641 312 641 312
644 312 644 312
647 312 647 312
568 315 568 315
571 315 571 315
573 315 574 315
576 315 576 315
579 315 579 315
582 315 582 315
585 315 585 315
588 315 588 315
590 315 591 315
593 315 593 315
596 315 596 315
599 315 599 315
602 315 602 315
604 315 605 315
607 315 607 315
610 315 610 315
613 315 613 315
616 315 616 315
619 315 619 315
621 315 621 315
624 315 624 315
627 315 627 315
630 315 629 315
633 315 632 315
635 315 636 315
638 315 638 315
641 315 641 315
644 315 644 315
647 315 647 315
