666 163 660 174
666 181 660 192
649 198 643 208
666 198 660 208
684 198 679 208
701 198 697 207
718 198 714 208
753 198 742 210
788 198 778 209
805 198 795 209
632 215 627 225
649 215 644 225
666 215 661 225
684 215 677 225
701 215 697 226
718 215 713 226
736 215 731 225
788 215 779 226
632 233 627 242
649 233 644 242
666 233 660 242
684 233 677 243
770 233 766 243
632 250 627 259
649 250 643 259
666 250 660 259
805 250 806 261
597 267 593 275
614 267 611 276
649 267 643 277
666 267 660 277
753 267 738 275
770 267 767 276
788 267 782 276
805 267 803 277
528 285 524 293
545 285 541 293
562 285 558 293
580 285 575 293
597 285 593 293
614 285 610 293
632 285 626 293
649 285 645 293
666 285 662 294
684 285 678 293
701 285 695 294
736 285 727 294
788 285 778 295
528 302 523 311
545 302 541 310
562 302 559 310
580 302 575 310
614 302 609 311
632 302 626 311
649 302 643 311
666 302 660 311
701 302 694 311
736 302 727 311
753 302 745 311
770 302 762 311
805 302 796 313
528 319 523 328
545 319 540 328
580 319 575 328
597 319 592 328
614 319 609 328
632 319 627 328
649 319 644 328
666 319 660 329
684 319 677 329
701 319 694 329
718 319 711 328
770 319 763 328
805 319 798 329
493 337 489 345
510 337 507 344
545 337 540 345
562 337 557 346
597 337 594 346
614 337 609 346
632 337 626 345
649 337 644 346
684 337 677 346
718 337 711 346
753 337 745 345
770 337 763 345
788 337 781 345
805 337 800 345
458 354 455 362
476 354 472 362
510 354 506 362
528 354 523 362
545 354 541 363
562 354 558 363
580 354 574 362
597 354 594 364
632 354 626 363
649 354 645 364
666 354 660 362
701 354 695 362
718 354 711 363
736 354 728 363
753 354 745 363
770 354 763 363
805 354 800 363
458 371 454 379
476 371 471 379
493 371 489 379
562 371 558 380
580 371 576 381
597 371 596 381
666 371 661 378
684 371 678 379
701 371 694 378
718 371 711 381
736 371 728 380
753 371 747 380
788 371 782 381
805 371 802 380
493 389 488 396
510 389 506 398
528 389 524 398
545 389 540 398
580 389 575 398
597 389 595 399
632 389 626 396
666 389 660 397
684 389 678 398
701 389 696 398
718 389 711 398
736 389 728 397
753 389 747 398
770 389 763 398
805 389 795 397
77 406 70 414
94 406 89 413
111 406 107 413
129 406 123 413
510 406 506 417
649 406 643 414
684 406 679 418
701 406 696 417
718 406 712 414
736 406 730 414
753 406 746 415
770 406 765 414
805 406 794 414
77 424 71 431
94 424 88 431
111 424 106 431
493 424 489 431
510 424 505 434
545 424 540 431
562 424 557 430
580 424 574 431
597 424 592 431
614 424 609 431
632 424 628 431
649 424 645 431
684 424 680 434
718 424 712 432
736 424 729 431
770 424 764 432
805 424 795 431
42 441 36 448
59 441 53 448
77 441 70 449
94 441 88 449
493 441 489 447
528 441 523 448
545 441 540 447
562 441 558 447
580 441 574 448
597 441 592 448
614 441 609 448
666 441 661 447
701 441 693 447
718 441 711 448
753 441 746 449
770 441 762 448
788 441 780 448
805 441 799 449
42 458 36 464
59 458 53 465
77 458 70 466
94 458 88 466
111 458 106 466
129 458 123 469
476 458 471 465
493 458 491 464
510 458 505 463
528 458 522 463
545 458 540 463
562 458 558 464
580 458 574 465
597 458 592 466
614 458 609 466
632 458 626 467
649 458 644 466
666 458 661 466
684 458 678 463
701 458 694 465
736 458 730 465
770 458 762 463
788 458 780 465
805 458 799 465
129 476 138 475
146 476 155 475
458 476 459 477
476 476 475 478
493 476 490 478
510 476 506 478
528 476 524 477
545 476 537 477
562 476 560 476
597 476 592 478
684 476 679 478
736 476 731 479
770 476 764 478
788 476 782 479
805 476 799 478
