510 94 591 193
510 129 596 217
458 163 559 257
528 163 620 254
545 163 637 252
389 181 497 266
406 181 509 266
424 181 525 266
476 181 567 267
493 181 586 267
510 181 601 267
528 181 618 264
562 181 652 264
580 181 672 264
354 198 470 281
389 198 496 277
406 215 506 287
424 215 523 287
458 215 549 285
476 215 564 286
493 215 581 286
510 215 593 285
528 215 612 285
545 215 628 286
371 233 480 307
389 233 493 303
406 233 506 301
424 233 521 300
458 233 549 298
476 233 565 299
493 233 580 298
510 233 593 299
528 233 611 298
545 233 628 298
302 250 434 336
337 250 458 332
371 250 481 322
389 250 491 318
406 250 506 315
424 250 521 314
458 250 548 311
476 250 562 312
493 250 578 311
562 250 648 316
389 267 493 332
406 267 507 332
424 267 522 332
441 267 538 331
476 267 564 328
510 267 593 322
545 267 632 329
562 267 652 332
580 267 682 344
597 267 700 343
614 267 718 342
371 285 480 353
406 285 509 348
424 285 525 349
441 285 540 349
458 285 554 348
476 285 573 349
597 285 704 361
337 302 461 391
389 302 495 364
406 302 509 364
424 302 525 366
441 302 542 368
458 302 558 366
493 302 584 363
528 302 612 356
545 302 626 353
337 319 461 409
371 319 491 403
476 319 573 385
493 319 591 383
545 319 628 370
597 319 717 407
337 337 458 423
354 337 474 424
371 337 487 421
389 337 501 417
406 337 519 416
424 337 532 412
441 337 549 412
458 337 562 410
476 337 578 407
493 337 593 404
510 337 610 404
545 337 633 390
562 337 649 388
597 337 721 425
319 354 441 437
337 354 456 437
354 354 474 439
371 354 489 441
389 354 503 439
424 354 533 435
441 354 550 433
458 354 565 432
476 354 581 428
493 354 597 427
354 371 477 453
371 371 492 459
389 371 504 459
406 371 520 457
476 371 584 452
493 371 598 446
