565 208 564 206
551 211 549 211
554 211 546 211
551 213 543 213
571 213 570 211
571 216 571 215
602 222 578 214
534 225 583 238
531 227 580 241
531 230 580 245
573 230 544 222
571 239 545 231
607 239 604 230
540 242 530 235
579 242 554 237
545 244 559 224
621 244 622 241
621 247 622 244
613 250 613 247
616 250 616 247
621 250 623 247
573 253 551 254
616 253 616 250
619 253 620 250
621 253 623 250
573 256 540 243
596 256 591 270
616 256 616 253
619 256 619 253
621 256 623 253
624 256 626 253
571 258 557 248
616 258 616 256
619 258 619 256
621 258 622 257
624 258 626 256
627 258 629 258
559 261 532 256
562 261 534 256
613 261 614 259
616 261 616 260
619 261 620 260
621 261 623 260
624 261 626 261
627 261 630 261
554 264 537 261
559 264 532 259
562 264 534 258
613 264 614 262
619 264 620 263
621 264 622 263
627 264 630 264
545 267 529 264
548 267 532 264
551 267 535 263
554 267 537 263
556 267 540 263
576 267 555 269
579 267 559 269
607 267 608 263
613 267 614 266
619 267 620 266
621 267 623 266
627 267 630 267
630 267 633 266
545 270 529 267
548 270 531 266
551 270 535 267
554 270 538 266
556 270 540 266
576 270 556 272
607 270 608 268
610 270 611 268
613 270 614 268
621 270 623 269
624 270 626 270
627 270 629 269
630 270 633 269
633 270 634 268
545 273 530 271
548 273 533 270
551 273 535 270
559 273 544 269
607 273 608 271
610 273 611 271
613 273 614 271
616 273 617 272
624 273 626 273
627 273 628 272
630 273 631 272
633 273 635 272
635 273 638 272
548 275 533 274
554 275 538 272
556 275 541 273
602 275 601 275
604 275 605 275
607 275 608 275
613 275 614 274
616 275 617 274
624 275 623 276
627 275 627 276
630 275 630 276
633 275 635 276
635 275 638 275
559 278 544 275
604 278 605 278
610 278 610 278
613 278 613 278
616 278 616 278
621 278 621 279
624 278 623 279
627 278 626 279
630 278 630 279
633 278 633 279
635 278 638 279
559 281 545 278
602 281 601 283
604 281 604 283
607 281 607 283
610 281 609 282
624 281 624 282
627 281 626 282
630 281 630 283
633 281 633 282
635 281 636 282
638 281 640 281
641 281 642 279
545 284 538 282
551 284 541 281
571 284 553 278
576 284 559 278
579 284 562 277
604 284 604 286
607 284 606 287
610 284 609 286
613 284 612 286
616 284 615 283
624 284 621 285
627 284 625 285
630 284 630 286
633 284 634 286
635 284 636 284
638 284 639 284
556 287 550 283
559 287 553 283
599 287 598 287
602 287 601 287
610 287 609 289
613 287 613 289
633 287 634 288
635 287 637 288
638 287 639 287
641 287 642 288
644 287 644 287
540 290 533 288
542 290 536 289
545 290 539 288
596 290 596 291
599 290 598 290
602 290 601 290
604 290 604 290
607 290 607 289
610 290 609 291
613 290 613 291
616 290 615 291
621 290 619 292
630 290 628 293
635 290 636 291
641 290 642 290
644 290 644 290
647 290 647 290
537 292 530 290
540 292 533 290
542 292 537 291
545 292 539 291
551 292 548 291
585 292 570 286
593 292 594 295
596 292 596 293
599 292 598 292
602 292 601 293
604 292 605 293
607 292 607 295
616 292 615 295
621 292 619 295
635 292 636 294
644 292 644 293
537 295 531 293
545 295 542 293
548 295 546 293
551 295 541 284
556 295 551 290
571 295 574 280
582 295 568 288
585 295 583 279
593 295 593 296
610 295 610 296
542 298 539 294
545 298 543 296
548 298 546 296
556 298 556 295
559 298 551 292
576 298 563 292
579 298 579 282
582 298 568 292
585 298 587 300
588 298 589 299
593 298 593 299
607 298 608 301
610 298 610 298
542 301 539 297
548 301 547 299
554 301 553 298
556 301 556 298
559 301 560 299
562 301 562 298
571 301 561 295
585 301 586 303
588 301 589 302
593 301 594 302
596 301 596 303
599 301 599 304
602 301 602 304
604 301 605 304
607 301 608 303
610 301 611 304
616 301 614 304
619 301 617 303
621 301 620 301
633 301 632 304
635 301 634 304
638 301 637 303
641 301 640 303
537 304 535 304
540 304 536 303
542 304 540 302
545 304 546 302
548 304 548 302
551 304 551 301
554 304 554 301
556 304 557 301
559 304 560 301
562 304 563 301
565 304 565 300
593 304 593 305
599 304 600 306
604 304 607 307
610 304 611 306
633 304 632 306
635 304 635 307
638 304 637 306
641 304 640 306
647 304 647 305
534 306 534 306
540 306 537 305
542 306 540 305
545 306 546 305
548 306 548 304
551 306 552 304
554 306 554 304
556 306 558 304
559 306 560 304
562 306 564 304
565 306 567 303
571 306 572 301
576 306 579 302
579 306 581 302
585 306 587 305
588 306 590 306
610 306 610 309
624 306 625 309
630 306 629 309
633 306 632 309
635 306 634 309
638 306 637 309
641 306 640 309
644 306 644 308
647 306 646 308
540 309 537 309
545 309 545 307
548 309 549 308
551 309 552 307
554 309 555 307
556 309 558 307
559 309 561 306
562 309 564 306
565 309 567 306
568 309 570 306
571 309 573 306
573 309 576 306
582 309 584 306
585 309 587 308
588 309 589 308
590 309 592 308
619 309 620 312
630 309 629 312
633 309 632 312
635 309 634 312
641 309 641 312
644 309 644 311
647 309 646 311
542 312 540 311
545 312 546 311
548 312 549 311
551 312 552 310
554 312 555 310
556 312 559 310
559 312 561 309
562 312 564 309
565 312 567 309
568 312 570 310
571 312 573 310
573 312 575 309
576 312 578 309
579 312 581 309
582 312 585 312
585 312 587 312
588 312 590 311
590 312 593 311
593 312 595 311
627 312 626 315
630 312 629 315
633 312 632 315
635 312 634 315
638 312 638 315
641 312 641 314
644 312 643 314
647 312 647 314
545 315 546 313
548 315 552 314
554 315 557 313
559 315 561 312
562 315 564 312
565 315 567 312
568 315 570 312
571 315 573 312
573 315 575 311
576 315 579 315
582 315 585 315
585 315 587 315
588 315 591 315
590 315 593 315
599 315 602 316
607 315 608 316
610 315 611 316
621 315 615 315
647 315 647 316
