442 206 439 203
448 210 446 213
442 212 440 206
433 219 433 216
438 219 435 217
440 219 437 217
433 221 432 219
438 221 435 219
431 223 430 221
433 223 433 221
429 240 432 225
431 243 428 240
431 245 428 243
433 245 436 229
431 247 428 245
433 247 436 231
435 255 433 259
431 266 430 253
431 268 426 236
431 271 430 256
481 273 473 277
481 275 474 280
485 277 480 282
476 281 470 280
461 284 454 277
466 284 457 278
468 284 459 278
470 284 462 278
476 284 470 282
461 286 455 280
468 286 459 280
470 286 461 280
457 288 452 280
464 288 464 284
476 288 475 287
459 290 457 288
464 290 463 287
466 290 466 286
474 290 470 290
453 292 452 291
455 292 454 291
457 292 457 291
