559 211 544 206
571 213 576 199
573 213 580 199
554 216 561 201
556 216 564 202
559 216 567 201
562 216 570 202
571 216 576 202
573 216 580 201
576 216 583 201
548 219 556 204
551 219 558 204
554 219 561 205
556 219 564 205
562 219 569 204
573 219 580 204
542 222 551 207
548 222 555 207
551 222 558 207
554 222 561 207
556 222 564 208
562 222 569 207
573 222 581 206
576 222 584 206
579 222 586 206
534 225 542 209
537 225 545 209
540 225 548 209
545 225 552 209
548 225 555 209
551 225 558 209
568 225 575 209
571 225 578 208
579 225 586 209
534 227 542 212
537 227 545 212
542 227 549 213
545 227 552 212
554 227 560 211
565 227 572 211
568 227 575 212
571 227 578 211
573 227 581 211
576 227 584 211
579 227 586 214
582 227 589 215
528 230 537 214
531 230 540 214
534 230 542 214
545 230 552 215
551 230 557 213
562 230 569 214
565 230 572 214
568 230 575 214
571 230 577 214
579 230 587 217
582 230 590 217
531 233 540 217
534 233 542 217
551 233 558 216
556 233 563 217
559 233 566 217
562 233 569 217
565 233 572 217
568 233 575 216
571 233 578 217
576 233 584 217
579 233 587 220
528 236 536 220
531 236 539 221
537 236 545 220
540 236 548 221
542 236 548 219
554 236 560 219
556 236 563 219
562 236 570 219
565 236 572 219
568 236 575 219
571 236 578 219
573 236 580 219
548 239 555 222
551 239 558 222
554 239 560 222
556 239 563 222
559 239 566 222
562 239 569 222
565 239 574 222
568 239 578 222
579 239 596 249
540 242 548 227
542 242 550 225
545 242 553 225
548 242 556 224
554 242 560 225
556 242 563 225
559 242 565 224
537 244 545 227
545 244 553 227
548 244 557 227
554 244 560 227
556 244 563 227
582 244 594 241
585 244 596 241
528 247 528 229
556 247 563 230
559 247 565 230
582 247 593 244
593 247 595 223
593 250 595 226
556 253 559 233
582 253 593 253
596 253 598 227
559 256 562 234
590 256 594 235
593 256 595 231
596 256 597 230
537 258 547 247
542 258 553 248
556 258 559 236
559 258 562 236
562 258 591 258
596 258 597 233
542 261 552 251
545 261 559 251
548 261 562 251
582 261 596 256
588 261 602 256
537 264 546 253
540 264 553 253
542 264 556 253
545 264 559 253
548 264 562 254
579 264 593 262
585 264 599 259
588 264 602 259
602 264 606 235
540 267 553 256
542 267 556 256
545 267 559 256
548 267 562 257
571 267 584 264
573 267 586 264
585 267 599 265
542 270 556 259
545 270 559 259
585 270 599 268
624 270 632 264
545 273 560 263
548 273 561 260
624 273 634 267
638 275 640 270
528 278 527 272
540 278 554 265
576 278 592 273
630 278 637 276
633 278 640 276
540 281 554 269
545 281 561 268
548 284 566 272
630 284 637 282
633 284 639 282
644 284 645 273
548 287 566 275
551 287 569 276
630 287 637 285
633 287 639 285
635 287 642 288
545 290 562 278
548 290 565 278
551 290 568 278
630 290 636 288
633 290 642 290
545 292 560 281
551 292 568 280
635 292 645 293
548 295 563 283
551 295 568 284
573 295 581 278
579 295 586 278
582 295 590 279
604 295 612 298
540 298 553 292
556 298 571 290
576 298 583 282
579 298 588 282
582 298 592 281
596 298 604 300
599 298 606 300
604 298 612 301
647 298 648 291
548 301 565 289
576 301 586 285
579 301 589 285
585 301 594 300
588 301 597 300
590 301 599 303
596 301 604 303
599 301 606 303
602 301 609 304
607 301 615 303
610 301 617 301
613 301 620 301
624 301 632 302
582 304 592 303
585 304 595 304
588 304 597 304
607 304 615 306
616 304 623 305
647 304 648 294
576 306 587 305
582 306 592 306
585 306 594 306
590 306 599 307
593 306 602 306
613 306 619 308
616 306 622 307
621 306 629 308
630 306 636 308
635 306 641 306
638 306 644 306
644 306 646 312
647 306 647 297
582 309 591 309
585 309 594 309
588 309 597 309
590 309 600 310
593 309 602 309
596 309 604 309
599 309 607 310
613 309 620 311
621 309 626 308
644 309 646 314
647 309 647 299
568 312 578 308
571 312 581 309
579 312 588 311
582 312 591 312
585 312 594 312
588 312 597 312
590 312 599 312
593 312 601 313
599 312 606 313
624 312 626 311
571 315 582 315
579 315 588 314
582 315 590 315
585 315 593 315
588 315 596 315
590 315 599 315
593 315 602 315
596 315 604 315
633 315 634 314
635 315 637 315
638 315 640 315
