236 273 234 264
246 273 251 272
249 273 248 267
236 277 235 272
239 277 239 273
242 277 243 275
206 280 192 274
229 280 289 325
236 280 234 278
199 284 178 282
219 284 203 301
229 284 220 271
242 284 243 284
199 287 178 285
232 287 226 327
212 290 211 314
219 290 185 292
199 294 171 330
212 294 177 321
199 297 171 334
226 297 226 315
229 297 230 315
239 297 242 288
219 300 188 343
242 307 247 312
242 310 248 333
242 314 247 337
246 314 252 338
246 317 253 343
242 320 245 344
246 320 252 347
196 340 170 326
239 340 291 346
196 347 170 337
216 347 235 353
199 350 171 342
