403 225 410 249
405 225 413 249
411 225 450 240
414 225 418 247
436 225 447 239
400 228 412 270
403 228 410 252
411 228 416 249
414 228 419 249
416 228 425 248
457 228 461 240
389 230 385 260
403 230 441 245
414 230 422 251
452 230 459 243
460 230 462 242
463 230 464 242
389 233 385 263
392 233 403 275
394 233 406 275
405 233 413 255
414 233 422 254
441 233 430 251
449 233 439 249
466 233 476 242
400 236 408 261
441 236 430 253
444 236 433 251
383 239 400 279
392 239 404 279
411 239 416 261
438 239 436 254
444 239 433 253
455 239 465 248
408 241 414 264
411 241 416 263
425 241 425 260
452 241 439 255
457 241 454 255
466 241 476 247
394 244 388 274
466 244 482 282
394 247 389 277
397 247 415 269
466 247 482 284
386 250 401 284
468 250 481 268
463 252 475 271
466 252 478 270
468 252 480 259
403 255 424 280
463 255 475 274
408 258 430 283
419 266 432 266
389 269 387 291
419 269 432 274
460 269 458 277
386 272 384 295
436 272 441 276
466 272 459 284
436 274 467 279
452 274 453 281
466 274 461 283
468 274 464 283
438 277 411 264
466 277 461 285
468 277 464 286
471 277 490 281
474 277 493 280
466 282 460 298
468 282 465 294
471 282 468 292
414 285 437 293
466 285 460 301
466 288 460 303
488 291 405 302
383 293 391 307
466 296 428 311
474 296 463 309
383 299 407 281
403 299 421 315
422 302 423 300
457 302 467 323
460 302 470 323
485 302 478 322
425 304 425 303
460 304 420 306
394 307 416 286
455 307 463 300
394 313 415 292
427 313 423 309
457 313 469 308
378 315 378 316
422 315 420 312
466 315 471 308
468 315 475 308
378 318 378 318
427 318 423 313
455 318 467 313
474 318 453 327
378 321 378 321
427 321 423 315
433 321 426 315
378 324 378 324
381 324 381 324
430 324 424 318
378 326 378 326
430 326 424 320
438 326 429 320
452 326 438 323
378 329 377 329
471 329 424 329
378 332 385 332
381 332 387 332
455 332 462 333
457 332 465 332
468 332 442 331
471 332 445 330
479 332 447 331
381 335 387 335
378 337 378 337
394 337 402 337
490 337 470 337
