430 217 430 217
432 217 432 216
435 217 435 216
437 217 437 217
440 217 440 216
445 217 443 217
509 217 503 217
522 217 522 217
525 217 525 216
533 217 535 216
538 217 538 217
430 219 430 219
432 219 432 219
435 219 435 219
437 219 437 219
440 219 439 219
503 219 498 219
525 219 525 219
527 219 530 219
533 219 535 219
538 219 538 220
430 222 429 222
432 222 432 222
435 222 435 222
437 222 437 221
443 222 442 219
451 222 445 224
456 222 451 224
459 222 453 224
461 222 456 224
472 222 467 221
493 222 477 221
525 222 525 222
527 222 529 222
533 222 535 222
538 222 538 222
430 224 430 224
437 224 435 224
440 224 438 225
456 224 451 227
459 224 453 227
488 224 487 225
493 224 477 224
501 224 519 230
522 224 508 225
440 227 437 227
443 227 443 224
456 227 451 230
459 227 454 230
464 227 491 229
517 227 519 227
519 227 506 227
522 227 508 227
533 227 527 225
538 227 538 225
430 230 430 227
432 230 433 227
443 230 442 228
445 230 445 228
448 230 447 227
472 230 477 235
490 230 472 230
496 230 503 230
535 230 530 228
538 230 538 227
430 232 429 230
435 232 432 232
437 232 435 232
440 232 437 232
469 232 475 238
472 232 477 237
488 232 469 233
490 232 472 233
535 232 535 230
538 232 538 230
430 235 429 233
435 235 432 235
437 235 435 235
440 235 437 235
472 235 477 241
519 235 491 248
430 238 430 235
435 238 432 238
437 238 434 238
440 238 437 237
445 238 443 235
453 238 455 248
456 238 458 248
464 238 464 235
498 238 501 233
430 240 429 238
453 240 456 251
464 240 463 238
514 240 506 254
535 240 527 238
538 240 538 264
430 243 429 243
435 243 435 248
464 243 464 241
527 243 522 241
530 243 528 266
461 246 442 240
464 246 493 241
501 246 491 266
527 246 522 244
530 246 527 269
533 246 530 270
538 246 538 245
430 248 429 262
432 248 433 262
485 248 464 244
514 248 491 250
538 248 538 248
456 251 463 257
485 251 464 246
511 251 487 253
514 251 490 253
464 254 442 245
538 254 538 259
453 256 461 264
525 256 524 251
527 256 527 252
535 256 535 262
451 259 459 267
453 259 462 267
469 259 490 257
525 259 524 254
527 259 526 254
430 261 429 257
469 261 478 248
472 261 480 248
474 261 483 248
469 264 477 251
472 264 479 250
474 264 483 251
490 264 520 254
493 264 522 254
509 264 504 266
535 264 533 267
467 267 474 256
509 267 503 269
511 267 506 270
517 267 525 272
533 269 527 262
538 269 538 262
443 272 446 259
533 272 527 264
461 275 448 264
530 275 533 251
538 275 538 267
430 277 429 274
488 277 509 262
496 277 496 285
514 277 519 296
538 277 538 269
464 280 467 263
477 280 474 285
509 280 504 282
511 280 516 298
538 280 538 272
464 283 467 266
467 283 469 267
469 283 472 267
477 283 474 288
480 283 477 288
488 283 506 266
506 283 501 284
509 283 504 285
435 285 432 282
437 285 435 282
464 285 467 269
506 285 502 287
509 285 504 288
514 285 509 288
538 285 538 306
443 288 445 267
506 288 501 291
511 288 507 290
514 288 511 296
430 290 429 287
432 290 433 287
435 290 435 288
448 290 448 270
451 290 451 270
432 293 432 290
435 293 435 291
448 293 449 272
464 293 467 294
480 293 475 299
430 296 429 290
443 296 446 272
467 296 469 298
525 296 528 309
430 298 429 293
432 298 432 312
456 298 453 293
480 298 458 288
493 298 474 314
514 298 527 304
443 301 445 298
453 301 454 309
456 301 453 296
522 301 522 315
525 301 532 301
432 304 432 314
496 304 454 304
501 304 511 312
445 306 446 301
488 306 490 296
459 309 467 306
530 309 531 293
535 309 535 309
538 309 538 309
440 312 440 312
443 312 443 311
467 312 456 310
472 312 462 309
503 312 514 317
506 312 517 317
535 312 535 312
538 312 538 312
443 314 443 314
445 314 443 306
469 314 458 312
472 314 461 312
498 314 509 319
535 314 535 314
538 314 538 314
443 317 443 317
464 317 437 317
467 317 440 317
469 317 458 315
472 317 461 314
522 317 507 317
533 317 532 317
535 317 535 317
538 317 538 317
464 320 437 319
467 320 440 319
472 320 461 317
533 320 532 320
538 320 538 320
472 322 461 322
533 322 532 323
535 322 535 323
538 322 538 323
430 325 430 325
435 325 435 324
443 325 440 325
448 325 445 325
472 325 461 324
490 325 498 325
533 325 532 325
535 325 535 325
538 325 538 325
430 327 430 328
432 327 433 328
435 327 435 328
437 327 437 328
445 327 440 328
448 327 443 328
472 327 461 327
503 327 485 327
509 327 509 327
514 327 515 327
517 327 517 327
519 327 520 327
530 327 529 328
533 327 532 328
535 327 535 328
538 327 538 328
