430 217 430 216
432 217 432 216
443 217 452 217
445 217 455 217
509 217 525 216
511 217 528 217
533 217 534 217
535 217 536 217
538 217 538 217
430 219 429 219
435 219 433 219
482 219 441 219
485 219 443 219
498 219 516 221
509 219 525 219
530 219 527 219
430 222 429 221
435 222 433 221
456 222 438 221
522 222 522 222
525 222 524 221
530 222 527 222
430 224 430 224
435 224 433 224
522 224 522 224
525 224 524 224
530 224 533 234
538 224 538 223
430 227 429 228
453 227 434 227
519 227 521 227
538 227 538 228
451 230 432 230
456 230 437 230
432 235 430 246
464 235 450 292
538 235 538 271
517 238 528 256
533 238 529 272
535 238 536 254
538 238 538 273
445 240 475 265
517 240 509 288
533 240 532 241
535 240 537 256
538 240 538 275
490 243 514 297
530 243 536 258
535 243 536 245
538 243 538 258
464 246 486 264
448 248 458 306
467 248 504 290
506 248 522 299
535 248 537 248
535 251 536 250
437 254 441 294
461 254 499 295
448 256 465 279
451 256 468 279
485 256 482 307
435 259 437 283
448 259 465 282
451 259 468 282
477 259 445 286
480 259 447 286
530 259 529 275
432 261 432 277
435 261 434 277
461 261 520 294
519 261 488 305
522 261 491 305
530 261 529 278
538 261 538 296
432 264 432 280
435 264 434 279
453 264 450 300
474 264 502 304
522 264 530 298
535 264 535 263
538 264 538 298
430 267 429 310
522 267 526 272
527 267 528 289
451 269 487 286
456 269 463 265
519 269 524 275
522 269 526 275
533 269 530 292
430 272 429 266
432 272 432 265
498 272 518 271
509 272 519 253
522 272 526 277
509 275 520 255
530 275 533 259
535 275 536 295
472 277 458 295
535 277 535 300
503 280 515 288
535 280 536 304
432 283 433 285
459 283 462 318
461 283 465 318
503 283 514 290
430 285 430 287
432 285 433 288
509 285 461 298
480 288 519 305
482 288 521 305
511 288 523 294
435 290 441 303
437 290 444 303
480 290 519 308
538 293 538 304
506 296 516 306
525 298 534 278
535 301 535 306
522 304 518 314
525 304 521 313
464 306 447 297
538 306 538 314
432 312 432 316
477 312 514 244
525 314 521 316
469 317 471 319
527 317 523 319
533 317 532 321
477 320 464 321
519 320 512 319
522 320 518 320
456 322 471 324
496 322 459 323
506 322 468 324
514 322 506 323
527 322 526 323
530 322 529 323
533 322 532 323
535 322 534 322
538 322 538 323
467 325 453 325
469 325 456 326
485 325 512 324
527 325 526 326
530 325 529 326
533 325 531 326
535 325 534 325
538 325 538 325
432 327 436 327
461 327 464 327
467 327 454 328
469 327 457 328
474 327 515 327
477 327 517 328
525 327 523 328
527 327 526 328
530 327 529 328
533 327 531 327
535 327 534 327
538 327 537 328
