590 205 578 207
545 208 538 224
571 208 544 223
531 211 529 234
590 211 594 236
593 213 585 215
556 216 542 232
593 216 586 218
554 219 542 238
559 219 545 236
559 222 546 238
551 227 560 230
593 227 530 264
596 227 533 264
551 230 561 234
596 230 588 231
571 233 561 252
585 233 585 265
596 233 588 234
599 233 591 233
573 236 572 256
582 236 582 268
585 236 585 268
571 239 569 258
585 239 586 271
593 239 614 247
559 242 555 274
593 242 614 250
596 242 617 250
559 244 555 278
596 244 618 253
604 247 598 278
531 256 529 290
610 256 630 266
616 256 628 255
619 256 630 254
554 258 534 249
565 258 558 271
579 258 581 272
582 258 578 262
588 258 582 262
599 258 616 268
559 261 562 273
624 264 632 266
568 267 561 276
571 267 564 276
596 267 595 240
627 267 632 268
534 270 551 291
568 270 562 279
571 270 565 278
573 270 568 278
596 270 594 243
607 270 615 258
610 270 619 257
613 270 622 257
602 273 621 286
627 273 590 279
638 273 639 271
573 275 566 285
579 275 572 282
582 275 575 282
585 275 581 281
599 275 618 290
638 275 638 274
537 278 545 297
585 278 581 284
635 278 643 295
641 278 639 277
565 281 561 292
582 281 578 290
585 281 582 289
531 284 541 304
579 284 576 294
582 284 578 293
585 284 582 293
588 284 585 293
593 284 598 298
565 287 558 296
641 287 638 302
556 290 550 299
562 290 555 299
565 290 558 299
573 290 565 300
576 290 568 300
579 290 571 300
582 290 574 299
585 290 580 299
641 290 638 305
556 292 550 302
559 292 553 302
562 292 555 302
568 292 559 302
573 292 564 303
576 292 567 303
579 292 570 303
582 292 574 303
585 292 577 302
588 292 580 302
590 292 583 302
613 292 617 307
641 292 639 311
644 292 643 311
647 292 647 291
559 295 553 308
568 295 558 304
571 295 561 305
610 295 621 314
638 295 636 311
644 295 643 314
647 295 647 314
548 298 534 304
551 298 538 304
559 298 550 308
565 298 555 308
568 298 558 307
571 298 561 307
576 298 566 307
579 298 569 308
585 298 575 308
588 298 578 308
590 298 581 308
593 298 583 308
616 298 619 314
647 298 647 298
562 301 553 311
565 301 556 311
571 301 560 310
573 301 563 310
576 301 566 309
579 301 569 309
582 301 572 309
588 301 578 311
647 301 647 301
571 304 560 313
573 304 563 313
576 304 566 313
579 304 569 313
582 304 572 312
585 304 575 312
579 306 569 316
582 306 572 315
630 306 603 306
590 315 563 316
604 315 575 315
607 315 582 315
