571 222 586 215
571 225 585 220
562 227 571 226
571 227 584 223
576 227 588 223
579 227 591 222
576 230 588 225
579 230 590 226
573 233 583 228
576 233 587 229
565 236 575 233
540 239 553 232
545 239 562 230
559 239 571 236
565 239 575 236
568 239 578 237
534 242 546 233
562 242 574 239
528 244 540 235
559 244 571 242
562 244 574 242
528 247 538 238
540 247 557 239
556 250 570 247
565 253 569 250
545 261 556 249
545 264 555 252
548 264 559 253
542 267 551 256
545 267 555 255
548 267 558 256
542 270 549 260
548 270 558 259
542 273 549 263
545 273 553 264
545 275 552 267
641 298 644 306
644 298 647 306
638 301 642 309
641 301 646 309
616 304 613 310
635 304 639 312
638 304 642 311
641 304 645 311
604 306 606 307
627 306 622 311
641 312 642 315
644 312 645 315
596 315 598 315
647 315 648 316
