576 208 581 212
537 213 540 212
540 213 543 212
545 213 549 212
571 213 576 217
540 216 543 215
542 216 546 215
545 216 549 216
528 219 529 217
540 219 543 218
542 219 546 218
573 219 578 223
528 222 528 220
545 222 549 222
559 222 564 225
562 222 566 226
568 222 572 226
528 225 530 223
531 225 533 223
534 225 537 223
537 225 540 223
540 225 542 224
542 225 545 224
554 225 558 228
559 225 563 228
562 225 566 228
565 225 568 229
568 225 571 229
571 225 575 229
528 227 529 227
531 227 533 226
585 227 589 237
528 230 529 229
531 230 535 229
528 233 530 232
531 233 535 232
551 233 556 235
568 233 567 238
528 236 529 235
545 236 550 237
565 236 564 240
545 239 550 240
551 239 562 240
551 242 562 244
554 242 565 244
551 244 562 247
537 247 540 248
548 250 555 255
540 258 542 252
537 267 544 267
540 270 547 270
540 273 546 273
542 273 550 273
540 275 547 276
542 275 550 276
562 275 561 272
627 275 631 282
630 275 633 281
638 275 640 281
534 278 543 278
621 278 627 284
630 278 633 284
633 278 636 285
537 281 545 281
556 281 561 280
630 281 633 287
644 281 643 281
647 281 647 282
537 284 545 284
540 284 548 284
559 284 564 284
565 284 567 284
568 284 573 284
613 284 615 289
624 284 627 290
627 284 630 290
641 284 640 284
534 287 543 287
537 287 546 287
540 287 549 287
542 287 551 288
545 287 554 288
559 287 563 286
565 287 566 287
568 287 570 287
613 287 615 292
621 287 624 293
638 287 637 287
537 290 546 290
540 290 549 290
542 290 552 291
545 290 554 291
568 290 569 290
573 290 571 291
610 290 614 295
616 290 621 295
621 290 623 295
624 290 627 296
641 290 640 287
644 290 643 287
540 292 549 293
542 292 552 294
568 292 569 293
571 292 572 292
576 292 575 293
593 292 597 296
607 292 612 298
610 292 615 298
613 292 617 298
616 292 620 298
619 292 624 298
635 292 638 300
638 292 641 300
641 292 640 290
542 295 551 297
545 295 555 297
607 295 612 300
610 295 614 301
613 295 617 300
619 295 621 301
545 298 554 301
585 298 581 297
588 298 592 302
590 298 595 302
602 298 606 302
604 298 608 303
607 298 611 303
610 298 614 303
613 298 617 303
616 298 619 303
619 298 622 304
624 298 628 305
627 298 632 305
633 298 634 304
540 301 542 300
542 301 545 300
545 301 553 303
573 301 581 304
576 301 584 304
579 301 586 305
588 301 593 305
590 301 595 304
593 301 598 305
596 301 601 305
610 301 614 305
613 301 617 306
616 301 620 306
619 301 623 307
621 301 626 307
624 301 628 307
627 301 631 308
644 301 644 306
647 301 647 306
540 304 541 303
542 304 544 303
545 304 548 303
562 304 570 307
565 304 573 308
576 304 584 307
579 304 586 307
593 304 598 308
596 304 601 308
602 304 604 307
604 304 607 306
610 304 610 306
616 304 620 309
621 304 626 310
624 304 628 310
633 304 635 309
638 304 641 309
641 304 643 309
644 304 646 309
545 306 548 306
551 306 554 307
562 306 570 310
571 306 579 309
576 306 584 310
590 306 595 307
604 306 607 309
630 306 630 311
633 306 635 312
638 306 641 312
641 306 644 312
644 306 647 312
571 309 578 312
576 309 583 312
579 309 586 312
582 309 588 313
599 309 601 310
604 309 604 311
627 309 624 314
635 309 639 315
616 312 616 313
610 315 609 315
613 315 612 315
616 315 616 315
619 315 618 315
635 315 634 314
