562 211 581 213
565 211 584 213
568 211 587 214
545 213 565 214
556 213 572 215
559 213 575 215
573 213 593 217
540 216 562 214
573 216 592 221
579 216 596 218
540 219 562 217
545 219 564 217
551 219 561 219
579 219 596 221
559 222 569 223
562 225 579 228
565 230 573 230
590 233 603 235
596 233 606 236
537 236 563 229
559 236 570 230
562 236 578 254
590 236 603 237
596 236 609 236
610 236 611 227
613 236 613 227
559 239 575 257
576 239 589 239
593 239 606 238
556 242 574 259
534 244 558 263
548 244 559 250
562 244 578 260
582 244 598 246
596 244 605 242
599 244 608 242
604 244 611 243
607 244 614 243
588 247 601 247
593 247 604 245
599 247 608 245
604 247 611 246
607 247 614 246
613 247 618 244
534 250 554 250
582 250 598 250
588 250 601 250
593 250 605 248
604 250 611 249
607 250 613 249
613 250 618 247
616 250 620 247
613 253 617 250
616 253 620 251
602 256 610 252
607 256 613 253
613 256 617 253
616 256 620 254
619 256 627 267
559 258 552 266
562 258 555 266
565 258 557 266
582 258 586 245
599 258 607 255
602 258 610 254
607 258 613 255
613 258 616 255
616 258 619 257
619 258 622 257
531 261 556 257
534 261 552 257
556 261 550 269
559 261 553 270
565 261 557 268
593 261 603 257
596 261 606 257
604 261 610 257
610 261 613 258
613 261 615 258
616 261 618 259
619 261 621 260
534 264 552 259
554 264 548 271
613 264 615 261
624 264 624 263
627 264 627 264
534 267 558 260
624 267 624 266
627 267 629 273
590 270 595 269
602 270 608 270
621 270 621 269
624 270 623 269
627 270 626 270
534 273 560 266
596 273 604 270
604 273 610 274
621 273 620 271
624 273 623 272
627 273 625 273
635 273 632 273
534 275 552 285
599 275 600 280
602 275 602 279
621 275 619 275
624 275 622 274
630 275 626 276
633 275 629 276
635 275 632 276
596 278 596 281
599 278 600 282
607 278 609 280
619 278 620 278
621 278 621 279
627 278 625 279
633 278 629 279
638 278 634 280
607 281 608 283
610 281 612 281
613 281 615 281
616 281 618 281
621 281 621 281
635 281 631 281
551 284 558 282
559 284 567 290
568 284 571 284
573 284 577 282
596 284 600 285
599 284 602 286
602 284 605 286
613 284 615 284
616 284 618 285
619 284 621 285
621 284 623 285
635 284 631 284
638 284 635 285
641 284 639 284
551 287 558 285
568 287 573 287
571 287 577 285
573 287 583 286
579 287 579 289
596 287 599 287
599 287 601 288
613 287 617 288
619 287 621 288
621 287 624 288
630 287 626 287
635 287 631 287
638 287 635 287
641 287 639 287
556 290 565 295
562 290 570 294
582 290 582 292
588 290 592 291
590 290 596 288
599 290 601 292
602 290 604 292
610 290 614 290
613 290 617 290
630 290 627 290
633 290 629 290
635 290 632 290
638 290 635 290
641 290 638 290
551 292 557 289
556 292 565 299
571 292 576 292
588 292 592 294
593 292 597 297
602 292 604 295
633 292 629 293
635 292 632 292
638 292 635 292
647 292 645 292
545 295 552 291
551 295 557 292
554 295 562 299
556 295 565 302
579 295 582 295
596 295 600 297
604 295 607 296
635 295 633 295
641 295 638 294
644 295 641 294
647 295 644 295
548 298 554 294
554 298 562 302
556 298 560 292
562 298 564 292
585 298 591 303
588 298 593 304
590 298 596 304
602 298 604 298
616 298 615 299
630 298 635 299
638 298 635 297
641 298 638 297
644 298 641 297
647 298 644 298
548 301 553 298
554 301 561 305
562 301 568 305
568 301 577 303
585 301 591 305
588 301 593 306
590 301 596 306
593 301 599 306
604 301 608 303
610 301 613 303
616 301 615 302
627 301 634 302
641 301 641 300
647 301 646 304
554 304 556 301
556 304 564 308
559 304 567 308
562 304 570 309
565 304 574 307
568 304 577 307
576 304 584 309
585 304 591 310
590 304 596 310
602 304 605 305
604 304 608 306
610 304 613 306
613 304 615 306
621 304 621 304
624 304 625 305
630 304 627 304
638 304 637 303
565 306 574 309
568 306 576 310
573 306 579 311
576 306 583 311
579 306 586 312
582 306 589 312
585 306 592 313
593 306 599 310
602 306 604 308
604 306 608 308
610 306 612 308
621 306 620 307
624 306 624 307
638 306 636 306
573 309 579 313
579 309 587 315
588 309 595 312
593 309 598 315
596 309 601 314
602 309 604 311
607 309 611 311
610 309 614 312
613 309 618 312
621 309 621 310
630 309 627 308
644 309 643 307
647 309 646 307
579 312 588 315
602 312 604 314
607 312 611 315
619 312 620 313
627 312 626 312
633 312 636 312
638 312 640 312
641 312 639 310
644 312 642 310
647 312 646 310
565 315 566 315
568 315 568 315
571 315 572 315
588 315 594 315
613 315 614 315
616 315 616 315
619 315 619 315
621 315 622 316
627 315 626 315
630 315 630 315
633 315 633 315
635 315 636 315
641 315 638 316
644 315 642 313
647 315 646 313
