568 205 570 207
590 236 598 242
588 242 591 253
604 242 609 242
604 244 609 245
602 247 605 251
610 247 613 248
613 247 615 248
596 250 600 251
607 250 609 250
610 250 612 251
613 250 615 251
593 253 597 254
596 253 599 254
599 253 602 254
602 253 605 254
607 253 609 254
610 253 611 254
613 253 615 255
616 253 618 255
596 256 599 256
599 256 602 256
602 256 605 256
607 256 608 256
610 256 611 256
613 256 614 257
616 256 618 257
619 256 620 258
604 258 605 259
607 258 608 259
610 258 611 259
619 258 620 260
602 261 602 260
613 261 611 262
621 261 622 261
599 264 599 263
602 264 602 263
604 264 605 263
610 264 608 263
616 264 613 264
596 267 596 265
599 267 598 265
610 267 608 265
613 267 611 267
616 267 614 267
619 267 617 267
621 267 622 268
593 270 593 267
596 270 596 268
613 270 613 269
627 270 628 270
630 270 632 270
588 273 590 270
593 273 596 270
604 273 607 272
607 273 610 272
610 273 613 272
621 273 621 273
624 273 624 272
627 273 628 273
630 273 632 272
633 273 634 273
638 273 637 270
607 275 610 274
610 275 612 274
616 275 616 275
621 275 621 275
624 275 624 275
627 275 627 275
635 275 637 274
610 278 612 277
613 278 615 277
619 278 618 278
621 278 621 278
630 278 630 277
607 281 610 279
613 281 615 280
616 281 618 280
624 281 624 280
627 281 628 280
630 281 631 280
633 281 634 280
635 281 637 280
638 281 640 280
599 284 606 281
610 284 613 281
621 284 621 283
624 284 624 283
627 284 627 283
630 284 630 282
633 284 633 282
635 284 636 282
638 284 640 282
599 287 607 283
607 287 610 284
610 287 612 284
621 287 621 285
624 287 625 285
630 287 629 285
633 287 633 285
638 287 640 285
641 287 642 286
644 287 645 286
582 290 586 285
593 290 601 290
610 290 609 287
619 290 618 288
621 290 621 288
630 290 630 288
633 290 633 288
576 292 582 290
624 292 627 291
627 292 629 291
630 292 632 290
635 292 636 290
638 292 639 290
641 292 642 290
647 292 647 292
604 295 612 296
613 295 615 294
616 295 618 294
619 295 621 294
621 295 624 294
624 295 627 294
627 295 630 294
635 295 636 292
638 295 639 292
641 295 642 292
644 295 644 293
573 298 582 295
576 298 585 295
579 298 587 295
582 298 591 295
585 298 594 293
593 298 602 295
616 298 618 297
619 298 621 297
621 298 623 296
624 298 626 296
627 298 630 296
635 298 636 295
638 298 639 294
641 298 642 294
644 298 644 296
576 301 585 298
579 301 588 298
582 301 590 298
590 301 599 298
593 301 602 298
599 301 608 299
607 301 614 299
613 301 617 299
616 301 619 299
621 301 623 299
633 301 634 297
571 304 576 303
576 304 585 300
579 304 587 301
582 304 590 301
585 304 593 300
588 304 596 300
590 304 599 300
593 304 602 301
599 304 608 301
607 304 614 301
610 304 617 302
616 304 619 302
638 304 639 299
641 304 641 299
644 304 645 298
647 304 647 299
559 306 563 302
562 306 569 302
565 306 571 302
573 306 580 305
579 306 587 303
582 306 590 303
585 306 593 303
588 306 595 303
590 306 599 303
593 306 602 304
596 306 605 304
604 306 611 302
610 306 617 304
621 306 623 303
624 306 626 303
630 306 632 303
635 306 638 303
644 306 645 301
647 306 647 301
571 309 577 308
573 309 580 308
582 309 589 306
585 309 592 306
602 309 609 305
638 309 640 305
641 309 643 304
562 312 566 305
568 312 575 308
573 312 580 312
576 312 584 309
582 312 589 309
593 312 601 308
596 312 604 308
602 312 608 307
610 312 620 311
613 312 620 309
621 312 626 309
633 312 638 308
635 312 641 308
641 312 643 307
573 315 580 314
576 315 583 314
579 315 585 315
582 315 589 312
604 315 613 315
610 315 620 315
613 315 622 315
633 315 637 310
635 315 641 310
638 315 643 310
644 315 646 313
