568 205 568 204
548 208 547 207
576 208 588 219
576 211 588 222
537 213 536 213
573 213 586 226
576 213 589 225
531 216 531 217
537 216 537 215
540 216 541 215
542 216 544 214
548 216 553 209
531 219 532 219
534 219 534 219
537 219 538 218
531 222 533 222
534 222 535 222
540 222 539 222
545 222 573 235
571 222 581 240
585 222 590 218
585 225 590 222
568 227 583 245
599 227 603 255
604 227 604 243
602 230 601 246
604 230 604 245
585 233 585 222
537 236 559 249
548 239 569 248
559 239 572 261
562 239 575 261
565 239 578 259
607 239 606 252
540 242 564 253
542 242 567 252
562 242 576 263
565 242 579 263
540 244 565 256
551 244 586 252
554 244 566 265
593 247 598 259
616 247 616 247
619 247 619 247
621 247 622 248
624 247 624 248
537 250 561 269
540 250 564 269
582 250 592 267
593 250 599 263
596 250 601 262
619 250 619 249
537 253 561 272
540 253 564 272
548 253 581 257
621 253 623 252
624 253 625 252
548 256 580 259
551 256 584 259
596 261 600 269
596 264 601 273
599 264 607 272
621 264 633 263
616 267 629 270
621 267 635 267
624 267 638 266
528 270 543 279
531 270 548 278
537 270 553 277
542 270 559 276
599 270 604 275
602 270 609 270
610 270 625 270
619 270 632 270
621 270 635 269
624 270 638 269
627 270 630 260
630 270 633 260
528 273 544 283
531 273 549 281
537 273 554 280
540 273 556 280
599 273 607 274
602 273 610 273
607 273 623 275
610 273 626 274
613 273 629 273
619 273 633 273
621 273 636 272
624 273 639 271
627 273 641 270
531 275 550 283
576 275 589 248
590 275 602 279
604 275 616 276
624 275 639 274
633 275 646 273
635 275 640 265
596 278 607 278
599 278 607 281
604 278 621 279
607 278 624 278
610 278 627 278
619 278 634 276
621 278 637 276
633 278 646 276
596 281 606 281
599 281 610 280
604 281 617 282
607 281 621 282
613 281 628 280
621 281 634 278
624 281 637 278
630 281 643 278
599 284 609 284
621 284 635 281
624 284 638 281
627 284 640 281
635 284 647 281
638 284 645 271
582 287 593 288
585 287 596 286
590 287 601 285
602 287 615 286
604 287 618 285
607 287 621 285
610 287 624 285
613 287 628 284
627 287 641 284
630 287 644 284
635 287 647 284
573 290 584 292
576 290 587 291
579 290 590 290
585 290 596 289
588 290 598 288
593 290 603 287
596 290 606 287
599 290 609 287
602 290 615 289
604 290 619 288
607 290 622 288
610 290 625 287
613 290 628 287
616 290 631 286
633 290 645 287
638 290 648 286
562 292 561 293
568 292 578 295
571 292 581 295
593 292 603 290
599 292 610 290
610 292 626 290
613 292 629 290
554 295 543 285
559 295 547 286
562 295 562 295
596 295 607 291
619 295 633 292
624 295 636 292
633 295 639 291
590 298 600 295
593 298 604 295
596 298 607 297
619 298 633 295
624 298 636 295
633 298 639 294
635 298 642 294
548 301 552 296
565 301 567 301
568 301 570 301
576 301 582 297
579 301 585 298
582 301 589 298
590 301 599 299
593 301 603 298
602 301 561 289
624 301 637 298
568 304 570 304
571 304 573 304
573 304 577 303
579 304 586 301
582 304 589 301
585 304 592 300
593 304 602 301
596 304 605 301
599 304 609 301
604 304 619 305
607 304 623 305
610 304 625 304
616 304 628 300
621 304 634 301
624 304 638 301
633 304 643 301
556 306 558 305
559 306 563 305
565 306 568 304
571 306 573 307
573 306 577 306
576 306 579 306
579 306 584 305
582 306 589 303
585 306 593 303
588 306 596 302
593 306 602 304
596 306 605 304
599 306 609 304
602 306 616 309
604 306 620 308
607 306 623 308
616 306 628 303
619 306 631 303
624 306 633 299
633 306 641 304
635 306 645 303
556 309 558 309
559 309 562 308
562 309 564 307
565 309 568 307
568 309 571 308
571 309 574 309
573 309 577 309
576 309 580 308
582 309 587 307
590 309 597 308
593 309 600 307
596 309 604 307
607 309 623 311
616 309 628 307
619 309 632 308
621 309 635 308
633 309 642 307
635 309 645 307
559 312 562 312
562 312 565 311
565 312 568 310
568 312 571 311
571 312 575 312
573 312 578 311
576 312 581 311
579 312 584 311
590 312 598 311
593 312 601 311
596 312 604 310
599 312 607 310
602 312 610 310
613 312 628 312
616 312 630 312
619 312 634 312
621 312 637 312
624 312 640 311
633 312 643 311
638 312 646 310
559 315 563 315
562 315 565 314
565 315 569 314
568 315 572 314
571 315 575 315
573 315 578 315
576 315 581 314
579 315 584 314
585 315 596 315
588 315 598 315
593 315 602 314
596 315 604 314
599 315 618 315
602 315 621 315
613 315 628 315
616 315 631 315
619 315 634 315
621 315 638 314
624 315 641 314
638 315 646 313
