559 205 555 206
545 211 546 209
548 211 549 209
565 211 589 209
565 213 585 212
545 216 567 210
554 216 577 211
559 216 582 212
545 219 571 211
548 219 573 211
599 222 602 230
548 225 567 217
559 225 578 221
596 230 611 233
551 233 570 223
554 233 573 224
554 236 572 226
607 236 618 243
548 239 569 227
568 239 583 240
576 239 589 240
607 239 618 246
548 242 569 229
596 242 606 241
599 242 610 242
559 244 575 260
571 244 587 255
576 250 584 252
593 250 601 250
596 250 603 250
613 250 618 252
573 253 582 254
576 253 584 255
590 253 598 253
593 253 600 253
596 253 603 253
599 253 606 253
604 253 609 253
607 253 612 254
610 253 615 255
613 253 617 255
528 256 541 266
540 256 547 260
588 256 593 256
610 256 614 257
613 256 617 258
619 256 621 258
528 258 541 269
593 258 599 256
599 258 603 257
602 258 605 257
613 258 614 260
616 258 618 260
599 261 602 260
604 261 605 260
607 261 608 260
610 261 611 261
616 261 616 263
619 261 620 264
621 261 623 264
554 264 608 236
590 264 595 262
596 264 599 262
599 264 602 262
602 264 604 262
607 264 608 263
619 264 620 267
554 267 607 239
576 267 581 260
585 267 583 263
588 267 592 265
593 267 596 265
596 267 599 265
599 267 601 265
602 267 604 265
610 267 610 267
613 267 613 266
616 267 615 267
621 267 623 268
590 270 593 268
593 270 596 267
596 270 598 268
599 270 601 268
602 270 604 269
604 270 608 270
610 270 610 270
613 270 613 270
616 270 616 270
619 270 619 271
621 270 622 271
627 270 626 270
630 270 629 271
635 270 634 272
576 273 580 264
579 273 580 266
588 273 591 270
593 273 598 271
599 273 602 272
602 273 605 272
604 273 607 272
607 273 610 272
613 273 613 272
616 273 616 273
619 273 619 273
621 273 621 274
627 273 625 274
630 273 628 274
542 275 567 283
573 275 575 266
599 275 603 274
602 275 606 275
607 275 610 276
613 275 613 275
616 275 616 276
619 275 618 276
621 275 621 276
627 275 626 277
630 275 628 277
633 275 631 277
596 278 601 277
602 278 607 278
607 278 610 278
610 278 612 278
616 278 616 279
619 278 619 279
621 278 621 279
624 278 624 280
627 278 627 280
633 278 631 280
635 278 636 280
638 278 639 281
641 278 640 279
542 281 570 287
573 281 577 272
593 281 600 282
596 281 603 283
602 281 607 281
604 281 609 281
610 281 612 281
616 281 616 282
621 281 622 282
624 281 625 282
633 281 633 282
635 281 636 283
562 284 546 266
590 284 597 287
602 284 607 284
610 284 611 285
613 284 614 285
616 284 618 286
619 284 620 285
624 284 624 286
638 284 639 285
641 284 641 284
568 287 569 284
573 287 575 287
585 287 593 289
593 287 600 289
596 287 603 287
599 287 605 287
616 287 618 288
619 287 620 288
624 287 624 288
630 287 629 287
633 287 632 287
635 287 635 287
638 287 639 287
641 287 641 287
644 287 644 287
554 290 552 282
571 290 572 287
596 290 603 290
599 290 605 290
604 290 609 291
613 290 614 291
616 290 617 291
619 290 620 291
624 290 624 291
630 290 629 290
633 290 633 290
635 290 635 290
638 290 639 290
641 290 642 290
531 292 544 288
551 292 549 285
556 292 560 291
559 292 563 292
562 292 569 292
565 292 571 292
568 292 570 290
576 292 584 295
585 292 593 293
593 292 601 293
599 292 606 294
602 292 609 293
607 292 611 294
613 292 614 294
616 292 617 294
619 292 620 295
621 292 623 295
630 292 629 293
633 292 633 293
635 292 636 293
638 292 638 293
641 292 642 293
644 292 644 292
647 292 647 292
571 295 577 297
576 295 584 298
579 295 587 298
585 295 593 296
590 295 597 295
593 295 601 296
596 295 604 296
602 295 608 296
607 295 611 296
613 295 614 296
616 295 616 296
619 295 619 297
621 295 622 297
630 295 631 295
635 295 636 295
638 295 638 295
644 295 644 294
647 295 647 294
551 298 556 295
554 298 559 295
556 298 562 298
565 298 571 296
571 298 578 300
573 298 581 300
576 298 583 301
585 298 593 298
588 298 595 298
590 298 598 299
593 298 601 298
619 298 619 299
627 298 629 299
630 298 632 298
641 298 641 297
644 298 644 297
647 298 647 297
548 301 553 294
565 301 572 302
568 301 575 302
571 301 577 303
573 301 580 303
582 301 590 302
585 301 592 301
588 301 595 302
590 301 598 302
593 301 601 302
602 301 608 300
604 301 610 300
610 301 614 300
621 301 623 302
624 301 625 302
627 301 631 301
635 301 635 299
638 301 638 300
641 301 640 300
644 301 644 299
565 304 571 305
568 304 574 305
571 304 577 305
573 304 580 306
576 304 583 306
579 304 586 307
582 304 590 305
585 304 592 305
588 304 595 305
590 304 598 305
593 304 600 305
596 304 603 304
604 304 616 309
619 304 620 304
621 304 623 304
624 304 628 305
627 304 631 304
638 304 638 302
647 304 647 301
559 306 567 308
562 306 570 307
568 306 574 308
571 306 577 308
573 306 580 309
585 306 592 308
588 306 595 307
590 306 598 308
604 306 610 306
607 306 613 306
616 306 619 306
619 306 622 306
621 306 628 307
630 306 634 305
638 306 638 305
647 306 647 304
562 309 567 311
565 309 570 311
571 309 577 311
576 309 585 309
579 309 588 309
593 309 600 308
604 309 609 308
607 309 612 309
633 309 634 308
635 309 637 308
644 309 646 311
647 309 647 306
559 312 561 311
562 312 564 311
565 312 573 311
573 312 581 313
576 312 585 312
579 312 587 312
585 312 594 314
590 312 597 311
593 312 600 312
604 312 610 311
607 312 613 311
610 312 615 311
613 312 618 312
616 312 621 312
619 312 624 313
630 312 638 312
633 312 634 310
647 312 647 309
568 315 572 315
571 315 578 315
573 315 581 315
576 315 585 315
579 315 587 315
596 315 602 315
599 315 605 315
602 315 608 315
607 315 613 315
610 315 616 315
613 315 618 315
616 315 621 315
630 315 637 315
633 315 639 315
641 315 643 316
644 315 645 316
