573 199 560 198
568 202 552 202
571 202 557 201
573 202 562 200
565 205 546 207
568 205 549 207
573 213 566 234
576 213 569 233
576 216 569 236
619 239 573 214
576 244 536 237
616 247 552 233
590 250 554 246
593 250 557 245
579 253 546 249
582 253 549 249
616 256 603 271
619 256 611 246
621 256 614 245
619 258 617 253
621 258 620 253
624 258 623 250
624 261 626 255
537 264 547 266
551 264 534 263
624 264 626 259
627 264 630 258
540 267 533 249
616 267 631 280
621 267 640 280
624 267 643 279
540 270 533 252
590 270 552 261
621 270 640 282
624 270 643 281
576 273 586 277
621 273 640 284
624 273 643 284
627 273 646 284
635 273 642 264
627 275 646 287
610 281 604 248
588 284 579 217
621 284 640 293
534 292 553 279
534 295 553 282
576 295 568 283
585 295 575 283
531 298 550 287
534 298 553 287
579 298 571 286
588 298 578 285
596 298 589 285
616 298 626 300
624 298 640 300
531 301 551 291
534 301 554 291
579 301 571 289
582 301 575 289
585 301 577 289
596 301 589 290
602 301 614 301
616 301 628 306
576 304 569 292
579 304 571 291
582 304 575 292
596 304 586 291
607 304 621 307
613 304 626 309
616 304 629 309
627 304 641 311
579 306 572 294
590 306 612 308
610 306 624 311
613 306 627 312
621 306 635 313
624 306 638 314
627 306 641 315
630 306 644 315
582 309 575 295
607 309 621 313
647 309 647 308
585 312 578 298
596 312 606 310
647 312 647 310
565 315 573 315
579 315 585 315
582 315 588 315
585 315 591 315
588 315 597 315
599 315 610 314
602 315 618 315
604 315 621 315
607 315 627 315
610 315 630 314
647 315 647 314
