453 224 486 220
461 224 493 218
448 227 482 220
459 227 490 222
461 227 493 221
453 230 485 223
456 230 487 223
459 230 490 224
461 230 492 224
448 232 481 225
453 232 485 225
456 232 487 225
472 238 502 226
472 240 501 227
488 254 511 249
445 256 480 238
477 272 501 259
469 277 491 261
474 277 495 261
482 277 505 263
464 280 486 264
467 280 489 264
474 280 494 264
477 280 497 265
480 280 503 266
482 280 505 266
461 283 485 266
467 283 490 267
469 283 493 267
474 283 497 268
477 283 499 267
440 285 465 267
461 285 485 268
467 285 490 269
469 285 493 269
474 285 497 271
445 288 470 270
464 288 488 270
474 288 499 271
437 290 465 272
456 290 482 272
459 290 484 273
461 290 487 273
464 290 490 273
469 290 493 274
488 290 507 275
437 293 464 275
440 293 470 276
451 293 479 275
459 296 483 278
461 296 487 278
464 296 490 278
474 296 490 281
456 298 481 280
461 298 486 281
