1 0 0 -0.04922165349125862 
0 1 0 -0.0675094872713089 
0 0 1 -0.5077975988388062 
0 0 0 1 

0.9887760281562805 -0.1057147160172462 -0.1055759340524673 -0.009294288232922554 
0.09653661400079727 0.9913811683654785 -0.0885663703083992 -0.04092007502913475 
0.1140287816524506 0.07738035172224045 0.9904593229293823 -0.5174044966697693 
0 0 0 1 

0.9822124242782593 -0.1538781970739365 -0.107611320912838 -0.009606501087546349 
0.1434227079153061 0.9846987128257751 -0.09898665547370911 -0.03741661086678505 
0.1211966276168823 0.08179201185703278 0.9892529845237732 -0.5186155438423157 
0 0 0 1 

0.9846633672714233 -0.1416902095079422 -0.1017931327223778 -0.008173853158950806 
0.1330876052379608 0.9872899055480957 -0.08686871826648712 -0.04186192154884338 
0.1128077954053879 0.07198900729417801 0.9910058379173279 -0.5148710608482361 
0 0 0 1 

