435 217 433 216
437 217 436 216
503 217 506 217
511 217 526 216
538 217 538 216
440 219 487 220
443 219 489 219
467 219 455 222
485 219 473 218
503 219 507 220
511 219 527 219
517 219 529 219
538 219 538 220
437 222 477 224
467 222 456 224
509 222 511 220
511 222 515 219
514 222 527 222
517 222 529 223
437 224 477 226
511 224 515 222
514 224 527 225
517 224 530 225
461 227 452 277
440 230 482 229
527 230 535 231
480 232 507 231
488 232 515 238
533 232 533 249
535 232 534 246
538 232 538 245
480 235 508 233
535 235 534 249
456 238 452 266
432 243 450 241
480 243 500 241
430 246 430 277
440 248 484 271
503 248 521 239
430 251 429 273
459 251 512 244
461 251 516 244
477 251 506 243
488 251 527 239
498 251 510 264
469 256 499 250
472 256 501 249
506 259 502 237
535 261 535 279
443 264 486 265
519 264 531 274
530 264 525 263
485 267 521 300
533 267 529 265
485 269 521 303
488 269 524 303
503 269 500 268
538 269 538 275
480 272 502 266
533 272 529 296
538 272 538 279
530 275 528 300
467 277 484 281
506 277 510 260
535 277 530 302
467 280 484 284
430 283 430 218
485 283 516 289
430 285 431 221
435 285 436 257
437 285 439 219
488 285 495 248
506 285 513 293
538 285 538 291
432 288 432 224
435 288 437 223
437 288 440 222
440 288 443 222
443 288 446 221
459 288 467 219
506 288 514 299
511 288 511 309
430 290 429 262
437 290 441 225
440 290 444 225
445 290 446 224
482 290 469 299
488 290 491 294
493 290 482 286
501 290 512 269
538 290 538 294
443 293 447 226
477 293 454 306
490 293 496 297
501 293 512 272
488 296 491 303
501 296 488 256
496 298 523 289
519 298 509 270
535 298 536 311
459 301 466 226
461 301 469 228
464 301 472 228
469 301 480 232
538 301 538 312
464 304 473 230
430 306 430 230
456 306 462 233
461 306 468 239
464 306 473 234
467 306 476 233
430 309 430 234
453 309 460 243
456 309 462 236
464 309 474 237
467 309 477 236
530 309 526 236
533 309 529 309
538 309 538 307
432 312 431 237
445 312 441 240
448 312 444 240
467 312 477 239
530 312 526 313
533 312 529 312
535 312 532 312
430 314 429 240
432 314 432 239
451 314 446 242
488 314 456 312
533 314 530 314
535 314 533 314
451 317 446 245
464 317 475 242
538 317 538 316
430 320 429 317
464 320 476 245
474 320 458 320
477 320 461 319
480 320 463 319
485 320 448 320
525 320 528 318
535 320 534 317
538 320 538 319
448 322 456 252
464 322 476 249
477 322 461 322
480 322 443 323
511 322 506 322
522 322 525 322
525 322 528 322
527 322 522 320
533 322 535 323
535 322 535 321
538 322 538 322
474 325 455 324
477 325 458 326
480 325 443 326
482 325 446 326
498 325 492 325
509 325 504 326
525 325 529 324
527 325 523 323
535 325 532 323
538 325 538 325
440 327 431 328
445 327 453 256
448 327 456 256
467 327 490 328
469 327 494 328
472 327 496 327
474 327 455 327
493 327 511 327
501 327 499 327
511 327 509 327
517 327 515 327
525 327 530 327
535 327 533 327
538 327 538 328
