219 275 228 275
249 275 250 274
254 275 254 275
214 280 208 280
244 280 242 279
254 280 254 280
259 280 260 280
214 285 218 281
219 285 224 281
224 285 228 281
244 285 243 285
249 285 249 285
254 285 255 285
259 285 260 286
214 290 219 290
219 290 223 286
239 290 233 289
249 290 248 291
254 290 253 291
259 290 259 297
214 295 215 295
224 295 224 292
204 300 203 296
219 300 219 299
224 300 224 297
229 300 228 296
239 300 238 305
209 305 207 300
224 305 224 301
249 305 249 305
254 305 254 306
259 305 258 306
209 310 209 305
214 310 213 306
219 310 219 304
224 310 229 311
234 310 233 311
239 310 239 311
254 310 254 315
219 315 219 310
234 315 234 315
239 315 238 315
254 315 254 321
289 315 288 305
204 320 210 316
229 320 228 321
234 320 233 320
239 320 238 320
204 325 203 326
249 325 255 327
234 330 234 342
204 334 203 336
209 334 213 326
219 334 218 341
224 334 223 340
244 334 250 337
249 334 255 337
254 334 259 337
239 339 237 340
244 339 249 341
214 344 213 345
219 344 219 350
224 344 224 346
229 344 229 346
239 344 237 346
249 344 254 346
254 344 249 345
259 344 259 345
204 349 208 351
209 349 213 351
239 349 238 354
249 349 248 352
254 349 253 351
