599 213 576 207
602 213 579 207
596 216 574 210
599 216 577 209
599 219 577 212
604 222 582 215
565 233 543 229
568 233 546 229
579 233 558 228
585 233 563 228
568 236 549 230
585 236 564 230
556 239 540 231
565 239 544 233
568 239 548 233
554 242 538 234
562 253 546 245
565 253 549 245
556 256 540 248
559 256 543 248
562 256 546 248
565 256 549 248
548 258 536 257
562 258 546 251
559 264 544 257
562 264 547 257
551 267 536 263
554 267 541 265
556 267 544 265
559 267 547 265
562 267 550 265
565 267 553 264
568 267 556 264
548 270 534 266
551 270 537 266
554 270 541 268
556 270 544 268
559 270 547 268
562 270 550 267
565 270 553 267
568 270 556 267
571 270 559 267
551 273 539 271
554 273 541 271
556 273 544 271
559 273 550 271
565 273 553 270
568 273 556 270
554 275 541 274
556 275 545 274
565 278 553 276
545 284 539 280
528 287 528 288
542 287 536 282
545 287 539 282
548 287 542 282
551 287 547 283
554 287 550 283
556 287 553 282
528 290 528 292
554 290 550 285
556 290 554 286
559 290 557 285
573 290 562 285
537 292 532 288
540 292 536 288
551 292 550 291
576 292 565 288
531 295 531 295
537 295 533 292
540 295 536 291
551 295 551 293
568 295 560 288
571 295 562 289
573 295 563 290
545 298 545 294
548 298 549 295
556 298 557 294
562 298 554 292
565 298 557 292
534 301 534 300
545 301 546 297
554 301 556 299
556 301 559 299
593 301 595 304
540 304 540 303
542 304 543 302
545 304 546 300
554 304 556 301
556 304 559 302
537 306 537 306
540 306 539 306
542 306 543 305
554 306 556 304
579 306 583 302
545 309 548 308
548 309 551 308
551 309 554 308
556 309 560 308
559 309 562 305
562 309 565 305
565 309 568 306
568 309 571 305
571 309 574 304
573 309 577 305
576 309 580 305
579 309 582 306
582 309 586 307
545 312 549 311
548 312 551 311
551 312 555 311
554 312 557 310
556 312 560 310
559 312 562 310
565 312 568 308
568 312 571 308
571 312 574 308
573 312 577 308
576 312 580 308
596 312 597 312
548 315 551 315
551 315 557 315
556 315 560 313
559 315 563 313
565 315 569 310
568 315 571 313
571 315 574 313
573 315 577 310
576 315 580 311
579 315 586 315
582 315 589 315
