493 111 493 116
510 111 510 116
493 129 493 133
510 129 510 133
528 129 528 133
545 129 546 132
562 129 562 132
580 129 579 133
597 129 598 133
614 129 614 133
632 129 632 133
476 146 476 150
493 146 493 150
510 146 510 150
528 146 528 150
545 146 545 150
562 146 563 150
580 146 579 150
597 146 598 149
614 146 615 150
632 146 632 150
649 146 649 150
476 163 476 168
493 163 493 167
510 163 510 167
580 163 580 167
597 163 597 167
614 163 615 167
632 163 632 167
649 163 649 168
476 181 476 185
493 181 492 185
510 181 510 185
580 181 578 185
597 181 598 184
614 181 615 184
632 181 631 184
649 181 648 185
458 198 458 202
476 198 476 202
493 198 493 202
510 198 510 202
632 198 632 202
649 198 649 200
441 215 441 219
458 215 458 220
476 215 476 219
493 215 493 219
528 215 528 219
562 215 562 219
580 215 580 219
597 215 597 219
614 215 614 218
632 215 632 218
649 215 648 218
666 215 666 218
424 233 424 237
441 233 441 237
458 233 458 237
476 233 476 237
493 233 493 237
510 233 510 236
528 233 528 237
562 233 562 237
580 233 580 236
614 233 614 235
632 233 630 234
649 233 649 233
666 233 666 234
371 250 373 254
389 250 389 254
406 250 407 254
424 250 424 254
441 250 441 254
458 250 458 254
476 250 476 254
493 250 493 254
510 250 511 254
528 250 528 254
545 250 545 254
562 250 562 254
580 250 580 254
614 250 615 254
632 250 631 253
649 250 649 251
666 250 667 252
371 267 372 271
389 267 389 271
406 267 406 271
424 267 423 271
441 267 441 271
458 267 458 272
476 267 475 271
493 267 493 271
510 267 510 271
528 267 528 271
545 267 545 271
562 267 562 271
580 267 580 271
597 267 597 271
614 267 615 271
632 267 632 270
649 267 649 269
25 285 27 290
42 285 44 290
59 285 64 289
354 285 355 289
371 285 372 289
389 285 389 289
406 285 407 289
424 285 424 289
441 285 442 288
458 285 459 289
476 285 475 289
493 285 493 288
510 285 510 289
528 285 528 288
545 285 545 288
562 285 562 289
580 285 580 288
597 285 598 288
614 285 615 288
632 285 633 287
649 285 650 290
354 302 355 306
371 302 373 306
389 302 390 306
406 302 406 306
424 302 424 306
441 302 443 306
458 302 459 306
476 302 475 306
493 302 493 306
510 302 511 306
528 302 527 306
562 302 562 306
580 302 580 306
597 302 598 306
614 302 615 305
632 302 632 306
649 302 649 307
319 319 321 323
337 319 338 324
354 319 355 324
371 319 372 324
406 319 407 323
424 319 425 323
441 319 443 324
458 319 460 323
476 319 477 323
493 319 493 323
510 319 511 323
528 319 528 325
545 319 545 323
562 319 562 323
597 319 598 323
614 319 614 323
632 319 631 323
649 319 649 323
302 337 304 341
319 337 321 341
337 337 338 340
354 337 356 340
371 337 373 339
389 337 390 340
406 337 407 341
424 337 424 339
441 337 442 341
458 337 461 341
476 337 476 341
493 337 494 341
510 337 511 340
528 337 528 341
545 337 545 340
562 337 563 339
597 337 597 340
614 337 615 341
632 337 632 340
649 337 650 339
319 354 322 358
337 354 338 358
354 354 355 357
371 354 373 358
389 354 390 358
406 354 407 358
424 354 424 357
458 354 459 358
476 354 476 357
493 354 494 358
510 354 511 358
528 354 528 358
545 354 546 358
562 354 563 358
580 354 580 357
597 354 597 356
614 354 615 356
632 354 632 357
666 354 668 358
354 371 356 376
371 371 374 376
389 371 390 375
406 371 407 375
424 371 425 375
441 371 441 374
458 371 459 375
476 371 476 375
493 371 494 375
510 371 511 375
528 371 528 375
545 371 545 375
562 371 563 374
597 371 598 375
614 371 616 375
632 371 632 374
666 371 667 374
684 371 685 374
701 371 702 374
354 389 356 394
371 389 374 392
389 389 390 392
406 389 407 392
424 389 425 392
441 389 442 392
458 389 459 393
476 389 476 392
493 389 493 393
510 389 511 392
528 389 529 392
545 389 546 393
562 389 563 392
597 389 598 393
614 389 615 391
632 389 632 392
666 389 666 392
684 389 684 390
701 389 703 392
354 406 356 410
371 406 374 409
389 406 391 408
406 406 408 410
424 406 426 410
441 406 442 410
458 406 459 410
476 406 476 410
493 406 494 409
510 406 512 409
528 406 529 410
545 406 546 410
580 406 581 409
597 406 599 409
614 406 616 409
632 406 633 409
649 406 649 409
666 406 667 408
684 406 683 407
701 406 702 409
337 424 339 428
354 424 356 426
371 424 372 427
389 424 390 426
406 424 408 427
424 424 426 428
441 424 442 427
458 424 460 427
476 424 476 428
493 424 494 427
510 424 511 427
528 424 529 426
545 424 546 427
562 424 564 427
580 424 581 426
597 424 598 427
614 424 614 427
632 424 633 427
649 424 649 425
666 424 668 426
684 424 685 426
701 424 702 427
319 441 321 445
337 441 339 444
354 441 358 444
371 441 372 443
406 441 408 448
424 441 425 446
441 441 443 445
458 441 460 444
476 441 477 444
493 441 495 445
510 441 511 445
528 441 529 445
545 441 547 444
562 441 563 444
580 441 581 443
597 441 597 444
614 441 614 445
632 441 632 445
649 441 650 444
666 441 667 443
684 441 683 444
701 441 702 444
319 458 321 461
337 458 338 462
354 458 357 463
371 458 372 461
424 458 422 462
441 458 440 461
458 458 462 463
476 458 478 461
493 458 494 462
510 458 514 463
528 458 530 462
545 458 548 460
562 458 563 460
580 458 579 461
597 458 597 459
614 458 615 461
632 458 632 461
649 458 650 462
666 458 668 461
684 458 684 461
701 458 701 462
319 476 321 477
337 476 336 477
371 476 385 477
389 476 405 477
441 476 422 476
458 476 458 477
476 476 477 477
493 476 495 479
510 476 512 479
528 476 530 478
545 476 549 476
562 476 564 477
580 476 582 476
597 476 598 476
614 476 615 477
632 476 633 477
666 476 667 476
684 476 685 477
701 476 701 477
