1.000000000000000000e+00 0.000000000000000000e+00 0.000000000000000000e+00 -4.922165349125862122e-02
0.000000000000000000e+00 1.000000000000000000e+00 0.000000000000000000e+00 -6.750948727130889893e-02
0.000000000000000000e+00 0.000000000000000000e+00 1.000000000000000000e+00 -5.077975988388061523e-01
0.000000000000000000e+00 0.000000000000000000e+00 0.000000000000000000e+00 1.000000000000000000e+00
9.993467926979064941e-01 8.501094765961170197e-03 -3.512341156601905823e-02 -7.197775691747665405e-02
-7.750500459223985672e-03 9.997398257255554199e-01 2.145111188292503357e-02 -8.121109753847122192e-02
3.529663383960723877e-02 -2.116487175226211548e-02 9.991527199745178223e-01 -5.137114524841308594e-01
0.000000000000000000e+00 0.000000000000000000e+00 0.000000000000000000e+00 1.000000000000000000e+00
9.992895126342773438e-01 -6.569580640643835068e-03 -3.711212798953056335e-02 -7.082331925630569458e-02
7.446029689162969589e-03 9.996954798698425293e-01 2.352824807167053223e-02 -8.433744311332702637e-02
3.694625943899154663e-02 -2.378786355257034302e-02 9.990341067314147949e-01 -5.145422816276550293e-01
0.000000000000000000e+00 0.000000000000000000e+00 0.000000000000000000e+00 1.000000000000000000e+00
9.993331432342529297e-01 -2.088957838714122772e-02 -2.994857728481292725e-02 -6.367010623216629028e-02
2.235038764774799347e-02 9.985338449478149414e-01 4.930105060338973999e-02 -9.967830032110214233e-02
2.887476235628128052e-02 -4.993755370378494263e-02 9.983348250389099121e-01 -5.100745558738708496e-01
0.000000000000000000e+00 0.000000000000000000e+00 0.000000000000000000e+00 1.000000000000000000e+00
9.992958307266235352e-01 -1.477510761469602585e-02 -3.449049219489097595e-02 -6.245658174157142639e-02
1.554667484015226364e-02 9.996324181556701660e-01 2.221106365323066711e-02 -8.898308128118515015e-02
3.414965420961380005e-02 -2.273162081837654114e-02 9.991582036018371582e-01 -5.149566531181335449e-01
0.000000000000000000e+00 0.000000000000000000e+00 0.000000000000000000e+00 1.000000000000000000e+00
9.918155074119567871e-01 -1.050401180982589722e-01 -7.258316129446029663e-02 -4.541927203536033630e-02
1.081670969724655151e-01 9.933043122291564941e-01 4.057366028428077698e-02 -1.062848642468452454e-01
6.783524900674819946e-02 -4.809279367327690125e-02 9.965366721153259277e-01 -5.217591524124145508e-01
0.000000000000000000e+00 0.000000000000000000e+00 0.000000000000000000e+00 1.000000000000000000e+00
9.807311892509460449e-01 -1.766961961984634399e-01 -8.333538472652435303e-02 -3.717567771673202515e-02
1.833345144987106323e-01 9.797782897949218750e-01 8.014339953660964966e-02 -1.278903484344482422e-01
6.748919188976287842e-02 -9.387736767530441284e-02 9.932936429977416992e-01 -5.156539678573608398e-01
0.000000000000000000e+00 0.000000000000000000e+00 0.000000000000000000e+00 1.000000000000000000e+00
9.577342867851257324e-01 -2.588616609573364258e-01 -1.254412382841110229e-01 -9.459381923079490662e-03
2.723270654678344727e-01 9.563958048820495605e-01 1.055694818496704102e-01 -1.397807002067565918e-01
9.264351427555084229e-02 -1.352686136960983276e-01 9.864681959152221680e-01 -5.085646510124206543e-01
0.000000000000000000e+00 0.000000000000000000e+00 0.000000000000000000e+00 1.000000000000000000e+00
