568 202 570 206
573 202 574 204
568 205 570 209
573 205 574 208
548 208 545 210
554 208 552 211
556 208 555 213
548 211 548 210
545 213 543 216
551 213 546 220
554 213 548 221
551 216 544 223
559 216 583 224
554 219 547 225
540 222 542 254
540 225 541 258
573 233 602 277
534 236 609 267
542 244 562 272
585 250 585 250
613 253 611 230
616 253 613 230
613 256 610 233
616 256 612 233
624 256 622 261
627 256 628 267
571 258 574 254
593 261 597 247
534 264 550 285
596 264 599 251
638 264 637 280
573 267 569 256
596 267 599 255
633 267 625 273
528 270 547 274
599 270 601 258
644 270 639 284
585 273 543 277
607 273 604 270
616 273 608 271
630 273 615 271
635 273 635 297
554 275 551 260
562 275 561 264
579 275 578 263
585 275 542 280
607 275 603 274
616 275 608 274
619 275 610 275
635 275 621 276
554 278 550 264
573 278 623 305
585 278 543 283
619 278 609 278
627 278 613 280
630 278 616 280
644 278 630 282
551 281 556 276
588 281 546 288
616 281 608 281
641 281 629 285
644 281 632 285
641 284 628 287
548 287 557 287
599 287 585 286
602 287 589 287
604 287 603 288
621 287 613 291
627 287 616 292
548 290 555 291
554 290 560 291
556 290 563 289
579 290 579 283
602 290 600 291
604 290 602 291
607 290 605 292
610 290 594 292
624 290 612 294
627 290 615 294
542 292 544 291
545 292 547 292
556 292 563 293
559 292 566 293
562 292 569 294
604 292 602 294
607 292 605 295
610 292 607 296
619 292 611 296
644 292 638 302
548 295 552 293
556 295 562 297
559 295 564 298
562 295 567 298
588 295 586 297
590 295 590 298
593 295 592 299
602 295 600 298
604 295 602 298
630 295 624 301
548 298 551 297
551 298 554 298
559 298 564 301
562 298 567 301
571 298 574 300
573 298 577 301
585 298 585 300
588 298 589 302
590 298 591 302
551 301 553 301
556 301 557 298
565 301 570 302
590 301 591 306
593 301 593 306
599 301 598 304
604 301 594 303
554 304 555 302
559 304 562 304
565 304 569 306
568 304 572 306
576 304 580 305
579 304 582 306
585 304 587 308
588 304 589 308
644 304 644 307
647 304 647 308
554 306 555 305
559 306 561 306
562 306 564 307
565 306 568 308
568 306 571 310
571 306 575 308
576 306 579 310
579 306 582 309
582 306 584 311
588 306 589 311
596 306 596 310
602 306 601 309
641 306 636 308
644 306 642 310
559 309 560 309
562 309 564 310
565 309 567 312
571 309 574 311
576 309 578 312
579 309 582 313
582 309 584 314
590 309 592 313
599 309 600 311
602 309 602 312
638 309 631 311
647 309 646 311
571 312 573 314
573 312 577 315
585 312 587 316
630 312 617 310
633 312 624 313
635 312 626 313
638 312 630 313
644 312 641 313
565 315 565 315
568 315 569 315
576 315 580 316
593 315 591 315
604 315 601 316
624 315 609 315
630 315 620 315
633 315 623 315
635 315 626 315
641 315 633 315
