0.9961221218109131 -0.06129200011491776 -0.06311826407909393 -0.05343180522322655 
0.06441096216440201 0.996738076210022 0.04862404614686966 -0.09654075652360916 
0.05993206799030304 -0.05250105261802673 0.9968208074569702 -0.5103476643562317 
0 0 0 1 

0.9963046908378601 -0.05838379263877869 -0.06299327313899994 -0.05411016941070557 
0.06131193041801453 0.9970766305923462 0.0455949567258358 -0.09605283290147781 
0.06014704331755638 -0.0492887981235981 0.9969717860221863 -0.5117461681365967 
0 0 0 1 

0.9963329434394836 -0.06034119799733162 -0.0606609433889389 -0.04344494268298149 
0.06446270644664764 0.9955695271492004 0.06845465302467346 -0.1090085208415985 
0.05626162141561508 -0.07211393117904663 0.9958083629608154 -0.5070995688438416 
0 0 0 1 

0.9810934066772461 -0.1702471375465393 -0.09204155951738358 -0.02956412918865681 
0.1760702431201935 0.9825897216796875 0.05930205807089806 -0.1167604029178619 
0.08034307509660721 -0.07438664883375168 0.9939877390861511 -0.5180155634880066 
0 0 0 1 

0.9764360189437866 -0.195275142788887 -0.09187114238739014 -0.02705647796392441 
0.2030088752508163 0.9755626320838928 0.08405265957117081 -0.1307188421487808 
0.073212631046772 -0.1007227227091789 0.9922171235084534 -0.5144885778427124 
0 0 0 1 

0.9571070671081543 -0.2642988264560699 -0.1187099367380142 -0.0123522924259305 
0.2765331566333771 0.9555690288543701 0.1020643040537834 -0.1396964192390442 
0.08646000176668167 -0.1305137574672699 0.9876693487167358 -0.5094476342201233 
0 0 0 1 

0.9478659629821777 -0.3077991306781769 -0.08252151310443878 -0.0204094834625721 
0.3133096396923065 0.9474290609359741 0.06492504477500916 -0.1234875246882439 
0.05819939821958542 -0.08739502727985382 0.9944722056388855 -0.5192312598228455 
0 0 0 1 

0.9474802017211914 -0.3090726137161255 -0.08219049870967865 -0.01860036887228489 
0.3151412606239319 0.9460497498512268 0.07533759623765945 -0.1303292959928513 
0.05447148904204369 -0.0972825214266777 0.9937650561332703 -0.5190842151641846 
0 0 0 1 

0.9209480881690979 -0.3157316744327545 -0.2284033894538879 0.05862963944673538 
0.3882452547550201 0.7937567234039307 0.4682047665119171 -0.3534327149391174 
0.03346957638859749 -0.5198688507080078 0.8535900712013245 -0.4042904078960419 
0 0 0 1 

0.9243753552436829 -0.3057129383087158 -0.2281878143548965 0.0591895580291748 
0.3789030313491821 0.8052251935005188 0.4561190009117126 -0.3444449603557587 
0.04430092871189117 -0.5080862641334534 0.8601660132408142 -0.4092253148555756 
0 0 0 1 

