545 230 559 236
548 230 553 240
542 239 545 246
537 261 544 266
534 264 540 268
545 264 550 266
635 264 635 266
537 273 545 277
630 273 632 276
635 273 637 275
638 273 640 274
537 275 545 280
540 275 547 280
630 275 635 278
635 275 638 277
641 275 643 276
534 278 542 283
537 278 544 283
540 278 547 283
624 278 630 281
627 278 632 281
630 278 634 281
635 278 638 280
638 278 641 279
540 281 547 285
624 281 629 284
627 281 631 284
630 281 635 284
633 281 637 283
534 284 542 287
627 284 632 286
630 284 635 287
633 284 638 286
537 287 545 290
540 287 548 291
635 287 637 289
647 287 647 281
542 290 551 293
599 290 604 292
621 290 627 286
624 290 629 286
627 290 632 292
630 290 636 292
635 290 641 289
641 290 642 287
540 292 542 288
593 292 598 293
616 292 618 295
619 292 621 295
627 292 632 295
630 292 635 295
635 292 641 295
638 292 644 295
542 295 542 295
588 295 592 297
593 295 598 295
596 295 600 295
619 295 621 297
621 295 624 297
627 295 632 298
630 295 635 298
633 295 638 298
635 295 641 298
638 295 644 298
641 295 646 298
644 295 646 292
542 298 542 298
545 298 545 298
582 298 587 301
585 298 590 300
588 298 592 300
590 298 596 298
593 298 598 298
599 298 603 297
602 298 606 298
610 298 613 298
619 298 621 300
621 298 624 300
627 298 632 301
630 298 635 301
633 298 637 300
635 298 640 300
542 301 542 301
545 301 545 300
548 301 548 300
568 301 576 303
571 301 579 303
573 301 582 303
576 301 584 303
579 301 586 303
585 301 590 303
590 301 596 301
593 301 598 301
596 301 601 301
599 301 603 300
602 301 606 300
621 301 626 304
624 301 628 303
627 301 632 304
630 301 635 303
633 301 637 303
542 304 542 303
545 304 545 303
548 304 552 306
565 304 574 306
568 304 577 306
571 304 579 306
573 304 582 306
576 304 584 306
579 304 586 306
585 304 592 306
593 304 599 304
596 304 601 303
599 304 603 303
602 304 606 303
604 304 608 303
607 304 612 304
616 304 620 305
619 304 624 306
624 304 629 306
627 304 632 306
630 304 635 306
633 304 637 306
641 304 643 304
644 304 646 304
565 306 574 309
571 306 579 308
573 306 582 308
576 306 584 308
579 306 586 309
582 306 590 308
585 306 592 308
596 306 601 307
602 306 607 305
607 306 612 307
610 306 615 307
619 306 626 309
621 306 628 309
627 306 632 309
630 306 634 309
633 306 638 309
635 306 641 309
638 306 644 309
641 306 646 309
565 309 573 312
568 309 576 311
571 309 579 311
573 309 582 311
576 309 584 311
579 309 587 311
582 309 590 311
593 309 601 312
607 309 611 310
613 309 619 311
616 309 621 311
619 309 624 311
621 309 628 311
627 309 632 311
630 309 635 311
633 309 638 311
635 309 641 311
638 309 644 311
641 309 646 311
571 312 579 314
576 312 584 314
585 312 592 312
602 312 607 312
604 312 609 312
607 312 612 313
621 312 627 314
627 312 632 314
630 312 635 314
633 312 638 314
635 312 640 314
638 312 643 314
571 315 575 315
579 315 586 315
582 315 589 315
599 315 605 315
604 315 610 315
607 315 612 315
616 315 620 316
619 315 623 316
