441 205 453 225
434 216 438 204
439 220 431 240
432 222 435 212
439 222 446 211
439 224 448 213
432 226 440 217
456 233 458 236
441 239 451 225
471 246 459 236
434 248 433 241
430 252 427 243
430 254 426 245
432 254 429 245
434 257 431 246
456 259 466 249
460 261 470 251
480 270 483 264
475 272 483 249
475 274 483 251
477 274 485 251
430 276 429 275
469 278 472 279
473 280 477 282
475 280 478 282
447 283 431 264
449 283 461 282
454 283 464 282
456 283 466 282
458 283 468 282
480 283 478 286
454 285 464 284
456 285 466 284
458 285 467 284
473 285 472 278
454 287 463 286
456 287 466 286
452 289 452 288
454 289 461 288
456 289 464 288
471 289 474 288
473 289 476 288
454 291 461 290
456 291 463 290
462 291 468 290
465 291 470 290
