1 0 0 -0.04922165349125862 
0 1 0 -0.0675094872713089 
0 0 1 -0.5077975988388062 
0 0 0 1 

0.9981845021247864 0.01967793516814709 -0.05692450329661369 -0.05868431180715561 
-0.017078822478652 0.998805046081543 0.04578965902328491 -0.09110025316476822 
0.05775754526257515 -0.04473430663347244 0.9973278045654297 -0.5111476182937622 
0 0 0 1 

0.9979740977287292 -0.02193970791995525 -0.05971889942884445 -0.05581146851181984 
0.02474565990269184 0.9986042976379395 0.04665860161185265 -0.09422144293785095 
0.05861185863614082 -0.04804187640547752 0.9971241354942322 -0.5117754936218262 
0 0 0 1 

0.998040497303009 -0.02493755146861076 -0.05738683789968491 -0.04572787135839462 
0.02892708033323288 0.9971433281898499 0.06977377086877823 -0.1082859262824059 
0.05548292398452759 -0.07129708677530289 0.9959108233451843 -0.5071249008178711 
0 0 0 1 

0.9978470802307129 0.04453666880726814 -0.04814210161566734 -0.05572528764605522 
-0.04313002899289131 0.9986227750778198 0.02987305261194706 -0.08954425156116486 
0.04940624907612801 -0.0277323629707098 0.9983936548233032 -0.5141516923904419 
0 0 0 1 

0.9817209839820862 -0.1724518686532974 -0.08052372932434082 -0.02990289032459259 
0.1766776293516159 0.9830662608146667 0.04863801971077919 -0.1131586655974388 
0.07077240198850632 -0.06197575852274895 0.9955652952194214 -0.5198993682861328 
0 0 0 1 

0.9743316173553467 -0.2119746655225754 -0.07579263299703598 -0.02990136109292507 
0.2174286991357803 0.9733539819717407 0.07284713536500931 -0.1281111985445023 
0.05833128839731216 -0.08745678514242172 0.9944590330123901 -0.5163124799728394 
0 0 0 1 

0.9593915343284607 -0.2745158076286316 -0.06487511098384857 -0.02870013006031513 
0.278140127658844 0.9589337110519409 0.05553435534238815 -0.1200788617134094 
0.04696584120392799 -0.07132359594106674 0.9963468909263611 -0.5212480425834656 
0 0 0 1 

0.9677815437316895 -0.2435933947563171 -0.0637257993221283 -0.02904168143868446 
0.2474794983863831 0.966876745223999 0.0624755322933197 -0.1251901686191559 
0.04639633372426033 -0.07623352110385895 0.9960099458694458 -0.5222356915473938 
0 0 0 1 

0.9570773243904114 -0.264976441860199 0.1174318194389343 -0.1805262565612793 
0.2580398917198181 0.9635170698165894 0.07106378674507141 -0.03504746034741402 
-0.1319778263568878 -0.03771136328577995 0.9905350208282471 -0.5492475032806396 
0 0 0 1 

