0.9976261258125305 -0.04805759713053703 -0.04932019859552383 -0.06077136471867561 
0.04974876716732979 0.9981945753097534 0.03365366905927658 -0.08845340460538864 
0.04761380702257156 -0.0360274463891983 0.9982158541679382 -0.5120525360107422 
0 0 0 1 

0.9973298907279968 -0.0515531413257122 -0.05172407627105713 -0.05961523205041885 
0.05330372974276543 0.9980310797691345 0.03305571526288986 -0.08962546288967133 
0.04991812258958817 -0.03572452068328857 0.9981142282485962 -0.5132008790969849 
0 0 0 1 

0.9969457983970642 -0.06118723750114441 -0.04852988943457603 -0.04985366389155388 
0.06372742354869843 0.9965776801109314 0.05264671891927719 -0.1008403450250626 
0.04514248296618462 -0.05557862669229507 0.9974333047866821 -0.5093296766281128 
0 0 0 1 

0.9986751675605774 -0.02768806368112564 -0.04337326064705849 -0.0563243180513382 
0.02883630618453026 0.9992439746856689 0.0260743573307991 -0.09008378535509109 
0.04261849075555801 -0.02729058265686035 0.9987185597419739 -0.5142709612846375 
0 0 0 1 

0.9847409129142761 -0.1539293229579926 -0.08118516206741333 -0.03655483201146126 
0.1582564115524292 0.9861396551132202 0.04983334243297577 -0.1113096624612808 
0.07238906621932983 -0.06192103773355484 0.9954524636268616 -0.5198919773101807 
0 0 0 1 

0.9770223498344421 -0.1971761733293533 -0.08092508465051651 -0.03400439396500587 
0.2032185047864914 0.9762741923332214 0.07477287948131561 -0.1262941509485245 
0.06426163017749786 -0.08950024843215942 0.9939115643501282 -0.5160744190216064 
0 0 0 1 

0.9597967863082886 -0.2604029476642609 -0.1047863513231277 -0.02227251976728439 
0.2700863778591156 0.9584190845489502 0.09211922436952591 -0.1341606825590134 
0.07644104957580566 -0.116717167198658 0.9902190566062927 -0.5119014382362366 
0 0 0 1 

0.9433485865592957 -0.3259775638580322 -0.06190289184451103 -0.03091786429286003 
0.3294100165367126 0.9424682259559631 0.05694352835416794 -0.1207364946603775 
0.039779182523489 -0.0741090402007103 0.9964564442634583 -0.5209295153617859 
0 0 0 1 

0.9130160808563232 -0.4034439027309418 -0.06028590723872185 -0.02162056416273117 
0.4071016609668732 0.9105467200279236 0.0719212219119072 -0.129480391740799 
0.02587690390646458 -0.09020774811506271 0.9955867528915405 -0.5196287631988525 
0 0 0 1 

0.935483455657959 -0.3460772335529327 -0.07142245024442673 -0.01884487271308899 
0.3509151637554169 0.9335950613021851 0.07251685857772827 -0.1291330605745316 
0.04158318415284157 -0.0929015576839447 0.9948065876960754 -0.5180738568305969 
0 0 0 1 

