1 0 0 -0.1178319603204727 
0 1 0 -0.04324014484882355 
0 0 1 -0.828993558883667 
0 0 0 1 

0.9943260550498962 -0.1040829569101334 -0.02196536213159561 -0.09817658364772797 
0.1050583720207214 0.9932442307472229 0.04928144067525864 -0.04805126041173935 
0.01668762974441051 -0.05130945891141891 0.998543381690979 -0.7969145774841309 
0 0 0 1 

0.9836719632148743 -0.1769078373908997 -0.0330628901720047 -0.07572656869888306 
0.1788201630115509 0.9814891219139099 0.06857463717460632 -0.0524955615401268 
0.02031949162483215 -0.07336725294589996 0.9970979690551758 -0.7819012999534607 
0 0 0 1 

0.9749659895896912 -0.2035358548164368 -0.08952303230762482 -0.03882388398051262 
0.2120107710361481 0.9723064303398132 0.09834379702806473 -0.06178927421569824 
0.06702727824449539 -0.114861749112606 0.9911175966262817 -0.7635210752487183 
0 0 0 1 

0.9629585742950439 -0.2462701499462128 -0.1098260432481766 -0.04887839779257774 
0.2548045814037323 0.9643259048461914 0.07176386564970016 -0.06065273657441139 
0.08823478221893311 -0.09708983451128006 0.9913567304611206 -0.7395487427711487 
0 0 0 1 

0.9534306526184082 -0.2401780933141708 -0.1824396252632141 0.02853665500879288 
0.2650331258773804 0.9558837413787842 0.1266629099845886 -0.08415897190570831 
0.14396932721138 -0.1691169440746307 0.9750241637229919 -0.6920099258422852 
0 0 0 1 

0.9300364255905151 -0.308351457118988 -0.1998794376850128 0.06363842636346817 
0.3341018557548523 0.9360286593437195 0.1105719804763794 -0.07334394007921219 
0.1529977172613144 -0.1696160882711411 0.973561704158783 -0.6834583282470703 
0 0 0 1 

