338 149 347 148
338 154 344 153
343 154 349 153
338 165 358 163
349 165 364 164
354 165 369 163
338 170 360 167
343 170 364 167
349 170 370 167
307 175 333 171
312 175 339 171
317 175 344 171
323 175 349 171
328 175 353 172
333 175 358 172
354 175 375 173
364 175 384 174
286 180 297 179
307 180 336 176
317 180 345 176
323 180 349 176
369 180 389 179
375 186 394 184
328 191 349 191
364 191 384 189
375 191 394 189
385 191 400 189
333 196 354 196
359 196 381 193
364 196 385 194
375 196 394 195
385 196 400 195
323 201 347 200
338 201 363 200
343 201 367 200
359 201 381 199
364 201 385 199
375 201 394 199
385 201 400 200
395 201 406 200
265 206 275 205
323 206 347 205
333 206 357 203
338 206 363 204
349 206 371 204
359 206 380 205
369 206 390 204
380 206 395 205
390 206 401 206
276 212 285 210
317 212 338 206
333 212 357 209
343 212 365 210
349 212 370 210
354 212 375 210
359 212 379 210
364 212 385 210
390 212 400 210
302 217 317 216
317 217 339 212
323 217 343 212
354 217 374 216
364 217 384 215
375 217 390 214
380 217 395 213
302 222 317 222
323 222 343 217
328 222 354 217
349 222 369 221
354 222 374 220
364 222 383 220
375 222 390 221
297 227 316 227
302 227 323 226
317 227 334 222
323 227 343 223
328 227 348 223
333 227 358 223
343 227 365 223
359 227 378 226
385 227 396 223
286 232 302 232
291 232 311 233
302 232 328 230
307 232 333 230
312 232 339 230
323 232 343 228
338 232 359 229
343 232 365 231
349 232 369 228
354 232 374 227
375 232 390 229
380 232 394 229
286 238 302 237
297 238 317 238
317 238 344 235
323 238 348 235
333 238 358 235
343 238 366 237
349 238 370 236
354 238 374 232
359 238 379 232
369 238 385 235
375 238 389 235
385 238 398 233
286 243 303 243
291 243 310 243
302 243 326 241
312 243 338 240
328 243 353 240
354 243 375 241
369 243 385 240
380 243 394 239
302 248 323 246
307 248 329 245
312 248 338 246
317 248 343 246
323 248 349 245
328 248 354 246
333 248 358 244
375 248 389 245
380 248 394 244
286 253 306 252
312 253 337 251
317 253 344 251
323 253 350 250
333 253 358 249
338 253 363 248
354 253 375 248
359 253 379 249
369 253 385 250
375 253 390 250
380 253 395 249
297 258 321 258
307 258 332 257
312 258 338 257
317 258 344 256
323 258 350 256
328 258 355 256
349 258 370 253
354 258 375 253
359 258 379 253
369 258 386 255
375 258 390 255
380 258 395 254
286 264 308 263
291 264 313 263
297 264 322 263
302 264 327 263
307 264 332 262
312 264 338 262
317 264 345 262
328 264 355 262
333 264 359 261
354 264 375 259
359 264 379 259
369 264 385 260
281 269 303 269
286 269 308 269
291 269 317 268
302 269 326 268
307 269 333 267
312 269 338 267
317 269 344 268
333 269 359 266
338 269 363 266
359 269 380 262
369 269 385 264
281 274 307 274
291 274 313 274
302 274 326 273
307 274 332 273
312 274 338 272
317 274 345 273
333 274 360 272
349 274 370 272
369 274 385 269
297 279 321 278
302 279 327 278
307 279 332 278
312 279 339 278
317 279 345 278
328 279 355 277
333 279 360 277
364 279 381 275
291 284 316 285
297 284 322 284
302 284 327 284
307 284 333 284
312 284 339 283
317 284 344 283
323 284 349 284
328 284 355 283
333 284 359 282
338 284 364 281
297 290 321 289
302 290 327 289
312 290 338 288
317 290 344 288
323 290 349 288
328 290 354 289
343 290 365 288
349 290 369 289
297 295 319 296
302 295 324 295
307 295 329 295
312 295 338 294
317 295 343 294
323 295 350 294
302 300 324 301
307 300 329 300
328 300 350 299
302 305 317 307
307 305 329 306
307 310 321 312
328 316 338 317
317 326 322 325
328 326 332 326
312 331 316 330
317 331 321 331
323 331 326 331
317 336 321 335
