476 94 446 146
493 94 462 147
163 111 139 110
59 129 38 135
94 129 72 133
111 129 90 132
129 129 105 130
181 129 158 128
59 146 42 154
129 146 108 151
458 146 434 194
476 146 449 195
389 163 367 191
406 163 383 189
424 163 401 188
354 181 336 215
371 181 351 213
389 181 367 212
406 181 384 210
424 181 401 210
337 198 319 237
354 198 336 236
371 198 352 236
389 198 368 234
406 198 384 232
424 198 401 231
441 198 417 230
528 198 499 223
302 215 287 256
337 215 320 258
354 215 337 257
371 215 353 256
389 215 369 255
406 215 385 253
424 215 401 252
441 215 418 250
458 215 433 248
493 215 465 246
510 215 480 244
528 215 497 244
545 215 514 242
302 233 288 267
319 233 305 273
354 233 338 276
371 233 352 277
389 233 368 277
406 233 384 273
424 233 401 272
441 233 416 271
476 233 448 268
493 233 464 268
510 233 480 267
528 233 497 264
545 233 513 259
285 250 271 279
319 250 306 288
337 250 320 289
371 250 353 296
389 250 370 295
406 250 384 295
424 250 400 293
458 250 432 291
476 250 447 289
493 250 463 289
510 250 479 287
528 250 494 282
233 267 228 288
319 267 304 301
337 267 323 306
354 267 339 308
371 267 354 310
441 267 415 311
458 267 431 308
476 267 446 308
493 267 463 307
510 267 479 305
528 267 492 297
233 285 228 305
250 285 245 307
337 285 322 318
354 285 340 323
389 285 369 324
406 285 385 325
424 285 402 326
458 285 433 327
476 285 446 326
493 285 463 326
510 285 477 322
528 285 493 318
597 285 560 295
233 302 231 324
319 302 308 332
337 302 323 334
354 302 340 337
371 302 356 337
389 302 373 338
406 302 386 337
424 302 402 338
458 302 431 341
493 302 462 343
510 302 476 338
528 302 493 334
562 302 527 321
580 302 541 320
354 319 341 352
371 319 356 351
389 319 373 351
406 319 387 351
424 319 403 353
441 319 418 352
476 319 446 356
493 319 460 358
545 319 511 338
562 319 526 338
302 337 287 342
354 337 340 367
424 337 403 365
458 337 432 366
476 337 447 370
493 337 461 371
545 337 511 352
562 337 525 352
267 354 263 358
285 354 280 356
406 354 388 375
476 354 445 382
493 354 459 382
545 354 508 367
267 371 265 376
319 371 309 372
389 371 372 384
406 371 389 385
441 371 420 390
233 389 232 394
285 389 282 391
337 389 326 389
476 389 445 406
510 389 475 412
545 389 510 389
233 406 232 408
250 406 249 408
267 406 267 407
285 406 281 404
302 406 299 406
337 406 326 405
354 406 343 405
389 406 373 409
406 406 389 409
424 406 404 410
493 406 461 423
510 406 478 424
528 406 496 403
545 406 511 402
580 406 540 410
614 406 568 410
267 424 264 423
319 424 305 421
371 424 358 419
389 424 374 422
406 424 390 423
614 424 566 428
233 441 231 440
250 441 252 442
371 441 356 434
406 441 390 435
424 441 404 436
528 441 493 433
545 441 511 432
597 441 550 446
614 441 565 445
233 458 235 458
371 458 352 452
389 458 371 451
424 458 405 449
441 458 421 450
528 458 493 451
545 458 509 449
614 458 564 460
215 476 219 475
233 476 234 477
250 476 247 476
371 476 356 473
614 476 563 476
