474 217 490 238
490 217 504 242
498 217 512 240
448 219 463 237
451 219 465 238
453 219 469 238
456 219 472 238
459 219 475 238
461 219 478 238
464 219 480 239
467 219 482 239
474 219 489 241
477 219 492 241
480 219 494 241
501 219 515 244
448 222 462 240
464 222 480 241
467 222 482 242
469 222 485 243
474 222 489 243
496 224 508 248
461 227 477 245
464 227 480 246
437 230 450 248
451 230 465 246
477 230 491 250
485 230 499 251
488 230 502 251
496 230 507 257
498 230 510 255
501 230 514 253
503 230 516 253
451 232 465 248
474 232 487 252
482 232 496 253
503 232 516 256
514 232 525 259
448 235 460 255
451 235 463 255
453 235 467 250
464 235 478 253
474 235 486 255
488 235 502 256
493 235 505 260
496 235 507 261
498 235 509 260
514 235 524 262
448 238 460 257
451 238 463 257
461 238 475 256
480 238 492 255
443 240 455 259
445 240 457 259
448 240 460 259
461 240 474 259
480 240 492 258
482 240 494 258
488 240 501 262
437 243 450 262
443 243 455 261
445 243 457 262
469 243 486 266
477 243 486 260
480 243 491 261
437 246 450 264
443 246 454 264
448 246 460 264
459 246 471 265
461 246 473 265
496 246 504 272
511 246 520 271
514 246 523 271
453 248 465 267
461 248 473 267
517 248 525 274
453 251 465 270
519 251 525 277
448 254 458 271
453 254 465 272
459 254 470 273
467 254 480 268
519 254 525 280
453 256 464 275
459 256 470 275
469 256 481 271
493 256 498 280
517 256 521 280
448 259 458 277
461 259 472 277
496 259 505 277
501 259 510 278
511 259 516 282
514 259 518 282
517 259 521 283
490 261 501 281
493 261 503 280
501 261 509 284
453 264 463 281
472 264 478 279
490 264 501 283
538 264 538 287
456 267 465 283
459 267 469 284
461 267 471 284
472 267 477 282
482 267 491 287
490 267 501 286
493 267 503 286
501 267 509 287
538 267 538 290
469 269 477 287
472 269 480 287
474 269 485 287
477 269 488 288
485 269 494 289
490 269 500 289
493 269 503 289
496 269 505 289
501 269 509 289
503 269 512 290
461 272 471 288
469 272 477 289
472 272 479 289
477 272 488 291
480 272 490 291
485 272 495 291
488 272 497 291
493 272 503 292
496 272 505 292
469 275 479 292
472 275 482 294
480 275 490 293
493 275 499 294
538 275 538 298
469 277 479 295
477 277 490 297
474 283 487 302
533 285 536 309
527 288 532 310
