419 239 403 235
460 241 439 232
479 250 459 241
427 252 412 250
441 252 425 244
479 252 460 244
422 255 408 252
422 258 408 255
419 261 407 256
444 261 424 255
397 263 386 261
397 266 386 265
389 269 378 268
427 269 413 263
430 269 416 263
394 272 386 270
400 272 389 273
392 274 383 274
394 274 386 274
427 274 416 273
392 277 383 278
394 277 386 277
397 277 388 277
394 280 386 279
397 280 388 279
394 282 386 284
457 315 451 299
455 318 449 301
457 318 451 302
460 321 457 296
452 324 444 307
460 324 458 299
463 324 460 299
449 329 446 309
452 329 449 310
455 329 451 309
