432 217 432 216
435 217 435 217
437 217 438 217
493 219 493 221
430 222 430 222
493 222 493 224
519 224 516 225
432 227 432 232
488 227 485 228
506 227 506 232
519 227 517 227
525 227 521 228
522 230 519 230
525 230 521 230
506 232 506 236
509 232 508 235
496 235 495 238
498 235 497 238
509 235 508 238
525 235 522 235
445 238 445 238
469 238 469 240
472 238 471 240
488 238 487 240
490 238 490 240
496 238 495 241
511 238 511 241
467 240 466 243
469 240 469 243
472 240 471 243
474 240 474 242
477 240 477 242
480 240 479 243
482 240 482 243
485 240 484 243
488 240 487 243
490 240 490 243
493 240 492 244
496 240 495 243
467 243 466 245
469 243 469 246
472 243 471 245
474 243 474 245
477 243 477 246
480 243 480 245
482 243 482 246
485 243 485 246
488 243 487 245
490 243 490 246
493 243 492 246
496 243 495 246
498 243 497 246
501 243 500 246
503 243 503 246
511 243 511 246
514 243 513 246
461 246 461 248
464 246 464 248
469 246 469 249
472 246 471 248
474 246 474 248
477 246 477 248
480 246 479 248
482 246 482 249
485 246 485 249
488 246 488 249
490 246 490 249
493 246 492 249
496 246 495 248
498 246 497 249
501 246 500 248
503 246 502 248
506 246 506 248
509 246 509 246
514 246 513 248
517 246 516 248
522 246 521 248
535 246 535 250
480 248 479 250
482 248 482 251
485 248 485 251
488 248 487 251
490 248 490 251
493 248 492 251
496 248 495 251
498 248 498 251
501 248 500 251
503 248 503 251
506 248 505 251
509 248 508 251
511 248 511 251
517 248 516 251
456 251 455 253
472 251 471 251
485 251 485 254
488 251 487 254
490 251 490 253
493 251 492 253
496 251 495 253
498 251 498 253
501 251 500 253
503 251 503 254
506 251 505 254
509 251 508 254
514 251 514 253
517 251 516 254
519 251 519 253
535 251 535 254
538 251 538 254
477 254 477 253
480 254 479 253
490 254 488 256
493 254 492 256
503 254 503 256
506 254 505 256
509 254 508 256
511 254 511 256
514 254 514 256
517 254 516 256
519 254 519 256
467 256 466 261
477 256 475 256
490 256 490 259
496 256 495 259
503 256 503 259
509 256 508 258
511 256 511 259
514 256 514 259
535 256 536 256
538 256 538 257
469 259 469 262
482 259 482 259
485 259 485 259
506 259 505 262
509 259 508 261
511 259 511 261
514 259 514 261
538 259 538 259
430 261 429 264
464 261 463 265
467 261 466 265
469 261 469 264
477 261 477 264
480 261 480 262
493 261 493 264
496 261 498 264
506 261 506 264
511 261 509 264
456 264 457 266
459 264 459 267
464 264 463 267
467 264 466 267
469 264 468 266
477 264 477 266
485 264 485 269
501 264 501 266
503 264 504 267
514 264 514 267
461 267 461 270
467 267 466 270
472 267 472 270
477 267 477 269
480 267 479 269
459 269 459 272
461 269 461 272
464 269 464 273
469 269 468 272
480 269 479 272
482 269 482 272
493 269 493 272
501 269 501 272
506 269 503 272
509 269 505 272
459 272 459 274
464 272 464 275
469 272 468 275
472 272 471 275
477 272 476 274
480 272 479 274
498 272 498 275
503 272 500 275
506 272 503 275
509 272 506 277
430 275 429 282
472 275 471 277
477 275 476 277
480 275 479 277
482 275 482 277
493 275 493 278
496 275 496 277
467 277 464 278
469 277 467 278
474 277 474 280
477 277 477 279
482 277 480 280
464 280 462 280
467 280 464 280
469 280 470 285
472 280 472 283
474 280 474 283
477 280 477 282
485 280 483 282
498 280 498 280
461 283 459 282
467 283 464 283
474 283 474 285
477 283 477 285
482 283 479 283
511 283 509 288
525 283 522 284
474 285 474 288
477 285 477 288
480 285 479 288
482 285 479 285
506 285 506 290
511 285 509 290
514 285 512 291
472 288 472 291
477 288 477 291
480 288 480 291
493 288 495 288
498 288 499 288
509 288 506 293
525 288 522 288
474 290 474 293
477 290 477 293
480 290 480 293
503 290 503 294
511 290 509 294
514 290 512 294
480 293 480 296
485 293 483 295
501 293 501 296
503 293 503 296
509 293 507 296
511 293 509 296
514 293 512 296
472 296 472 298
485 296 483 298
493 296 492 298
498 296 496 298
501 296 499 299
503 296 501 299
506 296 504 299
509 296 506 299
511 296 509 299
517 296 514 298
533 296 532 298
535 296 535 298
538 296 538 298
474 298 475 299
482 298 480 301
493 298 493 300
496 298 496 301
498 298 498 301
503 298 501 301
506 298 504 301
509 298 506 301
511 298 509 301
514 298 512 301
527 298 525 296
535 298 535 301
469 301 470 304
480 301 477 301
485 301 483 303
498 301 498 303
501 301 500 303
506 301 504 303
509 301 506 303
503 304 498 306
490 306 490 308
443 312 445 316
430 320 429 322
467 320 469 319
430 322 429 324
456 322 451 323
467 322 469 321
432 325 435 325
435 325 438 325
453 325 448 325
456 325 451 325
538 325 538 325
430 327 430 328
432 327 435 328
435 327 437 328
437 327 440 327
451 327 446 327
453 327 448 327
482 327 482 328
485 327 485 328
527 327 525 327
538 327 538 327
