389 228 430 228
405 228 444 228
408 228 446 228
411 228 449 228
414 228 452 228
416 228 454 228
386 230 426 231
405 230 444 231
408 230 447 231
416 230 453 231
419 230 456 231
383 233 425 234
386 233 428 234
392 233 432 234
394 233 435 234
400 233 438 234
408 233 447 235
411 233 450 232
419 233 457 233
392 236 432 236
394 236 436 236
403 236 441 235
405 236 445 235
411 236 450 235
433 236 381 237
394 239 437 242
397 239 439 243
403 239 443 242
405 239 445 242
408 239 448 238
411 239 450 237
419 239 456 237
397 241 439 245
403 241 443 245
408 241 448 240
414 241 451 241
416 241 454 240
419 241 457 240
425 241 460 239
403 244 443 247
414 244 451 244
416 244 454 243
419 244 457 242
400 247 440 248
405 247 445 248
414 247 452 246
422 250 458 247
425 250 461 246
425 252 461 249
427 252 464 251
425 255 462 252
427 255 465 253
438 255 397 284
392 258 435 255
414 258 453 258
419 258 452 249
414 261 454 261
419 261 452 251
422 261 456 249
433 261 389 280
414 263 454 264
433 263 390 282
436 263 392 282
414 266 451 259
422 269 456 257
397 272 450 284
386 274 417 282
414 274 448 259
444 277 395 296
446 282 398 302
400 285 433 264
403 285 435 264
408 285 439 263
411 285 442 263
444 285 489 293
446 285 491 292
400 288 433 267
403 288 435 266
444 288 489 296
446 288 491 295
446 291 492 298
441 299 463 311
446 302 413 300
378 307 378 304
455 307 445 318
422 313 423 302
378 318 378 332
411 321 440 296
383 324 397 335
441 324 471 323
452 326 473 312
408 329 436 327
419 332 414 330
436 332 458 318
441 332 454 330
446 332 459 330
408 335 431 334
411 335 434 334
438 335 451 334
441 335 454 334
381 337 388 337
