430 217 429 217
435 217 435 217
437 217 438 217
440 217 440 217
459 217 446 216
477 217 470 217
485 217 476 217
430 219 429 220
432 219 433 221
435 219 435 220
437 219 437 220
440 219 440 220
451 219 456 221
480 219 473 219
485 219 476 220
490 219 505 219
437 222 437 223
448 222 452 225
469 222 486 223
448 224 453 227
459 224 505 229
469 224 486 226
517 224 519 224
469 227 487 228
472 227 489 228
430 230 430 226
437 230 435 224
461 230 448 230
530 230 525 230
430 232 430 228
432 232 431 229
480 232 443 232
519 232 517 283
533 232 527 232
496 235 511 278
503 235 518 279
527 235 518 270
530 235 526 311
445 238 469 257
514 238 511 235
530 238 531 265
535 238 535 265
448 240 445 245
506 240 502 238
509 240 505 238
538 240 538 241
440 243 434 251
443 243 436 250
474 243 475 255
485 243 492 237
506 243 503 242
509 243 505 241
519 243 513 246
522 243 515 246
469 246 472 258
501 246 499 264
519 246 513 249
522 246 516 249
456 248 477 236
459 248 499 249
490 248 503 278
493 248 506 277
519 248 513 251
522 248 515 251
535 248 532 249
527 251 523 276
535 251 534 260
527 254 523 279
533 254 530 280
430 256 430 266
432 256 434 237
435 256 438 237
480 256 485 269
496 256 508 283
501 256 469 249
461 259 477 238
464 259 480 238
525 259 526 259
490 261 508 319
430 264 430 272
432 264 434 269
435 264 436 269
443 264 444 270
503 264 467 290
517 264 478 288
533 264 531 277
443 267 445 273
506 267 452 282
517 267 478 291
445 272 442 261
448 272 445 262
490 272 437 286
496 272 441 286
503 272 449 286
506 272 450 283
509 272 454 284
511 272 497 286
527 272 526 317
443 275 455 257
498 275 443 289
503 275 448 288
509 275 454 287
443 277 455 260
506 277 452 290
509 277 454 290
511 277 457 290
525 277 514 290
445 280 458 262
490 280 437 291
498 280 444 292
501 280 446 292
509 280 454 292
430 283 429 310
464 283 501 289
493 283 439 295
501 283 446 295
503 283 448 295
506 283 451 295
511 283 454 295
522 283 472 296
488 285 435 299
493 285 439 297
496 285 442 297
511 285 456 301
519 285 467 298
501 288 445 304
533 288 532 310
535 288 535 310
488 290 437 300
517 290 461 304
522 290 464 304
527 290 470 304
533 290 532 312
535 290 535 312
488 293 437 303
519 293 462 306
522 293 464 306
525 293 466 306
527 293 470 307
535 293 535 314
480 296 431 305
488 296 437 308
490 296 440 308
498 296 448 306
509 296 454 309
511 296 456 309
519 296 462 308
477 298 489 319
485 298 434 310
496 298 442 309
527 298 470 310
485 301 434 313
488 301 436 313
498 301 444 316
514 301 458 314
522 301 466 313
525 301 468 312
530 301 472 312
535 301 482 320
506 304 455 313
522 304 466 314
525 304 469 314
530 304 473 315
535 304 477 315
445 306 513 311
485 306 434 316
506 306 456 316
517 306 463 317
522 306 466 317
525 306 469 317
527 306 471 317
485 309 433 318
488 309 436 318
490 309 440 316
498 309 444 319
530 309 472 320
533 309 475 318
535 309 478 318
493 312 441 322
498 312 444 321
503 312 449 322
464 320 502 319
525 320 458 319
430 322 430 324
461 322 501 322
517 322 466 323
459 325 499 324
517 325 467 326
435 327 510 328
437 327 513 328
514 327 450 327
535 327 531 325
538 327 538 326
