430 217 429 216
432 217 432 217
435 217 435 217
430 219 429 219
464 224 462 226
480 224 475 224
482 224 477 224
519 243 510 242
519 251 509 254
522 251 512 254
477 261 472 258
498 261 490 264
501 261 493 264
533 261 531 264
490 264 482 267
498 264 490 267
501 264 493 267
503 264 498 270
482 267 477 266
490 267 483 269
493 267 485 269
496 267 488 269
498 267 490 270
503 267 496 269
511 267 501 269
533 267 530 270
493 269 485 272
496 269 488 272
498 269 490 272
501 269 492 272
511 269 501 272
498 272 488 275
503 272 493 275
511 272 501 275
522 272 509 272
525 272 512 272
496 275 485 277
498 275 487 277
506 275 498 278
522 275 509 274
456 277 455 280
485 277 474 280
493 277 484 279
503 277 495 280
506 277 498 280
535 277 534 278
485 280 475 282
498 280 490 282
506 280 498 283
525 288 511 288
527 288 514 288
514 290 505 292
509 293 500 294
511 293 503 294
514 293 506 294
517 293 508 295
522 293 511 294
496 296 487 297
525 298 516 300
530 298 520 299
535 298 525 299
461 301 455 306
522 301 514 302
525 301 516 303
527 301 518 302
530 301 521 302
525 304 516 305
530 304 521 305
535 304 525 304
469 306 462 309
522 306 513 307
527 309 518 310
456 312 449 311
459 312 452 312
461 312 455 312
461 314 455 314
430 317 429 319
456 317 448 314
464 317 457 317
533 317 522 315
430 320 430 322
430 322 430 324
448 322 443 324
461 322 454 322
474 322 467 323
527 322 518 321
530 322 520 321
451 325 446 325
453 325 449 325
474 325 467 325
477 325 470 325
480 325 473 326
430 327 429 328
474 327 467 328
482 327 476 328
