576 202 579 199
579 202 582 200
568 205 570 201
582 205 585 203
585 205 588 203
531 208 531 208
534 208 533 208
537 208 537 207
540 208 540 207
545 208 547 204
556 208 560 203
559 208 562 203
571 208 574 204
573 208 578 204
576 208 581 204
579 208 583 205
582 208 586 206
537 211 537 210
542 211 544 207
545 211 547 206
554 211 556 206
556 211 560 206
559 211 562 206
568 211 571 207
571 211 574 210
576 211 581 208
579 211 584 208
582 211 586 209
585 211 589 210
534 213 534 212
540 213 541 209
542 213 544 209
545 213 547 209
559 213 562 209
565 213 568 210
568 213 571 211
571 213 574 212
576 213 581 211
579 213 583 212
582 213 586 212
585 213 589 212
531 216 531 215
537 216 539 211
542 216 545 212
548 216 552 211
551 216 556 214
556 216 558 212
559 216 562 212
565 216 568 213
576 216 581 214
579 216 583 214
582 216 586 215
585 216 589 215
534 219 536 214
537 219 539 214
540 219 542 215
542 219 545 215
551 219 555 217
556 219 558 215
559 219 562 215
562 219 564 215
565 219 567 219
573 219 578 217
579 219 583 217
582 219 585 217
585 219 589 218
588 219 591 219
590 219 594 219
531 222 534 217
534 222 537 217
537 222 539 218
540 222 542 218
542 222 545 218
556 222 560 221
562 222 564 221
568 222 573 220
571 222 575 220
573 222 579 220
590 222 594 222
528 225 529 221
531 225 534 220
534 225 536 220
537 225 539 221
540 225 542 222
542 225 546 222
545 225 548 220
562 225 563 224
565 225 566 225
568 225 570 225
571 225 575 223
576 225 579 223
588 225 591 225
590 225 594 225
528 227 532 223
531 227 534 223
537 227 539 224
540 227 542 225
548 227 551 225
551 227 554 225
559 227 559 227
562 227 563 228
568 227 572 225
576 227 578 227
579 227 581 227
582 227 584 227
528 230 532 226
531 230 535 227
534 230 537 227
537 230 541 227
551 230 554 228
559 230 559 230
565 230 569 228
568 230 572 228
571 230 574 228
576 230 578 230
579 230 581 230
585 230 591 228
596 230 596 225
599 230 599 225
528 233 531 230
534 233 538 230
540 233 544 230
556 233 562 231
559 233 565 231
565 233 569 230
568 233 572 231
571 233 574 232
537 236 541 233
540 236 543 233
542 236 546 233
548 236 553 233
551 236 555 233
554 236 559 232
556 236 562 233
565 236 569 233
568 236 572 234
571 236 574 235
573 236 577 235
599 236 599 231
528 239 534 240
531 239 537 240
545 239 550 235
568 239 571 237
571 239 575 238
588 239 584 232
590 239 586 233
531 242 531 242
545 242 550 237
551 242 555 236
562 242 558 239
565 242 567 240
571 242 576 241
585 242 580 233
590 242 586 236
593 242 590 236
602 242 602 238
604 242 605 241
531 244 530 245
542 244 547 247
551 244 555 239
562 244 558 242
565 244 561 242
568 244 567 244
593 244 589 239
531 247 530 248
534 247 534 247
568 247 567 246
571 247 570 247
593 247 585 247
599 247 589 246
610 247 609 251
613 247 612 251
548 250 551 245
551 250 554 245
571 250 570 250
593 250 585 249
599 250 589 248
531 253 530 254
579 253 579 242
585 253 575 253
624 253 615 256
630 253 621 256
540 256 541 252
599 256 587 254
610 256 608 260
621 256 612 258
624 256 614 259
627 256 617 259
630 256 621 259
528 258 528 260
556 258 559 263
602 258 591 258
621 258 611 261
624 258 614 261
630 258 619 262
633 258 623 262
635 258 626 262
542 261 568 257
545 261 572 257
548 261 575 257
551 261 548 259
556 261 556 252
604 261 596 266
607 261 601 266
610 261 605 266
619 261 608 263
621 261 611 263
624 261 614 264
627 261 616 264
630 261 619 265
633 261 623 265
635 261 626 265
641 261 638 270
534 264 537 264
545 264 572 260
548 264 575 260
554 264 550 260
593 264 634 297
604 264 598 268
607 264 601 269
616 264 607 266
621 264 611 266
624 264 613 267
627 264 616 267
630 264 620 267
633 264 623 268
635 264 626 268
638 264 629 268
542 267 567 262
548 267 574 265
607 267 600 271
619 267 610 269
630 267 620 271
633 267 623 271
635 267 626 271
638 267 629 271
641 267 634 273
644 267 640 276
542 270 567 265
545 270 570 266
602 270 590 274
604 270 594 274
624 270 616 273
635 270 625 274
641 270 631 274
542 273 564 271
545 273 567 271
548 273 571 271
619 273 610 274
621 273 613 273
630 273 622 276
635 273 625 277
641 273 631 277
644 273 634 277
531 275 532 285
534 275 535 286
604 275 597 281
616 275 613 276
624 275 616 277
627 275 618 278
635 275 627 280
638 275 630 281
537 278 537 286
554 278 576 288
610 278 609 279
630 278 618 282
633 278 622 283
635 278 627 283
537 281 537 289
551 281 573 291
554 281 576 291
596 281 581 287
602 281 589 287
604 281 593 288
607 281 595 289
627 281 615 285
630 281 618 286
633 281 621 286
602 284 590 290
607 284 595 292
619 284 611 285
627 284 614 289
630 284 618 288
633 284 623 289
635 284 626 289
638 284 627 288
641 284 630 289
644 284 635 289
647 284 639 288
528 287 528 287
554 287 569 286
559 287 574 284
619 287 611 288
641 287 630 291
542 290 541 290
545 290 547 290
559 290 574 287
616 290 608 292
619 290 610 292
621 290 614 292
624 290 617 293
641 290 629 294
644 290 632 294
548 292 549 291
551 292 552 292
588 292 588 295
604 292 604 294
635 292 625 296
638 292 628 297
647 292 647 299
545 295 548 293
551 295 551 295
554 295 556 292
556 295 558 292
588 295 588 298
593 295 594 299
604 295 604 297
607 295 606 297
619 295 610 297
633 295 625 303
638 295 628 299
559 298 566 299
590 298 592 299
593 298 595 302
596 298 597 302
602 298 602 301
604 298 604 300
607 298 607 300
576 301 582 301
585 301 588 303
588 301 590 304
590 301 593 304
596 301 598 304
599 301 600 303
607 301 607 303
641 301 631 303
562 304 566 302
571 304 576 306
573 304 578 306
576 304 582 303
579 304 585 303
590 304 593 307
599 304 600 306
602 304 602 306
621 304 616 304
647 304 646 308
565 306 567 305
571 306 575 309
573 306 577 310
579 306 585 307
585 306 588 308
588 306 591 308
596 306 597 309
599 306 600 308
602 306 603 308
647 306 646 311
562 309 565 308
568 309 569 308
576 309 580 309
582 309 585 311
585 309 588 311
588 309 590 312
590 309 593 311
596 309 597 312
599 309 600 311
602 309 603 311
604 309 605 312
621 309 608 309
562 312 565 311
568 312 569 311
571 312 571 311
573 312 577 312
576 312 580 313
582 312 585 314
585 312 587 314
588 312 590 314
627 312 618 311
568 315 571 315
576 315 580 315
582 315 584 316
585 315 587 316
607 315 607 315
610 315 610 316
627 315 612 314
638 315 627 315
641 315 630 315
644 315 633 315
