430 217 429 216
432 217 432 216
435 217 435 216
437 217 437 216
448 217 450 216
451 217 453 216
453 217 455 217
456 217 458 217
459 217 461 217
464 217 467 216
469 217 472 217
474 217 477 217
477 217 480 217
490 217 490 217
517 217 522 217
525 217 525 216
527 217 528 216
530 217 531 216
533 217 533 216
535 217 535 216
538 217 538 216
430 219 430 219
443 219 446 219
456 219 458 219
469 219 471 220
472 219 474 220
482 219 482 221
488 219 488 221
490 219 491 220
501 219 496 219
503 219 499 219
506 219 506 219
509 219 508 219
527 219 528 219
530 219 530 221
538 219 538 222
430 222 430 221
445 222 448 221
456 222 458 222
461 222 462 222
464 222 463 222
474 222 475 222
477 222 477 223
482 222 482 224
485 222 485 224
503 222 499 222
506 222 506 222
538 222 538 224
430 224 430 224
432 224 433 224
443 224 446 222
461 224 461 227
464 224 464 225
477 224 478 226
485 224 485 226
488 224 488 226
490 224 492 226
506 224 501 224
533 224 532 219
538 224 538 227
430 227 429 227
432 227 433 227
459 227 459 228
474 227 476 229
480 227 480 229
482 227 483 229
485 227 486 230
488 227 490 229
493 227 495 229
496 227 497 230
498 227 500 229
538 227 538 229
437 230 438 230
440 230 441 230
443 230 442 227
453 230 447 233
467 230 468 232
472 230 473 232
477 230 477 232
480 230 480 232
488 230 489 232
490 230 491 231
493 230 495 232
496 230 497 233
501 230 502 232
517 230 517 232
535 230 535 231
538 230 538 238
430 232 430 233
432 232 433 232
435 232 436 232
443 232 443 229
459 232 460 234
461 232 463 234
477 232 478 234
480 232 482 234
488 232 489 235
490 232 491 235
493 232 495 235
498 232 499 234
501 232 502 235
503 232 505 235
506 232 508 235
514 232 514 233
535 232 536 241
538 232 538 241
430 235 430 235
432 235 433 235
435 235 435 235
448 235 448 236
451 235 450 238
461 235 463 237
464 235 466 237
467 235 467 236
472 235 474 237
474 235 476 237
477 235 479 237
480 235 482 237
482 235 484 237
488 235 489 237
490 235 491 237
493 235 495 237
498 235 499 237
501 235 503 238
503 235 505 238
506 235 508 238
509 235 511 238
517 235 517 237
535 235 535 243
430 238 430 237
432 238 433 237
435 238 435 237
456 238 458 239
459 238 459 240
469 238 471 238
472 238 474 240
474 238 477 240
477 238 479 240
480 238 482 240
482 238 484 240
490 238 491 240
493 238 494 240
498 238 499 240
501 238 502 240
503 238 505 240
506 238 508 240
509 238 511 240
538 238 538 243
443 240 443 243
445 240 446 242
448 240 448 241
461 240 464 241
464 240 466 241
467 240 469 241
469 240 472 240
472 240 474 243
474 240 476 243
477 240 479 242
480 240 481 242
485 240 487 242
490 240 492 243
498 240 499 242
501 240 502 242
503 240 505 242
535 240 535 245
538 240 538 246
430 243 429 261
451 243 450 243
461 243 463 244
464 243 466 245
472 243 474 245
477 243 479 245
480 243 482 245
482 243 484 245
485 243 487 245
488 243 489 245
490 243 492 245
496 243 496 245
501 243 502 245
506 243 508 245
511 243 512 245
514 243 516 245
522 243 522 246
525 243 527 235
527 243 529 235
533 243 532 235
535 243 535 235
440 246 440 248
445 246 445 249
459 246 459 249
464 246 466 247
472 246 472 247
474 246 475 247
482 246 485 248
485 246 487 248
488 246 490 248
490 246 492 248
501 246 502 248
503 246 505 248
506 246 508 247
511 246 511 248
514 246 514 249
527 246 529 237
533 246 533 238
538 246 538 248
435 248 435 241
459 248 459 252
461 248 463 249
485 248 487 250
490 248 492 250
496 248 497 250
501 248 501 250
506 248 508 250
511 248 511 251
514 248 517 248
525 248 527 240
527 248 530 240
533 248 533 250
451 251 451 254
459 251 459 254
461 251 462 253
464 251 464 251
467 251 469 253
472 251 472 253
474 251 475 251
477 251 477 251
485 251 487 253
490 251 491 253
493 251 494 253
501 251 500 253
503 251 503 253
506 251 508 252
514 251 514 254
525 251 527 242
530 251 530 253
533 251 533 253
535 251 535 253
538 251 538 254
430 254 430 246
451 254 451 256
453 254 454 256
464 254 464 253
490 254 491 256
493 254 493 255
501 254 504 256
503 254 506 256
511 254 512 259
514 254 514 259
517 254 517 259
519 254 519 254
525 254 527 255
530 254 530 256
533 254 533 256
535 254 535 256
538 254 538 256
435 256 437 250
461 256 461 256
464 256 464 256
467 256 467 257
472 256 472 262
493 256 493 258
496 256 496 257
498 256 498 257
506 256 508 259
509 256 509 261
511 256 511 262
519 256 516 272
525 256 526 258
527 256 529 258
538 256 538 259
432 259 433 260
435 259 434 259
437 259 440 253
440 259 443 254
453 259 453 259
456 259 458 262
461 259 463 261
464 259 464 259
474 259 477 256
493 259 493 262
509 259 509 264
511 259 511 264
522 259 522 260
525 259 525 261
527 259 527 261
538 259 538 267
430 261 430 254
451 261 451 262
453 261 453 262
456 261 456 262
459 261 461 265
464 261 466 264
467 261 468 263
503 261 504 264
509 261 509 267
511 261 511 267
519 261 519 264
533 261 533 269
535 261 536 270
538 261 538 270
430 264 430 256
437 264 435 264
453 264 453 264
456 264 458 267
459 264 461 267
461 264 463 266
464 264 466 266
467 264 468 266
469 264 472 267
496 264 496 275
509 264 509 270
511 264 511 269
535 264 536 272
538 264 538 272
453 267 453 266
456 267 455 266
461 267 463 269
464 267 466 269
467 267 468 269
472 267 472 270
509 267 509 275
514 267 514 272
533 267 533 274
535 267 536 274
453 269 453 268
461 269 463 271
464 269 466 272
469 269 469 273
472 269 472 272
474 269 475 272
490 269 493 278
496 269 496 278
498 269 499 278
501 269 501 277
506 269 506 275
509 269 509 277
514 269 514 274
517 269 516 274
522 269 522 271
538 269 538 275
437 272 440 280
464 272 466 274
469 272 469 275
472 272 472 275
474 272 474 275
490 272 493 280
493 272 495 280
498 272 499 280
501 272 501 280
506 272 504 280
509 272 509 279
514 272 514 278
519 272 519 275
522 272 522 274
525 272 525 274
527 272 528 274
535 272 535 278
538 272 538 277
432 275 435 282
461 275 464 277
464 275 466 277
469 275 469 277
472 275 472 277
474 275 474 277
482 275 483 274
485 275 479 272
511 275 511 280
522 275 522 278
525 275 525 277
527 275 527 277
530 275 530 275
535 275 535 280
538 275 538 280
430 277 429 286
445 277 438 290
456 277 458 280
459 277 461 280
461 277 463 280
467 277 467 280
482 277 477 277
503 277 501 283
506 277 504 283
517 277 514 283
519 277 519 277
525 277 525 280
527 277 527 279
530 277 530 278
432 280 432 288
443 280 443 290
456 280 458 283
459 280 461 283
461 280 463 282
464 280 466 282
467 280 468 282
482 280 477 280
511 280 511 285
519 280 519 280
525 280 524 282
527 280 527 282
530 280 530 282
533 280 533 281
432 283 432 291
456 283 459 285
459 283 461 285
461 283 464 285
464 283 466 284
472 283 472 284
477 283 475 283
482 283 477 283
533 283 533 283
535 283 535 283
538 283 538 282
432 285 435 293
435 285 437 293
440 285 440 293
443 285 443 293
456 285 458 288
474 285 474 286
480 285 477 285
485 285 486 287
488 285 488 287
490 285 491 287
498 285 501 286
501 285 504 285
503 285 506 286
527 285 527 286
530 285 530 286
533 285 533 286
535 285 535 285
430 288 430 269
435 288 435 296
437 288 438 296
440 288 440 296
461 288 464 287
467 288 466 288
485 288 485 289
488 288 488 290
490 288 491 290
496 288 498 290
498 288 501 288
501 288 505 288
503 288 506 288
519 288 506 296
527 288 527 288
530 288 530 288
533 288 532 287
437 290 437 299
451 290 454 293
453 290 456 293
482 290 482 291
498 290 504 291
519 290 506 299
535 290 535 288
538 290 538 288
448 293 445 296
464 293 469 296
496 293 498 293
525 293 530 293
530 293 533 301
533 293 535 301
485 296 485 299
527 296 532 294
432 298 435 299
522 298 522 283
435 301 432 283
456 301 459 304
538 301 538 300
456 304 459 306
459 304 461 306
493 304 477 298
509 304 519 293
514 304 516 306
522 304 524 303
525 304 527 304
527 304 530 304
538 304 538 293
485 306 472 299
493 306 478 301
517 306 522 309
519 306 525 309
522 306 524 306
525 306 527 306
527 306 530 307
535 306 536 295
538 306 538 295
474 309 480 306
485 309 472 301
488 309 474 303
490 309 476 303
498 309 483 304
514 309 520 312
517 309 522 311
519 309 524 311
538 309 538 298
488 312 474 306
501 312 493 308
522 312 528 311
525 312 530 312
517 314 522 314
522 314 527 314
464 317 453 314
472 317 472 317
509 317 516 317
514 317 519 317
517 317 522 317
533 317 533 317
535 317 535 317
538 317 538 318
448 320 441 322
459 320 447 319
461 320 451 319
506 320 514 319
533 320 533 320
535 320 535 320
538 320 538 320
456 322 445 322
459 322 448 321
461 322 451 322
464 322 453 322
527 322 525 322
533 322 533 323
535 322 535 322
538 322 538 322
451 325 441 324
456 325 445 325
459 325 448 324
461 325 451 324
464 325 454 324
467 325 456 324
477 325 464 325
482 325 490 325
485 325 492 325
498 325 499 325
527 325 525 325
530 325 527 325
535 325 535 325
538 325 538 325
430 327 429 327
432 327 435 327
456 327 464 328
482 327 490 327
485 327 501 328
498 327 499 328
517 327 522 327
519 327 525 328
522 327 527 328
535 327 535 328
538 327 538 328
