596 287 596 296
599 287 599 295
602 287 602 295
638 287 638 299
554 290 550 299
556 290 552 300
559 290 555 299
599 290 599 299
602 290 602 299
644 290 645 303
647 290 647 302
554 292 549 302
556 292 551 303
559 292 554 302
590 292 587 301
593 292 591 302
596 292 594 303
599 292 598 303
619 292 617 301
624 292 627 304
638 292 638 305
644 292 645 306
647 292 647 305
556 295 552 306
559 295 554 305
588 295 582 303
590 295 585 303
593 295 591 306
596 295 594 307
599 295 597 306
602 295 600 305
607 295 606 306
641 295 639 308
644 295 642 308
588 298 582 305
590 298 586 306
602 298 599 308
633 298 630 308
641 298 639 311
644 298 643 311
647 298 646 311
554 301 549 309
568 301 561 309
571 301 564 308
585 301 578 308
590 301 586 309
593 301 589 309
633 301 631 311
647 301 646 314
588 304 580 312
590 304 583 312
593 304 586 312
571 306 565 313
