545 199 575 212
548 202 581 216
542 211 576 228
545 211 579 229
551 211 582 229
568 211 540 235
571 211 543 235
540 213 575 234
542 213 576 231
568 213 540 238
540 216 575 237
545 216 579 235
565 216 553 233
551 219 580 224
542 222 582 231
565 222 553 238
568 222 555 238
585 233 599 247
588 233 601 247
582 236 591 250
585 236 598 250
582 239 594 257
585 239 597 253
596 239 610 255
559 242 531 233
582 242 593 259
596 242 610 258
588 244 600 258
593 244 606 261
588 247 600 260
590 247 603 261
588 250 599 263
590 250 602 263
593 250 606 264
590 253 602 266
616 253 628 267
588 256 595 267
610 256 617 272
590 258 599 269
545 261 575 269
585 261 592 268
590 261 598 272
599 261 610 272
607 261 619 276
630 261 639 279
582 264 588 271
596 264 607 274
599 264 610 275
607 264 619 279
624 264 631 282
627 264 635 282
633 264 643 286
593 267 604 277
596 267 607 277
602 267 610 278
604 267 613 279
610 267 625 284
627 267 631 285
565 270 575 276
568 270 578 276
604 270 612 282
534 273 558 279
565 273 575 279
568 273 578 278
573 273 587 280
582 273 593 281
593 273 603 283
596 273 605 286
604 273 615 288
633 273 637 289
542 275 567 284
568 275 580 283
571 275 583 283
596 275 605 290
599 275 609 291
604 275 614 291
635 275 639 292
644 275 641 286
647 275 646 286
540 278 563 286
562 278 574 285
582 278 592 288
593 278 601 292
596 278 605 292
644 278 643 289
647 278 646 289
537 281 560 289
647 281 647 293
537 284 559 292
540 284 562 292
638 284 639 299
545 287 555 286
551 287 560 287
559 287 567 287
568 287 575 289
585 287 592 291
635 287 636 301
638 287 639 302
647 287 647 301
537 290 542 280
548 290 556 289
559 290 566 290
562 290 569 290
565 290 572 291
568 290 575 291
571 290 578 291
582 290 588 294
585 290 591 294
593 290 598 298
624 290 622 301
627 290 625 303
633 290 628 303
635 290 631 304
638 290 636 305
644 290 644 304
647 290 647 304
542 292 548 287
545 292 553 288
559 292 566 294
562 292 568 294
568 292 574 294
573 292 579 295
576 292 582 296
579 292 585 296
585 292 588 297
593 292 597 301
596 292 600 302
599 292 603 303
602 292 606 303
604 292 609 303
635 292 633 307
641 292 641 305
644 292 644 306
647 292 647 306
545 295 553 290
562 295 568 297
579 295 583 300
588 295 591 301
590 295 594 302
599 295 603 305
602 295 606 306
604 295 609 307
635 295 630 308
641 295 640 308
644 295 643 308
647 295 646 308
562 298 568 300
568 298 572 301
576 298 579 303
585 298 587 304
588 298 590 304
590 298 593 304
619 298 617 308
624 298 621 308
635 298 630 310
638 298 636 311
641 298 640 311
644 298 642 311
647 298 646 311
545 301 549 297
559 301 562 299
562 301 565 300
571 301 573 304
573 301 576 305
579 301 580 306
588 301 588 307
590 301 592 308
619 301 617 311
621 301 620 311
627 301 623 311
630 301 626 312
633 301 630 313
635 301 633 313
641 301 636 313
644 301 642 314
647 301 646 315
559 304 562 302
562 304 564 303
565 304 568 303
582 304 583 307
585 304 587 306
556 306 557 305
559 306 561 305
562 306 563 306
568 306 570 307
571 306 573 308
573 306 575 308
579 306 580 309
582 306 583 309
585 306 586 309
588 306 589 309
559 309 560 308
562 309 563 308
565 309 566 309
568 309 568 310
571 309 572 310
576 309 576 310
579 309 579 311
582 309 582 312
585 309 585 312
588 309 589 312
624 309 614 313
562 312 563 312
565 312 565 312
568 312 568 313
571 312 571 313
576 312 576 313
579 312 579 314
630 312 619 315
571 315 571 316
582 315 581 315
585 315 585 315
588 315 589 315
604 315 594 315
607 315 597 315
621 315 610 316
