430 217 430 217
501 217 505 217
511 217 515 217
538 217 538 216
430 219 429 220
453 219 508 295
503 219 507 221
519 219 531 239
527 219 534 269
430 222 429 223
435 222 433 221
490 222 459 221
525 222 532 272
488 224 487 222
490 224 490 223
535 224 536 247
430 227 429 227
435 227 437 273
451 227 507 288
472 227 493 230
493 227 498 228
503 227 509 228
451 230 506 290
472 230 491 233
493 230 498 230
496 230 502 229
498 230 501 232
501 230 504 234
501 232 503 235
511 232 537 231
538 232 538 276
430 235 430 277
440 235 440 280
525 235 522 263
445 238 446 272
527 238 524 267
525 240 523 269
538 240 538 235
459 243 514 293
485 243 473 240
493 243 517 242
501 243 458 240
432 246 432 275
459 246 514 296
469 246 456 243
485 246 472 243
535 246 533 259
443 248 445 279
445 248 447 279
459 248 514 299
485 248 521 253
530 248 529 290
533 248 531 291
448 251 500 312
432 254 434 259
535 254 534 294
443 256 471 263
535 256 533 297
445 259 447 291
533 259 530 299
535 259 532 300
461 261 464 236
467 261 471 236
432 264 436 312
517 264 516 261
519 264 519 262
525 264 520 305
432 267 436 315
459 267 460 241
501 267 496 241
533 267 532 287
474 269 514 247
445 272 446 308
448 272 450 309
477 272 467 226
501 272 517 296
506 272 519 297
535 272 535 311
430 275 429 287
435 275 433 246
445 275 446 311
535 275 536 298
538 277 538 301
435 280 435 292
503 280 518 306
538 280 538 260
432 283 431 295
435 283 434 296
445 283 457 307
474 283 448 238
435 285 434 299
445 285 456 310
474 285 448 241
485 285 521 292
488 285 524 292
435 288 433 301
437 288 437 283
430 290 430 285
445 290 437 308
432 293 433 285
538 296 538 304
430 298 429 291
432 298 432 278
440 298 450 295
535 298 537 292
440 301 449 298
430 304 430 297
533 306 530 309
430 309 430 309
501 309 461 312
538 309 538 298
480 312 505 303
430 314 429 316
501 314 518 318
437 317 438 318
490 317 452 315
493 317 455 316
509 317 509 317
472 320 456 320
488 320 450 319
493 320 454 319
490 322 451 322
496 322 453 321
538 322 538 324
430 325 430 322
443 325 440 321
469 325 520 323
482 325 442 326
488 325 449 325
490 325 452 325
506 325 507 325
509 325 459 324
511 325 462 324
430 327 430 328
432 327 433 327
435 327 436 328
437 327 439 328
448 327 464 328
469 327 477 328
490 327 451 328
496 327 487 328
511 327 461 328
514 327 525 328
517 327 505 328
525 327 518 328
538 327 538 328
