568 208 557 209
571 208 562 208
556 211 551 206
573 211 586 210
576 211 589 211
590 211 608 221
593 213 618 217
579 216 588 216
585 216 598 217
588 216 602 218
579 219 590 218
585 219 593 219
588 219 597 220
579 222 589 221
588 222 597 224
537 225 534 248
540 227 537 250
593 227 611 244
607 227 618 243
602 230 616 249
604 236 618 255
582 239 590 229
602 239 612 259
604 239 617 257
610 239 621 258
621 239 630 262
624 239 633 264
604 242 615 261
607 242 618 262
602 244 614 264
619 244 618 250
599 247 614 266
548 250 562 273
551 250 566 273
554 250 569 273
562 250 557 269
554 253 569 277
565 253 559 273
590 253 609 258
624 253 625 272
630 253 629 272
633 253 630 271
635 253 636 275
542 256 565 278
607 256 610 273
630 256 628 276
635 256 633 274
638 256 638 279
641 256 641 282
621 258 620 277
627 258 624 279
630 258 627 279
633 258 630 281
635 258 632 279
638 258 635 280
621 261 619 280
630 261 625 283
638 261 634 283
638 264 633 286
613 270 606 283
644 270 642 297
545 273 530 273
613 273 608 287
540 275 599 285
604 275 641 292
613 275 606 292
616 275 618 295
630 278 621 296
627 281 616 299
630 281 619 299
616 284 604 302
556 287 552 300
562 287 555 301
613 287 599 303
616 287 603 304
556 290 550 304
562 290 553 304
588 290 573 304
604 290 590 307
610 290 595 306
613 290 599 307
616 290 602 307
621 290 606 305
624 290 609 306
627 290 613 307
548 292 537 299
554 292 542 300
556 292 550 306
562 292 553 307
565 292 556 309
588 292 573 308
610 292 596 310
624 292 609 309
627 292 612 311
644 292 627 308
559 295 552 311
590 295 576 312
610 295 595 313
641 295 625 312
551 298 540 302
556 298 545 309
559 298 553 316
610 298 594 316
647 309 646 306
647 312 646 310
613 315 570 315
627 315 576 316
