588 211 577 227
528 219 528 234
571 219 557 245
531 222 527 223
607 225 607 231
545 230 563 239
576 230 557 224
551 233 569 238
607 233 624 250
554 236 566 248
556 236 569 248
607 236 624 254
610 236 627 253
551 239 564 251
554 239 567 251
556 239 569 251
593 239 598 237
607 239 625 257
610 239 628 257
613 239 630 256
528 242 533 275
604 242 622 260
607 242 625 260
610 242 627 260
528 244 533 278
531 244 535 278
590 244 595 244
599 244 616 263
607 244 610 242
610 244 612 242
613 244 616 242
624 244 624 244
528 247 533 281
531 247 535 281
540 247 617 271
548 247 538 266
596 247 600 269
610 247 613 245
619 247 622 252
551 250 539 269
554 250 542 269
548 253 536 272
551 253 539 272
554 253 542 272
562 253 566 293
573 253 591 280
607 253 610 254
630 253 634 261
633 253 637 261
548 256 536 275
551 256 539 274
590 256 597 278
607 256 610 257
630 256 633 265
633 256 636 264
635 256 639 265
551 258 539 277
554 258 542 277
613 258 623 274
616 258 619 257
619 258 621 256
633 258 634 267
635 258 637 267
551 261 539 280
554 261 542 280
585 261 600 290
633 261 634 277
644 261 642 265
551 264 539 284
554 264 542 283
568 264 583 293
585 264 600 292
588 264 603 292
621 264 622 280
624 264 625 280
627 264 629 280
571 267 585 295
621 267 623 283
627 267 628 282
551 270 539 286
633 270 635 288
548 273 536 289
551 273 540 290
554 273 542 289
542 275 534 293
551 275 540 292
554 275 543 292
647 278 647 293
556 281 546 295
602 281 595 292
604 281 598 292
635 281 627 294
562 284 552 297
602 284 594 295
604 284 598 295
627 284 624 300
562 287 552 300
565 287 555 300
568 287 557 300
599 287 591 299
602 287 594 298
604 287 597 299
607 287 600 299
610 287 603 299
616 287 607 298
559 290 539 295
562 290 552 302
565 290 554 302
602 290 594 301
604 290 597 302
607 290 600 302
610 290 603 302
616 290 607 301
638 290 627 303
641 290 630 303
556 292 536 298
559 292 539 297
596 292 586 302
599 292 590 302
604 292 597 307
613 292 604 304
616 292 607 304
638 292 627 306
641 292 630 306
644 292 632 305
571 295 561 306
573 295 563 306
576 295 566 305
579 295 569 305
585 295 572 305
588 295 575 306
596 295 584 305
599 295 589 304
627 295 619 309
641 295 630 308
644 295 632 308
571 298 561 309
573 298 563 309
576 298 566 309
588 298 575 308
590 298 580 305
596 298 584 307
599 298 589 307
602 298 592 307
604 298 594 308
641 298 630 311
644 298 633 311
647 298 635 311
573 301 564 312
576 301 566 311
579 301 568 309
582 301 571 308
588 301 575 311
596 301 584 310
610 301 598 312
579 304 569 311
582 304 571 311
602 304 590 313
576 306 566 315
579 306 569 314
593 306 581 313
596 306 584 313
627 309 595 312
647 309 644 311
613 312 619 315
641 312 642 313
647 312 645 314
610 315 589 315
613 315 592 315
