576 264 580 283
579 270 582 288
596 270 597 288
579 273 582 292
596 273 597 291
599 273 600 289
579 275 584 295
590 275 591 294
596 275 596 293
602 275 602 293
647 275 646 301
607 278 605 296
596 281 594 297
610 281 608 301
554 287 558 291
556 287 561 293
559 287 564 294
571 287 573 296
559 290 563 298
562 290 566 298
576 290 576 300
579 290 579 301
585 290 582 302
588 290 585 302
596 290 594 302
624 290 615 307
559 292 562 301
562 292 566 301
576 292 576 303
579 292 578 303
585 292 582 304
588 292 584 305
590 292 589 304
593 292 591 305
599 292 596 306
602 292 598 306
630 292 622 311
554 295 553 296
562 295 564 304
579 295 578 306
590 295 588 306
593 295 591 307
596 295 594 308
604 295 602 307
610 295 605 311
613 295 607 311
554 298 555 301
556 298 556 299
571 298 571 306
573 298 574 307
582 298 580 308
588 298 585 308
590 298 588 309
593 298 591 310
596 298 593 311
599 298 596 312
602 298 598 309
604 298 601 310
562 301 562 305
565 301 564 306
571 301 571 308
573 301 573 310
579 301 577 311
590 301 587 312
593 301 590 313
582 306 579 315
579 315 568 315
