416 241 407 247
419 241 410 247
422 247 412 253
425 247 415 253
427 247 418 253
455 247 444 252
457 247 446 252
460 247 449 252
416 250 408 255
419 250 410 255
422 250 412 255
427 250 416 255
460 250 449 254
466 250 455 254
468 250 457 254
477 250 465 253
479 250 467 253
416 252 408 258
419 252 410 258
422 252 412 258
427 252 416 257
430 252 418 257
468 252 456 256
416 255 408 261
419 255 410 260
422 255 413 260
430 255 418 260
477 255 465 256
419 258 410 263
427 258 416 260
422 261 415 266
422 263 416 269
422 266 415 272
425 266 418 272
422 272 413 279
425 272 416 280
425 274 418 280
427 282 419 282
427 285 419 285
430 299 422 298
441 304 450 307
422 307 416 310
425 307 419 310
425 310 419 313
485 321 484 318
485 324 484 320
430 326 440 327
485 326 483 322
430 329 440 330
433 329 442 330
477 329 478 328
485 329 484 328
471 332 472 331
477 332 476 331
479 332 479 331
485 332 485 330
405 335 411 336
430 335 442 335
474 335 474 334
479 335 479 335
485 335 484 333
436 337 445 337
477 337 476 337
479 337 478 337
485 337 484 337
