333 165 323 168
338 165 328 165
338 170 323 173
343 170 328 173
349 170 333 173
380 170 375 169
333 175 317 178
338 175 322 178
349 175 333 178
354 175 337 178
359 175 344 177
328 180 311 184
343 180 327 185
349 180 332 184
375 180 359 182
380 180 370 181
385 180 375 181
328 186 311 189
333 186 316 189
338 186 321 189
349 186 331 191
354 186 337 190
359 186 342 190
380 186 369 186
328 191 311 195
380 191 375 190
317 196 301 200
323 196 306 200
328 196 312 200
354 196 339 199
364 196 354 197
380 196 375 195
385 196 381 194
312 201 296 206
317 201 300 205
328 201 316 205
369 201 360 201
380 201 374 200
385 201 381 200
390 201 389 200
328 206 316 210
369 206 359 207
380 206 375 206
317 212 306 215
323 212 312 215
328 212 317 216
369 212 358 213
317 217 308 220
349 217 334 221
354 217 343 218
359 217 350 218
364 217 354 219
369 217 357 219
375 217 364 219
380 217 375 218
390 217 391 217
312 222 303 225
317 222 307 226
323 222 311 226
333 222 317 226
359 222 344 226
364 222 353 225
369 222 357 225
380 222 375 222
317 227 307 231
328 227 313 231
343 227 328 232
349 227 336 232
359 227 346 231
364 227 352 231
369 227 357 231
375 227 363 231
380 227 374 228
385 227 384 228
323 232 310 236
328 232 316 237
343 232 329 237
354 232 341 236
359 232 347 236
364 232 352 237
380 232 373 234
312 238 302 241
317 238 306 242
323 238 312 241
328 238 317 241
333 238 321 241
343 238 329 242
349 238 334 242
359 238 348 241
364 238 353 241
375 238 364 241
317 243 308 246
323 243 313 246
333 243 321 246
343 243 328 247
349 243 334 247
364 243 353 246
369 243 358 246
375 243 364 247
307 248 300 253
317 248 307 251
338 248 321 253
349 248 333 253
354 248 339 252
364 248 352 252
369 248 359 251
375 248 364 252
380 248 373 252
307 253 302 259
338 253 321 258
343 253 325 258
349 253 331 258
359 253 347 258
369 253 357 257
380 253 369 257
385 253 379 253
333 258 317 263
338 258 321 264
364 258 351 262
369 258 357 263
375 258 363 263
380 258 375 260
385 258 380 257
333 264 317 268
338 264 321 268
369 264 357 268
375 264 362 268
385 264 380 264
323 269 310 270
333 269 317 273
338 269 321 273
343 269 326 273
364 269 349 274
380 269 368 273
385 269 379 270
338 274 322 279
343 274 327 279
349 274 332 279
375 274 362 278
380 274 369 278
323 279 310 280
338 279 322 284
343 279 327 284
359 279 344 284
364 279 351 284
369 279 356 284
375 279 362 284
323 284 311 285
343 284 327 289
349 284 333 289
354 284 338 289
359 284 344 289
369 284 356 289
333 290 322 293
338 290 327 294
343 290 331 294
354 290 342 293
359 290 346 294
364 290 351 294
390 290 392 290
338 295 327 298
343 295 331 299
349 295 336 299
354 295 341 299
359 295 346 299
364 295 352 298
343 300 331 304
349 300 336 304
354 300 341 304
390 300 393 300
375 305 377 306
390 305 393 306
395 305 398 306
375 310 377 311
385 310 388 312
395 310 398 311
401 310 403 311
343 316 342 317
359 316 362 316
369 316 372 316
375 316 377 316
385 316 388 317
390 316 393 316
395 316 398 316
338 321 341 322
364 321 367 321
369 321 372 320
375 321 377 320
380 321 383 322
390 321 393 322
395 321 398 321
401 321 403 321
349 326 352 327
380 326 383 327
390 326 393 327
395 326 398 327
401 326 403 327
369 331 371 332
375 331 377 332
380 331 382 332
385 331 387 332
390 331 393 332
395 331 398 332
401 331 403 332
328 336 332 336
333 336 338 338
380 336 382 338
385 336 387 338
390 336 392 337
395 336 398 337
