476 77 493 194
476 94 493 205
493 94 506 204
493 111 509 217
424 129 461 241
528 129 545 235
545 129 563 235
371 163 422 264
406 163 447 262
424 163 461 262
441 163 475 261
476 163 501 259
493 163 516 257
510 163 529 257
545 163 555 254
562 163 573 254
580 163 589 255
337 198 395 291
354 198 410 288
389 198 433 283
406 198 446 281
424 198 459 280
458 198 485 278
476 198 498 277
493 198 514 276
528 198 541 274
545 198 556 274
337 215 396 307
354 215 409 304
441 215 474 289
493 215 513 286
510 215 529 286
545 215 558 287
302 233 373 328
337 233 396 320
354 233 408 317
406 233 447 306
424 233 460 304
476 233 500 299
632 233 663 319
354 250 410 331
389 250 434 322
406 250 448 320
424 250 461 318
458 250 487 314
476 250 500 312
493 250 514 308
528 250 542 308
545 250 558 310
562 250 576 311
580 250 601 323
597 250 615 321
614 250 631 319
250 267 327 361
267 267 343 361
389 267 436 338
406 267 450 337
424 267 464 336
441 267 479 334
476 267 503 328
493 267 516 324
545 267 563 326
562 267 579 327
614 267 633 334
354 285 411 361
389 285 437 353
406 285 453 352
424 285 467 352
441 285 481 350
476 285 506 345
493 285 520 345
510 285 534 343
580 285 611 354
597 285 625 352
389 302 437 369
406 302 453 370
424 302 469 370
441 302 482 371
476 302 509 362
493 302 523 360
510 302 538 360
580 302 616 373
597 302 630 374
354 319 415 410
406 319 457 403
424 319 472 393
476 319 510 381
493 319 527 377
510 319 543 377
545 319 563 361
580 319 618 389
597 319 635 392
302 337 370 435
319 337 381 434
337 337 401 432
354 337 414 432
424 337 475 417
441 337 489 414
458 337 504 408
493 337 529 400
302 354 369 448
371 354 428 447
389 354 445 444
424 354 478 436
441 354 491 434
458 354 506 429
510 354 547 416
424 371 478 457
441 371 495 454
458 371 508 451
476 371 525 445
