454 243 485 250
447 246 444 278
447 248 444 282
462 248 480 285
447 251 443 286
460 251 481 290
444 253 441 289
460 253 480 292
442 256 437 291
454 256 464 277
460 256 479 295
440 258 433 293
442 258 436 293
444 258 439 295
460 258 492 302
462 258 494 303
442 261 433 296
467 261 476 285
450 268 464 305
452 268 466 305
452 271 466 308
452 274 465 311
454 276 468 313
442 278 465 338
457 278 473 320
460 278 477 321
450 281 472 339
452 281 474 341
462 281 451 288
447 284 467 342
450 284 471 342
452 284 474 344
430 288 457 343
434 288 460 343
510 288 492 325
510 291 494 331
444 296 432 314
497 298 453 318
422 301 452 335
427 301 450 318
434 316 456 349
