466 233 452 228
441 236 429 233
438 239 427 235
441 239 429 235
444 239 432 235
438 241 427 237
441 241 430 237
444 241 433 238
446 241 435 238
468 241 457 239
471 241 460 239
403 244 396 243
416 244 406 243
422 244 412 242
427 244 419 241
468 244 457 242
471 244 460 242
408 247 399 246
416 247 406 246
419 247 409 245
449 247 437 242
463 247 452 244
468 247 458 245
411 250 400 249
414 250 403 249
416 250 406 249
468 250 458 249
411 252 402 251
414 252 405 252
452 252 441 247
455 252 446 250
457 252 444 244
411 255 402 254
414 255 408 255
449 255 435 249
463 255 455 252
414 258 408 257
416 258 411 257
449 258 435 252
460 258 452 255
416 261 411 261
389 263 382 262
394 263 386 262
460 263 451 258
466 263 455 257
383 266 377 265
386 266 380 265
389 266 383 265
392 266 386 265
463 266 453 261
466 266 455 260
386 269 380 268
416 269 408 263
452 272 435 263
455 272 438 264
405 274 399 272
449 274 432 266
455 274 438 265
389 291 385 293
392 296 388 298
474 296 470 290
392 299 388 301
449 302 444 296
394 307 391 309
455 310 449 302
457 310 453 301
460 310 457 298
485 310 479 298
455 313 449 304
457 313 452 304
488 313 482 299
455 315 449 306
460 315 455 305
405 318 402 315
411 318 408 315
457 318 451 308
485 318 479 306
455 321 448 312
457 321 451 310
482 321 476 310
485 321 480 309
408 324 405 320
414 324 407 321
455 324 449 314
460 324 454 313
463 324 457 313
474 324 465 309
482 324 477 312
485 324 481 313
394 326 383 326
397 326 387 326
400 326 394 321
403 326 394 326
427 326 429 318
455 326 449 317
457 326 452 316
474 326 466 313
479 326 473 315
485 326 481 315
397 329 388 328
400 329 391 328
444 329 441 323
471 329 462 317
474 329 465 318
485 329 481 318
397 332 387 332
416 332 419 329
446 332 443 326
389 335 380 334
392 335 383 333
394 335 385 334
416 335 419 332
446 335 444 329
449 335 446 329
411 337 413 337
414 337 411 337
446 337 441 337
