59 129 28 61
111 129 81 52
59 146 32 80
77 146 48 77
111 146 83 73
146 146 121 67
424 146 418 32
476 146 461 44
458 163 446 75
406 198 396 105
371 215 362 134
389 215 381 130
406 215 399 127
441 215 431 133
458 215 450 131
354 233 344 156
371 233 362 154
389 233 381 151
406 233 400 148
476 233 476 137
319 250 307 182
337 250 326 179
354 250 345 178
371 250 363 174
389 250 382 172
406 250 401 170
424 250 420 168
458 250 458 164
476 250 479 161
493 250 497 158
302 267 292 204
319 267 308 202
337 267 327 199
354 267 345 198
371 267 363 194
389 267 381 192
406 267 401 191
424 267 421 189
458 267 459 184
476 267 477 181
493 267 498 179
510 267 517 177
302 285 295 222
319 285 310 222
337 285 328 218
354 285 346 217
371 285 364 215
389 285 382 212
406 285 401 210
424 285 421 208
441 285 440 206
458 285 459 203
476 285 477 202
493 285 497 200
510 285 516 195
285 302 284 234
302 302 297 237
319 302 314 240
337 302 330 237
371 302 365 236
389 302 383 233
406 302 402 231
424 302 421 229
441 302 440 227
458 302 458 225
476 302 476 222
493 302 496 221
302 319 301 254
319 319 316 253
337 319 335 255
354 319 349 255
371 319 366 253
389 319 384 252
406 319 402 251
424 319 420 249
441 319 440 246
458 319 459 245
476 319 477 242
493 319 497 238
198 337 213 278
215 337 226 273
233 337 244 270
302 337 304 270
319 337 319 270
337 337 334 272
354 337 352 273
371 337 369 270
389 337 387 269
406 337 404 269
424 337 421 267
441 337 440 265
458 337 459 263
476 337 478 260
493 337 498 256
528 337 537 246
250 354 266 279
267 354 285 276
319 354 322 287
337 354 338 289
354 354 356 286
371 354 373 285
389 354 390 285
406 354 406 285
424 354 423 285
441 354 441 284
458 354 459 281
476 354 479 279
493 354 499 272
510 354 521 268
528 354 539 266
545 354 557 264
250 371 270 292
267 371 288 292
337 371 342 305
354 371 360 302
371 371 374 301
406 371 410 299
424 371 427 299
441 371 443 299
476 371 480 294
493 371 501 289
510 371 521 285
528 371 539 284
545 371 556 282
250 389 273 311
267 389 289 313
406 389 414 314
424 389 430 314
441 389 447 314
458 389 462 315
510 389 522 303
528 389 541 300
285 406 307 329
441 406 448 328
458 406 462 330
545 406 559 313
354 424 374 339
476 424 482 344
510 424 525 330
545 424 559 331
562 424 575 327
198 441 234 366
302 441 326 358
319 441 345 355
371 441 393 353
406 441 422 353
441 441 452 352
528 441 541 350
545 441 557 349
562 441 575 346
389 458 411 366
510 458 528 357
528 458 539 365
545 458 558 366
562 458 575 364
