389 181 352 6
389 198 352 21
406 198 368 19
441 198 408 17
458 198 430 18
493 198 482 19
510 198 502 16
528 198 521 15
545 198 541 17
562 198 569 16
580 198 588 9
597 198 612 11
371 215 326 48
389 215 347 46
406 215 369 45
424 215 394 52
441 215 410 42
458 215 431 40
493 215 483 40
510 215 506 38
528 215 523 37
562 215 567 35
580 215 590 31
597 215 612 30
354 233 303 74
371 233 327 72
389 233 348 70
406 233 372 70
441 233 414 67
458 233 435 63
476 233 456 61
510 233 505 62
528 233 524 63
545 233 545 60
562 233 565 57
580 233 588 52
597 233 613 46
302 250 266 87
319 250 258 101
337 250 280 97
354 250 305 97
371 250 327 95
389 250 349 94
406 250 372 91
424 250 394 90
458 250 436 87
476 250 457 85
493 250 480 85
510 250 501 84
528 250 524 82
545 250 544 79
562 250 563 79
580 250 593 67
597 250 607 80
285 267 242 105
302 267 239 123
319 267 261 123
337 267 282 121
354 267 306 119
371 267 327 117
389 267 349 117
406 267 373 115
424 267 396 114
441 267 417 112
458 267 437 110
476 267 457 107
493 267 481 107
510 267 502 106
545 267 545 99
562 267 565 99
580 267 593 83
267 285 206 152
285 285 226 146
302 285 244 146
319 285 268 147
337 285 286 145
354 285 307 141
371 285 329 139
389 285 351 138
406 285 372 137
424 285 394 136
441 285 416 135
458 285 438 133
476 285 458 132
493 285 479 130
510 285 502 126
528 285 524 121
545 285 542 119
562 285 566 117
580 285 591 102
233 302 173 173
285 302 231 165
302 302 250 168
319 302 269 167
337 302 289 165
354 302 308 165
371 302 330 164
389 302 352 162
406 302 375 160
424 302 397 160
441 302 416 156
458 302 437 156
476 302 458 154
493 302 480 153
528 302 522 141
545 302 544 138
562 302 566 136
580 302 583 138
215 319 158 194
233 319 185 190
250 319 202 188
267 319 221 186
285 319 239 184
302 319 256 187
319 319 273 186
337 319 292 185
354 319 310 186
371 319 332 185
389 319 353 183
406 319 373 182
424 319 396 181
441 319 416 178
458 319 438 177
476 319 459 175
493 319 482 172
510 319 503 169
528 319 523 164
545 319 543 163
562 319 566 154
198 337 151 217
215 337 168 211
233 337 190 205
267 337 229 203
285 337 243 204
302 337 259 205
319 337 276 205
337 337 295 207
354 337 314 206
371 337 335 204
389 337 354 202
406 337 376 202
424 337 397 201
441 337 417 199
458 337 438 198
476 337 460 196
493 337 480 193
510 337 500 189
545 337 544 181
562 337 564 178
267 354 238 222
302 354 262 226
319 354 279 224
337 354 299 225
354 354 317 224
371 354 337 222
389 354 356 221
406 354 377 222
424 354 398 222
441 354 418 221
458 354 439 219
476 354 461 217
493 354 481 212
510 354 500 210
528 354 521 207
545 354 540 206
250 371 221 239
267 371 241 238
285 371 257 241
337 371 302 245
354 371 321 242
371 371 340 241
389 371 359 239
406 371 381 241
424 371 400 240
441 371 419 239
458 371 438 238
493 371 481 231
510 371 501 228
528 371 522 226
545 371 540 224
250 389 224 259
285 389 263 261
337 389 305 262
354 389 324 259
371 389 348 258
389 389 367 258
406 389 383 256
424 389 402 258
441 389 422 257
458 389 441 257
493 389 482 247
510 389 501 246
528 389 520 245
215 406 207 262
250 406 227 276
285 406 263 276
302 406 284 274
337 406 317 275
354 406 335 274
371 406 352 273
406 406 387 273
441 406 424 273
458 406 440 272
476 406 461 273
493 406 483 264
510 406 503 262
528 406 516 272
545 406 537 265
562 406 555 258
198 424 190 280
215 424 196 293
233 424 225 294
267 424 250 293
285 424 265 297
302 424 286 291
319 424 303 289
337 424 320 289
354 424 337 289
371 424 355 288
389 424 372 287
406 424 390 288
424 424 407 288
441 424 424 289
458 424 443 289
476 424 462 289
493 424 480 283
510 424 502 278
545 424 536 284
562 424 555 276
580 424 573 267
198 441 178 320
215 441 209 316
233 441 229 316
250 441 248 317
302 441 286 309
319 441 305 305
337 441 324 303
354 441 342 302
371 441 358 305
389 441 375 302
406 441 392 303
441 441 426 303
458 441 445 308
476 441 463 307
493 441 484 299
545 441 537 297
580 441 573 280
181 458 164 339
198 458 197 339
233 458 233 338
250 458 253 336
267 458 264 332
302 458 291 333
319 458 305 329
337 458 326 325
354 458 344 320
424 458 411 318
476 458 466 321
493 458 481 313
528 458 517 322
545 458 537 317
562 458 556 312
580 458 574 300
198 476 214 370
233 476 236 353
250 476 254 353
267 476 268 353
285 476 284 352
389 476 379 331
406 476 397 330
528 476 516 341
545 476 536 334
