493 111 496 135
493 129 496 152
510 129 512 152
528 129 532 150
545 129 549 150
562 129 566 151
580 129 583 150
597 129 601 150
614 129 618 150
476 146 479 167
493 146 496 168
510 146 512 168
528 146 532 166
545 146 549 166
562 146 568 166
580 146 585 166
597 146 601 167
614 146 619 168
632 146 635 167
649 146 652 166
476 163 479 185
493 163 496 185
510 163 513 185
597 163 601 183
614 163 619 183
632 163 634 184
649 163 651 183
476 181 479 202
493 181 496 201
510 181 513 201
580 181 585 201
597 181 601 199
614 181 617 200
632 181 634 201
649 181 651 201
476 198 479 219
493 198 496 218
510 198 513 219
632 198 636 218
649 198 651 217
458 215 463 236
493 215 497 235
510 215 514 236
545 215 548 235
562 215 566 235
580 215 583 235
597 215 602 235
614 215 621 234
632 215 637 234
649 215 651 233
406 233 410 254
424 233 427 253
441 233 445 253
458 233 462 253
476 233 480 253
493 233 496 253
510 233 514 253
528 233 531 253
545 233 548 252
562 233 565 252
580 233 583 252
597 233 601 252
614 233 618 249
632 233 633 250
649 233 652 251
371 250 377 270
389 250 395 271
406 250 411 270
424 250 428 270
441 250 445 270
458 250 462 270
476 250 479 270
493 250 497 270
510 250 514 270
545 250 547 270
562 250 565 269
580 250 583 269
614 250 620 269
632 250 637 269
649 250 652 268
666 250 670 270
371 267 378 288
389 267 395 287
406 267 412 287
424 267 428 286
441 267 445 287
458 267 462 287
476 267 479 287
493 267 497 287
510 267 514 287
528 267 531 287
545 267 548 287
562 267 565 287
580 267 583 287
614 267 621 287
632 267 639 286
649 267 653 287
354 285 361 304
371 285 378 304
389 285 394 305
406 285 412 304
424 285 428 303
441 285 445 304
458 285 463 304
476 285 479 304
493 285 497 304
510 285 513 304
528 285 531 304
545 285 547 304
562 285 565 304
580 285 583 304
597 285 601 304
614 285 618 305
632 285 637 305
649 285 653 305
25 302 38 323
354 302 361 320
371 302 377 321
389 302 395 322
406 302 411 321
424 302 428 320
441 302 445 321
458 302 463 322
476 302 479 321
493 302 496 321
510 302 513 320
528 302 529 319
545 302 547 321
562 302 564 321
580 302 583 322
597 302 601 322
614 302 617 321
632 302 635 321
649 302 654 323
337 319 344 339
354 319 361 339
371 319 377 340
389 319 394 338
406 319 412 339
424 319 428 338
441 319 445 338
458 319 464 339
476 319 481 339
493 319 497 338
510 319 514 339
528 319 531 337
545 319 548 338
562 319 565 339
597 319 601 338
614 319 618 338
632 319 635 338
649 319 654 338
302 337 309 356
319 337 326 357
337 337 343 357
354 337 361 356
371 337 378 356
406 337 411 356
424 337 428 356
441 337 445 354
458 337 463 355
476 337 480 356
493 337 497 356
510 337 513 356
528 337 532 355
545 337 548 354
562 337 566 356
597 337 601 356
614 337 618 355
632 337 635 355
649 337 654 355
319 354 326 373
337 354 343 374
354 354 361 374
371 354 378 373
389 354 395 373
424 354 428 373
441 354 446 373
458 354 462 373
476 354 480 373
493 354 497 372
510 354 514 372
528 354 532 372
545 354 549 373
562 354 565 372
597 354 601 374
614 354 619 372
632 354 636 372
649 354 654 373
354 371 360 392
371 371 377 391
389 371 396 391
406 371 412 391
424 371 428 391
441 371 446 391
458 371 463 390
476 371 480 390
493 371 497 390
510 371 515 390
528 371 532 391
545 371 549 389
562 371 565 390
597 371 602 391
614 371 619 391
632 371 637 390
666 371 671 391
684 371 689 391
701 371 707 390
354 389 361 410
371 389 378 409
406 389 412 409
424 389 430 408
441 389 446 407
458 389 463 408
476 389 480 408
493 389 497 407
510 389 515 408
528 389 532 409
545 389 548 409
562 389 566 407
597 389 602 409
614 389 619 408
632 389 637 408
684 389 689 408
701 389 705 406
371 406 377 426
389 406 393 426
406 406 412 425
424 406 428 424
441 406 446 425
458 406 463 425
476 406 481 426
493 406 498 426
510 406 515 426
528 406 532 426
545 406 550 426
562 406 567 426
580 406 585 426
597 406 603 426
614 406 621 425
632 406 638 426
649 406 654 424
666 406 670 425
684 406 689 426
701 406 707 426
354 424 360 443
371 424 377 443
389 424 392 440
406 424 410 441
424 424 428 442
441 424 446 444
458 424 463 443
476 424 481 444
493 424 498 443
510 424 515 443
528 424 533 443
545 424 550 443
562 424 568 445
580 424 587 442
597 424 603 443
614 424 620 444
632 424 637 444
649 424 653 443
666 424 671 443
684 424 689 444
701 424 705 443
337 441 340 463
354 441 357 462
406 441 407 455
424 441 427 458
441 441 446 461
458 441 463 461
476 441 481 461
493 441 499 461
510 441 516 461
528 441 533 460
562 441 572 460
580 441 592 461
614 441 621 461
632 441 637 462
649 441 654 461
666 441 671 460
684 441 688 460
701 441 706 461
319 458 325 478
371 458 375 458
441 458 445 477
458 458 464 479
476 458 481 478
493 458 497 476
510 458 513 475
528 458 532 479
545 458 552 477
649 458 653 477
666 458 668 477
684 458 685 476
701 458 704 474
718 458 724 476
319 476 336 476
337 476 351 476
371 476 378 476
389 476 393 477
580 476 578 474
597 476 596 474
614 476 614 474
632 476 629 475
