493 129 624 161
493 163 622 197
510 163 641 197
493 181 621 214
510 181 639 214
476 198 603 228
632 198 806 249
562 215 709 257
441 233 565 264
458 233 583 264
476 233 600 266
493 233 620 268
510 233 639 268
528 233 658 269
545 233 676 270
562 233 698 273
580 233 723 275
406 250 527 276
424 250 545 278
441 250 561 278
458 250 579 280
476 250 596 282
493 250 614 283
510 250 634 285
545 250 673 288
562 250 695 290
389 267 509 292
406 267 525 292
424 267 540 292
441 267 557 294
458 267 575 295
476 267 593 298
493 267 612 299
510 267 629 300
528 267 649 303
545 267 670 306
562 267 692 309
371 285 492 306
389 285 508 308
406 285 523 308
424 285 538 309
441 285 556 312
476 285 589 313
510 285 625 316
528 285 647 321
545 285 667 323
562 285 688 326
354 302 475 324
389 302 507 324
406 302 521 325
441 302 554 328
458 302 573 330
476 302 590 332
528 302 643 336
545 302 665 341
562 302 687 344
580 302 710 346
597 302 739 354
614 302 760 355
632 302 786 358
371 319 491 341
406 319 521 342
424 319 536 343
441 319 554 346
458 319 573 349
476 319 590 350
493 319 605 351
510 319 626 353
528 319 644 354
562 319 686 362
597 319 741 376
632 319 783 379
319 337 444 350
354 337 475 354
424 337 534 361
441 337 551 361
458 337 570 366
476 337 589 368
493 337 606 371
510 337 624 373
528 337 643 374
545 337 661 375
562 337 680 378
597 337 740 395
614 337 761 396
632 337 785 400
424 354 534 378
441 354 552 382
458 354 569 384
476 354 588 387
493 354 606 389
510 354 624 391
528 354 642 394
545 354 660 395
597 354 739 414
614 354 759 417
632 354 785 422
371 371 487 393
406 371 520 398
424 371 536 399
441 371 552 401
458 371 569 403
476 371 587 406
493 371 605 409
510 371 623 411
528 371 641 413
545 371 660 414
562 371 678 417
614 371 759 438
371 389 487 413
389 389 502 416
406 389 519 417
424 389 535 417
441 389 552 419
458 389 569 422
476 389 587 426
493 389 605 427
510 389 624 431
528 389 642 434
545 389 658 431
389 406 501 430
441 406 551 438
476 406 587 445
493 406 604 447
510 406 623 450
528 406 641 452
545 406 663 459
354 424 462 443
371 424 482 443
389 424 497 445
406 424 514 450
424 424 533 454
441 424 550 458
458 424 568 460
476 424 586 462
493 424 604 467
510 424 622 468
424 441 531 471
441 441 548 474
458 441 566 478
337 458 443 468
354 458 460 466
