531 199 531 200
528 202 528 204
568 202 549 206
573 202 562 203
528 211 528 214
565 213 562 254
568 213 564 254
528 216 528 228
593 219 588 218
593 222 588 221
528 225 528 234
568 225 573 260
593 225 590 224
599 225 596 223
593 227 590 226
596 227 593 226
599 227 596 226
534 230 532 222
596 230 593 230
602 230 601 227
604 230 605 227
596 233 593 233
602 233 602 230
604 233 605 230
556 236 538 245
565 236 557 232
602 236 605 235
559 239 533 240
599 239 602 238
602 239 607 238
607 239 613 238
599 242 602 241
602 242 607 242
604 242 610 241
596 244 605 244
599 244 607 244
604 244 611 244
607 244 614 244
610 244 616 244
573 247 544 246
596 247 605 246
607 247 613 247
610 247 616 247
613 247 619 247
604 250 611 250
610 250 616 249
613 250 618 250
616 250 621 250
613 253 618 252
616 253 621 252
573 256 558 266
576 256 561 266
593 256 601 256
610 256 616 255
616 256 619 255
619 256 622 255
621 256 627 255
624 256 630 256
579 258 564 269
602 258 607 258
607 258 613 258
610 258 616 258
616 258 618 258
619 258 620 258
633 258 636 259
576 261 566 274
599 261 598 258
624 261 626 260
627 261 630 261
633 261 636 261
635 261 639 262
641 261 641 262
621 264 621 263
624 264 627 264
627 264 630 264
630 264 633 264
633 264 636 264
635 264 639 265
641 264 641 265
559 267 546 277
562 267 553 278
579 267 581 272
616 267 615 267
621 267 623 267
624 267 627 267
635 267 636 268
641 267 642 268
565 270 555 280
568 270 560 280
607 270 610 268
613 270 613 268
619 270 621 269
621 270 624 270
627 270 627 270
630 270 630 270
633 270 633 270
635 270 636 270
638 270 639 271
641 270 641 271
644 270 644 270
548 273 538 283
551 273 540 283
568 273 558 283
571 273 561 283
576 273 570 278
613 273 612 270
627 273 627 272
630 273 630 272
633 273 633 273
635 273 636 273
641 273 642 274
644 273 644 274
647 273 647 274
551 275 541 285
588 275 583 281
610 275 609 273
613 275 613 273
616 275 616 273
619 275 619 274
630 275 630 276
633 275 633 276
635 275 636 276
641 275 642 276
644 275 644 277
647 275 647 277
576 278 569 284
579 278 572 283
582 278 575 283
585 278 578 283
588 278 581 281
610 278 609 276
613 278 612 276
619 278 618 277
635 278 632 282
638 278 637 279
641 278 640 279
644 278 643 279
647 278 647 280
554 281 546 289
556 281 549 289
568 281 560 286
571 281 563 286
573 281 566 286
576 281 568 286
579 281 572 286
582 281 574 286
585 281 577 286
588 281 581 284
610 281 610 279
638 281 637 281
641 281 640 282
644 281 644 282
647 281 647 283
556 284 549 292
571 284 563 289
573 284 566 289
576 284 569 289
579 284 571 289
588 284 581 287
590 284 584 284
621 284 621 282
624 284 626 283
627 284 629 283
638 284 635 285
641 284 638 284
647 284 646 285
571 287 564 291
573 287 567 291
585 287 577 290
588 287 581 290
590 287 585 289
593 287 588 287
596 287 591 286
602 287 597 286
621 287 623 284
624 287 626 285
630 287 629 285
641 287 638 287
644 287 642 287
556 290 554 300
559 290 554 297
568 290 562 295
571 290 565 295
576 290 569 292
579 290 572 292
585 290 580 292
588 290 583 292
590 290 585 292
593 290 588 290
596 290 591 290
599 290 594 289
602 290 597 289
607 290 601 285
616 290 626 294
619 290 618 288
621 290 621 288
624 290 627 287
630 290 629 288
647 290 646 288
554 292 546 300
556 292 549 300
565 292 560 298
568 292 563 298
571 292 565 298
576 292 571 294
585 292 580 295
590 292 585 295
593 292 588 293
596 292 591 293
599 292 594 293
602 292 597 293
604 292 600 292
621 292 621 291
630 292 629 291
641 292 639 292
644 292 641 292
647 292 646 293
554 295 549 303
559 295 557 304
562 295 560 304
565 295 560 300
573 295 568 297
576 295 571 297
593 295 588 296
596 295 591 296
599 295 594 296
602 295 597 295
604 295 600 295
616 295 615 296
619 295 615 294
621 295 617 294
624 295 620 294
627 295 624 293
641 295 638 295
644 295 641 295
647 295 646 296
562 298 560 306
571 298 567 301
573 298 570 301
576 298 572 300
579 298 575 300
582 298 578 300
585 298 581 301
588 298 583 300
590 298 586 298
593 298 589 298
599 298 594 299
602 298 597 299
604 298 600 298
607 298 603 298
610 298 605 298
613 298 608 298
616 298 611 298
621 298 618 297
624 298 621 297
635 298 632 297
638 298 635 297
641 298 637 297
644 298 640 297
647 298 646 300
571 301 566 304
573 301 569 304
576 301 572 303
579 301 575 304
590 301 586 301
593 301 589 301
599 301 595 300
602 301 597 301
604 301 600 301
613 301 608 301
616 301 611 301
619 301 614 301
621 301 617 301
624 301 620 301
633 301 628 300
635 301 632 300
638 301 635 300
641 301 638 300
644 301 640 300
571 304 566 306
582 304 579 304
585 304 581 304
588 304 584 304
590 304 587 303
593 304 589 303
599 304 595 303
613 304 606 304
619 304 614 304
621 304 617 304
624 304 620 304
630 304 626 303
633 304 629 303
635 304 632 303
638 304 635 303
641 304 638 303
644 304 641 303
647 304 646 303
573 306 571 309
576 306 574 307
579 306 577 307
582 306 579 307
585 306 582 307
590 306 588 306
599 306 596 307
624 306 621 307
630 306 625 306
633 306 629 306
635 306 632 306
638 306 635 306
641 306 638 306
644 306 641 306
647 306 647 306
573 309 568 309
576 309 574 312
579 309 577 310
582 309 580 309
585 309 582 309
588 309 585 310
590 309 589 309
593 309 591 309
596 309 593 309
599 309 596 309
602 309 599 309
627 309 623 309
630 309 626 309
633 309 629 309
635 309 632 308
638 309 635 308
641 309 638 309
644 309 641 309
647 309 646 308
582 312 580 312
585 312 583 312
588 312 586 312
590 312 589 312
593 312 591 312
596 312 594 312
599 312 596 312
602 312 599 312
607 312 604 312
613 312 611 313
616 312 614 312
619 312 617 312
627 312 624 312
635 312 632 311
638 312 635 311
644 312 640 311
647 312 643 311
582 315 580 315
585 315 582 315
588 315 586 315
590 315 589 315
593 315 591 316
596 315 594 315
599 315 597 315
602 315 600 315
607 315 604 315
619 315 617 315
624 315 622 315
633 315 629 314
635 315 632 314
641 315 638 315
644 315 640 315
647 315 646 314
