548 205 548 204
545 208 545 207
537 211 533 211
573 211 566 205
576 211 569 204
534 213 531 218
576 213 572 208
548 222 540 248
602 227 600 240
602 230 601 244
542 233 550 222
602 233 601 247
604 233 604 245
562 239 558 267
579 239 590 249
582 239 593 248
607 239 604 251
610 239 608 246
613 239 611 246
576 242 587 253
579 242 590 252
582 242 593 251
585 242 595 251
613 242 611 249
616 242 614 249
534 244 549 278
579 244 590 256
537 247 547 284
607 247 617 262
590 250 600 265
593 250 603 265
596 250 606 265
613 250 624 260
616 250 627 259
621 250 621 251
624 250 624 251
613 253 624 263
616 253 627 263
619 253 631 262
621 253 633 261
565 256 589 279
571 256 598 278
590 256 604 271
593 256 607 270
602 256 613 267
607 256 622 266
616 256 627 267
619 256 631 266
621 256 634 265
624 256 637 264
630 256 631 256
559 258 578 289
613 258 625 272
616 258 628 271
621 258 631 269
630 258 631 260
559 261 578 292
604 261 619 273
610 261 626 275
619 261 629 275
621 261 632 274
579 264 596 287
582 264 600 286
585 264 603 287
588 264 606 287
602 264 608 280
607 264 626 278
638 264 639 262
641 264 642 262
545 267 535 260
559 267 566 292
604 267 617 283
607 267 620 282
638 267 639 265
531 270 531 279
537 270 564 267
588 270 602 293
638 270 640 270
641 270 643 270
644 270 643 267
638 273 641 273
647 273 647 272
534 275 538 282
588 275 601 299
610 275 621 288
613 275 624 287
647 275 647 276
607 278 618 291
630 278 634 292
647 278 647 279
565 284 561 295
604 284 616 294
633 284 638 299
551 287 544 293
565 287 561 297
554 290 545 296
556 290 552 296
559 290 559 299
602 290 603 298
582 292 577 300
635 292 644 303
585 295 579 302
588 295 582 302
590 295 586 301
593 295 590 301
596 295 595 300
616 295 614 303
579 298 573 306
582 298 576 305
585 298 579 305
588 298 582 305
590 298 586 304
593 298 589 304
562 301 559 306
565 301 562 306
579 301 573 308
585 301 579 307
590 301 585 308
593 301 589 306
596 301 593 309
599 301 596 309
602 301 599 309
638 301 633 311
582 304 577 309
588 304 583 307
579 306 575 312
585 306 580 311
588 306 583 310
579 309 575 314
624 309 618 312
576 315 565 315
579 315 569 315
582 315 572 315
585 315 581 316
624 315 600 315
627 315 596 315
