576 202 585 202
554 211 549 210
540 213 581 224
542 213 583 224
556 213 555 211
565 213 548 219
528 216 574 230
545 216 586 227
593 219 602 226
545 230 535 231
588 230 597 235
542 233 544 240
545 233 535 234
607 236 608 223
602 239 617 249
534 242 540 247
540 242 543 245
565 242 550 237
607 242 624 252
540 244 542 249
542 244 545 249
571 244 599 256
599 244 617 255
607 244 624 255
540 247 540 252
542 247 542 251
596 247 614 258
537 250 537 255
540 250 540 255
542 250 548 276
545 250 545 255
585 250 604 263
588 250 608 264
613 250 618 245
616 250 621 246
540 253 539 258
542 253 548 279
585 253 604 265
621 253 616 239
528 256 530 256
537 256 536 260
540 256 539 260
542 256 541 261
548 256 553 280
616 256 620 261
621 256 616 242
624 256 619 242
528 258 530 260
531 258 531 249
537 258 536 263
540 258 538 264
542 258 541 264
573 258 577 280
610 258 617 264
616 258 619 263
619 258 622 264
528 261 529 266
551 261 553 282
610 261 617 266
627 261 628 267
630 261 634 276
635 261 635 265
638 261 637 262
528 264 529 269
554 264 555 285
556 264 558 285
571 264 573 286
582 264 589 283
613 264 609 278
616 264 612 277
627 264 630 278
630 264 633 279
633 264 631 268
528 267 528 272
559 267 561 289
576 267 572 290
582 267 588 285
528 270 528 281
534 270 532 274
568 270 596 283
571 270 564 292
576 270 572 293
582 270 588 290
635 270 638 295
638 270 641 292
531 273 529 278
551 273 544 278
613 273 612 285
551 275 543 281
613 275 611 287
633 275 632 291
551 278 540 285
554 278 544 284
610 278 608 290
647 278 641 294
545 281 538 283
554 281 544 288
556 281 546 287
559 281 550 286
562 281 552 286
630 281 626 294
638 281 631 295
548 284 540 287
556 284 546 290
559 284 549 290
562 284 552 289
604 284 600 298
635 284 629 297
638 284 631 298
647 284 646 302
551 287 543 291
562 287 551 291
565 287 555 292
571 287 560 293
604 287 599 301
607 287 603 301
610 287 604 299
647 287 646 305
548 290 540 296
551 290 542 296
554 290 545 296
556 290 549 297
565 290 555 295
568 290 557 295
571 290 560 295
573 290 562 295
604 290 598 304
607 290 604 305
610 290 608 305
613 290 610 305
638 290 631 303
554 292 543 300
556 292 548 299
559 292 551 299
571 292 559 298
573 292 562 298
576 292 565 298
599 292 590 303
585 295 573 299
590 295 578 302
593 295 581 303
596 295 587 302
562 298 559 309
565 298 563 309
582 298 569 302
599 298 586 307
602 298 591 307
604 298 594 307
573 301 562 304
590 301 578 306
593 301 581 306
604 301 593 310
624 301 610 311
638 301 625 312
641 301 628 312
599 304 587 309
638 304 625 315
599 306 586 312
576 309 566 310
579 309 567 311
582 309 570 311
576 312 566 312
579 312 568 313
585 312 573 313
588 312 576 314
621 312 589 312
624 312 592 312
579 315 564 315
582 315 568 316
619 315 583 315
621 315 589 315
624 315 592 315
630 315 604 315
641 315 637 315
644 315 639 316
