458 42 465 74
476 42 483 73
458 59 466 88
476 59 482 88
510 59 520 88
441 77 451 107
458 77 466 105
476 77 483 105
493 77 502 105
510 77 520 104
528 77 537 104
545 77 557 105
562 77 577 104
580 77 591 104
597 77 605 104
441 94 451 122
458 94 466 122
476 94 484 121
510 94 517 122
528 94 538 122
545 94 554 122
562 94 572 121
580 94 590 121
597 94 609 121
441 111 451 139
458 111 467 137
476 111 483 137
545 111 551 139
562 111 569 138
580 111 587 138
597 111 605 137
614 111 622 138
406 129 418 159
424 129 435 158
441 129 451 155
458 129 467 154
476 129 484 154
528 129 539 154
545 129 556 154
562 129 573 154
597 129 604 154
614 129 622 154
406 146 418 173
424 146 435 173
441 146 451 172
458 146 467 171
476 146 484 171
510 146 524 172
528 146 541 171
562 146 576 171
580 146 591 171
597 146 607 170
614 146 624 170
371 163 384 191
389 163 401 190
406 163 418 189
424 163 435 189
441 163 452 188
510 163 520 188
545 163 557 190
562 163 575 188
580 163 591 187
614 163 624 187
25 181 58 215
42 181 74 215
59 181 91 215
77 181 104 215
319 181 334 211
371 181 384 206
389 181 402 206
406 181 418 206
424 181 436 205
441 181 453 205
458 181 470 205
476 181 485 204
493 181 503 204
510 181 519 202
528 181 538 204
545 181 555 204
562 181 573 204
580 181 590 205
614 181 625 203
25 198 55 233
42 198 72 232
59 198 89 231
77 198 105 231
94 198 122 230
319 198 333 228
337 198 351 223
354 198 368 223
371 198 385 222
389 198 402 222
406 198 419 222
424 198 435 221
441 198 452 221
458 198 468 220
476 198 485 220
493 198 504 220
510 198 520 219
545 198 555 220
562 198 576 224
580 198 592 224
597 198 611 225
614 198 625 224
302 215 318 243
319 215 335 241
337 215 351 240
354 215 367 239
371 215 385 239
389 215 402 238
424 215 436 237
441 215 452 238
458 215 469 237
476 215 486 237
493 215 503 237
545 215 555 238
562 215 576 242
580 215 594 241
597 215 609 241
614 215 627 241
285 233 301 263
302 233 318 260
319 233 336 259
337 233 352 258
354 233 368 256
371 233 384 256
389 233 402 256
406 233 418 255
424 233 436 255
441 233 454 254
458 233 471 255
510 233 520 253
545 233 557 254
562 233 577 257
580 233 593 257
597 233 609 258
302 250 318 275
319 250 335 275
337 250 352 274
354 250 368 274
371 250 385 273
389 250 403 273
406 250 419 273
424 250 436 272
458 250 471 272
493 250 504 270
545 250 557 271
562 250 574 271
580 250 592 270
597 250 611 272
267 267 282 295
285 267 299 294
302 267 318 293
319 267 334 293
337 267 352 292
441 267 453 289
458 267 469 289
476 267 488 290
493 267 504 289
510 267 523 288
528 267 540 287
562 267 575 288
250 285 268 310
267 285 283 310
285 285 300 310
319 285 336 313
337 285 352 310
354 285 368 307
371 285 385 306
389 285 403 308
406 285 421 306
424 285 438 306
493 285 506 307
510 285 524 306
528 285 541 304
545 285 557 304
580 285 593 304
302 302 319 330
319 302 336 330
371 302 386 324
406 302 420 324
424 302 437 324
441 302 454 323
458 302 472 323
476 302 488 322
510 302 525 325
528 302 542 325
545 302 558 322
562 302 577 320
580 302 594 323
302 319 318 346
319 319 334 346
337 319 352 345
354 319 369 343
371 319 386 342
389 319 403 342
406 319 420 343
424 319 438 343
441 319 455 342
458 319 472 341
476 319 489 339
493 319 506 338
510 319 524 342
528 319 541 342
545 319 559 339
562 319 577 342
580 319 595 343
597 319 612 342
614 319 632 340
632 319 648 341
302 337 317 364
319 337 334 363
337 337 352 363
371 337 386 361
389 337 403 360
406 337 421 360
424 337 438 360
441 337 455 359
458 337 473 359
476 337 489 358
493 337 507 360
545 337 560 358
562 337 578 360
580 337 595 360
597 337 612 359
614 337 631 359
632 337 649 358
337 354 353 381
354 354 368 376
371 354 386 379
389 354 404 378
458 354 473 377
476 354 491 377
493 354 509 377
510 354 525 374
528 354 543 377
545 354 562 377
562 354 578 377
597 354 613 377
614 354 631 376
632 354 649 375
649 354 667 376
302 371 319 394
337 371 355 400
354 371 372 398
371 371 387 396
389 371 404 395
406 371 421 394
424 371 439 393
441 371 456 395
458 371 473 395
510 371 526 394
545 371 562 396
562 371 577 396
580 371 596 394
597 371 613 393
632 371 650 392
649 371 667 394
267 389 283 416
285 389 301 409
302 389 319 409
337 389 354 418
371 389 389 414
389 389 404 413
406 389 421 413
424 389 439 413
441 389 457 413
476 389 492 409
493 389 508 415
510 389 527 415
528 389 545 413
545 389 563 413
562 389 579 413
580 389 596 412
614 389 632 408
632 389 649 409
250 406 265 435
319 406 341 423
371 406 393 433
389 406 409 432
406 406 423 431
424 406 440 431
441 406 456 431
458 406 474 431
476 406 491 432
493 406 510 434
510 406 529 432
528 406 546 432
545 406 564 429
562 406 581 429
580 406 597 429
597 406 616 427
614 406 631 426
632 406 650 427
649 406 667 429
250 424 267 454
285 424 305 438
302 424 325 438
319 424 340 442
371 424 394 454
424 424 444 449
441 424 460 448
458 424 475 448
476 424 491 448
493 424 507 450
562 424 582 446
580 424 598 446
614 424 634 443
250 441 269 473
302 441 323 457
319 441 338 458
337 441 356 455
406 441 426 460
476 441 491 467
528 441 552 454
545 441 566 459
597 441 618 459
285 458 285 463
389 458 407 476
424 458 442 474
441 458 460 474
458 458 478 475
493 458 514 477
510 458 533 476
528 458 550 473
545 458 567 473
562 458 582 474
580 458 601 474
597 458 618 474
285 476 282 477
302 476 301 478
319 476 340 477
354 476 374 476
