111 25 56 20
129 25 72 22
146 25 93 23
163 25 112 25
181 25 132 27
198 25 148 28
215 25 175 30
250 25 202 32
267 25 228 36
285 25 246 37
302 25 265 39
389 25 365 23
649 25 613 22
129 42 63 38
181 42 132 43
198 42 178 43
267 42 231 57
406 42 383 37
562 42 541 24
250 59 213 77
267 59 229 77
424 59 408 31
441 59 427 29
458 59 446 30
476 59 462 29
614 59 561 106
371 77 349 63
389 77 365 64
406 77 384 67
424 77 407 56
441 77 425 49
458 77 445 50
493 77 472 73
528 77 509 76
597 77 580 75
337 94 303 77
354 94 327 77
371 94 348 79
389 94 366 80
406 94 383 81
510 94 489 89
528 94 506 89
562 94 545 96
337 111 308 92
354 111 330 93
371 111 347 94
389 111 366 95
406 111 384 95
424 111 404 96
441 111 420 97
458 111 439 99
476 111 457 101
493 111 474 102
545 111 525 106
562 111 540 108
319 129 294 107
337 129 311 107
354 129 330 107
371 129 348 110
389 129 367 111
406 129 385 112
424 129 403 113
441 129 420 113
458 129 438 114
476 129 457 115
493 129 474 116
510 129 491 117
528 129 510 118
545 129 527 122
597 129 575 125
614 129 590 124
285 146 252 121
337 146 311 124
354 146 332 124
371 146 349 125
389 146 366 126
406 146 386 127
424 146 404 127
441 146 423 128
458 146 442 130
476 146 457 130
493 146 476 130
510 146 493 132
528 146 511 134
545 146 527 140
562 146 547 149
597 146 558 163
267 163 212 176
285 163 251 139
302 163 272 138
319 163 292 137
337 163 311 138
354 163 330 140
371 163 349 141
389 163 367 142
406 163 386 142
424 163 407 144
441 163 423 144
458 163 442 145
476 163 459 145
493 163 479 146
510 163 496 146
528 163 512 149
614 163 593 161
267 181 231 164
285 181 249 166
302 181 272 156
319 181 291 157
337 181 313 156
354 181 331 155
371 181 350 156
389 181 369 157
406 181 388 158
424 181 407 159
441 181 425 160
458 181 444 161
476 181 462 160
493 181 480 162
510 181 497 163
528 181 512 167
545 181 529 181
614 181 585 180
267 198 227 187
285 198 247 187
302 198 270 180
319 198 288 178
337 198 312 174
354 198 332 173
371 198 352 172
389 198 372 173
406 198 389 173
424 198 408 175
441 198 426 176
458 198 445 176
476 198 463 177
493 198 481 178
510 198 497 181
545 198 525 194
580 198 561 195
597 198 577 197
233 215 179 211
250 215 199 212
267 215 222 210
285 215 238 217
302 215 267 202
319 215 287 201
337 215 308 196
354 215 332 192
371 215 350 191
389 215 371 191
406 215 390 190
424 215 409 192
441 215 428 193
458 215 445 193
476 215 463 194
493 215 482 195
510 215 498 198
528 215 512 201
545 215 527 210
562 215 545 210
580 215 561 211
215 233 165 229
233 233 179 230
250 233 200 230
267 233 218 233
285 233 238 236
302 233 264 217
319 233 287 222
337 233 307 218
354 233 330 214
371 233 350 213
389 233 372 213
406 233 389 212
424 233 410 210
441 233 428 209
458 233 446 210
476 233 465 211
510 233 498 216
528 233 514 220
545 233 529 228
562 233 544 227
580 233 562 226
233 250 179 247
250 250 200 248
285 250 237 254
319 250 285 244
337 250 308 237
354 250 329 236
371 250 348 236
389 250 369 237
406 250 389 235
424 250 407 232
441 250 427 230
458 250 447 228
476 250 466 228
493 250 485 231
545 250 526 246
562 250 542 245
580 250 562 247
285 267 237 271
302 267 256 283
337 267 305 265
354 267 325 259
371 267 347 257
389 267 369 260
406 267 387 259
424 267 406 260
441 267 425 255
458 267 443 252
476 267 468 247
528 267 511 264
545 267 524 266
562 267 540 268
580 267 561 267
597 267 578 270
614 267 597 272
285 285 237 299
302 285 252 299
319 285 266 299
337 285 299 287
354 285 321 283
424 285 401 283
441 285 421 278
458 285 442 276
476 285 465 272
493 285 490 282
545 285 525 288
562 285 540 290
580 285 560 299
597 285 580 284
614 285 597 286
267 302 221 316
285 302 247 317
302 302 269 319
319 302 283 318
337 302 300 317
354 302 317 318
389 302 358 309
406 302 377 308
424 302 398 306
458 302 444 296
476 302 461 297
493 302 481 295
510 302 504 298
580 302 563 317
597 302 580 303
614 302 598 301
250 319 183 358
267 319 219 335
285 319 245 335
302 319 265 334
319 319 285 333
337 319 301 333
354 319 319 335
371 319 336 335
389 319 355 336
406 319 375 332
424 319 396 331
441 319 417 327
458 319 437 323
476 319 459 319
510 319 498 314
528 319 506 330
545 319 524 331
580 319 565 338
597 319 583 318
250 337 196 354
267 337 219 350
285 337 234 354
302 337 255 351
319 337 283 350
337 337 299 355
354 337 321 357
371 337 339 353
389 337 356 353
406 337 371 353
424 337 390 353
441 337 416 352
458 337 435 349
493 337 477 336
510 337 489 341
528 337 509 347
545 337 525 349
562 337 548 351
580 337 566 351
597 337 584 335
614 337 599 349
632 337 617 349
250 354 202 389
267 354 229 390
285 354 236 372
302 354 255 374
319 354 283 373
337 354 297 375
354 354 319 374
371 354 337 372
389 354 359 372
406 354 373 372
424 354 393 373
441 354 412 372
458 354 437 371
476 354 458 367
493 354 477 364
510 354 491 365
528 354 507 367
545 354 525 367
562 354 549 369
614 354 596 367
250 371 199 411
267 371 218 407
285 371 249 404
302 371 253 391
319 371 281 392
337 371 301 393
354 371 316 393
371 371 335 389
389 371 356 388
406 371 373 389
424 371 395 391
441 371 416 392
458 371 436 389
476 371 454 386
493 371 477 385
510 371 493 385
545 371 529 383
597 371 582 374
250 389 200 426
267 389 219 427
285 389 236 422
319 389 282 405
354 389 315 409
371 389 335 409
389 389 355 407
406 389 376 407
424 389 396 409
441 389 415 410
458 389 436 407
476 389 456 403
493 389 476 404
510 389 496 403
528 389 516 395
545 389 533 400
562 389 557 388
597 389 592 391
319 406 281 426
354 406 318 423
371 406 338 429
389 406 356 426
406 406 374 425
424 406 392 425
441 406 419 421
458 406 438 420
476 406 457 417
493 406 474 418
528 406 513 422
545 406 528 421
562 406 558 407
614 406 611 410
302 424 232 444
319 424 249 444
337 424 289 439
371 424 338 454
389 424 356 443
406 424 373 442
424 424 392 442
441 424 418 438
458 424 438 437
580 424 566 420
597 424 592 424
389 441 353 460
406 441 373 459
424 441 404 456
476 441 462 446
493 441 480 443
510 441 498 439
528 441 514 441
441 458 423 460
458 458 442 460
476 458 461 460
493 458 479 458
510 458 507 455
389 476 284 475
406 476 304 475
458 476 442 477
476 476 460 476
493 476 480 475
510 476 506 475
