77 77 50 89
493 77 458 136
510 77 474 135
163 94 141 108
181 94 159 108
493 94 458 151
59 111 37 134
77 111 55 133
94 111 71 131
111 111 90 129
129 111 106 128
163 111 141 126
181 111 158 125
198 111 176 122
146 129 124 148
181 129 159 146
215 129 194 143
233 129 209 142
406 146 380 179
423 146 398 173
476 146 444 195
406 163 382 196
423 163 397 194
476 163 442 208
354 181 334 221
371 181 350 219
389 181 366 217
406 181 383 217
423 181 400 217
510 181 478 205
337 198 319 241
354 198 335 240
371 198 352 240
389 198 367 239
406 198 384 236
423 198 399 235
441 198 416 234
458 198 431 232
493 198 464 230
510 198 478 228
528 198 495 225
545 198 511 224
319 215 305 261
354 215 337 260
371 215 352 260
389 215 368 258
406 215 384 256
423 215 400 255
441 215 416 252
476 215 446 250
493 215 463 249
510 215 476 246
528 215 494 246
545 215 511 243
319 233 304 277
337 233 322 279
354 233 337 278
371 233 353 278
389 233 368 278
406 233 384 276
423 233 400 274
458 233 430 270
476 233 447 270
493 233 463 268
510 233 478 268
528 233 494 265
545 233 511 262
285 250 272 282
337 250 325 294
354 250 338 295
371 250 353 296
389 250 369 295
406 250 385 295
423 250 399 294
458 250 430 290
476 250 446 288
493 250 461 288
510 250 477 287
528 250 494 282
285 267 272 296
319 267 306 303
354 267 339 309
371 267 354 310
389 267 369 310
406 267 385 311
441 267 416 310
458 267 430 308
476 267 446 307
493 267 461 306
510 267 477 303
528 267 493 297
597 267 562 277
215 285 212 315
233 285 230 313
337 285 323 321
354 285 339 325
371 285 356 325
389 285 371 325
406 285 384 324
441 285 416 326
458 285 430 325
476 285 446 324
493 285 461 323
510 285 477 320
528 285 492 316
597 285 559 297
319 302 309 333
337 302 323 335
476 302 447 341
493 302 461 340
528 302 493 331
562 302 527 322
580 302 541 319
267 319 261 338
337 319 326 350
354 319 340 352
371 319 356 352
389 319 369 351
406 319 387 351
423 319 404 351
458 319 431 354
528 319 493 344
545 319 511 338
354 337 340 367
371 337 357 365
389 337 371 363
406 337 388 363
423 337 403 365
458 337 432 365
476 337 449 367
493 337 461 368
562 337 525 352
267 354 265 369
302 354 294 368
319 354 309 367
458 354 432 378
476 354 447 380
493 354 458 377
528 354 496 366
545 354 512 366
562 354 527 365
250 371 252 388
319 371 311 381
337 371 327 381
354 371 342 386
371 371 358 385
389 371 374 386
406 371 388 388
476 371 447 393
493 371 460 394
545 371 512 379
233 389 234 403
371 389 358 398
406 389 389 400
423 389 405 400
510 389 476 405
545 389 513 394
597 389 556 395
614 389 571 392
233 406 234 420
319 406 309 415
389 406 375 414
406 406 391 412
423 406 406 414
476 406 447 417
493 406 463 421
510 406 479 423
597 406 556 411
614 406 571 409
233 423 235 436
250 423 250 438
354 423 344 426
528 423 497 420
580 423 540 428
597 423 553 428
250 441 251 455
337 441 329 442
354 441 345 442
371 441 359 442
389 441 375 441
406 441 392 440
423 441 406 439
510 441 483 435
528 441 498 435
580 441 539 445
597 441 553 444
614 441 569 438
337 458 329 458
354 458 348 458
371 458 362 458
389 458 374 457
406 458 390 456
423 458 407 455
441 458 423 457
510 458 483 453
528 458 498 452
580 458 540 460
597 458 553 459
250 476 255 477
267 476 276 477
337 476 331 475
354 476 347 475
371 476 361 476
389 476 376 476
562 476 522 478
580 476 538 478
614 476 566 474
