476 94 417 173
493 94 434 173
59 111 34 134
94 111 64 129
111 111 81 127
146 129 120 146
458 146 408 212
389 163 349 206
406 163 365 205
424 163 380 202
371 181 335 229
389 181 350 227
406 181 365 225
424 181 381 225
493 181 442 217
337 198 307 255
354 198 322 253
371 198 337 252
389 198 352 249
406 198 366 247
441 198 394 242
476 198 425 239
493 198 440 238
510 198 453 235
528 198 469 230
354 215 324 272
371 215 337 271
389 215 352 268
406 215 367 266
441 215 395 262
458 215 407 260
476 215 423 259
493 215 439 258
510 215 453 254
528 215 469 253
406 233 367 285
441 233 395 281
458 233 409 279
476 233 424 277
493 233 438 276
528 233 466 271
319 250 297 299
354 250 326 303
371 250 338 305
389 250 352 304
406 250 366 304
441 250 394 300
458 250 408 299
476 250 422 296
493 250 436 295
267 267 250 297
319 267 299 310
337 267 315 314
371 267 342 319
389 267 355 318
406 267 368 318
441 267 395 318
458 267 408 316
476 267 423 314
493 267 435 312
528 267 462 304
233 285 229 314
354 285 325 331
371 285 342 331
389 285 355 331
406 285 368 330
441 285 395 331
458 285 408 332
476 285 422 330
493 285 436 329
597 285 529 292
458 302 410 347
476 302 422 346
545 302 482 318
580 302 508 315
406 319 370 349
510 319 446 349
545 319 480 332
562 319 495 332
580 319 510 333
285 337 271 337
458 337 410 361
476 337 424 365
545 337 481 344
562 337 494 344
580 337 511 343
285 354 274 354
250 371 251 373
285 371 273 370
302 371 290 368
458 371 412 385
476 371 425 386
545 371 484 365
580 371 512 364
233 389 234 388
302 389 289 384
389 389 360 385
510 389 448 401
597 389 521 381
614 389 536 378
337 406 321 397
406 406 376 396
424 406 390 396
458 406 410 402
597 406 520 395
614 406 534 393
354 424 337 407
580 424 504 414
597 424 518 412
319 441 305 426
337 441 325 423
354 441 340 423
389 441 362 418
406 441 379 417
319 458 309 441
337 458 326 440
354 458 342 437
406 458 377 432
424 458 391 430
