528 129 586 132
528 146 581 149
597 146 661 153
614 146 680 155
649 146 716 156
545 163 604 169
632 163 701 174
510 181 564 184
528 181 582 186
545 181 600 186
684 181 759 198
528 198 580 203
545 198 600 204
666 198 734 212
684 198 755 214
684 215 753 232
493 233 543 238
580 233 639 243
701 233 774 252
476 250 524 254
493 250 543 254
510 250 560 255
545 250 595 257
580 250 633 259
597 250 652 260
614 250 672 262
441 267 488 268
458 267 506 270
476 267 522 270
493 267 542 272
510 267 558 273
528 267 578 274
580 267 633 278
597 267 651 278
614 267 672 280
632 267 690 283
684 267 747 287
701 267 771 290
406 285 454 286
424 285 470 284
441 285 487 285
458 285 503 286
476 285 523 287
493 285 541 290
510 285 558 290
528 285 576 291
545 285 594 292
562 285 613 294
580 285 631 295
614 285 670 297
632 285 689 300
406 302 453 302
441 302 485 302
458 302 503 305
476 302 521 305
493 302 539 306
510 302 556 307
528 302 574 309
545 302 591 309
562 302 612 312
580 302 630 312
597 302 648 314
649 302 707 321
666 302 729 323
406 319 451 319
424 319 467 319
441 319 486 321
458 319 502 322
476 319 520 323
493 319 538 324
510 319 555 324
528 319 575 326
545 319 593 329
562 319 609 329
597 319 647 332
614 319 666 333
649 319 706 336
666 319 725 338
684 319 750 340
701 319 767 343
406 337 449 335
441 337 483 337
458 337 502 339
476 337 521 341
493 337 539 342
510 337 554 342
528 337 572 345
545 337 591 345
597 337 646 350
632 337 687 353
649 337 703 355
666 337 723 356
684 337 747 359
354 354 399 349
371 354 414 350
458 354 501 355
476 354 518 357
493 354 537 359
510 354 555 361
528 354 573 362
545 354 589 363
562 354 609 365
580 354 627 367
649 354 704 374
666 354 721 374
701 354 765 381
406 371 448 371
458 371 499 373
493 371 535 377
510 371 554 379
528 371 572 380
545 371 589 380
580 371 626 385
597 371 644 385
632 371 684 393
649 371 704 392
666 371 721 394
701 371 764 398
441 389 481 390
458 389 498 392
476 389 516 394
493 389 534 395
510 389 551 396
545 389 588 399
562 389 606 402
580 389 625 404
632 389 684 408
649 389 703 411
458 406 498 411
476 406 515 410
493 406 533 413
510 406 551 414
528 406 569 416
545 406 588 418
562 406 606 420
580 406 624 422
614 406 662 427
666 406 721 430
718 406 784 438
458 424 497 430
476 424 515 429
493 424 532 430
510 424 550 433
528 424 568 434
545 424 587 436
562 424 602 436
580 424 623 440
614 424 663 445
649 424 699 447
701 424 763 455
718 424 783 456
736 424 800 458
424 441 462 446
458 441 496 446
476 441 513 446
493 441 531 449
510 441 548 449
528 441 567 451
545 441 586 454
580 441 622 459
614 441 664 462
649 441 697 465
684 441 738 469
701 441 763 469
718 441 781 473
371 458 408 453
389 458 428 454
493 458 530 467
528 458 566 470
545 458 584 472
597 458 643 477
371 476 409 473
