649 181 645 187
666 181 663 188
649 198 645 205
666 198 663 205
684 198 681 204
701 198 698 204
718 198 715 205
736 198 732 204
753 198 750 205
770 198 769 206
805 198 804 206
632 215 628 220
649 215 645 221
666 215 663 222
684 215 680 222
701 215 699 222
718 215 715 221
736 215 733 221
753 215 751 222
770 215 767 222
788 215 784 222
805 215 804 221
632 233 628 238
649 233 645 239
666 233 662 239
684 233 681 239
770 233 768 240
788 233 784 240
805 233 803 239
632 250 628 256
649 250 644 256
666 250 662 255
684 250 679 255
805 250 803 257
614 267 613 272
632 267 628 273
649 267 644 273
666 267 662 272
753 267 749 272
770 267 769 273
788 267 785 274
805 267 805 275
562 285 561 290
580 285 577 290
597 285 594 290
614 285 611 290
632 285 628 290
649 285 645 290
666 285 663 290
684 285 679 290
718 285 716 290
753 285 750 290
770 285 766 290
788 285 788 290
805 285 803 291
528 302 525 307
545 302 541 308
562 302 558 307
580 302 575 307
597 302 592 308
614 302 610 307
632 302 627 307
649 302 645 307
666 302 661 307
684 302 679 308
718 302 714 308
736 302 731 308
753 302 748 308
770 302 764 308
805 302 801 308
510 319 507 324
528 319 524 323
545 319 541 323
562 319 558 324
580 319 575 323
597 319 593 324
614 319 611 325
632 319 627 324
649 319 645 324
666 319 661 324
684 319 678 324
701 319 696 325
718 319 714 326
736 319 730 325
753 319 747 324
770 319 765 325
493 337 491 341
510 337 508 341
528 337 524 342
545 337 541 341
562 337 558 341
580 337 577 341
597 337 593 341
614 337 610 341
632 337 627 342
649 337 644 341
666 337 661 342
684 337 679 342
701 337 696 342
718 337 714 342
736 337 731 342
753 337 748 342
770 337 764 342
788 337 783 342
805 337 802 344
476 354 472 359
493 354 489 359
510 354 508 358
528 354 524 359
545 354 540 359
562 354 558 360
580 354 577 360
597 354 594 359
614 354 610 359
632 354 627 358
649 354 644 359
666 354 661 359
684 354 679 359
701 354 696 359
718 354 713 359
753 354 747 359
770 354 765 359
788 354 783 360
805 354 803 361
458 371 456 376
476 371 473 376
493 371 489 377
510 371 508 377
545 371 539 376
562 371 559 376
580 371 577 377
597 371 593 377
614 371 609 376
632 371 627 376
649 371 644 376
666 371 661 376
684 371 679 377
701 371 696 377
718 371 713 377
736 371 730 377
753 371 748 377
788 371 783 377
805 371 804 378
493 389 489 393
510 389 508 393
528 389 524 393
545 389 541 393
562 389 559 393
580 389 575 393
597 389 592 393
614 389 609 393
632 389 628 394
649 389 644 394
666 389 662 394
684 389 679 395
701 389 696 394
718 389 713 394
736 389 730 394
753 389 748 394
770 389 765 394
788 389 782 395
805 389 800 394
94 406 88 411
111 406 106 411
129 406 122 411
493 406 489 411
510 406 507 411
528 406 525 411
580 406 575 410
597 406 592 410
614 406 610 409
632 406 628 412
649 406 644 411
666 406 661 411
684 406 680 412
701 406 696 412
736 406 731 411
753 406 748 412
770 406 767 412
788 406 782 412
805 406 799 411
493 424 490 428
510 424 507 428
545 424 541 428
562 424 558 428
580 424 575 427
597 424 593 428
614 424 610 428
632 424 629 428
649 424 645 428
666 424 661 428
684 424 680 430
701 424 697 431
718 424 713 429
736 424 731 429
770 424 767 429
788 424 783 429
805 424 799 428
42 441 41 442
59 441 58 442
77 441 74 443
94 441 91 443
493 441 490 445
510 441 506 446
528 441 524 446
545 441 541 446
562 441 559 445
580 441 575 445
597 441 593 445
614 441 610 445
632 441 627 445
649 441 645 445
666 441 662 445
684 441 678 447
701 441 696 446
718 441 713 445
736 441 731 446
770 441 766 444
788 441 781 446
805 441 799 446
42 458 39 460
59 458 55 461
94 458 92 460
111 458 109 460
129 458 125 460
146 458 143 459
476 458 472 463
493 458 491 463
510 458 506 462
528 458 524 462
545 458 541 461
562 458 558 464
580 458 576 463
597 458 593 463
614 458 609 463
632 458 627 463
649 458 644 463
666 458 661 463
684 458 678 462
701 458 696 463
736 458 731 463
770 458 765 460
788 458 782 459
805 458 801 459
59 476 54 477
77 476 71 477
94 476 90 478
111 476 107 476
129 476 127 476
146 476 146 476
458 476 458 476
476 476 475 477
493 476 492 477
510 476 505 477
528 476 524 477
545 476 539 476
562 476 560 476
580 476 576 478
597 476 593 478
614 476 609 477
632 476 627 479
649 476 644 479
684 476 680 479
701 476 696 478
736 476 732 479
770 476 764 476
788 476 783 477
805 476 800 476
