503 217 504 217
511 217 518 217
461 219 452 220
464 219 450 219
482 219 471 227
503 219 506 221
506 219 509 222
509 219 513 222
430 222 430 223
469 222 458 224
474 222 480 223
477 222 483 223
482 222 472 230
506 222 510 225
530 222 527 270
535 222 536 247
538 222 538 248
430 224 430 226
445 224 448 226
469 224 457 226
474 224 480 225
477 224 483 226
480 224 486 227
519 224 510 249
535 224 535 250
538 224 538 251
437 227 442 226
443 227 445 227
453 227 480 239
472 227 476 228
474 227 479 228
480 227 485 230
519 227 509 252
535 227 535 253
538 227 538 254
435 230 438 255
440 230 441 229
485 230 472 247
488 230 475 248
535 230 534 256
440 232 444 230
482 232 468 249
485 232 471 250
509 232 492 253
511 232 496 254
535 232 534 291
437 235 441 232
440 235 443 233
443 235 446 233
451 235 457 243
480 235 464 251
482 235 468 251
485 235 470 252
493 235 480 252
496 235 484 252
501 235 487 254
509 235 492 256
511 235 495 256
527 235 507 259
533 235 513 260
435 238 437 235
437 238 440 235
440 238 442 236
461 238 487 241
488 238 473 254
496 238 483 255
498 238 486 256
501 238 488 257
509 238 492 258
511 238 494 259
514 238 498 259
519 238 501 260
525 238 506 261
527 238 509 262
472 240 457 253
480 240 466 256
482 240 469 256
488 240 472 257
490 240 476 258
498 240 485 259
503 240 488 260
506 240 490 261
511 240 494 261
514 240 497 262
519 240 500 263
522 240 503 263
525 240 505 264
469 243 454 255
472 243 457 256
477 243 463 258
480 243 466 258
482 243 468 259
485 243 472 259
488 243 475 261
490 243 478 258
493 243 480 258
503 243 487 264
506 243 489 263
511 243 493 265
514 243 496 265
519 243 499 265
522 243 502 266
527 243 509 266
533 243 512 266
535 243 515 267
469 246 453 257
472 246 456 258
477 246 462 260
480 246 465 260
482 246 468 261
485 246 471 262
490 246 477 261
493 246 481 261
503 246 486 267
506 246 489 267
511 246 492 268
514 246 495 268
522 246 501 270
430 248 429 249
440 248 442 252
451 248 454 239
453 248 457 240
467 248 447 259
477 248 462 263
480 248 464 263
488 248 473 264
490 248 477 264
525 248 504 272
533 248 510 269
535 248 514 270
430 251 429 252
467 251 446 262
474 251 457 266
488 251 473 266
493 251 479 264
533 251 510 271
535 251 514 272
474 254 456 271
480 254 463 268
493 254 480 267
538 254 516 275
430 256 430 236
472 256 452 274
474 256 455 275
477 256 460 270
480 256 462 270
488 256 471 273
527 256 506 274
530 256 509 275
538 256 516 277
430 259 430 239
480 259 462 273
538 259 538 279
485 261 465 273
493 261 475 273
522 261 505 278
530 261 507 280
469 264 448 278
493 264 475 277
496 264 477 277
503 264 484 276
514 264 496 279
517 264 498 280
519 264 501 280
472 267 451 281
477 267 457 278
480 267 460 279
485 267 463 280
496 267 477 280
498 267 479 280
501 267 482 282
503 267 485 282
514 267 491 280
519 267 498 282
522 267 501 283
538 267 509 293
472 269 450 283
474 269 453 283
477 269 457 282
480 269 459 282
485 269 462 283
488 269 466 283
490 269 470 284
493 269 473 283
517 269 494 283
519 269 498 284
530 269 498 295
533 269 503 293
477 272 456 285
480 272 459 285
485 272 463 285
488 272 466 286
490 272 469 286
506 272 486 288
514 272 490 286
522 272 501 286
430 275 429 288
461 275 525 301
477 275 456 288
493 275 471 288
496 275 473 289
522 275 500 289
453 277 517 296
461 277 526 304
477 277 455 290
482 277 460 290
488 277 465 290
490 277 468 291
493 277 470 291
496 277 472 292
506 277 486 293
485 280 461 291
488 280 464 292
490 280 467 293
498 280 479 296
501 280 482 295
517 280 492 297
480 283 459 298
488 283 463 295
490 283 466 296
501 283 481 298
506 283 484 297
488 285 465 299
430 288 429 285
493 288 469 297
525 288 535 301
498 290 472 297
501 290 474 298
503 290 481 300
535 290 537 307
490 293 467 303
501 293 477 302
503 293 481 302
538 293 538 311
498 296 474 304
501 296 477 305
503 296 480 306
506 296 483 306
525 296 493 306
430 298 430 306
493 298 469 307
496 298 472 307
498 298 475 308
501 298 478 308
430 301 430 296
432 301 434 295
435 301 448 302
493 301 469 310
498 301 474 310
501 301 477 311
538 301 538 305
493 304 463 308
509 304 486 315
522 306 496 317
453 312 453 310
451 314 450 312
453 314 452 312
501 314 468 313
538 314 538 317
451 317 449 315
453 317 452 315
501 317 468 316
503 317 470 317
535 317 534 319
437 320 437 311
498 320 466 318
533 320 530 322
535 320 533 323
456 322 453 319
459 322 457 320
503 322 519 323
533 322 529 325
535 322 532 326
435 325 434 321
453 325 450 321
456 325 453 322
459 325 456 323
467 325 468 323
480 325 513 324
501 325 514 321
503 325 519 326
430 327 430 328
435 327 436 327
443 327 461 328
456 327 453 325
498 327 513 328
501 327 515 328
503 327 519 328
511 327 526 328
533 327 528 328
535 327 531 328
538 327 538 328
