433 225 436 225
435 225 439 225
438 225 442 225
441 225 444 225
444 225 448 225
446 225 451 225
397 228 403 226
400 228 405 226
414 228 417 227
419 228 422 227
422 228 428 227
427 228 433 227
430 228 435 228
435 228 439 228
438 228 442 228
441 228 446 227
449 228 453 227
452 228 455 230
394 230 395 230
403 230 408 228
405 230 411 228
408 230 414 229
411 230 417 229
414 230 419 230
416 230 422 230
419 230 425 230
422 230 427 230
425 230 430 230
430 230 435 230
433 230 438 230
438 230 442 230
449 230 453 229
383 233 386 232
389 233 389 232
392 233 392 232
394 233 394 232
397 233 397 232
403 233 406 232
405 233 409 232
408 233 413 232
411 233 416 232
414 233 418 233
416 233 421 233
419 233 424 233
422 233 427 233
425 233 431 233
433 233 437 233
438 233 443 233
441 233 447 233
446 233 450 233
449 233 453 232
389 236 392 235
392 236 395 235
397 236 402 235
400 236 405 235
405 236 410 235
408 236 413 236
411 236 416 236
422 236 431 235
425 236 434 235
430 236 439 235
438 236 444 236
444 236 447 236
446 236 449 236
449 236 452 235
452 236 455 234
383 239 388 237
386 239 391 237
389 239 394 238
392 239 397 238
394 239 400 238
397 239 403 238
400 239 405 238
403 239 408 238
405 239 411 238
411 239 414 239
414 239 422 238
416 239 425 238
422 239 427 239
425 239 430 238
427 239 433 239
430 239 438 239
435 239 441 239
444 239 447 239
449 239 453 238
452 239 455 238
455 239 458 237
378 241 382 240
381 241 385 240
383 241 388 240
386 241 391 240
389 241 394 240
392 241 397 240
397 241 403 240
400 241 405 241
405 241 409 241
408 241 411 241
414 241 422 241
427 241 436 241
446 241 452 241
452 241 455 242
455 241 458 241
381 244 385 242
389 244 392 243
394 244 400 243
397 244 403 243
400 244 405 244
405 244 409 244
408 244 411 244
419 244 425 241
444 244 450 244
446 244 452 244
452 244 456 244
455 244 457 244
381 247 385 246
389 247 392 246
392 247 394 246
397 247 403 246
403 247 405 246
405 247 408 246
408 247 411 246
419 247 425 252
422 247 427 252
446 247 452 247
381 250 384 246
389 250 392 249
392 250 394 249
394 250 397 249
414 250 413 251
419 250 425 255
422 250 428 255
427 250 430 255
430 250 433 255
381 252 384 249
389 252 392 252
392 252 395 251
394 252 398 251
397 252 400 251
411 252 411 249
455 252 458 250
381 255 384 251
389 255 392 254
408 255 409 252
411 255 411 252
452 255 456 253
392 258 395 255
394 258 398 255
397 258 403 255
408 258 408 255
411 258 411 254
389 261 391 257
392 261 395 260
394 261 398 259
400 261 406 260
403 261 409 260
405 261 411 260
411 261 411 257
392 263 394 263
394 263 397 263
397 263 403 263
400 263 406 263
403 263 409 263
405 263 411 266
449 263 454 266
455 263 458 266
457 263 460 266
460 263 461 255
394 266 399 268
397 266 403 268
400 266 406 266
403 266 408 266
430 266 439 263
433 266 432 266
435 266 435 266
438 266 438 266
446 266 449 252
449 266 452 269
455 266 459 269
386 269 388 260
394 269 399 271
397 269 403 272
435 269 435 269
438 269 438 269
441 269 441 269
444 269 449 272
457 269 460 269
386 272 388 263
397 272 403 274
400 272 406 274
452 272 457 272
386 274 388 266
403 274 409 277
422 274 424 277
466 274 466 271
386 277 388 268
392 277 395 279
435 277 438 277
449 277 455 275
455 277 458 275
457 277 460 274
466 277 466 274
468 277 468 277
400 280 403 280
403 280 407 279
405 280 411 279
419 280 419 277
435 280 438 280
438 280 441 280
441 280 446 279
446 280 452 278
449 280 455 278
452 280 457 278
457 280 460 276
460 280 462 276
386 282 390 284
392 282 395 283
394 282 397 283
397 282 400 283
400 282 403 282
403 282 408 282
405 282 411 281
444 282 450 282
446 282 453 280
449 282 456 280
452 282 458 280
455 282 460 280
457 282 463 280
466 282 466 279
468 282 469 280
471 282 471 280
474 282 474 282
477 282 477 282
405 285 414 283
419 285 419 282
422 285 421 282
433 285 433 282
441 285 447 285
444 285 450 285
446 285 453 283
449 285 456 282
452 285 458 283
455 285 460 282
457 285 464 283
468 285 469 282
471 285 471 283
474 285 474 286
477 285 477 285
479 285 479 285
394 288 403 287
403 288 411 286
408 288 417 286
411 288 419 286
422 288 422 285
427 288 427 285
446 288 453 285
449 288 457 286
455 288 461 285
457 288 464 286
474 288 474 288
477 288 477 288
479 288 479 288
378 291 378 291
392 291 396 292
394 291 403 290
405 291 415 289
425 291 430 285
438 291 447 291
446 291 455 291
449 291 457 288
455 291 461 288
457 291 464 288
460 291 466 289
477 291 477 291
482 291 483 291
392 293 396 296
400 293 409 292
403 293 411 291
408 293 418 291
411 293 421 291
414 293 424 291
416 293 427 291
419 293 429 292
427 293 436 292
433 293 441 291
435 293 444 291
444 293 452 293
446 293 455 293
452 293 459 291
457 293 464 291
460 293 466 291
463 293 468 291
471 293 477 294
482 293 483 294
381 296 381 296
386 296 388 288
392 296 396 299
394 296 405 295
400 296 410 294
403 296 413 294
408 296 418 294
411 296 421 294
416 296 427 294
422 296 432 294
427 296 436 294
430 296 439 294
433 296 441 294
435 296 445 295
438 296 448 296
446 296 455 296
455 296 461 293
457 296 464 293
460 296 466 294
463 296 469 294
466 296 471 294
381 299 382 296
386 299 388 296
389 299 391 296
400 299 409 297
403 299 413 297
405 299 416 296
411 299 421 299
414 299 424 299
419 299 430 297
422 299 432 298
438 299 447 297
444 299 452 298
452 299 458 297
455 299 461 296
457 299 463 296
460 299 466 297
463 299 469 297
466 299 472 297
468 299 473 297
471 299 476 297
474 299 479 297
479 299 482 300
389 302 391 298
392 302 395 299
408 302 418 302
411 302 421 302
414 302 424 302
416 302 427 300
419 302 430 301
422 302 432 301
444 302 454 302
452 302 458 299
455 302 460 299
457 302 463 299
460 302 466 299
463 302 469 299
466 302 472 299
468 302 474 299
471 302 476 299
482 302 485 302
378 304 378 298
383 304 386 299
392 304 394 301
394 304 397 302
400 304 406 301
405 304 413 301
411 304 422 304
425 304 436 302
433 304 444 305
444 304 452 302
455 304 461 302
457 304 463 301
463 304 468 302
466 304 471 302
471 304 476 302
477 304 480 302
479 304 482 303
482 304 485 305
381 307 383 301
383 307 388 302
386 307 391 302
400 307 405 304
405 307 413 304
411 307 421 306
425 307 435 306
427 307 438 306
433 307 444 307
441 307 449 308
444 307 452 307
455 307 461 304
460 307 464 304
466 307 471 304
468 307 474 304
471 307 476 305
477 307 480 305
479 307 482 306
381 310 385 305
383 310 388 305
386 310 391 305
397 310 402 306
405 310 411 307
408 310 414 307
411 310 419 308
416 310 424 307
419 310 430 310
422 310 433 309
425 310 435 308
427 310 438 308
430 310 441 308
455 310 460 307
457 310 462 307
460 310 464 307
463 310 467 307
468 310 474 307
471 310 477 307
482 310 484 308
381 313 385 307
383 313 388 307
386 313 391 307
400 313 405 309
408 313 413 309
411 313 419 310
414 313 421 310
416 313 424 310
419 313 427 310
425 313 435 311
427 313 438 311
430 313 440 311
433 313 444 310
449 313 457 310
452 313 460 311
457 313 463 310
460 313 465 310
471 313 476 310
479 313 482 312
482 313 485 313
378 315 380 310
381 315 385 310
383 315 388 309
392 315 397 312
397 315 403 312
400 315 406 312
403 315 408 312
405 315 410 312
411 315 418 313
414 315 421 313
416 315 425 313
419 315 427 313
422 315 432 313
449 315 457 313
452 315 460 313
455 315 462 313
463 315 466 313
468 315 473 311
477 315 479 313
378 318 380 312
381 318 383 312
383 318 386 312
403 318 408 315
405 318 413 316
408 318 416 316
438 318 446 316
441 318 449 315
446 318 455 317
449 318 458 316
452 318 460 316
455 318 462 316
466 318 468 315
468 318 471 315
471 318 474 315
474 318 477 316
477 318 479 316
479 318 482 315
485 318 485 318
378 321 380 314
381 321 382 314
383 321 385 314
394 321 399 318
397 321 402 318
400 321 406 317
408 321 413 318
414 321 418 318
425 321 429 318
430 321 436 318
438 321 446 318
441 321 448 319
444 321 452 319
446 321 455 319
449 321 457 319
455 321 462 319
460 321 466 319
468 321 471 318
471 321 474 319
474 321 477 319
479 321 479 319
482 321 482 319
485 321 485 321
383 324 385 317
403 324 408 320
414 324 418 321
416 324 421 321
419 324 423 320
422 324 427 321
425 324 429 321
427 324 431 321
435 324 444 322
438 324 446 321
441 324 448 322
444 324 452 322
446 324 455 321
449 324 457 322
452 324 459 321
455 324 462 321
466 324 468 321
468 324 471 321
471 324 474 321
477 324 476 321
479 324 479 321
482 324 482 322
485 324 485 324
392 326 396 323
408 326 419 326
414 326 419 324
416 326 421 324
419 326 424 323
422 326 427 324
425 326 429 324
427 326 432 324
433 326 438 323
435 326 441 324
441 326 449 325
444 326 452 325
446 326 454 324
449 326 457 324
452 326 459 324
455 326 462 324
457 326 465 324
460 326 468 324
468 326 471 324
471 326 471 327
474 326 474 326
477 326 477 326
479 326 480 326
482 326 483 327
485 326 485 327
386 329 391 324
392 329 396 326
394 329 399 326
397 329 402 326
400 329 404 326
403 329 408 326
416 329 421 326
419 329 424 326
422 329 427 326
425 329 429 327
427 329 432 327
433 329 437 326
435 329 443 329
444 329 451 327
446 329 454 328
449 329 457 327
452 329 459 327
455 329 463 327
457 329 465 327
468 329 468 329
471 329 471 329
474 329 474 329
477 329 477 329
479 329 480 329
482 329 483 329
485 329 485 329
381 332 382 326
389 332 394 329
397 332 402 329
403 332 410 331
405 332 415 331
416 332 422 329
419 332 424 329
422 332 427 329
425 332 429 329
427 332 432 330
430 332 435 330
433 332 438 330
446 332 451 330
452 332 457 329
463 332 463 332
466 332 465 332
468 332 468 332
471 332 471 332
474 332 474 332
477 332 477 332
479 332 480 332
482 332 483 332
485 332 485 332
386 335 391 332
389 335 394 332
392 335 396 332
400 335 408 334
419 335 424 332
422 335 427 333
425 335 429 334
427 335 432 334
430 335 437 334
438 335 444 334
441 335 446 333
446 335 451 332
449 335 454 332
452 335 457 332
455 335 457 335
460 335 460 335
463 335 463 334
466 335 465 335
468 335 468 335
471 335 471 335
474 335 474 335
477 335 477 335
479 335 479 335
482 335 482 334
485 335 485 335
378 337 378 337
392 337 399 337
394 337 402 337
397 337 407 337
400 337 410 337
405 337 414 337
408 337 417 337
411 337 419 337
414 337 421 337
419 337 424 337
422 337 426 337
425 337 429 337
427 337 432 337
430 337 435 337
433 337 438 337
435 337 441 337
438 337 444 337
441 337 446 337
444 337 448 337
452 337 455 337
455 337 457 337
460 337 460 337
463 337 463 337
466 337 465 337
471 337 471 337
474 337 474 337
477 337 477 337
479 337 480 337
482 337 482 337
485 337 485 337
