445 217 446 216
472 217 451 218
527 217 531 216
530 217 534 216
430 219 430 220
443 219 443 219
445 219 446 219
469 219 449 221
472 219 451 221
530 219 534 219
538 219 538 219
430 222 429 222
432 222 432 222
472 222 451 224
474 222 454 224
477 222 460 224
482 222 465 220
490 222 445 224
430 224 429 225
469 224 498 257
472 224 451 226
493 224 485 220
496 224 488 220
506 224 502 227
538 224 538 228
538 227 538 230
430 230 429 230
437 230 436 241
451 230 460 240
453 230 528 252
498 230 437 244
456 232 530 255
461 232 469 234
480 232 460 276
482 232 463 276
501 232 439 250
461 235 469 237
464 235 490 269
485 235 468 278
509 235 482 305
448 238 461 245
459 238 466 239
461 238 470 240
464 238 490 272
430 240 429 264
451 240 521 278
453 240 524 278
456 240 526 278
461 240 481 250
448 243 519 281
451 243 521 281
453 243 524 281
456 243 527 281
490 243 444 283
453 246 524 283
456 246 527 283
503 246 501 268
506 246 504 268
445 248 516 284
535 251 536 299
522 254 524 291
525 254 530 292
464 256 506 312
538 256 538 244
432 259 432 311
477 259 439 283
538 259 538 247
432 261 432 303
467 261 470 312
509 261 501 310
527 261 531 304
432 264 432 305
467 264 471 315
525 264 534 300
467 267 471 317
488 267 460 279
530 267 537 301
467 269 472 320
488 269 460 281
525 269 531 311
432 272 432 272
456 272 483 291
519 272 509 312
522 272 512 311
432 275 436 278
493 275 459 300
519 275 510 315
522 275 512 314
453 277 467 301
456 277 469 300
503 277 520 300
448 280 449 309
506 280 515 314
509 280 520 311
525 280 522 295
527 280 525 295
432 283 431 298
525 283 522 297
527 283 525 297
535 285 535 316
432 288 433 283
472 290 453 305
432 296 434 297
469 296 448 266
522 296 449 294
432 298 434 300
437 298 441 310
435 301 434 302
443 301 446 313
443 304 446 315
525 304 522 291
496 306 485 315
535 306 536 294
538 306 538 294
533 309 536 297
519 320 480 322
430 322 430 323
456 322 463 323
461 322 450 321
490 322 496 323
538 322 538 322
430 325 429 325
432 325 436 324
456 325 463 326
490 325 491 327
533 325 532 325
535 325 536 324
538 325 538 324
430 327 429 328
432 327 437 327
440 327 438 328
451 327 521 328
461 327 447 327
464 327 449 327
509 327 510 327
511 327 513 327
525 327 524 327
527 327 530 326
533 327 533 327
535 327 535 327
538 327 538 327
