573 208 556 203
565 211 546 207
571 211 553 206
579 211 586 203
571 213 552 209
582 213 589 206
551 225 579 223
571 225 529 248
579 227 555 215
542 230 570 226
593 230 594 219
596 230 596 220
604 230 604 241
545 233 574 232
571 233 528 233
596 233 597 223
528 236 528 261
596 236 597 225
534 239 559 236
596 239 597 228
599 239 599 228
613 239 603 254
534 242 553 239
576 242 596 262
542 247 586 246
619 253 614 263
531 256 563 246
616 256 610 266
621 256 619 265
573 258 550 257
630 258 624 259
568 261 529 255
571 261 532 255
624 261 623 268
531 264 567 256
534 264 569 256
537 264 571 257
540 264 574 257
624 264 624 271
635 264 635 266
531 267 566 259
534 267 569 259
537 267 571 259
540 267 574 260
542 267 577 259
588 267 551 273
590 267 555 273
633 267 632 268
635 267 635 268
531 270 566 261
534 270 568 262
537 270 571 262
540 270 574 263
588 270 551 276
590 270 555 276
624 270 624 275
630 270 628 275
633 270 632 271
635 270 638 273
531 273 565 265
534 273 568 265
542 273 576 263
588 273 551 279
590 273 554 279
616 273 619 277
619 273 622 277
621 273 625 277
624 273 628 278
633 273 634 278
635 273 635 272
537 275 571 266
540 275 574 266
542 275 576 266
571 275 572 253
616 275 618 279
619 275 622 280
621 275 625 280
624 275 628 280
635 275 637 278
540 278 574 271
542 278 576 272
588 278 601 272
630 278 630 282
633 278 633 281
635 278 637 281
638 278 640 280
641 278 643 279
540 281 574 274
542 281 576 275
582 281 597 274
596 281 610 275
599 281 613 276
633 281 633 284
635 281 637 284
638 281 640 283
641 281 643 282
540 284 575 287
633 284 634 287
638 284 639 285
641 284 645 285
534 287 568 290
542 287 573 277
545 287 576 278
579 287 594 286
630 287 629 289
635 287 636 288
638 287 639 288
641 287 642 288
540 290 568 281
542 290 572 280
545 290 575 280
582 290 597 287
619 290 619 292
633 290 633 291
635 290 636 291
638 290 639 291
641 290 642 291
647 290 648 289
537 292 566 285
599 292 599 292
627 292 629 296
635 292 635 294
638 292 638 293
542 295 568 287
545 295 573 287
562 295 582 285
602 295 607 300
619 295 620 298
621 295 623 298
624 295 626 299
630 295 631 299
644 295 648 291
599 298 603 301
602 298 606 302
616 298 622 301
624 298 625 301
573 301 589 303
576 301 591 303
582 301 595 304
588 301 601 301
607 301 610 303
616 301 622 304
619 301 624 304
621 301 628 305
644 301 647 300
576 304 590 307
579 304 593 307
582 304 596 307
588 304 601 305
607 304 610 306
630 304 633 310
644 304 647 303
562 306 580 303
565 306 582 303
568 306 585 307
582 306 597 310
585 306 600 310
588 306 600 308
593 306 606 308
641 306 643 303
568 309 585 309
576 309 590 310
590 309 603 311
599 309 608 312
621 309 627 312
638 309 641 306
641 309 643 307
644 309 646 307
565 312 579 312
571 312 587 309
573 312 587 313
576 312 590 313
579 312 593 313
613 312 621 313
630 312 633 312
633 312 636 312
641 312 642 310
644 312 645 309
562 315 575 314
568 315 581 315
573 315 587 316
576 315 590 315
582 315 597 315
585 315 599 315
588 315 603 315
613 315 620 315
621 315 625 314
624 315 627 315
627 315 630 315
630 315 633 315
633 315 637 315
638 315 639 315
641 315 642 313
644 315 645 312
647 315 647 316
