537 290 556 284
542 295 562 289
579 295 591 295
582 295 593 295
540 298 558 291
542 298 561 292
573 298 587 297
579 298 590 298
582 298 593 298
542 301 561 295
545 301 563 296
573 301 586 301
576 301 589 301
582 301 593 302
585 301 596 301
545 304 563 299
551 304 567 300
559 304 575 301
576 304 588 307
579 304 591 305
582 304 593 305
588 304 598 303
571 306 584 306
576 306 588 310
579 306 592 308
588 306 598 306
590 306 600 306
540 309 555 304
568 309 580 309
571 309 584 308
582 309 594 311
590 309 600 309
554 312 568 310
556 312 571 310
559 312 573 311
568 312 580 312
573 312 586 313
576 312 589 314
590 312 600 312
593 312 603 312
596 312 606 313
554 315 568 313
556 315 571 313
559 315 574 314
565 315 578 315
568 315 580 316
585 315 600 315
596 315 605 316
