638 256 637 270
630 258 630 279
638 258 642 279
630 261 630 282
638 261 641 282
633 264 632 284
635 264 635 285
638 264 638 285
633 267 632 288
635 267 635 288
647 267 647 292
604 273 605 294
644 275 640 291
613 278 611 295
616 278 614 295
621 278 620 295
630 278 626 296
638 278 635 297
556 281 552 291
602 281 597 297
604 281 600 297
607 281 603 297
613 281 611 298
616 281 614 298
647 281 646 304
554 284 549 294
556 284 553 294
604 284 599 300
607 284 602 300
610 284 605 300
647 284 646 308
556 287 553 297
562 287 559 297
590 287 585 300
599 287 593 300
604 287 599 303
607 287 602 303
610 287 605 303
551 290 543 296
554 290 546 296
562 290 558 300
588 290 580 302
593 290 587 300
599 290 594 304
602 290 596 304
607 290 601 306
610 290 604 306
635 290 623 303
551 292 543 299
554 292 546 299
568 292 562 301
571 292 566 302
573 292 568 302
593 292 587 302
596 292 590 303
641 292 637 309
562 295 560 304
568 295 563 307
571 295 566 304
573 295 568 305
585 295 578 304
593 295 586 305
596 295 589 305
599 295 592 306
602 295 595 307
627 295 616 310
630 295 621 311
633 295 624 311
644 295 639 313
562 298 560 307
571 298 566 307
573 298 569 307
582 298 575 304
588 298 581 305
590 298 585 306
596 298 589 308
624 298 614 312
627 298 616 313
630 298 621 314
635 298 627 314
638 298 630 315
641 298 634 315
562 301 559 310
565 301 562 310
576 301 571 308
588 301 581 308
590 301 584 308
596 301 589 311
607 301 599 311
610 301 601 311
613 301 604 312
573 304 568 310
576 304 571 310
590 304 584 311
576 306 571 313
588 309 581 314
582 315 571 315
