0.9955740571022034 -0.09258507192134857 0.01613630354404449 -0.1977089941501617 
0.09133279323577881 0.9936254024505615 0.06608273088932037 -0.07473057508468628 
-0.02215166948735714 -0.06431649625301361 0.9976837038993835 -0.5288226008415222 
0 0 0 1 

0.9370536208152771 -0.277638852596283 0.2117711454629898 -0.2747693061828613 
0.2380879372358322 0.9516437649726868 0.1941344290971756 -0.1496981084346771 
-0.2554300129413605 -0.1314941495656967 0.9578437805175781 -0.4400063753128052 
0 0 0 1 

0.9358259439468384 -0.3461073637008667 0.06662864238023758 -0.1962030380964279 
0.3242546916007996 0.9195096492767334 0.2221729457378387 -0.1803719103336334 
-0.1381614208221436 -0.1863105297088623 0.9727280139923096 -0.4622851610183716 
0 0 0 1 

0.9615190029144287 -0.2519015669822693 0.1096656695008278 -0.2190008461475372 
0.2367246448993683 0.9622027277946472 0.1346372961997986 -0.1208278611302376 
-0.1394360214471817 -0.103495679795742 0.9848076701164246 -0.4684086441993713 
0 0 0 1 

0.90899658203125 -0.3700818717479706 0.1917403787374496 -0.2436983436346054 
0.3578855097293854 0.9288107752799988 0.09606394171714783 -0.1212154403328896 
-0.2136420905590057 -0.01870056800544262 0.9767329692840576 -0.4528715908527374 
0 0 0 1 

0.9857178330421448 -0.1508725732564926 0.07481744140386581 -0.2051305323839188 
0.1470009535551071 0.987615168094635 0.05483416095376015 -0.06145298853516579 
-0.08216386288404465 -0.04305268451571465 0.9956884384155273 -0.4756834805011749 
0 0 0 1 

0.9333807826042175 -0.2956598699092865 0.2034340798854828 -0.2408850640058517 
0.3020919263362885 0.9532785415649414 -0.0005928110331296921 -0.05787571519613266 
-0.1937540620565414 0.06200917437672615 0.9790884256362915 -0.4472629725933075 
0 0 0 1 

0.9593973755836487 -0.1822914332151413 0.2152354419231415 -0.2611743807792664 
0.1557604819536209 0.9785927534103394 0.1345169246196747 -0.08909398317337036 
-0.2351491749286652 -0.09552989900112152 0.9672531485557556 -0.4098716974258423 
0 0 0 1 

0.9222310185432434 -0.3320242166519165 0.1981154531240463 -0.2412638068199158 
0.2835280895233154 0.9291345477104187 0.2373197823762894 -0.151810497045517 
-0.2628718912601471 -0.1626922935247421 0.9510149955749512 -0.3870975375175476 
0 0 0 1 

0.9248056411743164 -0.3305768072605133 0.1882907152175903 -0.2372113019227982 
0.2808633744716644 0.927099347114563 0.2481984794139862 -0.15580914914608 
-0.2566128969192505 -0.1766513288021088 0.9502336978912354 -0.3883355259895325 
0 0 0 1 

