0.9955740571022034 -0.09258530288934708 0.01613634265959263 -0.1977095305919647 
0.09133303165435791 0.9936254024505615 0.06608289480209351 -0.07473083585500717 
-0.02215172909200191 -0.06431666016578674 0.9976837038993835 -0.5288229584693909 
0 0 0 1 

0.9370536208152771 -0.277638852596283 0.2117711454629898 -0.2747690677642822 
0.2380879372358322 0.9516437649726868 0.1941344290971756 -0.1496979892253876 
-0.2554300129413605 -0.1314941495656967 0.9578437805175781 -0.4400063753128052 
0 0 0 1 

0.9358259439468384 -0.3461073637008667 0.06662864238023758 -0.1962028592824936 
0.3242546916007996 0.9195096492767334 0.2221729457378387 -0.1803717613220215 
-0.1381614208221436 -0.1863105297088623 0.9727280139923096 -0.4622851014137268 
0 0 0 1 

0.9615190029144287 -0.2519017457962036 0.1096657291054726 -0.2190008759498596 
0.236724779009819 0.9622026681900024 0.1346374005079269 -0.1208277270197868 
-0.1394361257553101 -0.1034957394003868 0.9848076701164246 -0.4684087038040161 
0 0 0 1 

0.9089965224266052 -0.3700820505619049 0.1917404532432556 -0.2436982393264771 
0.3578856289386749 0.928810715675354 0.09606399387121201 -0.121215358376503 
-0.2136421799659729 -0.01870056986808777 0.9767329692840576 -0.4528716802597046 
0 0 0 1 

0.9857177734375 -0.1508727222681046 0.07481752336025238 -0.2051301300525665 
0.1470011174678802 0.9876152276992798 0.05483422055840492 -0.06145285442471504 
-0.08216395974159241 -0.04305273666977882 0.9956884384155273 -0.4756834208965302 
0 0 0 1 

0.933380663394928 -0.2956599593162537 0.2034341245889664 -0.2408848106861115 
0.302092045545578 0.9532785415649414 -0.0005927899037487805 -0.05787580087780952 
-0.193754106760025 0.06200920790433884 0.9790884256362915 -0.4472629129886627 
0 0 0 1 

0.9593973159790039 -0.1822915226221085 0.2152355462312698 -0.2611742615699768 
0.1557605415582657 0.9785926938056946 0.1345169991254807 -0.08909384906291962 
-0.2351493090391159 -0.09552992880344391 0.9672531485557556 -0.4098717868328094 
0 0 0 1 

0.9222309589385986 -0.3320243060588837 0.1981154978275299 -0.2412636578083038 
0.2835281789302826 0.9291344881057739 0.2373198419809341 -0.1518103927373886 
-0.2628719508647919 -0.1626923233270645 0.9510149359703064 -0.3870975375175476 
0 0 0 1 

0.9243674278259277 -0.3312142789363861 0.1893193274736404 -0.2375631779432297 
0.2817651927471161 0.9272730350494385 0.2465226948261261 -0.1552367210388184 
-0.257202684879303 -0.1745341271162033 0.9504654407501221 -0.3880988359451294 
0 0 0 1 

