430 217 429 216
435 217 432 217
519 217 529 216
522 217 532 216
535 217 534 217
538 217 538 217
430 219 430 219
485 219 483 254
519 219 529 219
535 219 534 219
538 219 538 219
430 222 430 221
506 222 520 221
535 224 536 223
430 227 430 225
535 227 536 225
430 230 430 227
437 230 495 273
443 230 502 270
445 230 506 259
430 232 430 230
443 232 502 273
445 232 504 273
448 232 506 276
451 232 509 276
430 235 429 234
437 235 498 278
448 235 506 279
440 238 501 279
445 238 504 279
459 238 477 262
464 238 519 286
538 238 538 237
437 240 498 281
448 240 506 282
459 240 477 265
464 240 499 295
535 240 536 254
538 240 538 239
440 243 501 282
443 243 503 282
509 243 513 297
535 243 536 256
432 246 492 284
437 246 497 285
440 246 501 285
443 246 503 284
451 246 505 287
459 246 479 296
432 248 495 286
435 248 497 286
451 248 505 290
522 248 516 263
530 248 535 310
432 251 491 289
509 251 510 302
511 251 513 302
514 251 516 302
435 254 497 290
511 254 512 304
514 254 515 304
430 256 430 307
443 256 477 268
467 256 518 274
430 259 430 309
464 261 462 300
535 261 536 318
538 267 538 302
493 269 516 297
493 272 516 299
435 275 433 317
445 277 447 286
448 277 450 285
453 277 436 284
511 277 516 308
432 280 433 256
437 280 435 225
443 280 444 288
445 280 447 288
530 280 531 312
430 283 429 261
533 283 530 293
535 283 534 293
430 285 430 263
496 285 460 303
498 285 462 303
503 285 475 319
535 285 533 295
496 288 459 306
501 288 472 321
503 288 475 322
533 288 490 306
430 290 429 293
445 290 445 297
448 290 448 297
535 290 493 309
445 293 446 299
461 296 445 302
469 296 486 312
472 296 489 311
435 298 434 267
472 298 489 314
538 298 538 315
461 301 470 305
461 304 470 308
498 306 501 312
501 306 503 313
525 306 523 281
527 306 525 281
485 309 515 311
525 309 523 284
430 312 429 290
477 312 452 295
490 312 506 301
474 314 451 297
477 314 453 297
474 317 451 299
477 317 453 300
430 320 430 320
432 320 432 321
437 320 437 321
440 320 441 320
443 320 444 321
430 322 430 323
432 322 432 323
435 322 435 323
437 322 438 323
501 322 486 325
535 322 533 324
538 322 538 324
430 325 429 325
445 325 449 324
477 325 522 326
485 325 503 323
488 325 505 324
490 325 507 324
527 325 528 323
430 327 429 328
437 327 437 328
440 327 440 328
443 327 443 327
448 327 451 328
472 327 516 328
477 327 519 328
480 327 524 328
488 327 505 327
490 327 508 328
493 327 510 328
496 327 512 328
498 327 482 328
501 327 485 328
533 327 530 326
535 327 533 327
538 327 538 327
