481 254 485 251
484 254 488 252
481 256 484 256
475 262 486 259
478 262 490 261
475 265 482 271
478 265 484 273
461 267 431 286
467 270 476 279
445 278 422 291
448 278 433 285
461 278 492 263
450 281 425 294
453 281 429 295
445 284 429 291
453 284 430 299
439 287 427 290
450 287 426 302
434 292 420 296
428 295 415 299
437 295 429 324
472 295 420 307
475 295 423 308
478 298 427 310
484 298 438 315
489 300 486 287
497 306 490 294
497 309 487 297
500 309 491 298
456 314 441 316
470 314 467 302
497 314 482 302
453 320 437 326
472 323 468 310
475 323 470 311
492 325 488 309
456 336 436 339
472 336 443 288
478 336 451 288
464 339 438 291
467 339 433 293
472 339 441 292
478 339 450 291
481 339 454 291
456 342 437 347
478 342 451 300
484 345 490 333
