486 241 499 241
486 244 495 245
492 244 504 245
486 247 495 247
489 247 498 247
492 250 501 249
445 274 455 270
448 274 458 269
439 277 452 272
448 280 459 275
451 280 461 275
457 280 465 275
430 283 445 275
436 283 449 276
439 283 452 276
457 283 465 278
463 283 467 276
430 286 446 279
457 286 465 283
463 286 467 279
436 289 449 279
463 289 468 283
466 289 471 283
472 289 475 282
474 289 478 282
463 292 467 286
466 292 470 286
472 292 474 286
445 295 459 288
448 295 461 288
472 295 474 289
445 298 458 292
448 298 461 293
451 298 464 292
409 301 413 296
445 301 458 295
412 315 415 306
415 318 416 309
418 318 419 310
415 321 416 312
415 324 417 315
418 324 421 315
439 330 442 317
442 330 454 324
445 330 457 324
436 333 446 327
439 333 449 327
442 333 453 327
439 360 452 365
442 363 445 358
