389 181 377 50
406 181 397 49
371 198 356 67
389 198 377 66
424 198 426 31
441 198 449 27
371 215 357 85
389 215 379 84
458 215 467 84
476 215 489 85
319 233 289 104
337 233 312 103
354 233 335 102
371 233 357 102
389 233 380 102
406 233 403 102
424 233 426 101
458 233 471 102
476 233 493 102
493 233 515 103
510 233 537 108
302 250 266 125
319 250 288 120
337 250 311 120
354 250 337 121
371 250 358 121
389 250 382 121
406 250 403 121
424 250 428 121
441 250 450 121
458 250 473 120
476 250 495 121
493 250 518 121
302 267 265 143
319 267 289 141
337 267 311 140
354 267 336 141
371 267 360 139
389 267 383 140
406 267 405 138
424 267 430 140
441 267 453 140
458 267 477 137
476 267 500 139
562 267 596 161
267 285 225 188
285 285 246 184
302 285 269 171
319 285 290 163
337 285 315 160
354 285 338 159
371 285 361 158
389 285 387 158
406 285 409 157
424 285 432 158
441 285 456 158
458 285 479 157
476 285 502 158
302 302 273 200
319 302 293 191
337 302 316 182
354 302 340 180
371 302 364 178
389 302 389 178
406 302 411 177
424 302 436 178
441 302 459 178
458 302 481 177
476 302 504 181
233 319 184 239
250 319 208 237
302 319 275 225
319 319 295 218
337 319 315 208
354 319 342 203
371 319 365 204
389 319 391 201
406 319 413 199
424 319 437 199
441 319 460 198
458 319 482 198
510 319 543 214
528 319 565 214
337 337 318 236
354 337 339 236
371 337 368 234
389 337 390 229
406 337 411 221
424 337 439 219
441 337 462 219
458 337 486 221
510 337 544 234
285 354 263 291
302 354 284 289
337 354 320 268
354 354 342 261
371 354 369 259
389 354 392 258
406 354 412 253
424 354 438 248
441 354 463 243
493 354 525 262
510 354 543 260
528 354 567 261
545 354 585 264
267 371 243 313
406 371 413 282
424 371 439 278
458 371 492 276
528 371 569 280
545 371 587 281
562 371 606 279
267 389 247 331
285 389 270 334
319 389 307 327
337 389 331 327
371 389 372 319
389 389 394 317
406 389 417 314
424 389 441 305
441 389 465 300
545 389 590 300
233 406 195 360
250 406 214 355
267 406 249 352
302 406 292 349
319 406 308 350
337 406 331 348
354 406 354 347
371 406 372 344
389 406 393 341
406 406 417 337
441 406 466 329
476 406 502 335
493 406 521 336
528 406 572 322
545 406 594 321
562 406 613 322
233 424 197 376
285 424 268 369
302 424 292 370
319 424 310 367
337 424 330 366
354 424 349 366
371 424 374 365
406 424 418 363
476 424 506 354
493 424 523 355
510 424 555 347
528 424 575 341
233 441 204 401
267 441 238 391
285 441 270 389
302 441 289 389
319 441 307 386
337 441 329 386
371 441 375 384
389 441 397 384
406 441 419 381
493 441 527 372
510 441 557 362
285 458 272 406
302 458 288 404
319 458 310 403
371 458 377 401
493 458 529 399
510 458 559 381
