406 181 383 29
371 198 339 49
389 198 362 50
406 198 384 44
424 198 408 33
441 198 428 34
337 215 294 70
354 215 315 70
371 215 340 70
389 215 362 71
424 215 408 71
458 215 452 73
476 215 474 75
319 233 270 92
337 233 294 92
354 233 317 90
371 233 340 92
389 233 362 93
406 233 386 94
424 233 408 93
458 233 453 95
476 233 475 95
493 233 497 98
510 233 519 99
302 250 246 113
319 250 269 111
337 250 294 111
354 250 316 112
371 250 339 113
389 250 364 114
406 250 388 115
424 250 408 115
441 250 431 116
458 250 453 117
476 250 474 116
493 250 495 115
267 267 209 141
302 267 247 136
319 267 270 137
337 267 294 136
354 267 317 134
371 267 340 133
389 267 363 137
406 267 385 136
424 267 409 137
441 267 432 137
458 267 454 137
476 267 477 138
250 285 184 167
267 285 208 164
285 285 231 163
302 285 249 161
319 285 271 157
337 285 294 156
354 285 317 157
371 285 340 157
389 285 364 157
406 285 386 157
424 285 410 158
441 285 432 158
458 285 454 158
476 285 476 159
510 285 510 173
215 302 143 191
302 302 252 183
319 302 273 181
337 302 296 179
354 302 319 178
371 302 341 178
389 302 365 179
406 302 388 179
441 302 431 179
458 302 454 179
476 302 476 181
510 302 513 188
233 319 174 210
250 319 195 209
302 319 259 208
319 319 276 206
337 319 296 201
354 319 319 202
371 319 341 201
389 319 366 201
406 319 387 200
424 319 411 202
441 319 432 200
458 319 454 201
476 319 476 204
493 319 494 209
510 319 515 207
302 337 260 231
319 337 278 227
337 337 298 227
354 337 319 226
371 337 343 225
389 337 365 224
406 337 388 220
424 337 410 221
441 337 433 223
458 337 454 224
476 337 475 225
493 337 495 230
510 337 515 228
528 337 535 228
267 354 226 254
337 354 300 249
354 354 322 248
371 354 340 246
389 354 367 248
406 354 389 247
424 354 410 245
441 354 435 244
493 354 492 251
510 354 514 249
545 354 546 250
267 371 228 273
302 371 268 281
319 371 285 272
371 371 348 271
406 371 390 269
424 371 410 268
441 371 431 268
493 371 492 270
545 371 552 271
562 371 570 269
267 389 228 299
285 389 246 300
302 389 269 300
319 389 289 298
337 389 311 293
371 389 349 292
389 389 370 291
406 389 389 291
424 389 410 290
441 389 431 289
528 389 532 292
545 389 553 289
233 406 181 315
285 406 249 315
302 406 271 313
319 406 286 315
371 406 351 312
406 406 390 311
458 406 454 308
493 406 489 311
528 406 532 311
545 406 552 306
285 424 251 333
302 424 270 334
354 424 333 332
371 424 351 332
406 424 392 330
424 424 411 329
441 424 432 330
458 424 448 330
510 424 513 330
528 424 533 329
545 424 553 327
285 441 250 355
302 441 267 357
319 441 288 354
371 441 351 351
389 441 372 349
406 441 393 349
441 441 428 348
458 441 448 352
476 441 471 348
545 441 553 345
233 458 194 372
250 458 213 368
267 458 232 367
319 458 287 374
337 458 314 373
354 458 334 370
371 458 354 372
389 458 372 368
406 458 393 365
424 458 411 369
441 458 428 370
476 458 472 367
510 458 513 367
545 458 551 368
371 476 353 389
493 476 491 386
