430 217 429 216
435 217 433 216
453 217 443 216
461 217 449 216
464 217 452 217
467 217 462 216
480 217 472 216
464 219 451 219
477 219 471 218
488 219 481 218
430 222 430 222
461 222 454 219
488 222 481 220
430 224 430 225
503 224 513 225
522 224 519 226
432 227 433 228
493 227 478 221
506 227 501 226
461 230 446 224
467 230 454 222
490 230 476 224
493 230 478 224
496 230 481 224
503 230 497 228
530 230 534 231
453 232 438 225
459 232 443 225
472 232 456 225
474 232 459 225
477 232 462 225
485 232 473 227
490 232 466 224
493 232 479 226
496 232 482 226
530 232 534 232
453 235 438 228
456 235 441 227
461 235 446 228
464 235 449 228
472 235 457 228
474 235 460 228
490 235 471 227
506 235 500 233
456 238 441 231
459 238 444 230
461 238 447 231
464 238 450 230
472 238 457 230
477 238 463 230
480 238 465 230
482 238 467 230
496 238 479 230
506 238 500 236
509 238 503 236
519 238 512 238
522 238 514 238
456 240 441 233
461 240 446 233
467 240 451 233
472 240 457 233
474 240 459 233
480 240 465 233
482 240 467 232
485 240 470 232
488 240 473 233
496 240 480 232
506 240 501 239
514 240 500 231
517 240 502 231
530 240 530 249
535 240 532 249
461 243 446 236
467 243 452 236
477 243 462 235
482 243 468 235
488 243 473 235
490 243 476 235
496 243 479 234
509 243 490 232
527 243 524 252
530 243 527 252
533 243 530 252
535 243 535 251
538 243 538 249
453 246 438 238
464 246 449 238
467 246 452 238
472 246 457 238
474 246 459 238
477 246 463 238
482 246 468 238
485 246 471 238
488 246 473 238
496 246 479 237
498 246 483 237
501 246 486 238
503 246 489 237
530 246 528 255
535 246 535 255
538 246 538 231
459 248 444 241
461 248 446 241
464 248 449 241
467 248 452 241
472 248 457 241
474 248 460 241
477 248 463 240
480 248 465 240
482 248 467 241
485 248 470 241
488 248 473 241
490 248 476 240
498 248 483 240
501 248 486 240
435 251 431 233
453 251 438 241
456 251 442 244
459 251 444 244
461 251 446 244
464 251 449 244
467 251 452 244
469 251 454 244
472 251 457 244
474 251 459 244
477 251 462 244
480 251 465 243
482 251 467 243
485 251 471 243
488 251 473 243
490 251 476 243
498 251 483 242
511 251 497 236
522 251 514 249
453 254 439 243
461 254 446 246
464 254 450 247
467 254 452 246
469 254 455 246
472 254 458 245
474 254 460 246
480 254 465 246
482 254 468 246
485 254 471 246
488 254 473 246
490 254 476 246
496 254 481 245
509 254 493 244
511 254 497 239
522 254 514 252
453 256 439 246
456 256 441 249
461 256 447 249
464 256 450 249
467 256 452 249
469 256 455 249
472 256 457 249
474 256 460 248
477 256 463 249
480 256 465 248
482 256 468 248
485 256 471 248
488 256 473 248
490 256 476 248
496 256 481 248
498 256 484 248
501 256 484 245
503 256 487 245
511 256 497 247
517 256 506 256
519 256 509 255
451 259 436 251
453 259 439 251
456 259 442 252
464 259 449 252
467 259 452 252
472 259 457 252
474 259 460 251
493 259 478 250
496 259 482 251
511 259 497 250
538 259 538 233
461 261 447 254
464 261 449 254
467 261 454 254
472 261 457 254
480 261 466 254
482 261 468 254
493 261 478 253
496 261 481 253
498 261 484 253
509 261 493 251
511 261 497 253
514 261 500 253
525 261 525 258
527 261 527 258
533 261 533 260
538 261 538 236
451 264 436 256
456 264 442 256
459 264 444 257
461 264 447 257
464 264 450 257
467 264 452 257
472 264 457 257
474 264 460 257
477 264 463 257
480 264 465 257
511 264 497 255
514 264 500 256
517 264 503 255
525 264 525 260
527 264 527 260
530 264 530 260
456 267 441 259
459 267 444 260
464 267 449 259
467 267 452 260
472 267 457 260
474 267 460 260
477 267 463 259
482 267 469 259
501 267 487 258
509 267 494 258
511 267 497 258
514 267 500 259
517 267 502 257
527 267 527 263
530 267 529 263
533 267 534 295
538 267 537 264
451 269 437 262
469 269 455 262
477 269 463 262
482 269 469 262
485 269 472 262
488 269 474 261
490 269 476 260
503 269 489 260
509 269 495 260
527 269 527 265
538 269 538 268
459 272 442 263
461 272 445 265
464 272 447 265
469 272 452 263
477 272 463 265
480 272 466 265
493 272 479 264
506 272 492 263
511 272 498 263
522 272 517 271
525 272 519 271
467 275 450 265
472 275 458 267
474 275 461 267
480 275 466 267
482 275 469 267
485 275 472 267
488 275 474 267
490 275 476 267
519 275 515 274
522 275 523 290
525 275 526 289
535 275 533 271
461 277 450 269
474 277 461 269
477 277 463 269
480 277 466 269
506 277 490 269
525 277 526 292
527 277 525 272
530 277 528 273
474 280 460 272
477 280 463 272
480 280 468 273
501 280 487 269
514 280 503 264
517 280 506 263
453 283 440 274
472 283 464 277
474 283 461 275
477 283 464 275
493 283 480 275
501 283 487 272
506 283 491 272
535 283 533 279
456 285 443 278
474 285 467 281
477 285 469 281
480 285 472 281
501 285 487 275
503 285 490 274
509 285 493 274
517 285 504 269
430 288 429 279
477 288 470 283
501 288 488 277
530 288 528 268
535 288 531 282
430 290 429 282
482 290 469 292
501 290 488 280
503 290 491 280
509 290 506 282
511 290 504 299
514 290 505 292
519 290 520 300
535 290 531 285
430 293 429 284
482 293 469 294
490 293 479 277
496 293 483 281
511 293 504 302
519 293 520 302
535 293 531 288
448 296 437 289
464 296 448 292
490 296 479 280
496 296 482 283
498 296 485 288
519 296 514 280
533 296 528 290
430 298 430 311
474 298 453 296
485 298 471 285
488 298 474 285
506 298 490 294
430 301 430 313
448 301 437 297
451 301 437 292
453 301 440 292
456 301 442 291
459 301 445 291
509 301 493 296
437 304 434 308
445 304 434 300
448 304 438 300
451 304 439 297
453 304 439 294
456 304 443 294
459 304 445 294
461 304 447 294
493 304 480 296
496 304 483 296
498 304 486 297
503 304 488 301
506 304 490 301
509 304 493 301
535 304 536 292
435 306 432 311
437 306 435 310
448 306 438 302
451 306 440 300
456 306 443 297
459 306 445 297
461 306 448 297
464 306 450 297
474 306 461 296
477 306 467 293
490 306 477 298
493 306 479 298
535 306 536 295
538 306 538 295
430 309 429 298
448 309 437 305
453 309 440 302
456 309 443 302
459 309 445 302
493 309 482 299
498 309 488 299
522 309 510 301
530 309 531 310
535 309 537 298
538 309 538 298
430 312 429 300
459 312 445 304
461 312 447 305
496 312 484 302
527 312 515 314
533 312 533 314
430 314 429 302
432 314 431 302
467 314 451 306
509 314 499 303
527 314 515 317
533 314 534 317
430 317 429 305
432 317 432 304
467 317 451 310
488 317 461 315
498 317 496 314
503 317 492 310
437 320 438 324
467 320 450 315
496 320 494 317
498 320 496 317
451 322 456 321
496 322 495 320
496 325 497 324
498 325 499 325
501 325 502 325
514 325 513 325
530 325 529 324
533 325 532 324
430 327 430 327
432 327 432 327
456 327 447 327
488 327 466 327
498 327 513 327
501 327 502 328
519 327 521 327
527 327 507 328
530 327 529 327
533 327 532 327
535 327 535 327
538 327 538 327
