538 240 538 224
514 243 511 229
514 246 512 232
517 246 516 232
430 248 430 238
517 248 517 236
530 251 530 235
453 256 445 245
525 259 522 243
527 259 524 243
530 261 527 246
535 269 533 252
519 272 514 261
527 272 524 259
530 272 527 259
533 272 530 258
535 272 533 256
519 275 514 264
530 275 525 261
535 275 532 259
493 277 495 267
530 277 525 263
430 280 430 267
440 285 441 274
443 285 444 274
445 285 446 274
440 288 441 277
443 288 443 277
448 288 450 277
448 290 451 280
453 290 453 277
440 293 443 283
453 293 459 284
453 296 458 287
440 298 443 288
443 298 446 288
445 298 448 288
448 298 451 288
509 301 513 290
443 304 446 293
451 304 454 294
443 306 446 296
451 306 453 297
451 309 454 299
461 309 464 298
451 314 454 304
453 314 456 304
456 314 458 304
464 317 467 306
