430 217 429 216
440 217 477 216
498 217 503 216
535 217 535 216
538 217 538 216
430 219 429 219
490 219 477 219
538 219 538 219
498 222 525 219
511 222 536 219
533 222 529 221
533 224 530 224
535 224 536 222
538 224 538 222
432 227 433 236
533 227 531 228
535 227 535 226
538 227 538 225
527 230 524 233
533 230 532 231
535 230 535 229
467 235 497 259
525 235 516 235
430 238 429 296
430 240 430 299
527 240 521 239
530 240 527 238
533 240 531 237
535 240 536 262
432 248 433 272
448 248 502 229
519 248 524 248
522 248 527 247
432 251 434 275
511 251 515 252
509 254 512 254
448 256 505 262
451 256 508 262
440 259 488 261
430 261 430 260
430 264 430 263
477 264 465 296
432 267 477 277
437 267 436 320
477 267 466 300
490 267 522 243
435 269 433 324
472 269 461 304
474 269 464 303
477 269 466 302
469 272 492 253
480 272 505 250
488 272 520 249
509 272 523 298
480 275 506 254
535 275 527 261
469 277 486 278
535 277 527 263
456 280 503 280
477 280 497 281
480 280 500 281
430 283 429 319
464 283 481 282
467 283 484 282
474 283 494 283
498 283 503 292
501 283 506 292
535 283 531 301
472 285 493 286
461 288 479 290
464 288 482 289
488 290 503 244
519 290 521 287
430 293 432 218
480 293 502 286
511 293 510 246
525 293 517 237
535 293 532 307
461 296 448 307
535 296 533 310
430 298 433 224
440 298 446 221
503 298 519 253
535 298 534 313
538 298 538 312
490 301 475 297
535 301 534 252
538 301 538 252
453 304 461 221
488 304 519 296
530 304 533 272
533 304 532 279
440 306 448 233
443 306 451 231
445 306 453 229
451 306 456 228
453 306 459 227
456 306 465 222
519 306 529 280
527 306 525 280
440 309 449 236
445 309 455 232
456 309 465 225
461 309 473 226
464 309 475 226
474 309 490 306
496 309 504 295
535 309 533 301
443 312 452 235
445 312 455 235
448 312 458 234
461 312 474 229
464 312 476 228
535 312 535 271
443 314 452 238
445 314 456 237
461 314 474 232
464 314 477 231
467 314 480 231
496 314 499 316
440 317 450 243
443 317 453 242
459 317 469 237
488 317 515 315
490 317 455 318
493 317 458 317
496 317 499 319
501 317 503 318
530 317 529 318
533 317 533 318
535 317 535 317
453 320 463 239
456 320 466 239
459 320 470 240
461 320 473 239
493 320 459 320
496 320 500 321
501 320 504 320
509 320 523 320
511 320 526 319
530 320 530 321
533 320 533 321
535 320 536 320
538 320 538 315
443 322 456 245
445 322 459 245
448 322 461 245
451 322 464 245
456 322 467 242
485 322 485 324
493 322 459 323
530 322 531 324
538 322 538 319
443 325 456 248
445 325 459 249
448 325 462 248
451 325 466 247
459 325 471 243
461 325 474 242
464 325 479 238
472 325 472 323
485 325 486 326
488 325 489 326
496 325 501 326
509 325 524 323
437 327 451 251
490 327 516 327
496 327 502 328
498 327 508 327
501 327 511 327
506 327 492 327
509 327 496 327
511 327 526 328
514 327 528 328
530 327 531 328
533 327 534 327
538 327 538 328
