582 250 578 256
582 256 578 262
585 256 581 262
573 264 577 274
582 264 580 271
571 267 574 280
568 273 565 287
638 281 636 283
641 281 638 283
579 284 575 293
582 284 578 293
585 284 581 293
588 284 585 292
641 284 638 286
647 284 646 289
559 287 557 300
576 287 570 297
579 287 573 296
582 287 578 296
585 287 581 296
590 287 587 295
641 287 636 290
568 290 561 300
571 290 564 300
576 290 570 299
579 290 573 298
582 290 575 299
585 290 580 298
593 290 589 301
568 292 561 303
573 292 565 302
576 292 568 302
579 292 571 302
582 292 573 302
585 292 576 302
588 292 582 301
593 292 588 304
596 292 592 304
571 295 562 305
573 295 564 305
576 295 567 306
579 295 570 305
582 295 573 305
585 295 576 305
588 295 580 304
571 298 561 308
573 298 564 309
588 298 579 308
602 298 595 310
604 298 598 308
562 301 553 310
565 301 556 310
568 301 559 309
576 301 566 311
579 301 569 311
582 301 573 309
585 301 577 308
588 301 578 310
590 301 582 310
565 304 556 313
568 304 559 313
588 304 578 313
647 315 647 315
