480 255 495 242
486 255 499 242
489 255 501 243
477 258 486 249
475 263 496 244
472 266 493 248
469 269 482 268
460 275 476 259
463 275 485 264
469 275 482 263
463 278 485 268
446 281 428 288
448 281 468 263
440 284 430 285
443 284 425 292
448 284 467 267
440 286 430 289
422 304 427 317
466 307 436 291
463 310 433 293
466 310 436 294
472 310 430 307
475 310 433 308
463 313 433 296
469 313 489 272
486 318 480 306
495 321 487 311
463 324 488 289
475 324 483 296
492 324 486 315
495 324 492 316
475 327 482 300
486 327 487 309
495 327 492 320
443 339 439 349
