1 0 0 -0.2022774517536163 
0 1 0 -0.02555054239928722 
0 0 1 -0.5562111139297485 
0 0 0 1 

0.9994073510169983 0.0006155995652079582 0.03441764041781425 -0.2147369235754013 
-0.002984446240589023 0.9976248145103455 0.06881720572710037 -0.0581405907869339 
-0.0342935286462307 -0.068879134953022 0.9970353841781616 -0.524372398853302 
0 0 0 1 

0.9985519051551819 0.002651757560670376 -0.05373096093535423 -0.1659498065710068 
0.001742235850542784 0.996666431427002 0.0815652459859848 -0.06115982308983803 
0.05376813560724258 -0.08154074847698212 0.9952185750007629 -0.5369624495506287 
0 0 0 1 

0.9870821237564087 0.03268085420131683 -0.1568462997674942 -0.1075387746095657 
-0.01299322117120028 0.9920790195465088 0.1249412149190903 -0.07849874347448349 
0.1596871316432953 -0.1212892979383469 0.9796881079673767 -0.5399342775344849 
0 0 0 1 

0.9705976247787476 -0.05306507647037506 -0.2347855567932129 -0.05993994697928429 
0.1033822000026703 0.9727519750595093 0.2075225412845612 -0.1478055119514465 
0.2173759043216705 -0.225693553686142 0.9496367573738098 -0.5306429266929626 
0 0 0 1 

0.9701188802719116 -0.07853300124406815 -0.2295688837766647 -0.06109180673956871 
0.1294602453708649 0.9677697420120239 0.2160132080316544 -0.1596266180276871 
0.2052056342363358 -0.239278569817543 0.9490185976028442 -0.5270435214042664 
0 0 0 1 

