633 278 629 277
635 278 632 277
613 281 613 280
635 281 632 281
638 281 636 283
562 284 571 284
599 284 602 286
607 284 609 284
613 284 616 284
619 284 621 284
630 284 628 284
635 284 632 284
607 287 609 287
610 287 611 286
619 287 621 288
624 287 624 286
633 287 631 286
635 287 634 287
638 287 636 287
588 290 593 290
602 290 604 292
627 290 627 289
630 290 630 290
596 292 598 291
599 292 601 291
627 292 626 292
633 292 633 292
635 292 636 293
641 292 639 293
602 295 604 295
627 295 626 295
644 295 642 295
556 298 565 303
585 298 591 303
588 298 594 304
590 298 596 303
599 298 603 301
602 298 604 298
604 298 609 302
630 298 630 298
633 298 632 297
638 298 635 297
641 298 638 297
644 298 642 297
565 301 575 304
585 301 591 306
588 301 594 306
590 301 596 306
596 301 600 304
610 301 615 303
638 301 635 299
641 301 638 299
554 304 557 301
565 304 574 306
576 304 584 309
582 304 589 310
585 304 592 310
593 304 599 308
599 304 602 307
602 304 606 306
610 304 615 307
619 304 619 304
624 304 622 304
627 304 625 304
635 304 638 303
644 304 641 301
565 306 574 310
568 306 576 310
573 306 580 311
576 306 584 312
579 306 587 312
582 306 589 312
593 306 599 310
596 306 601 310
602 306 606 309
619 306 619 306
621 306 621 306
633 306 631 305
644 306 641 304
647 306 643 303
579 309 586 315
585 309 593 312
593 309 598 313
613 309 615 310
619 309 621 310
627 309 625 308
630 309 628 308
633 309 631 308
641 309 640 307
647 309 647 308
571 312 576 314
573 312 580 313
596 312 601 314
616 312 618 313
619 312 621 313
630 312 627 310
641 312 640 310
644 312 643 310
647 312 647 310
562 315 564 315
565 315 567 315
588 315 592 315
590 315 595 315
610 315 612 315
619 315 620 315
621 315 623 315
627 315 627 315
630 315 630 315
633 315 633 315
635 315 636 314
638 315 640 313
644 315 642 312
647 315 646 314
