579 213 574 206
582 213 577 204
582 216 577 208
585 216 581 207
573 222 560 212
596 222 590 221
568 225 557 216
568 227 557 219
599 227 594 228
568 230 558 222
599 230 594 230
602 233 601 242
602 236 601 245
604 236 604 244
613 239 616 250
604 242 605 255
604 247 615 262
534 250 547 284
588 250 597 263
593 250 606 263
590 253 603 266
593 253 607 265
602 253 586 276
610 253 621 265
613 253 624 264
616 253 628 260
619 253 630 260
621 253 633 260
627 253 627 253
551 256 582 250
593 256 609 268
610 256 621 268
613 256 624 268
616 256 628 266
619 256 631 263
621 256 634 263
624 256 636 263
630 256 630 256
610 258 621 271
613 258 624 271
616 258 628 270
621 258 634 266
630 258 630 257
613 261 625 274
616 261 629 274
604 264 625 277
619 264 631 276
641 264 642 263
554 267 563 290
599 267 610 283
616 267 612 259
638 267 639 264
534 270 564 266
596 270 605 284
599 270 608 284
624 270 635 284
638 270 639 267
644 270 645 268
528 273 529 281
534 273 563 268
540 273 571 271
585 273 600 296
596 273 604 287
613 273 626 286
644 273 645 270
540 275 572 274
542 275 574 274
545 275 537 265
596 275 608 289
610 275 619 286
616 275 626 288
644 275 645 274
542 278 574 277
545 278 576 277
621 278 630 290
635 278 640 275
602 281 617 291
607 281 626 294
540 284 539 290
599 284 604 292
624 284 580 270
559 287 558 295
621 287 577 274
559 290 559 298
568 290 566 296
571 290 569 296
604 290 609 296
551 292 545 298
554 292 548 294
562 292 560 300
565 292 564 300
568 292 566 300
573 292 571 299
582 292 579 298
604 292 606 302
559 295 557 299
562 295 561 303
571 295 568 302
573 295 570 302
582 295 579 301
585 295 582 300
588 295 584 300
593 295 594 299
599 295 601 305
602 295 603 305
604 295 606 305
616 295 628 312
641 295 642 302
647 295 646 310
559 298 558 302
573 298 570 305
585 298 582 303
588 298 584 303
590 298 588 303
593 298 592 303
610 298 610 308
576 301 573 305
588 301 585 306
590 301 588 306
593 301 591 306
596 301 594 307
602 301 600 309
613 301 611 310
559 304 559 309
573 304 571 308
576 304 573 308
588 304 583 311
573 306 570 311
576 306 574 310
579 306 576 310
588 306 583 313
590 306 586 312
596 306 592 312
599 306 595 311
573 309 571 314
576 309 574 314
579 309 576 313
602 309 598 315
630 312 616 313
576 315 571 316
579 315 573 315
582 315 580 315
585 315 583 315
596 315 590 315
627 315 628 315
630 315 631 315
