476 42 493 155
493 42 507 154
476 94 498 195
493 94 513 193
424 146 460 245
528 146 552 236
562 163 585 247
337 181 389 275
354 181 404 273
389 181 431 270
406 181 445 270
424 181 460 269
441 181 475 268
458 181 492 267
493 181 523 265
510 181 536 263
545 181 569 262
562 181 587 262
319 198 374 293
337 198 390 290
371 198 416 285
389 198 430 283
406 198 445 283
424 198 460 280
441 198 475 281
458 198 490 279
493 198 520 276
510 198 535 275
528 198 552 275
545 198 570 275
319 215 375 307
354 215 403 302
389 215 431 297
406 215 445 295
424 215 460 294
441 215 475 292
458 215 491 291
510 215 536 288
528 215 553 289
319 233 375 324
354 233 403 318
389 233 432 312
458 233 492 309
493 233 521 302
545 233 571 303
406 250 449 327
424 250 463 325
441 250 477 323
493 250 522 316
510 250 536 316
528 250 555 317
545 250 573 321
562 250 595 324
580 250 612 322
597 250 628 321
250 267 320 359
285 267 346 357
371 267 419 346
389 267 433 343
406 267 449 343
424 267 466 343
441 267 479 340
458 267 495 338
493 267 523 335
510 267 538 332
528 267 558 335
580 267 613 338
597 267 631 337
319 285 377 374
389 285 434 360
406 285 451 360
424 285 467 359
441 285 482 358
458 285 497 357
493 285 527 353
510 285 541 348
528 285 558 348
562 285 605 358
597 285 636 355
354 302 408 391
441 302 484 376
458 302 498 374
493 302 529 370
528 302 559 364
545 302 577 365
580 302 623 375
371 319 423 405
389 319 439 403
406 319 455 401
424 319 471 397
441 319 487 396
458 319 502 394
476 319 518 391
510 319 547 385
528 319 562 382
545 319 577 380
580 319 627 395
319 337 378 430
337 337 395 429
371 337 423 424
389 337 440 422
424 337 473 419
441 337 489 416
458 337 505 415
476 337 520 411
493 337 537 410
528 337 564 398
562 337 614 417
580 337 631 415
354 354 405 443
371 354 423 443
389 354 442 443
406 354 458 439
424 354 476 438
441 354 491 435
458 354 507 434
476 354 523 433
562 354 617 436
389 371 442 461
406 371 459 460
441 371 493 457
458 371 509 454
476 371 527 452
441 389 492 474
614 406 666 467
632 406 685 465
649 406 701 464
