476 25 456 43
476 42 455 59
493 42 470 60
510 42 490 62
562 42 558 67
597 42 580 67
476 59 455 77
493 59 471 76
528 59 512 83
545 59 532 82
562 59 545 83
580 59 564 82
597 59 582 84
614 59 596 85
632 59 611 87
458 77 440 92
476 77 456 91
493 77 472 90
545 77 529 101
562 77 545 102
580 77 561 101
597 77 579 101
614 77 593 100
632 77 608 102
458 94 440 108
476 94 456 107
493 94 471 106
528 94 511 115
545 94 528 116
562 94 545 116
580 94 561 117
597 94 578 118
614 94 592 119
632 94 606 119
441 111 426 127
458 111 440 124
476 111 456 123
493 111 473 123
614 111 580 137
632 111 612 137
441 129 425 143
458 129 440 143
476 129 455 142
493 129 473 142
510 129 495 145
580 129 565 151
597 129 579 153
632 129 612 154
42 146 37 165
59 146 56 165
77 146 72 165
94 146 89 165
111 146 106 165
129 146 124 166
146 146 140 166
163 146 158 166
389 146 373 161
406 146 391 159
424 146 409 158
441 146 425 159
476 146 459 157
528 146 508 157
562 146 542 157
597 146 580 168
632 146 609 173
42 163 38 181
59 163 55 182
77 163 71 181
94 163 91 181
111 163 109 181
129 163 124 182
146 163 140 182
163 163 158 182
354 163 341 174
371 163 358 174
389 163 374 173
406 163 392 173
424 163 409 173
441 163 424 173
458 163 441 173
476 163 458 174
493 163 475 173
510 163 490 173
528 163 507 172
545 163 523 172
562 163 540 173
580 163 561 181
597 163 578 185
42 181 34 200
59 181 54 200
337 181 326 191
354 181 341 188
389 181 374 187
406 181 391 187
424 181 407 188
441 181 424 187
458 181 442 188
476 181 459 189
493 181 474 188
510 181 489 188
545 181 524 189
562 181 540 189
580 181 564 205
597 181 584 205
614 181 598 198
319 198 308 208
337 198 325 207
354 198 343 205
371 198 357 203
441 198 424 204
597 198 583 223
614 198 596 213
302 215 286 235
319 215 309 223
354 215 341 222
371 215 358 220
389 215 375 219
406 215 392 219
424 215 407 218
458 215 441 218
476 215 458 218
493 215 473 218
510 215 490 218
528 215 507 219
545 215 524 219
580 215 559 223
614 215 597 229
632 215 609 233
285 233 266 252
302 233 292 242
319 233 307 242
337 233 325 240
354 233 341 239
371 233 360 237
389 233 375 235
406 233 392 235
424 233 408 235
441 233 424 234
458 233 441 234
476 233 457 234
493 233 473 233
510 233 490 233
528 233 506 233
580 233 558 237
614 233 599 243
267 250 252 264
285 250 272 262
302 250 291 260
319 250 309 258
354 250 342 257
371 250 358 253
389 250 374 252
406 250 392 253
424 250 409 252
441 250 424 251
458 250 441 251
476 250 457 250
493 250 473 250
510 250 489 250
528 250 507 250
545 250 524 252
580 250 559 254
597 250 574 254
250 267 243 276
285 267 272 277
302 267 289 278
319 267 307 280
354 267 342 275
371 267 358 270
389 267 375 270
406 267 392 270
424 267 409 270
441 267 425 269
458 267 441 269
476 267 458 268
493 267 474 267
510 267 489 266
545 267 525 268
562 267 542 270
302 285 288 300
319 285 309 295
337 285 325 302
371 285 359 288
389 285 375 286
406 285 392 287
424 285 409 287
441 285 426 287
458 285 442 286
476 285 457 285
493 285 475 285
510 285 491 283
528 285 508 284
562 285 543 287
580 285 559 288
597 285 576 287
302 302 292 323
319 302 309 314
337 302 324 316
354 302 342 310
371 302 358 307
389 302 376 304
424 302 410 304
441 302 426 304
458 302 440 302
476 302 458 302
493 302 476 303
510 302 491 301
528 302 507 300
545 302 525 301
562 302 543 303
580 302 561 304
597 302 577 310
614 302 592 310
632 302 616 308
302 319 292 337
319 319 309 331
337 319 324 332
354 319 343 331
389 319 376 325
406 319 393 324
424 319 411 323
441 319 426 323
458 319 444 321
476 319 459 321
493 319 476 321
510 319 492 320
528 319 508 317
545 319 524 316
562 319 544 321
597 319 577 329
614 319 592 327
632 319 612 325
649 319 630 327
302 337 288 350
319 337 307 349
337 337 322 350
354 337 342 347
371 337 358 341
389 337 376 343
406 337 393 342
424 337 410 342
441 337 427 340
458 337 443 339
476 337 460 339
493 337 477 338
510 337 494 337
528 337 509 334
545 337 527 337
562 337 546 341
580 337 563 340
614 337 593 345
632 337 614 344
649 337 632 344
666 337 646 349
285 354 267 372
302 354 287 370
319 354 314 367
371 354 358 362
389 354 377 362
406 354 393 360
424 354 411 360
441 354 427 359
458 354 444 358
476 354 460 357
493 354 477 357
545 354 529 357
562 354 545 357
580 354 563 356
666 354 646 363
267 371 252 391
285 371 270 388
302 371 300 385
354 371 336 373
406 371 394 378
441 371 428 377
458 371 444 376
476 371 461 375
493 371 479 375
510 371 498 376
528 371 513 375
545 371 531 375
562 371 546 375
580 371 564 375
597 371 578 366
614 371 593 367
632 371 611 367
649 371 627 367
666 371 646 379
267 389 252 407
285 389 272 406
302 389 302 404
319 389 322 404
354 389 335 390
389 389 372 398
406 389 391 396
424 389 411 396
441 389 426 394
458 389 445 394
476 389 463 393
493 389 480 392
510 389 499 392
528 389 514 392
562 389 549 392
580 389 565 392
597 389 578 386
614 389 592 383
632 389 610 383
649 389 629 382
267 406 256 421
302 406 304 422
319 406 322 421
337 406 338 421
441 406 427 414
458 406 446 412
476 406 462 412
510 406 497 408
528 406 513 409
545 406 531 409
562 406 549 408
580 406 563 409
597 406 578 403
614 406 594 399
632 406 610 397
649 406 627 397
267 424 256 437
285 424 271 436
302 424 288 440
319 424 321 438
371 424 357 428
389 424 373 428
406 424 391 426
424 424 410 427
458 424 445 427
476 424 462 427
493 424 477 428
510 424 500 424
528 424 517 424
545 424 533 424
562 424 549 424
580 424 564 426
597 424 581 424
614 424 599 419
632 424 612 415
649 424 627 414
267 441 258 456
285 441 271 456
319 441 305 440
371 441 354 442
389 441 372 442
406 441 390 442
424 441 409 444
441 441 426 444
458 441 445 443
476 441 463 443
493 441 481 443
510 441 498 441
562 441 548 441
580 441 564 441
597 441 581 441
614 441 598 439
649 441 619 431
302 458 285 459
319 458 306 459
337 458 320 460
354 458 337 455
371 458 356 457
389 458 373 457
406 458 390 461
424 458 411 461
441 458 426 462
458 458 445 460
476 458 463 461
493 458 481 460
510 458 497 459
528 458 516 456
545 458 531 457
562 458 546 460
580 458 564 459
597 458 581 458
302 476 282 477
319 476 301 477
337 476 319 478
354 476 340 476
371 476 357 475
389 476 373 476
406 476 391 477
424 476 410 477
441 476 427 476
458 476 445 476
476 476 463 475
493 476 481 476
510 476 498 476
528 476 513 476
545 476 530 477
562 476 549 477
580 476 562 477
