501 232 476 219
509 240 480 226
482 251 449 234
488 251 453 234
472 254 440 239
469 256 436 242
485 256 453 238
472 259 439 241
488 261 456 245
490 261 459 243
480 267 448 250
485 267 453 249
464 269 432 255
467 269 435 254
472 269 440 254
467 272 435 257
469 272 438 257
477 272 444 255
480 272 447 255
482 272 449 255
485 272 452 255
474 275 440 258
477 275 443 258
480 275 447 258
482 275 450 258
506 275 476 256
509 275 479 255
477 277 444 261
480 277 447 261
488 277 452 260
490 277 455 260
493 277 458 260
501 285 471 271
501 290 471 278
503 290 476 279
496 296 469 281
493 298 463 284
498 298 468 284
501 298 471 285
490 301 461 287
493 301 464 287
493 304 464 291
456 306 433 293
482 306 453 291
482 309 453 294
