501 224 489 225
503 224 492 225
517 224 515 227
456 227 467 226
503 227 491 229
530 227 532 233
533 227 535 232
503 230 491 233
527 230 527 293
430 232 429 236
511 232 506 232
514 232 509 231
511 235 507 234
514 235 511 233
511 238 508 237
443 243 507 250
533 248 525 241
535 248 531 242
430 251 429 266
533 251 533 279
522 254 446 296
530 254 531 283
430 256 429 290
435 256 435 314
472 259 432 253
538 261 538 269
430 264 429 297
538 264 538 271
533 267 527 262
538 267 538 275
456 269 492 280
527 269 525 269
535 269 532 263
522 272 503 243
535 272 533 266
430 275 430 243
503 275 455 253
522 275 504 245
533 275 529 270
519 277 509 269
522 280 523 250
432 283 436 283
485 283 443 230
488 283 446 230
519 283 518 254
525 283 516 298
432 285 435 289
456 285 480 241
522 285 514 302
525 285 516 302
527 285 519 301
530 285 522 301
430 288 430 269
432 288 435 292
435 288 438 289
527 288 521 304
501 290 505 294
519 290 487 268
527 290 474 267
496 293 455 255
533 293 532 285
535 293 534 285
538 293 538 285
435 296 444 299
535 296 533 288
538 296 538 288
435 298 442 304
490 298 455 241
493 298 458 240
490 301 456 243
493 301 459 243
501 301 466 242
482 304 442 253
485 304 445 252
490 304 457 246
493 304 460 246
501 304 466 244
432 306 434 286
464 306 433 256
480 306 436 257
485 306 446 256
490 306 457 250
480 309 437 260
496 309 458 293
511 309 500 299
514 309 503 299
530 309 524 307
514 312 504 303
517 312 508 303
522 312 514 305
525 312 517 304
443 314 446 283
445 314 449 283
469 314 442 266
511 314 502 309
430 317 429 315
443 317 447 285
430 320 429 318
432 320 432 318
482 320 482 316
430 322 430 322
469 322 490 323
482 322 483 319
493 322 518 320
538 322 538 316
435 325 433 321
477 325 497 324
511 325 518 323
527 325 531 324
530 325 535 323
435 327 431 327
437 327 441 326
448 327 447 327
469 327 516 327
472 327 501 327
477 327 495 328
480 327 497 328
498 327 525 327
509 327 471 327
519 327 462 327
527 327 532 327
538 327 538 327
