343 149 353 150
349 149 358 150
323 154 333 152
312 160 316 158
354 160 368 160
364 160 375 160
354 165 370 166
359 165 375 166
364 165 379 165
359 170 374 170
369 170 381 169
276 175 287 169
286 175 297 169
291 175 302 169
317 175 360 170
323 175 365 169
328 175 370 170
390 175 390 171
291 180 302 175
297 180 307 175
307 180 322 186
312 180 358 175
317 180 363 175
323 180 367 174
369 180 380 175
385 180 386 176
390 180 391 175
395 180 395 175
286 186 297 180
291 186 302 180
307 186 323 190
385 186 385 180
390 186 390 179
406 186 406 185
281 191 296 185
291 191 301 185
338 191 380 190
286 196 301 195
333 196 374 194
343 196 383 193
260 201 270 206
323 201 364 197
328 201 369 200
333 201 374 200
338 201 379 197
343 201 384 197
349 201 389 197
406 201 406 195
411 201 411 196
281 206 301 201
291 206 316 206
317 206 359 201
323 206 364 202
328 206 370 205
333 206 373 205
338 206 379 201
343 206 381 207
359 206 390 207
375 206 400 205
411 206 410 201
260 212 269 211
265 212 274 212
286 212 296 212
312 212 348 206
323 212 363 207
369 212 396 208
411 212 411 206
265 217 275 217
271 217 281 217
281 217 286 217
286 217 296 217
317 217 355 212
328 217 365 213
343 217 380 212
354 217 385 212
369 217 396 213
406 217 406 213
265 222 275 223
276 222 280 220
281 222 291 220
302 222 339 217
307 222 343 216
312 222 348 216
317 222 354 217
323 222 360 218
328 222 364 218
338 222 373 218
364 222 391 218
369 222 395 218
416 222 410 221
271 227 281 226
276 227 286 225
281 227 291 225
286 227 295 227
302 227 339 222
307 227 344 222
312 227 349 222
317 227 354 223
323 227 360 222
328 227 364 222
333 227 369 223
338 227 373 227
349 227 379 222
354 227 384 223
364 227 391 224
369 227 395 224
411 227 405 228
276 232 286 231
281 232 291 231
297 232 333 228
307 232 344 227
312 232 348 227
317 232 354 227
323 232 358 227
328 232 365 227
333 232 369 228
349 232 380 228
354 232 384 228
276 238 286 236
281 238 291 236
291 238 333 232
307 238 347 232
317 238 355 232
323 238 358 232
333 238 369 233
338 238 373 233
349 238 380 233
369 238 394 234
375 238 398 233
411 238 405 233
276 243 286 240
281 243 290 241
291 243 327 243
302 243 341 238
312 243 352 238
323 243 359 237
328 243 364 238
333 243 369 239
338 243 373 238
359 243 385 241
364 243 390 239
380 243 400 237
411 243 405 238
286 248 295 254
307 248 347 243
312 248 352 243
323 248 360 243
328 248 365 243
333 248 369 243
349 248 380 243
364 248 389 245
369 248 395 245
411 248 399 259
286 253 296 258
307 253 347 248
312 253 352 248
317 253 357 248
333 253 369 248
338 253 373 248
349 253 380 250
359 253 386 249
364 253 390 250
369 253 395 249
401 253 394 259
307 258 347 253
312 258 353 254
317 258 358 254
333 258 370 253
338 258 374 254
349 258 380 254
354 258 383 254
364 258 391 254
416 258 416 248
286 264 317 262
291 264 323 263
297 264 332 259
302 264 338 260
333 264 370 258
343 264 376 259
349 264 380 259
364 264 389 259
390 264 389 263
411 264 410 249
286 269 319 268
291 269 323 267
297 269 332 267
312 269 354 264
317 269 358 265
323 269 363 264
333 269 371 264
338 269 374 264
349 269 380 264
359 269 385 265
390 269 389 269
281 274 314 273
286 274 318 273
291 274 323 273
297 274 328 272
302 274 338 273
317 274 359 270
333 274 370 269
349 274 380 269
359 274 384 269
390 274 390 274
401 274 399 279
281 279 292 253
291 279 323 277
297 279 331 277
302 279 338 279
307 279 343 279
312 279 353 275
317 279 359 275
333 279 370 274
343 279 375 275
354 279 381 275
359 279 384 273
385 279 388 279
406 279 411 274
286 284 318 283
297 284 332 284
302 284 338 284
307 284 344 283
323 284 359 280
328 284 364 280
385 284 388 284
406 284 409 278
411 284 416 278
291 290 323 289
297 290 332 289
302 290 337 289
307 290 342 288
312 290 348 288
323 290 359 285
328 290 363 285
385 290 389 289
406 290 409 284
297 295 327 295
312 295 347 294
317 295 353 294
328 295 352 305
390 295 393 294
395 295 399 295
401 295 404 295
406 295 411 295
411 295 411 290
380 300 384 300
385 300 389 299
390 300 394 299
395 300 399 300
401 300 403 299
406 300 410 300
302 305 317 306
369 305 378 300
375 305 379 305
380 305 384 304
385 305 389 305
390 305 394 305
395 305 398 305
401 305 403 305
411 305 414 305
333 310 344 315
338 310 349 315
343 310 354 314
364 310 368 311
369 310 374 310
375 310 379 309
380 310 384 309
385 310 389 310
390 310 394 310
401 310 404 310
406 310 409 310
411 310 414 310
421 310 422 310
442 310 442 310
338 316 349 319
343 316 354 319
359 316 364 316
364 316 368 316
369 316 374 315
375 316 379 315
380 316 383 316
385 316 388 316
390 316 394 315
395 316 399 315
401 316 404 316
406 316 409 316
411 316 414 316
416 316 420 316
421 316 425 316
437 316 436 315
442 316 442 316
317 321 322 321
338 321 348 325
354 321 358 321
359 321 364 320
364 321 368 320
375 321 378 321
380 321 383 322
385 321 388 321
390 321 394 320
395 321 399 320
401 321 404 321
411 321 414 321
416 321 419 321
442 321 442 321
307 326 307 326
323 326 325 325
328 326 331 325
333 326 336 326
343 326 348 331
349 326 354 326
354 326 357 326
359 326 363 325
369 326 373 325
375 326 378 326
380 326 383 327
385 326 388 326
390 326 394 325
401 326 404 326
406 326 409 327
411 326 414 326
421 326 423 325
442 326 443 325
302 331 302 331
307 331 306 331
312 331 315 329
317 331 320 330
323 331 326 330
328 331 331 330
364 331 368 330
380 331 383 332
385 331 388 331
390 331 393 331
395 331 398 330
401 331 404 331
406 331 409 331
411 331 414 332
427 331 429 331
432 331 435 331
302 336 301 336
307 336 306 336
317 336 320 335
328 336 328 336
333 336 333 337
338 336 339 336
343 336 344 336
354 336 358 336
359 336 362 336
364 336 367 336
369 336 373 336
375 336 378 337
385 336 388 336
390 336 393 336
395 336 398 336
401 336 403 337
411 336 414 336
416 336 419 337
421 336 424 337
427 336 430 337
432 336 435 337
437 336 440 337
