338 149 338 149
343 149 344 148
359 149 364 147
323 154 325 152
328 154 330 152
338 154 341 153
343 154 347 153
349 154 352 152
354 154 358 152
364 154 369 153
369 154 374 153
375 154 380 153
286 160 291 159
291 160 295 158
297 160 299 159
307 160 309 157
312 160 315 157
317 160 321 157
328 160 330 158
338 160 344 159
343 160 352 159
349 160 357 159
354 160 362 159
364 160 369 159
369 160 375 159
286 165 289 164
291 165 294 163
297 165 299 163
302 165 304 163
307 165 311 164
312 165 317 163
317 165 322 163
323 165 326 164
328 165 332 164
333 165 338 163
338 165 347 164
343 165 353 164
349 165 358 164
354 165 363 164
359 165 368 165
364 165 373 165
380 165 383 163
276 170 259 192
281 170 285 170
286 170 289 168
307 170 312 170
312 170 317 170
317 170 323 170
323 170 332 170
328 170 338 170
333 170 343 170
338 170 348 170
343 170 354 169
349 170 359 170
354 170 364 170
359 170 369 170
364 170 374 170
369 170 378 170
380 170 385 169
385 170 389 168
395 170 396 168
286 175 289 174
291 175 296 174
297 175 302 175
302 175 310 175
307 175 317 175
312 175 322 176
317 175 328 176
323 175 333 176
328 175 338 175
333 175 344 176
338 175 350 176
343 175 354 175
349 175 360 175
354 175 365 176
359 175 370 175
364 175 374 175
369 175 379 175
375 175 384 175
385 175 390 174
271 180 271 180
276 180 276 179
281 180 281 179
286 180 294 181
291 180 300 181
297 180 305 181
302 180 312 181
307 180 317 181
312 180 322 181
317 180 328 181
323 180 333 181
333 180 344 181
359 180 371 181
364 180 375 181
369 180 380 181
375 180 385 181
380 180 389 181
385 180 394 181
401 180 401 178
265 186 266 188
271 186 270 185
291 186 300 186
297 186 307 187
302 186 312 186
307 186 318 187
312 186 324 186
317 186 328 186
323 186 333 186
333 186 343 186
338 186 349 186
343 186 357 186
364 186 375 186
369 186 381 186
375 186 386 186
380 186 390 186
385 186 394 186
390 186 400 188
395 186 401 185
406 186 407 184
271 191 271 189
281 191 276 191
286 191 290 196
297 191 307 192
302 191 312 191
307 191 317 191
312 191 323 191
317 191 329 192
323 191 333 192
328 191 339 191
338 191 349 191
343 191 355 191
349 191 360 191
354 191 367 191
364 191 376 192
369 191 381 192
375 191 386 192
380 191 390 191
385 191 395 192
255 196 254 197
260 196 259 196
271 196 270 196
276 196 281 197
286 196 296 197
291 196 302 197
297 196 307 197
302 196 311 197
307 196 317 197
312 196 323 197
317 196 328 197
328 196 339 197
338 196 350 197
343 196 355 197
349 196 363 196
369 196 381 197
375 196 385 197
380 196 390 197
385 196 395 196
390 196 400 197
401 196 407 196
406 196 411 196
260 201 259 201
265 201 265 201
271 201 271 202
276 201 281 202
281 201 285 202
297 201 308 202
307 201 317 202
312 201 323 202
323 201 333 202
333 201 345 204
338 201 350 202
343 201 355 202
354 201 365 202
364 201 376 202
369 201 380 202
375 201 386 202
380 201 390 202
385 201 395 202
390 201 399 201
395 201 404 201
406 201 411 201
255 206 253 206
260 206 258 206
265 206 265 207
271 206 270 207
281 206 285 208
286 206 297 207
297 206 302 208
302 206 311 207
312 206 322 208
317 206 327 208
323 206 332 208
328 206 339 207
338 206 350 207
343 206 355 207
349 206 360 206
359 206 370 207
364 206 376 207
369 206 381 207
375 206 386 207
380 206 390 207
385 206 395 207
395 206 403 207
401 206 408 206
406 206 411 206
416 206 417 205
260 212 258 212
265 212 263 212
271 212 269 212
276 212 276 212
281 212 281 212
286 212 291 213
297 212 302 213
302 212 310 214
307 212 315 213
317 212 327 213
323 212 333 213
328 212 339 211
333 212 344 211
343 212 355 213
349 212 360 212
354 212 364 210
364 212 375 212
369 212 380 213
375 212 385 212
380 212 390 212
385 212 394 211
390 212 399 212
401 212 407 211
406 212 410 211
260 217 258 217
265 217 263 217
271 217 271 217
276 217 276 217
281 217 280 217
286 217 289 217
302 217 307 219
307 217 315 219
312 217 322 220
317 217 327 220
323 217 332 219
328 217 338 218
333 217 344 218
338 217 349 217
349 217 359 217
354 217 364 216
359 217 369 216
364 217 374 216
369 217 379 217
375 217 383 217
380 217 389 217
390 217 397 217
401 217 406 217
406 217 410 217
260 222 258 222
265 222 263 222
271 222 268 222
276 222 275 222
281 222 281 222
291 222 296 223
297 222 302 224
323 222 333 224
328 222 337 224
338 222 349 222
343 222 355 222
349 222 360 222
354 222 364 222
359 222 368 221
364 222 373 222
369 222 379 222
375 222 383 222
395 222 402 222
401 222 406 221
411 222 412 221
416 222 416 220
271 227 270 228
276 227 275 228
281 227 281 228
286 227 291 229
291 227 300 228
297 227 306 228
302 227 311 229
307 227 315 229
312 227 321 229
317 227 327 229
323 227 332 229
328 227 338 229
333 227 343 229
338 227 349 228
343 227 354 229
349 227 360 228
354 227 365 228
359 227 369 228
364 227 374 228
369 227 379 228
375 227 383 228
385 227 391 227
401 227 402 225
406 227 408 225
411 227 412 225
416 227 417 226
276 232 276 233
281 232 282 234
291 232 300 235
297 232 305 234
302 232 312 234
307 232 317 234
312 232 322 233
323 232 333 234
328 232 338 234
333 232 343 233
338 232 348 234
343 232 354 234
349 232 359 234
354 232 364 233
359 232 369 233
364 232 375 234
369 232 379 233
390 232 397 233
401 232 402 231
406 232 408 230
411 232 412 230
276 238 277 238
281 238 282 239
286 238 294 240
291 238 300 240
297 238 306 239
302 238 312 240
307 238 317 240
317 238 327 239
323 238 333 239
328 238 338 239
333 238 343 239
338 238 348 239
343 238 353 239
349 238 358 239
354 238 364 239
369 238 379 238
375 238 384 238
385 238 392 238
390 238 396 238
401 238 402 237
406 238 407 236
411 238 412 236
276 243 276 243
281 243 281 243
297 243 306 245
302 243 311 244
307 243 317 245
317 243 327 245
323 243 332 244
333 243 343 244
338 243 349 244
343 243 354 244
349 243 359 244
354 243 363 244
359 243 368 244
364 243 373 244
369 243 379 244
375 243 384 243
385 243 391 242
390 243 396 243
401 243 402 242
406 243 407 241
411 243 411 241
276 248 276 247
281 248 280 248
291 248 297 250
302 248 311 250
307 248 316 250
312 248 322 250
317 248 328 250
323 248 333 250
328 248 338 250
333 248 343 249
338 248 349 249
343 248 354 249
349 248 359 249
359 248 368 249
364 248 373 249
369 248 379 249
385 248 391 248
390 248 395 248
401 248 401 247
406 248 406 247
281 253 286 255
291 253 296 255
297 253 302 255
302 253 311 255
312 253 322 255
317 253 327 255
328 253 338 255
333 253 344 254
338 253 349 255
343 253 354 255
354 253 363 254
359 253 368 254
364 253 374 254
369 253 379 254
385 253 390 252
390 253 395 252
401 253 402 251
406 253 406 252
416 253 408 264
281 258 285 261
286 258 292 261
297 258 303 261
302 258 311 261
307 258 317 260
328 258 338 259
333 258 344 259
338 258 349 260
343 258 354 259
349 258 359 260
359 258 369 259
369 258 379 259
385 258 390 256
395 258 397 256
401 258 402 256
406 258 407 257
411 258 412 258
276 264 280 266
281 264 286 267
286 264 292 267
291 264 298 266
297 264 303 266
302 264 312 265
307 264 317 265
312 264 322 265
317 264 328 265
328 264 339 264
333 264 344 264
338 264 349 265
343 264 354 265
349 264 359 264
354 264 364 265
359 264 368 265
364 264 373 265
390 264 392 262
395 264 396 263
401 264 401 263
411 264 411 262
416 264 416 269
271 269 276 271
276 269 280 271
286 269 293 272
291 269 298 271
297 269 303 271
302 269 310 271
312 269 323 270
317 269 328 270
323 269 334 270
328 269 338 269
333 269 344 270
338 269 349 270
343 269 354 270
349 269 359 269
354 269 363 270
359 269 368 270
364 269 373 270
375 269 380 272
380 269 385 267
390 269 391 269
395 269 395 270
401 269 400 269
411 269 411 269
416 269 416 274
271 274 276 276
276 274 280 277
281 274 287 277
291 274 298 278
297 274 304 278
307 274 316 278
312 274 322 275
317 274 328 275
323 274 333 275
328 274 338 274
333 274 344 275
338 274 349 275
343 274 353 275
349 274 359 274
354 274 365 278
385 274 387 273
416 274 413 279
286 279 291 283
291 279 298 283
297 279 304 283
302 279 308 283
312 279 321 281
317 279 327 280
323 279 332 280
328 279 338 280
333 279 343 280
338 279 349 280
343 279 354 280
369 279 376 279
385 279 387 279
390 279 390 279
406 279 405 280
276 284 275 286
281 284 286 287
286 284 292 288
291 284 299 288
297 284 304 288
302 284 308 288
312 284 322 286
317 284 326 286
323 284 332 286
328 284 337 286
333 284 343 286
338 284 348 286
385 284 387 284
390 284 391 284
276 290 276 291
281 290 286 291
291 290 298 293
307 290 316 293
317 290 326 290
328 290 335 291
349 290 356 289
364 290 371 289
380 290 381 289
385 290 386 289
390 290 391 289
395 290 396 290
401 290 402 289
406 290 407 290
276 295 276 295
281 295 282 296
297 295 303 298
302 295 308 299
307 295 314 297
328 295 334 296
333 295 340 296
364 295 370 299
390 295 390 295
395 295 396 295
401 295 402 294
406 295 407 294
411 295 411 295
286 300 291 302
291 300 296 303
302 300 307 304
307 300 314 303
312 300 319 302
317 300 328 302
328 300 333 305
338 300 346 300
354 300 354 300
375 300 375 300
380 300 379 300
385 300 385 300
395 300 396 300
401 300 401 299
406 300 408 299
411 300 412 300
291 305 296 308
297 305 301 309
302 305 307 309
307 305 313 309
317 305 323 309
323 305 329 309
328 305 332 311
333 305 337 310
354 305 355 306
359 305 359 305
375 305 375 305
380 305 378 306
385 305 384 306
390 305 392 306
401 305 401 304
406 305 407 305
411 305 412 305
338 310 343 316
354 310 354 312
359 310 358 312
369 310 367 311
375 310 373 310
380 310 379 310
385 310 384 312
390 310 390 311
395 310 395 310
401 310 401 311
406 310 406 310
411 310 412 310
416 310 417 310
432 310 432 310
442 310 443 310
297 316 302 317
307 316 308 317
338 316 344 321
364 316 361 317
369 316 367 317
375 316 373 316
380 316 378 317
385 316 383 316
390 316 391 316
395 316 395 316
406 316 405 316
411 316 410 316
416 316 416 315
421 316 422 316
427 316 428 316
432 316 433 316
437 316 437 316
442 316 443 315
307 321 308 321
312 321 314 321
317 321 317 322
323 321 322 322
354 321 349 322
359 321 355 322
364 321 361 322
369 321 367 321
375 321 372 322
380 321 377 322
385 321 383 321
390 321 390 321
395 321 395 322
401 321 400 322
411 321 409 322
416 321 414 322
432 321 432 321
437 321 438 321
442 321 443 321
312 326 312 327
317 326 318 327
323 326 323 326
333 326 333 327
338 326 339 328
343 326 344 328
354 326 349 328
359 326 356 327
369 326 367 326
375 326 372 327
380 326 378 327
385 326 383 327
390 326 389 327
395 326 394 327
401 326 399 327
406 326 404 327
411 326 409 327
416 326 414 327
421 326 419 327
427 326 424 326
437 326 437 326
442 326 443 326
307 331 307 331
312 331 313 331
317 331 319 331
323 331 323 331
328 331 328 331
333 331 333 332
359 331 355 332
364 331 362 332
375 331 372 332
380 331 378 332
390 331 388 333
395 331 393 332
411 331 409 333
416 331 413 333
421 331 419 332
427 331 423 331
432 331 429 330
302 336 302 336
307 336 307 336
312 336 313 336
317 336 319 336
323 336 324 337
328 336 328 337
333 336 333 336
343 336 343 337
354 336 350 337
359 336 356 337
364 336 362 338
369 336 366 338
375 336 371 338
380 336 377 337
385 336 383 337
390 336 388 338
395 336 393 338
401 336 398 338
406 336 403 338
411 336 408 337
416 336 413 337
421 336 417 337
427 336 422 337
