496 242 497 243
500 242 500 243
490 248 489 248
493 248 485 252
496 248 498 248
503 248 503 248
484 255 478 257
487 255 482 258
478 258 471 261
481 258 474 261
478 261 471 265
466 267 452 272
466 273 450 276
469 273 466 267
475 273 458 275
478 273 473 267
444 276 439 278
472 276 469 270
441 279 436 280
478 279 472 274
487 282 472 281
463 285 474 302
432 292 438 287
490 292 477 298
432 295 437 290
438 295 446 285
441 295 449 284
478 295 465 294
484 295 470 296
432 298 437 294
441 298 449 289
432 304 459 286
429 310 457 296
450 310 460 307
453 310 463 307
460 310 467 308
429 313 419 298
444 313 432 312
447 313 438 312
453 313 455 313
463 313 473 308
496 313 489 316
444 316 435 315
447 316 438 314
450 316 442 315
456 316 463 310
490 316 459 320
426 319 416 305
429 319 419 310
432 319 422 310
456 319 463 313
493 319 462 323
429 322 419 313
432 322 421 313
426 325 418 316
432 325 421 316
447 332 447 332
453 332 450 333
460 335 460 334
469 335 472 331
472 335 475 331
