1 0 0 -0.1178319603204727 
0 1 0 -0.04324014484882355 
0 0 1 -0.828993558883667 
0 0 0 1 

0.9954602718353271 -0.08059661090373993 -0.05062494054436684 -0.07593438774347305 
0.0814831554889679 0.9965510964393616 0.01569571904838085 -0.01881235465407372 
0.04918529093265533 -0.01974960975348949 0.998594343662262 -0.8035295605659485 
0 0 0 1 

0.9840379953384399 -0.1753100156784058 -0.03058591298758984 -0.0761454850435257 
0.1765786409378052 0.9832391738891602 0.04539365321397781 -0.03522531688213348 
0.02211526967585087 -0.05006992071866989 0.9985008239746094 -0.7848988175392151 
0 0 0 1 

0.9771101474761963 -0.1654129475355148 -0.1337691247463226 -0.0058614332228899 
0.1785428673028946 0.9795359373092651 0.0929071456193924 -0.05107719823718071 
0.1156635731458664 -0.1146640926599503 0.9866478443145752 -0.7677017450332642 
0 0 0 1 

0.9738310575485229 -0.1977623403072357 -0.1119943484663963 -0.009924318641424179 
0.2085560262203217 0.9734275341033936 0.09456755965948105 -0.03742438182234764 
0.09031642973423004 -0.1154500246047974 0.9891986846923828 -0.7581956386566162 
0 0 0 1 

