556 205 551 211
548 208 545 213
551 208 547 213
588 208 586 209
593 208 589 209
596 208 591 209
602 208 600 209
604 208 602 210
540 211 545 208
568 211 577 214
588 211 586 212
590 211 588 212
596 211 591 211
599 211 598 212
602 211 600 212
604 211 603 212
554 213 560 217
562 213 572 217
565 213 574 217
590 213 588 214
593 213 594 215
599 213 597 215
602 213 600 215
551 216 554 220
554 216 562 219
556 216 564 220
559 216 568 221
562 216 572 220
588 216 583 215
548 219 551 223
551 219 557 223
554 219 562 222
556 219 564 222
559 219 568 223
562 219 571 223
568 219 580 221
604 219 603 222
548 222 542 225
554 222 562 225
556 222 565 225
562 222 571 226
565 222 574 222
590 222 590 226
554 225 562 228
565 225 574 229
568 225 582 230
590 225 590 229
593 225 593 229
548 227 542 242
556 227 564 229
559 227 567 228
548 230 542 245
551 233 544 249
542 236 538 247
545 236 541 248
582 236 587 235
585 236 591 235
588 236 594 235
596 239 610 236
602 239 614 236
593 242 602 244
602 242 613 238
576 244 587 244
593 244 602 248
599 244 610 241
602 244 613 241
562 247 570 249
593 247 602 251
607 247 618 250
559 250 569 258
585 250 596 255
610 250 619 248
556 253 567 260
559 253 569 261
602 253 611 250
604 253 613 250
607 253 615 251
534 256 547 262
540 256 536 254
542 256 538 254
559 256 570 263
576 256 588 263
593 256 602 255
602 256 610 253
604 256 613 253
607 256 615 253
613 256 619 253
540 258 556 263
556 258 567 263
585 258 595 261
588 258 599 258
596 258 604 256
604 258 613 255
610 258 617 257
613 258 618 257
540 261 556 265
565 261 576 263
568 261 581 263
588 261 599 261
593 261 602 262
610 261 616 259
619 261 621 262
624 261 625 262
528 264 540 269
556 264 568 267
562 264 573 266
582 264 593 265
585 264 596 265
588 264 599 264
593 264 601 264
596 264 604 264
613 264 619 265
621 264 622 265
624 264 624 265
627 264 627 266
540 267 549 271
554 267 566 270
562 267 573 270
573 267 584 269
576 267 587 267
588 267 599 266
593 267 601 267
607 267 610 264
613 267 619 267
621 267 622 268
624 267 624 268
531 270 535 274
559 270 570 273
562 270 573 272
568 270 575 272
579 270 592 270
599 270 604 268
602 270 606 269
607 270 610 268
610 270 613 268
613 270 615 268
621 270 622 270
624 270 624 270
531 273 535 277
542 273 552 275
545 273 555 274
559 273 569 276
562 273 572 276
607 273 610 271
610 273 613 271
613 273 615 271
619 273 619 272
621 273 621 273
624 273 623 273
635 273 633 277
638 273 635 277
641 273 638 277
542 275 552 277
545 275 555 277
551 275 566 278
562 275 572 278
571 275 581 276
573 275 583 276
599 275 601 276
610 275 613 273
613 275 615 273
624 275 623 277
635 275 633 279
638 275 635 280
641 275 638 280
554 278 572 280
573 278 575 278
593 278 591 279
602 278 601 281
604 278 604 281
607 278 607 282
619 278 618 280
635 278 634 282
593 281 591 285
596 281 594 284
599 281 598 284
602 281 600 287
604 281 603 288
607 281 606 284
616 281 616 282
619 281 618 283
633 281 630 284
638 281 635 285
641 281 638 286
644 281 641 286
540 284 541 283
576 284 583 281
590 284 589 288
593 284 591 288
607 284 606 287
610 284 609 287
624 284 624 285
635 284 632 287
638 284 635 288
641 284 637 289
644 284 640 288
647 284 647 287
542 287 543 286
545 287 546 286
607 287 606 290
610 287 609 291
621 287 621 290
624 287 624 290
633 287 629 289
644 287 641 291
647 287 646 290
542 290 544 289
545 290 546 289
554 290 560 289
573 290 574 292
576 290 581 284
579 290 580 295
596 290 594 295
599 290 597 295
602 290 601 296
604 290 604 291
607 290 606 294
610 290 609 294
613 290 612 294
616 290 614 294
619 290 618 294
621 290 621 293
624 290 623 293
633 290 630 292
635 290 632 292
638 290 634 292
641 290 637 292
647 290 647 297
548 292 548 292
568 292 572 296
571 292 572 289
590 292 589 298
593 292 592 298
596 292 595 298
599 292 597 299
607 292 606 296
610 292 609 297
613 292 612 297
616 292 614 296
624 292 620 296
630 292 626 295
633 292 629 295
635 292 633 295
638 292 635 295
641 292 637 295
644 292 640 295
647 292 647 301
548 295 548 295
551 295 551 295
554 295 558 295
556 295 561 295
568 295 572 298
571 295 574 298
573 295 577 299
579 295 581 299
582 295 582 299
593 295 592 301
602 295 600 302
610 295 609 300
613 295 611 300
630 295 626 298
633 295 629 298
638 295 635 298
641 295 637 297
644 295 643 300
551 298 551 298
556 298 561 298
565 298 569 301
568 298 572 300
571 298 574 300
579 298 581 301
582 298 583 302
588 298 588 302
610 298 608 303
613 298 611 303
630 298 629 300
633 298 631 300
638 298 634 300
641 298 637 300
644 298 640 300
551 301 551 301
554 301 554 301
556 301 556 301
562 301 566 300
571 301 574 303
579 301 581 304
582 301 583 304
585 301 586 305
588 301 588 305
590 301 591 304
599 301 598 302
627 301 620 303
630 301 629 304
633 301 632 303
638 301 635 303
641 301 637 303
644 301 641 303
647 301 647 304
556 304 556 304
559 304 560 303
562 304 566 306
568 304 572 304
582 304 583 307
585 304 586 307
588 304 588 307
593 304 593 308
610 304 609 308
624 304 617 305
627 304 620 305
630 304 628 306
635 304 633 306
638 304 635 306
641 304 637 305
644 304 641 306
647 304 646 306
556 306 556 306
559 306 559 307
565 306 568 307
568 306 571 307
571 306 574 307
573 306 577 307
585 306 586 310
588 306 589 310
590 306 591 310
602 306 602 310
610 306 605 308
621 306 615 308
624 306 618 308
627 306 621 308
630 306 628 309
633 306 631 309
638 306 635 308
644 306 642 309
647 306 646 309
559 309 559 309
562 309 563 309
565 309 568 310
568 309 571 310
571 309 574 310
573 309 577 310
576 309 580 310
579 309 582 310
593 309 595 311
596 309 597 311
599 309 600 311
616 309 611 310
627 309 620 310
630 309 628 312
633 309 631 312
638 309 635 311
644 309 643 311
647 309 647 311
568 312 571 312
571 312 573 312
573 312 576 312
576 312 579 312
579 312 583 313
582 312 585 313
596 312 598 313
599 312 600 313
602 312 603 313
610 312 609 314
613 312 611 314
624 312 615 311
627 312 617 311
630 312 628 315
565 315 566 315
568 315 568 315
571 315 573 315
573 315 576 315
576 315 579 315
579 315 582 315
582 315 585 315
596 315 597 316
599 315 600 315
602 315 603 316
613 315 611 316
616 315 614 316
619 315 616 316
644 315 643 315
647 315 647 315
