354 25 379 43
371 25 394 43
389 25 415 20
406 25 432 18
337 42 361 57
354 42 379 57
371 42 397 58
389 42 417 40
406 42 434 36
424 42 451 35
319 59 346 74
337 59 364 74
424 59 451 56
302 77 329 89
354 77 381 85
371 77 398 85
441 77 467 83
458 77 484 83
476 77 503 84
493 77 522 88
267 94 295 104
285 94 312 103
302 94 330 103
319 94 346 102
337 94 364 102
354 94 382 101
371 94 399 100
493 94 523 99
233 111 262 120
250 111 278 119
267 111 296 119
285 111 312 118
302 111 330 118
319 111 348 118
337 111 367 117
354 111 382 117
371 111 400 116
389 111 416 116
406 111 433 114
424 111 453 115
441 111 468 114
458 111 489 113
476 111 507 113
510 111 540 115
215 129 244 139
233 129 261 138
250 129 280 136
267 129 297 135
285 129 313 133
302 129 330 133
319 129 348 134
337 129 366 133
354 129 383 132
371 129 400 131
389 129 419 131
406 129 437 131
424 129 454 130
441 129 471 129
458 129 489 129
476 129 507 129
493 129 525 134
215 146 243 159
250 146 280 152
267 146 295 149
285 146 312 149
302 146 330 149
319 146 348 148
337 146 366 148
354 146 384 147
371 146 402 147
389 146 420 147
406 146 437 146
424 146 455 146
441 146 474 144
458 146 491 144
476 146 509 145
163 163 192 192
198 163 227 185
215 163 244 180
250 163 280 174
267 163 295 166
285 163 315 164
302 163 331 164
319 163 350 163
337 163 366 163
354 163 387 163
371 163 404 163
389 163 421 162
406 163 440 162
424 163 458 161
441 163 476 161
458 163 494 161
146 181 172 211
163 181 191 207
233 181 261 194
250 181 279 192
267 181 297 189
285 181 314 184
302 181 332 181
319 181 352 181
337 181 370 180
354 181 386 179
371 181 404 178
389 181 422 178
406 181 440 178
424 181 459 177
441 181 477 177
458 181 496 179
510 181 546 190
528 181 563 189
545 181 581 189
163 198 192 223
250 198 278 211
267 198 298 209
285 198 314 203
302 198 331 200
319 198 352 200
337 198 370 199
354 198 386 196
371 198 406 195
389 198 423 195
406 198 442 195
424 198 461 194
441 198 479 194
458 198 497 195
163 215 187 240
198 215 226 242
215 215 243 245
250 215 279 231
267 215 298 227
285 215 316 223
302 215 332 220
319 215 350 219
337 215 370 218
354 215 388 216
371 215 406 214
389 215 425 212
406 215 444 212
424 215 462 211
441 215 479 211
493 215 531 220
528 215 568 219
250 233 279 248
285 233 314 241
302 233 334 240
319 233 352 240
337 233 370 239
354 233 387 238
371 233 406 235
406 233 445 229
424 233 463 229
493 233 532 240
510 233 550 238
215 250 244 280
233 250 260 280
267 250 298 272
285 250 314 262
302 250 333 262
319 250 353 261
337 250 370 260
354 250 389 259
371 250 406 258
389 250 427 256
406 250 443 253
424 250 461 248
493 250 533 259
215 267 244 298
233 267 262 297
250 267 279 293
354 267 391 283
371 267 406 278
389 267 426 276
406 267 443 274
424 267 465 271
441 267 483 267
493 267 532 278
545 267 591 280
198 285 230 315
215 285 244 316
233 285 262 315
250 285 285 316
285 285 313 313
319 285 351 309
337 285 370 307
354 285 387 304
371 285 406 303
389 285 427 301
406 285 446 294
441 285 485 289
510 285 556 297
528 285 574 295
545 285 593 294
215 302 248 330
285 302 316 333
302 302 333 331
337 302 369 328
354 302 388 325
371 302 406 324
389 302 425 321
406 302 446 318
424 302 464 316
458 302 503 315
510 302 557 313
528 302 577 312
163 319 193 354
302 319 337 351
319 319 354 349
337 319 370 349
354 319 390 348
371 319 408 345
406 319 447 343
476 319 519 341
302 337 339 367
319 337 357 368
337 337 372 367
354 337 390 367
389 337 426 365
406 337 448 363
424 337 468 358
441 337 486 358
458 337 503 358
476 337 522 360
510 337 561 351
528 337 583 350
545 337 602 351
302 354 338 383
319 354 355 385
337 354 375 383
354 354 390 384
371 354 412 383
389 354 427 384
406 354 444 382
424 354 469 375
458 354 506 372
476 354 525 375
510 354 562 368
528 354 579 370
545 354 604 369
285 371 325 403
302 371 340 404
319 371 354 400
337 371 373 399
354 371 390 401
371 371 409 400
389 371 429 401
406 371 450 398
424 371 465 399
441 371 487 393
476 371 527 392
510 371 566 386
285 389 325 422
319 389 356 420
337 389 373 419
354 389 391 417
371 389 409 416
389 389 431 412
406 389 451 412
441 389 485 410
458 389 507 411
476 389 525 415
493 389 551 407
510 389 570 406
285 406 325 441
319 406 351 439
354 406 392 437
371 406 413 433
389 406 432 433
406 406 450 430
441 406 488 431
458 406 506 427
510 406 571 424
528 406 588 425
371 424 418 452
389 424 434 450
406 424 449 452
389 441 434 469
424 441 469 467
