328 154 327 152
338 154 335 153
343 154 339 153
307 160 308 158
317 160 318 157
323 160 323 157
349 160 350 158
359 160 360 158
369 160 369 154
343 165 333 164
364 165 376 163
380 165 387 164
307 170 312 164
343 170 334 168
349 170 338 169
380 170 382 168
302 175 308 169
307 175 312 170
328 175 313 179
333 175 318 179
343 175 333 173
359 175 332 179
380 175 375 175
385 175 402 187
307 180 312 174
333 180 319 184
338 180 323 185
349 180 337 186
380 180 375 181
390 180 407 196
375 186 368 185
328 191 306 195
333 191 311 194
364 191 358 190
395 191 407 190
271 196 275 195
276 196 280 196
291 196 302 184
297 196 307 184
343 196 333 196
349 196 337 195
385 196 376 194
271 201 275 201
276 201 281 201
291 201 303 190
354 201 329 206
375 201 366 201
380 201 370 200
385 201 375 199
395 201 407 201
271 206 276 205
291 206 302 196
328 206 305 212
333 206 312 212
343 206 318 216
380 206 369 206
385 206 376 205
390 206 396 219
395 206 402 218
401 206 406 219
276 212 281 212
380 212 365 213
385 212 390 224
390 212 396 223
395 212 401 229
265 217 275 217
276 217 280 216
281 217 286 215
291 217 302 205
333 217 311 224
354 217 340 218
359 217 333 222
380 217 369 218
395 217 402 234
265 222 274 222
276 222 281 221
354 222 327 228
359 222 333 228
364 222 343 227
369 222 348 227
380 222 369 223
328 227 306 233
338 227 313 234
343 227 318 233
354 227 332 232
359 227 336 232
364 227 344 234
375 227 354 232
281 232 285 226
328 232 306 238
333 232 311 238
343 232 318 239
349 232 323 238
354 232 330 239
359 232 336 239
375 232 359 238
380 232 364 237
385 232 379 239
333 238 312 243
338 238 315 243
343 238 320 245
354 238 331 244
359 238 338 243
369 238 347 243
375 238 358 243
380 238 363 242
286 243 290 233
333 243 311 248
338 243 315 249
343 243 319 249
354 243 327 248
364 243 342 248
369 243 347 248
380 243 363 247
385 243 378 248
390 243 392 242
286 248 290 241
328 248 311 253
349 248 321 254
354 248 326 254
359 248 336 254
364 248 342 253
395 248 400 245
333 253 312 258
349 253 321 260
354 253 326 259
364 253 343 259
375 253 354 259
385 253 374 255
390 253 390 253
395 253 400 249
401 253 401 254
317 258 306 263
333 258 311 263
343 258 315 265
354 258 326 264
359 258 336 265
375 258 353 265
395 258 397 259
291 264 294 263
333 264 311 269
354 264 326 271
364 264 341 271
369 264 347 271
380 264 362 269
385 264 369 269
317 269 306 270
369 269 347 276
380 269 362 274
385 269 370 273
401 269 402 265
333 274 310 278
349 274 321 281
354 274 326 281
359 274 332 281
364 274 340 282
369 274 345 281
380 274 362 279
385 274 369 280
390 274 388 271
333 279 312 284
343 279 317 286
349 279 321 286
354 279 327 286
359 279 332 286
364 279 338 287
369 279 345 286
375 279 353 286
380 279 362 285
385 279 384 276
390 279 389 275
297 284 295 283
333 284 312 289
338 284 316 290
343 284 321 290
349 284 325 290
354 284 329 291
364 284 340 292
369 284 346 291
375 284 358 297
380 284 362 290
390 284 390 282
401 284 399 281
302 290 299 288
312 290 306 291
338 290 316 294
343 290 321 295
349 290 326 295
354 290 330 296
359 290 337 296
369 290 348 296
375 290 354 296
380 290 379 286
385 290 388 289
390 290 394 290
312 295 315 306
317 295 320 306
349 295 326 300
354 295 332 301
359 295 337 301
364 295 342 301
369 295 352 301
385 295 388 296
390 295 393 295
395 295 399 295
323 300 326 313
359 300 347 305
364 300 352 306
369 300 357 306
385 300 388 302
390 300 394 302
395 300 399 300
401 300 404 299
312 305 310 306
338 305 330 311
343 305 331 306
349 305 338 307
375 305 378 307
380 305 383 306
385 305 388 306
390 305 394 307
395 305 399 306
401 305 404 306
406 305 409 305
411 305 414 305
349 310 337 313
369 310 372 312
375 310 377 312
380 310 383 312
385 310 389 311
390 310 394 312
395 310 399 311
401 310 404 311
406 310 409 311
411 310 414 311
416 310 420 311
437 310 437 311
442 310 443 311
317 316 320 316
354 316 352 316
359 316 357 312
364 316 367 317
369 316 372 317
375 316 378 317
380 316 383 317
385 316 388 317
390 316 394 317
395 316 399 317
401 316 404 316
406 316 409 316
411 316 414 317
416 316 420 317
421 316 426 317
317 321 324 320
338 321 336 323
349 321 347 321
354 321 352 322
359 321 362 322
364 321 367 322
369 321 372 322
375 321 378 322
380 321 384 322
385 321 388 323
390 321 394 322
395 321 399 322
401 321 404 322
406 321 409 322
411 321 415 322
416 321 420 322
421 321 425 322
427 321 431 322
437 321 436 319
442 321 443 319
307 326 311 325
317 326 322 325
349 326 348 326
354 326 357 327
364 326 367 327
369 326 372 326
375 326 377 327
380 326 383 328
385 326 388 328
390 326 394 327
395 326 399 327
401 326 404 327
406 326 409 327
411 326 414 327
416 326 420 327
427 326 430 328
442 326 442 324
302 331 303 332
307 331 311 331
317 331 321 331
333 331 341 333
349 331 351 332
354 331 357 333
359 331 362 333
364 331 366 332
369 331 372 333
375 331 377 333
380 331 383 332
385 331 388 333
390 331 393 332
395 331 399 332
401 331 404 332
406 331 409 332
411 331 414 333
416 331 419 333
421 331 424 333
427 331 430 333
432 331 435 333
302 336 303 337
307 336 310 337
317 336 320 336
323 336 330 333
328 336 335 336
354 336 357 337
359 336 361 337
369 336 372 338
375 336 377 338
380 336 382 338
385 336 388 337
390 336 393 337
395 336 398 338
401 336 404 338
406 336 409 338
411 336 414 338
416 336 419 337
421 336 424 337
427 336 430 337
442 336 442 335
