338 154 329 152
343 154 374 154
307 160 281 173
323 160 307 161
338 160 352 153
354 160 385 159
375 160 357 147
312 165 303 168
317 165 324 157
328 165 341 157
307 170 281 183
359 170 361 169
380 170 388 165
385 170 393 166
307 175 324 173
354 175 356 173
375 175 382 181
380 175 387 181
312 180 334 179
317 180 296 183
338 180 361 203
349 180 350 179
375 180 380 187
385 180 371 170
312 186 334 184
338 186 324 189
359 186 372 185
375 186 388 196
302 191 335 174
307 191 341 174
323 191 311 193
333 191 318 193
385 191 397 209
395 191 415 194
333 196 318 199
380 196 391 213
286 201 285 195
312 201 302 198
317 201 307 198
323 201 311 199
338 201 324 205
286 206 284 199
312 206 307 205
375 206 345 212
385 206 396 225
390 206 401 224
401 206 418 226
265 212 263 208
302 212 296 210
307 212 302 210
359 212 323 223
380 212 349 215
390 212 401 230
395 212 414 230
271 217 268 213
312 217 305 216
359 217 321 227
385 217 400 234
390 217 407 235
395 217 413 234
401 217 413 241
307 222 301 221
354 222 309 233
364 222 315 234
390 222 407 240
349 227 303 238
390 227 407 244
364 232 315 248
375 232 336 245
390 232 387 235
380 238 389 251
390 238 387 240
359 243 315 253
364 243 320 254
369 243 325 254
375 243 333 254
380 243 347 253
390 243 385 245
302 248 373 261
369 248 326 260
375 248 335 259
380 248 342 259
286 258 283 259
369 258 331 265
286 264 283 265
333 264 292 274
338 264 297 275
380 264 335 277
385 264 357 267
297 269 301 296
385 269 346 282
401 269 400 267
349 274 304 285
354 274 308 286
364 274 314 287
369 274 320 287
375 274 326 287
380 274 336 286
385 274 363 283
395 274 395 273
359 279 314 291
369 279 320 292
380 279 336 292
359 284 312 296
369 284 321 296
380 284 335 297
385 284 390 283
364 290 318 301
375 290 328 301
385 290 391 289
390 290 396 289
380 295 384 299
385 295 390 294
395 295 401 295
375 300 372 298
380 300 382 304
385 300 388 303
390 300 395 303
401 300 405 300
369 305 367 303
375 305 377 308
380 305 383 308
385 305 388 308
390 305 395 309
395 305 400 308
401 305 406 306
406 305 410 305
364 310 362 307
375 310 377 313
380 310 383 313
385 310 389 313
390 310 394 313
395 310 400 314
401 310 406 313
406 310 411 312
411 310 416 311
421 310 424 310
437 310 437 310
442 310 442 310
359 316 357 313
364 316 366 315
369 316 371 319
375 316 377 321
380 316 383 320
385 316 388 319
390 316 394 319
395 316 400 319
421 316 425 316
427 316 429 316
437 316 437 316
442 316 443 316
312 321 319 322
343 321 344 322
364 321 366 324
369 321 371 324
375 321 377 324
380 321 383 324
385 321 388 324
390 321 394 324
401 321 404 323
406 321 409 324
411 321 414 324
416 321 420 324
427 321 430 321
442 321 443 321
307 326 312 327
349 326 350 328
354 326 356 326
364 326 365 329
369 326 371 329
375 326 376 330
380 326 382 329
385 326 388 330
390 326 394 329
395 326 399 329
401 326 404 328
406 326 409 330
411 326 414 330
416 326 419 329
427 326 430 326
302 331 306 333
317 331 326 331
323 331 332 329
328 331 340 331
354 331 357 332
364 331 365 334
369 331 370 335
375 331 377 335
380 331 382 334
385 331 388 335
390 331 393 335
395 331 398 334
432 331 432 333
437 331 439 333
302 336 307 337
307 336 316 335
312 336 322 335
317 336 327 334
323 336 332 334
328 336 339 334
333 336 344 334
354 336 355 337
359 336 359 337
395 336 397 339
401 336 403 339
406 336 408 340
411 336 413 339
416 336 418 339
427 336 424 337
432 336 432 337
437 336 437 338
442 336 442 337
