510 129 511 35
528 129 532 26
493 146 492 53
510 146 509 54
528 146 528 54
545 146 544 55
562 146 584 56
580 146 603 57
371 163 353 21
389 163 374 22
406 163 393 21
528 163 528 71
545 163 547 70
580 163 602 74
354 181 332 39
371 181 351 41
389 181 374 42
406 181 391 38
424 181 423 22
441 181 446 23
545 181 545 89
580 181 601 90
285 198 252 94
354 198 329 61
371 198 351 62
389 198 375 63
406 198 401 52
424 198 422 50
441 198 443 56
458 198 464 68
493 198 508 75
545 198 546 111
562 198 582 108
319 215 283 83
337 215 306 83
354 215 329 83
371 215 354 84
389 215 375 84
441 215 442 87
458 215 465 88
476 215 486 90
493 215 509 92
510 215 526 94
545 215 552 132
302 233 261 101
319 233 284 101
337 233 306 102
354 233 330 103
371 233 353 105
389 233 376 106
406 233 400 107
424 233 421 107
441 233 442 108
458 233 464 108
476 233 486 110
493 233 507 112
510 233 530 114
528 233 527 148
562 233 579 148
267 250 220 123
285 250 237 123
302 250 261 123
319 250 283 123
337 250 306 123
354 250 330 126
371 250 352 126
389 250 376 127
406 250 397 127
424 250 420 129
441 250 443 129
458 250 465 129
476 250 488 131
493 250 507 129
233 267 181 159
250 267 196 157
267 267 219 153
285 267 240 150
302 267 263 145
319 267 284 146
337 267 306 146
354 267 331 145
371 267 353 147
389 267 376 148
406 267 396 146
424 267 421 149
441 267 443 150
458 267 466 150
476 267 484 153
493 267 498 168
510 267 513 168
528 267 541 166
545 267 566 164
215 285 157 179
233 285 181 179
250 285 199 176
267 285 222 175
302 285 262 171
319 285 287 172
337 285 308 168
354 285 331 167
371 285 353 168
389 285 376 168
406 285 399 170
424 285 422 170
441 285 445 171
458 285 465 172
476 285 481 179
510 285 525 183
528 285 544 182
545 285 565 178
198 302 143 208
215 302 162 200
233 302 183 197
250 302 207 199
267 302 231 201
285 302 248 194
302 302 265 194
319 302 286 192
337 302 309 189
354 302 330 189
371 302 353 191
389 302 377 190
406 302 399 192
424 302 421 192
441 302 444 192
458 302 466 192
493 302 505 201
510 302 525 201
528 302 546 200
215 319 158 220
233 319 180 219
250 319 210 224
267 319 232 226
302 319 267 218
319 319 288 216
337 319 308 215
354 319 331 213
371 319 354 213
389 319 376 213
406 319 400 213
424 319 423 213
441 319 444 213
458 319 466 214
476 319 486 218
493 319 506 223
510 319 525 221
250 337 214 245
267 337 234 247
285 337 253 244
302 337 270 238
319 337 288 236
337 337 312 237
354 337 334 238
371 337 354 238
389 337 375 237
406 337 400 237
424 337 422 235
441 337 444 235
458 337 463 240
476 337 480 243
493 337 505 243
510 337 524 243
528 337 543 245
250 354 215 266
267 354 236 264
285 354 255 264
302 354 274 266
319 354 291 262
337 354 312 261
354 354 335 262
371 354 356 261
389 354 376 260
406 354 401 261
424 354 421 259
441 354 443 258
476 354 480 264
493 354 499 265
510 354 523 261
528 354 542 265
545 354 561 266
233 371 195 284
250 371 213 284
267 371 247 284
285 371 264 284
302 371 280 286
319 371 296 287
337 371 316 286
354 371 336 286
371 371 356 284
389 371 378 284
406 371 398 282
424 371 420 281
441 371 443 279
458 371 464 281
476 371 480 285
493 371 497 286
510 371 520 286
528 371 541 285
545 371 562 284
215 389 176 305
233 389 193 305
250 389 214 302
267 389 245 299
285 389 247 316
302 389 266 315
319 389 297 305
337 389 318 306
354 389 337 306
371 389 357 305
389 389 378 305
406 389 398 305
424 389 420 304
458 389 465 302
493 389 496 306
510 389 523 304
528 389 542 304
545 389 562 302
215 406 176 320
233 406 196 328
285 406 246 332
302 406 266 333
319 406 299 328
337 406 319 322
354 406 336 323
371 406 356 324
389 406 377 325
406 406 398 325
424 406 420 325
458 406 463 321
476 406 480 322
493 406 497 325
510 406 522 329
528 406 542 324
545 406 562 322
215 424 178 349
233 424 201 347
250 424 228 349
267 424 248 352
302 424 282 352
319 424 298 353
337 424 322 346
354 424 338 346
371 424 355 341
389 424 376 346
406 424 398 346
424 424 416 343
441 424 438 347
458 424 455 349
476 424 479 347
493 424 497 343
510 424 524 345
528 424 544 345
545 424 561 348
215 441 177 366
233 441 200 367
250 441 233 370
267 441 249 371
285 441 262 370
302 441 281 367
319 441 299 364
337 441 319 364
354 441 337 363
371 441 359 365
389 441 377 363
406 441 395 367
424 441 420 367
441 441 438 369
458 441 456 365
476 441 478 365
510 441 523 363
528 441 544 365
233 458 197 381
250 458 231 386
267 458 251 388
285 458 262 387
302 458 280 383
319 458 299 384
337 458 320 385
354 458 340 382
371 458 358 382
389 458 377 382
406 458 402 382
424 458 418 388
441 458 438 389
458 458 453 388
476 458 477 382
510 458 523 381
528 458 543 383
545 458 559 388
250 476 230 407
267 476 388 475
285 476 406 476
302 476 420 475
319 476 297 402
337 476 319 401
354 476 337 402
371 476 358 401
510 476 369 474
528 476 544 401
