42 94 32 20
42 111 33 36
77 111 73 30
94 111 91 29
111 111 108 28
129 111 126 29
146 111 146 29
476 111 522 19
493 111 548 16
510 111 571 14
528 111 592 13
42 129 37 54
59 129 57 54
77 129 73 52
94 129 93 50
111 129 113 50
129 129 126 50
146 129 145 48
163 129 164 47
181 129 181 46
476 129 532 37
493 129 552 36
510 129 568 36
528 129 590 30
545 129 627 28
42 146 38 74
94 146 109 70
476 146 532 58
493 146 549 57
510 146 569 55
528 146 589 52
545 146 606 51
562 146 628 44
371 163 397 51
424 163 462 20
441 163 480 20
476 163 536 71
493 163 549 75
510 163 568 74
528 163 589 73
545 163 608 71
562 163 634 64
580 163 666 61
354 181 376 71
371 181 397 69
389 181 418 67
406 181 437 51
424 181 463 46
528 181 590 92
545 181 609 89
562 181 631 85
580 181 666 78
285 198 312 118
337 198 355 93
354 198 377 91
371 198 398 89
389 198 420 88
406 198 440 76
424 198 463 71
441 198 486 82
458 198 510 84
493 198 555 86
528 198 589 113
545 198 612 112
562 198 636 113
319 215 337 116
337 215 355 114
354 215 378 112
371 215 401 110
389 215 421 109
406 215 441 108
441 215 488 104
458 215 512 104
476 215 534 103
493 215 559 103
510 215 577 99
528 215 591 132
545 215 615 133
562 215 639 133
302 233 314 137
319 233 334 135
337 233 356 134
354 233 377 133
371 233 401 132
389 233 423 131
406 233 443 128
424 233 467 128
441 233 489 126
458 233 513 125
476 233 536 125
493 233 559 124
510 233 578 139
545 233 618 150
562 233 639 153
267 250 277 165
285 250 294 160
302 250 314 158
319 250 334 156
337 250 358 156
354 250 378 155
371 250 400 152
389 250 423 152
406 250 444 150
424 250 468 150
441 250 490 147
458 250 514 146
476 250 539 148
493 250 558 152
510 250 577 158
528 250 599 156
562 250 637 171
250 267 258 186
267 267 280 186
285 267 298 185
302 267 316 179
319 267 341 180
337 267 358 176
354 267 378 176
371 267 402 175
389 267 423 171
406 267 444 169
424 267 468 169
441 267 492 169
458 267 515 168
476 267 538 167
493 267 556 178
510 267 576 177
528 267 598 174
545 267 622 176
233 285 245 212
267 285 286 208
285 285 301 204
302 285 317 202
319 285 336 199
337 285 360 198
354 285 380 196
371 285 403 195
389 285 425 194
406 285 448 193
424 285 471 193
441 285 493 191
458 285 516 190
476 285 539 192
510 285 577 194
528 285 601 192
545 285 620 203
215 302 229 234
233 302 249 230
250 302 272 230
267 302 294 229
302 302 322 225
319 302 339 221
337 302 361 219
354 302 382 217
371 302 403 217
389 302 426 215
406 302 447 214
424 302 471 214
441 302 494 213
458 302 517 213
493 302 562 215
510 302 583 214
528 302 605 213
215 319 229 252
233 319 251 250
250 319 277 254
267 319 297 253
285 319 317 239
319 319 342 244
337 319 364 242
354 319 385 240
371 319 404 239
389 319 427 237
406 319 446 235
424 319 472 236
441 319 495 235
458 319 519 234
476 319 541 239
493 319 563 237
510 319 584 236
250 337 282 274
267 337 300 274
285 337 318 272
302 337 334 271
319 337 346 263
337 337 365 264
354 337 386 263
371 337 407 262
389 337 428 260
406 337 452 261
424 337 474 259
441 337 496 257
458 337 518 257
476 337 538 260
493 337 562 259
510 337 583 258
528 337 604 259
250 354 283 292
267 354 301 292
285 354 320 292
302 354 338 289
319 354 352 287
337 354 371 286
354 354 393 285
371 354 413 284
389 354 435 284
406 354 455 283
424 354 475 280
441 354 497 279
476 354 539 281
493 354 563 279
510 354 582 284
528 354 605 280
545 354 627 279
233 371 268 309
250 371 281 307
267 371 298 310
285 371 320 309
302 371 341 309
319 371 358 308
337 371 377 307
354 371 396 307
371 371 415 306
389 371 435 305
406 371 455 304
424 371 476 303
441 371 500 301
458 371 520 301
476 371 539 301
493 371 559 302
510 371 583 302
528 371 606 300
545 371 630 299
215 389 251 330
233 389 266 331
250 389 283 330
267 389 305 327
285 389 322 327
302 389 340 326
319 389 361 327
337 389 380 327
354 389 399 326
371 389 418 325
389 389 437 325
406 389 457 325
424 389 479 324
458 389 522 323
476 389 540 323
493 389 561 323
510 389 587 320
528 389 608 321
545 389 630 319
215 406 250 350
233 406 271 353
250 406 289 357
267 406 307 352
302 406 341 347
319 406 362 347
337 406 381 345
354 406 398 345
371 406 417 344
389 406 441 345
406 406 460 344
424 406 480 345
458 406 523 343
476 406 542 342
493 406 560 341
510 406 586 344
528 406 609 342
545 406 630 346
215 424 251 366
233 424 273 370
285 424 341 365
319 424 358 368
337 424 377 364
354 424 407 364
371 424 424 364
389 424 440 363
406 424 459 364
424 424 479 363
441 424 499 363
458 424 521 362
476 424 541 364
493 424 562 362
510 424 588 363
528 424 610 364
545 424 632 365
215 441 254 387
233 441 276 389
285 441 344 380
319 441 360 384
337 441 385 384
354 441 401 383
389 441 447 391
406 441 461 390
424 441 481 388
441 441 503 387
458 441 524 378
476 441 545 383
510 441 589 385
528 441 612 385
545 441 632 386
233 458 273 402
250 458 286 398
319 458 361 403
337 458 382 403
354 458 402 401
406 458 464 406
424 458 484 405
441 458 505 406
476 458 543 403
510 458 591 406
528 458 613 407
545 458 631 406
267 476 327 434
302 476 506 475
337 476 380 431
406 476 466 426
458 476 507 469
476 476 521 474
510 476 593 425
528 476 614 426
