430 217 430 217
432 217 432 216
435 217 434 216
437 217 437 216
440 217 441 216
443 217 443 216
445 217 446 216
448 217 448 216
451 217 451 216
453 217 453 216
467 217 464 216
469 217 466 216
472 217 469 217
509 217 511 217
514 217 517 217
517 217 522 217
525 217 528 217
527 217 530 217
530 217 533 217
480 219 477 219
509 219 511 220
511 219 514 220
517 219 521 220
522 219 526 221
525 219 528 219
535 219 534 219
448 222 449 221
509 222 511 224
511 222 514 223
517 222 521 222
525 222 528 222
509 224 512 227
511 224 514 226
517 224 522 225
522 224 525 225
525 224 528 224
509 227 512 229
514 227 519 228
517 227 522 228
522 227 525 228
525 227 527 227
482 230 487 231
488 230 493 232
522 230 525 230
525 230 527 230
527 230 530 231
530 230 533 230
533 230 535 230
432 232 437 234
485 232 490 234
525 232 528 233
533 232 530 232
535 232 534 232
538 232 538 232
506 235 503 234
522 235 522 235
525 235 524 235
527 235 527 235
530 235 529 235
538 235 538 235
453 238 451 237
459 238 456 237
527 238 526 238
530 238 530 238
535 238 535 238
538 238 538 238
527 240 526 241
530 240 530 241
538 240 538 240
527 243 527 243
443 248 446 250
459 248 464 250
461 248 466 250
467 248 471 250
472 248 476 250
482 248 487 250
456 251 461 253
461 251 466 252
474 251 479 251
488 251 493 253
490 251 495 253
522 251 524 251
440 254 442 256
456 254 458 256
464 254 468 255
467 254 471 256
469 254 473 256
488 254 492 255
490 254 495 255
522 254 524 253
430 256 429 258
435 256 434 258
437 256 440 258
440 256 443 259
443 256 445 258
459 256 462 258
461 256 465 258
464 256 468 258
467 256 471 258
469 256 473 258
472 256 476 258
474 256 478 258
485 256 489 258
488 256 492 258
496 256 500 258
522 256 524 256
533 256 532 256
430 259 429 261
435 259 433 260
437 259 437 260
440 259 442 261
461 259 465 260
464 259 468 260
467 259 471 261
469 259 473 261
474 259 478 261
488 259 492 260
493 259 497 260
498 259 501 261
506 259 511 261
527 259 530 258
437 261 437 263
469 261 473 263
474 261 479 264
477 261 481 262
480 261 484 263
498 261 501 264
437 264 442 268
472 264 476 266
474 264 479 266
477 264 481 266
482 264 486 265
488 264 492 266
493 264 497 266
498 264 502 266
501 264 506 263
435 267 437 271
474 267 479 268
477 267 481 268
480 267 484 268
490 267 494 267
496 267 499 268
498 267 502 267
511 267 514 267
469 269 474 270
472 269 476 269
477 269 481 271
480 269 484 271
482 269 486 271
490 269 494 270
493 269 497 269
503 269 508 270
511 269 516 270
538 269 538 267
435 272 434 274
437 272 439 274
472 272 476 272
488 272 492 273
496 272 500 273
498 272 502 273
501 272 505 273
503 272 508 273
511 272 516 273
430 275 429 277
437 275 439 276
451 275 455 276
472 275 476 275
474 275 479 275
480 275 484 274
488 275 492 276
490 275 495 276
493 275 497 276
496 275 499 276
498 275 502 276
511 275 515 276
525 275 526 278
430 277 430 279
432 277 432 280
435 277 434 279
448 277 453 277
472 277 476 278
477 277 482 276
482 277 487 277
488 277 492 279
493 277 498 279
496 277 500 279
498 277 502 279
506 277 508 279
511 277 514 279
451 280 455 282
456 280 460 282
469 280 473 281
493 280 498 282
496 280 501 282
503 280 505 281
451 283 455 284
453 283 457 284
456 283 460 284
496 283 501 285
498 283 503 285
506 283 509 282
453 285 458 287
456 285 461 287
453 288 457 289
456 288 460 289
498 288 503 287
501 288 505 287
445 290 445 292
459 290 463 292
461 290 465 292
472 290 477 293
501 290 505 290
503 290 507 290
459 293 463 295
461 293 465 295
464 293 468 295
467 293 471 293
469 293 474 293
472 293 477 296
533 293 530 293
448 296 453 297
451 296 455 298
461 296 465 298
459 298 463 298
464 298 468 299
493 298 498 301
496 298 501 300
432 301 432 300
467 301 469 301
469 301 471 301
493 301 498 303
496 301 500 303
464 304 466 304
467 304 469 303
469 304 471 304
472 304 476 306
474 304 479 306
477 304 481 306
506 304 511 303
461 306 464 306
464 306 466 306
467 306 469 306
469 306 471 306
472 306 476 308
474 306 479 308
477 306 481 308
482 306 487 308
488 306 489 308
490 306 492 308
493 306 495 308
498 306 502 308
503 306 505 309
506 306 511 306
456 309 461 308
464 309 466 309
467 309 469 309
469 309 472 309
477 309 484 311
482 309 487 311
488 309 490 311
490 309 492 311
493 309 495 311
496 309 498 311
506 309 510 308
464 312 466 311
482 312 487 313
488 312 490 313
490 312 493 313
498 312 503 312
501 312 506 312
430 314 429 313
435 314 434 314
437 314 436 313
459 314 461 313
464 314 469 313
467 314 471 313
474 314 476 314
477 314 478 314
488 314 490 316
490 314 493 316
493 314 495 316
496 314 498 316
501 314 503 317
503 314 508 314
506 314 511 315
430 317 429 316
435 317 434 316
437 317 436 316
459 317 460 316
467 317 471 316
477 317 479 317
480 317 481 317
488 317 490 319
490 317 493 319
493 317 495 319
503 317 508 317
430 320 429 319
432 320 431 319
435 320 434 319
437 320 436 319
474 320 475 320
477 320 479 319
480 320 481 319
490 320 492 322
493 320 495 322
533 320 530 320
538 320 538 319
430 322 429 322
432 322 431 322
435 322 434 322
461 322 461 322
464 322 463 322
467 322 466 322
469 322 471 322
472 322 473 323
474 322 476 324
477 322 479 322
480 322 482 324
485 322 485 322
488 322 487 322
490 322 490 322
522 322 519 321
538 322 538 321
430 325 429 325
432 325 431 324
437 325 434 324
461 325 461 325
464 325 463 325
488 325 487 324
490 325 489 324
496 325 495 325
519 325 516 325
522 325 519 324
525 325 521 324
527 325 524 324
530 325 527 324
538 325 538 324
430 327 429 327
435 327 432 327
437 327 435 327
440 327 437 327
443 327 440 327
461 327 461 327
464 327 463 327
485 327 484 327
488 327 487 327
490 327 490 328
493 327 492 328
517 327 514 328
519 327 517 327
522 327 519 327
527 327 524 327
530 327 527 327
533 327 531 327
535 327 535 327
538 327 538 327
