333 149 333 149
338 149 338 149
343 149 342 149
349 149 346 148
354 149 352 150
312 154 312 155
317 154 317 155
323 154 322 154
328 154 327 155
333 154 332 154
338 154 338 154
343 154 343 154
349 154 348 154
354 154 354 154
359 154 359 155
364 154 364 155
369 154 369 154
375 154 374 155
302 160 302 161
307 160 307 161
312 160 312 160
317 160 317 160
323 160 321 160
328 160 327 160
333 160 332 160
338 160 337 160
343 160 343 160
359 160 359 159
364 160 364 159
369 160 368 159
375 160 374 159
297 165 296 166
302 165 301 165
307 165 306 165
312 165 311 165
317 165 316 165
323 165 321 165
328 165 327 166
333 165 331 165
338 165 336 166
343 165 342 165
349 165 347 165
354 165 352 165
359 165 358 165
364 165 363 165
369 165 368 165
375 165 373 165
380 165 379 165
385 165 385 164
281 170 281 170
286 170 287 170
291 170 291 170
297 170 296 170
302 170 301 170
307 170 306 170
312 170 311 170
317 170 316 170
328 170 326 170
333 170 331 170
338 170 336 171
343 170 342 171
349 170 347 170
354 170 352 170
359 170 358 170
364 170 363 170
369 170 368 170
375 170 373 170
380 170 379 170
385 170 384 169
390 170 390 169
395 170 396 170
281 175 282 176
286 175 285 175
291 175 291 176
297 175 295 176
302 175 300 176
307 175 306 176
312 175 311 176
323 175 321 175
328 175 326 176
333 175 331 176
338 175 336 176
343 175 342 176
349 175 347 175
354 175 352 176
359 175 357 176
364 175 362 176
369 175 367 176
375 175 373 175
380 175 379 175
385 175 384 175
390 175 390 174
395 175 396 175
276 180 276 181
281 180 280 180
291 180 290 181
297 180 295 181
302 180 300 181
307 180 306 181
312 180 311 181
323 180 321 181
328 180 326 181
333 180 331 181
338 180 336 181
343 180 341 181
349 180 347 181
354 180 352 181
359 180 357 181
364 180 362 180
369 180 368 181
375 180 374 180
380 180 379 180
385 180 384 180
390 180 389 181
395 180 395 180
401 180 401 181
276 186 276 185
281 186 280 186
286 186 285 187
297 186 295 187
302 186 300 187
312 186 309 186
317 186 314 186
323 186 320 187
333 186 330 186
338 186 335 186
343 186 342 186
349 186 347 186
354 186 352 186
359 186 357 186
364 186 363 185
369 186 370 185
375 186 375 185
380 186 379 186
385 186 384 185
390 186 389 186
395 186 395 185
401 186 401 185
276 191 276 191
281 191 280 192
286 191 286 192
291 191 290 191
302 191 300 192
307 191 305 191
312 191 310 191
323 191 319 191
328 191 326 192
338 191 338 192
343 191 343 192
349 191 347 191
359 191 355 191
364 191 360 191
369 191 369 190
375 191 374 190
380 191 379 191
385 191 384 191
390 191 389 191
395 191 395 190
401 191 401 189
406 191 406 190
276 196 277 196
281 196 281 197
291 196 290 196
302 196 300 197
307 196 305 197
312 196 311 197
323 196 319 196
328 196 326 197
333 196 332 197
338 196 337 197
343 196 342 196
349 196 348 197
359 196 357 196
369 196 369 196
375 196 374 196
380 196 379 196
385 196 384 196
390 196 389 195
395 196 395 196
401 196 401 195
406 196 406 195
276 201 276 201
281 201 281 202
286 201 285 201
291 201 290 202
297 201 295 202
302 201 300 202
307 201 306 201
312 201 311 201
317 201 316 201
323 201 321 201
328 201 326 202
333 201 331 202
343 201 343 201
349 201 347 202
354 201 353 202
359 201 358 202
364 201 363 201
369 201 368 201
375 201 373 201
380 201 379 201
385 201 384 201
390 201 390 201
395 201 395 201
401 201 401 201
406 201 407 201
276 206 276 207
281 206 281 207
286 206 286 208
291 206 290 207
297 206 295 207
302 206 300 207
307 206 306 206
312 206 311 206
317 206 316 206
323 206 321 207
328 206 326 207
333 206 332 208
338 206 336 207
349 206 348 207
354 206 352 207
359 206 358 207
369 206 368 206
375 206 373 206
380 206 379 206
385 206 384 206
390 206 390 206
395 206 395 205
401 206 401 206
406 206 407 206
271 212 271 211
276 212 276 212
281 212 280 212
286 212 286 212
291 212 291 213
297 212 295 213
302 212 302 212
307 212 306 211
312 212 312 212
317 212 317 211
323 212 323 212
328 212 327 212
333 212 332 213
338 212 337 212
343 212 342 212
354 212 353 212
364 212 363 212
369 212 368 212
375 212 374 212
380 212 379 212
385 212 385 212
390 212 390 211
395 212 395 211
401 212 401 211
406 212 407 211
276 217 277 217
281 217 281 217
286 217 286 217
291 217 291 217
297 217 296 217
302 217 301 217
307 217 306 217
312 217 311 217
317 217 317 217
328 217 326 218
333 217 332 217
338 217 336 217
343 217 342 217
349 217 347 217
354 217 352 217
359 217 357 217
369 217 369 217
375 217 374 217
380 217 379 216
385 217 384 217
390 217 390 217
395 217 396 217
401 217 401 216
406 217 407 216
281 222 282 222
286 222 287 222
297 222 296 222
302 222 301 222
307 222 306 222
312 222 311 222
323 222 321 223
328 222 326 223
333 222 331 223
338 222 336 223
343 222 341 222
349 222 347 222
359 222 358 222
364 222 363 223
375 222 374 222
380 222 379 222
385 222 384 222
390 222 390 222
395 222 396 222
401 222 401 221
281 227 282 227
286 227 288 227
291 227 292 227
297 227 296 227
302 227 301 227
312 227 311 228
323 227 321 227
328 227 326 227
333 227 331 228
338 227 337 228
343 227 344 227
349 227 347 228
354 227 353 228
359 227 358 228
380 227 379 228
385 227 385 228
390 227 390 227
395 227 395 227
401 227 401 226
406 227 406 227
286 232 286 232
291 232 292 233
297 232 295 233
302 232 301 233
307 232 306 233
312 232 311 232
323 232 320 232
333 232 332 233
338 232 336 233
343 232 342 233
349 232 347 233
354 232 352 233
359 232 358 233
364 232 363 233
380 232 379 233
385 232 385 233
390 232 390 232
395 232 396 233
406 232 404 233
286 238 286 238
291 238 291 238
297 238 296 238
302 238 301 238
307 238 305 238
312 238 311 238
323 238 321 238
328 238 326 238
333 238 332 238
338 238 336 238
343 238 341 238
349 238 347 238
354 238 352 238
359 238 357 238
369 238 368 238
375 238 373 238
380 238 379 238
385 238 385 238
390 238 390 238
395 238 395 238
401 238 401 237
291 243 292 242
297 243 296 243
302 243 300 243
312 243 311 242
317 243 315 243
323 243 321 243
328 243 326 243
333 243 332 243
343 243 340 243
349 243 345 243
354 243 352 243
364 243 363 243
369 243 368 243
375 243 373 243
380 243 379 242
385 243 385 243
390 243 390 243
395 243 395 243
401 243 400 243
291 248 292 248
297 248 296 248
302 248 301 248
307 248 305 248
312 248 310 248
317 248 315 249
323 248 320 248
328 248 326 248
333 248 331 248
338 248 336 248
343 248 342 249
354 248 352 248
364 248 363 248
369 248 368 248
375 248 373 248
380 248 379 246
385 248 385 248
390 248 390 248
395 248 396 248
401 248 400 248
291 253 293 253
297 253 296 253
302 253 301 253
307 253 306 253
312 253 311 253
317 253 315 254
328 253 327 254
333 253 331 254
338 253 336 253
343 253 342 254
354 253 352 254
359 253 358 254
364 253 362 254
369 253 368 254
375 253 374 253
380 253 379 253
385 253 384 253
390 253 390 253
395 253 395 253
401 253 401 253
286 258 288 258
291 258 293 259
297 258 296 259
307 258 306 259
312 258 311 259
317 258 315 259
323 258 320 259
328 258 325 259
338 258 335 259
343 258 341 259
349 258 347 259
359 258 357 259
364 258 362 259
369 258 368 259
375 258 374 258
380 258 379 257
385 258 384 258
390 258 390 258
395 258 395 258
297 264 296 264
302 264 302 263
307 264 305 265
312 264 310 264
317 264 315 264
323 264 321 264
328 264 326 264
333 264 331 264
338 264 336 265
349 264 345 264
354 264 350 264
359 264 358 264
364 264 363 264
369 264 368 264
375 264 373 264
380 264 379 263
385 264 385 264
390 264 390 264
395 264 395 263
297 269 297 269
302 269 301 269
307 269 306 269
312 269 310 269
317 269 315 269
323 269 321 269
328 269 326 269
333 269 331 270
349 269 347 269
359 269 357 269
364 269 363 269
369 269 369 268
375 269 374 269
380 269 379 268
385 269 385 269
390 269 390 268
401 269 401 269
291 274 291 274
297 274 297 274
302 274 301 274
307 274 305 274
312 274 310 274
317 274 315 275
323 274 321 275
333 274 331 274
338 274 336 274
343 274 342 274
349 274 347 275
354 274 352 275
359 274 358 275
364 274 363 275
369 274 368 274
375 274 373 273
380 274 379 274
385 274 385 274
390 274 390 274
395 274 395 274
401 274 401 274
406 274 410 273
291 279 290 279
297 279 295 279
302 279 301 279
307 279 306 279
312 279 310 280
323 279 321 280
328 279 326 280
333 279 332 280
338 279 337 280
343 279 343 280
349 279 347 280
354 279 352 280
359 279 358 280
364 279 363 279
369 279 368 279
375 279 373 279
380 279 379 280
385 279 385 279
390 279 390 280
395 279 396 279
401 279 401 280
406 279 405 280
302 284 302 285
307 284 306 285
312 284 311 285
317 284 316 285
323 284 320 285
328 284 326 285
333 284 331 285
338 284 337 285
343 284 342 285
349 284 347 285
359 284 357 285
364 284 363 285
369 284 368 285
375 284 374 284
380 284 380 284
390 284 390 284
395 284 396 286
401 284 401 285
406 284 405 285
307 290 306 290
312 290 311 290
317 290 316 290
323 290 321 290
328 290 326 290
333 290 331 290
338 290 336 290
343 290 342 290
349 290 347 291
354 290 352 290
359 290 358 290
364 290 363 291
369 290 368 290
375 290 374 290
380 290 380 290
385 290 385 289
390 290 390 290
395 290 396 290
401 290 400 290
312 295 312 295
317 295 316 295
323 295 321 295
328 295 326 295
333 295 332 295
338 295 337 295
343 295 342 295
349 295 348 296
354 295 352 296
359 295 358 296
364 295 364 295
369 295 368 295
375 295 374 295
380 295 379 295
385 295 385 295
395 295 396 295
401 295 400 295
406 295 405 295
302 300 303 300
307 300 307 300
312 300 312 301
317 300 317 301
323 300 321 300
328 300 327 300
333 300 332 300
338 300 337 301
343 300 342 301
349 300 348 300
354 300 353 301
359 300 359 301
364 300 364 300
369 300 369 300
375 300 374 300
380 300 380 300
385 300 385 300
390 300 390 300
401 300 401 300
406 300 406 300
307 305 306 305
317 305 317 306
323 305 322 306
328 305 326 305
333 305 331 305
338 305 337 305
343 305 342 306
349 305 347 305
354 305 353 306
359 305 358 305
364 305 364 305
369 305 368 305
375 305 374 306
380 305 380 305
385 305 385 305
390 305 390 305
395 305 396 305
401 305 401 305
406 305 406 305
411 305 410 305
416 305 417 305
317 310 317 312
323 310 323 311
328 310 327 311
333 310 331 311
338 310 337 310
343 310 341 310
349 310 348 311
354 310 353 311
359 310 358 311
364 310 363 311
369 310 368 311
375 310 375 311
380 310 380 311
385 310 385 310
390 310 390 310
395 310 395 311
401 310 401 311
406 310 406 310
411 310 411 310
421 310 421 310
432 310 431 311
437 310 437 311
442 310 442 311
312 316 310 316
317 316 317 316
323 316 323 316
343 316 342 315
354 316 353 315
359 316 359 316
364 316 364 315
369 316 369 316
375 316 375 316
380 316 380 316
385 316 385 316
390 316 390 315
395 316 395 316
401 316 401 316
406 316 406 316
411 316 411 316
416 316 416 316
427 316 427 316
437 316 437 316
442 316 442 316
317 321 318 321
323 321 323 321
328 321 328 321
333 321 333 320
338 321 337 320
343 321 342 320
349 321 347 320
354 321 354 320
359 321 359 321
364 321 364 320
369 321 370 320
375 321 375 321
380 321 380 320
385 321 386 320
390 321 391 321
395 321 396 321
401 321 401 321
406 321 405 321
411 321 411 321
416 321 417 321
421 321 422 321
427 321 427 321
437 321 437 321
442 321 443 321
312 326 312 326
317 326 318 326
323 326 322 327
328 326 328 326
338 326 338 326
343 326 342 325
354 326 354 326
359 326 359 326
364 326 364 326
369 326 370 325
375 326 374 326
380 326 380 325
385 326 385 325
390 326 390 326
395 326 395 326
401 326 400 326
406 326 406 325
411 326 411 325
416 326 417 326
421 326 422 326
427 326 427 327
442 326 442 326
307 331 307 332
312 331 313 331
317 331 318 331
323 331 322 332
328 331 329 331
338 331 338 330
343 331 344 331
349 331 348 331
354 331 354 332
359 331 359 332
364 331 364 331
369 331 370 331
375 331 374 332
380 331 380 332
385 331 386 331
390 331 390 331
395 331 395 331
401 331 401 331
406 331 406 331
411 331 411 331
416 331 416 331
421 331 422 332
432 331 432 332
437 331 437 332
302 336 302 337
307 336 307 337
312 336 313 336
317 336 318 336
323 336 322 336
328 336 328 336
333 336 333 336
338 336 339 336
343 336 343 337
349 336 349 337
354 336 354 337
359 336 359 336
364 336 364 336
369 336 369 336
375 336 375 337
380 336 380 337
385 336 385 337
390 336 390 337
395 336 396 337
401 336 401 337
406 336 406 337
411 336 411 336
416 336 416 337
421 336 422 336
427 336 427 336
432 336 432 336
437 336 437 337
442 336 442 337
