343 149 339 148
323 154 323 153
333 154 328 153
349 154 344 153
354 154 374 154
359 154 363 150
369 154 353 148
375 154 357 148
302 160 281 175
317 160 307 162
364 160 348 153
291 165 285 169
297 165 291 168
369 165 364 159
385 165 395 170
307 170 296 174
343 170 317 176
354 170 329 176
359 170 338 174
390 170 391 164
286 175 275 180
328 175 302 183
333 175 307 183
349 175 322 181
354 175 328 182
359 175 333 182
364 175 342 180
375 175 369 165
390 175 401 180
271 180 270 174
281 180 272 185
291 180 281 185
297 180 286 184
302 180 312 179
312 180 295 185
328 180 302 188
333 180 306 188
354 180 327 186
359 180 332 186
364 180 342 185
375 180 369 172
395 180 401 186
281 186 271 190
291 186 280 196
302 186 311 185
328 186 302 194
338 186 308 195
364 186 343 190
375 186 353 190
390 186 379 186
281 191 270 194
343 191 327 195
385 191 373 192
390 191 379 193
395 191 384 192
291 196 285 195
312 196 296 201
317 196 301 202
338 196 322 201
343 196 328 200
359 196 339 199
369 196 353 197
390 196 375 197
395 196 384 197
406 196 415 202
271 201 265 206
281 201 271 200
333 201 316 206
338 201 322 206
349 201 327 207
354 201 334 205
369 201 352 202
375 201 358 202
385 201 373 202
307 206 295 211
317 206 300 212
323 206 305 212
333 206 316 212
364 206 347 211
375 206 358 208
380 206 360 211
385 206 373 207
390 206 379 207
395 206 400 207
406 206 415 212
281 212 271 210
297 212 290 215
317 212 307 215
328 212 311 215
338 212 317 217
343 212 321 217
349 212 327 217
369 212 352 216
380 212 364 215
390 212 380 212
395 212 400 212
401 212 406 213
406 212 415 216
297 217 291 221
343 217 321 222
354 217 333 222
359 217 338 222
369 217 353 221
375 217 360 220
380 217 369 218
385 217 376 217
390 217 384 217
395 217 395 218
401 217 405 218
286 222 279 222
297 222 291 227
317 222 306 227
343 222 322 228
349 222 326 228
354 222 331 228
359 222 342 229
369 222 353 227
375 222 360 226
390 222 386 224
395 222 394 223
406 222 416 222
281 227 274 227
286 227 280 227
328 227 312 232
333 227 316 232
343 227 321 233
349 227 326 233
369 227 352 232
286 232 280 232
291 232 285 233
302 232 291 237
317 232 299 237
328 232 306 238
333 232 311 238
343 232 321 238
349 232 326 239
359 232 339 239
364 232 343 239
369 232 352 237
380 232 368 237
390 232 386 234
395 232 393 234
286 238 281 237
291 238 284 237
312 238 296 241
323 238 303 242
328 238 308 243
338 238 316 244
343 238 321 244
354 238 333 244
359 238 338 243
364 238 344 243
369 238 352 243
380 238 368 241
385 238 375 242
390 238 386 240
395 238 392 239
291 243 285 242
307 243 295 246
317 243 301 247
323 243 305 248
338 243 315 249
343 243 321 249
354 243 334 249
359 243 339 249
364 243 347 249
375 243 357 249
380 243 365 247
385 243 374 247
390 243 386 244
395 243 392 244
307 248 296 251
317 248 302 252
323 248 305 253
333 248 311 254
343 248 323 254
349 248 327 255
375 248 357 254
380 248 368 253
385 248 378 250
390 248 386 250
395 248 393 249
323 253 301 259
328 253 306 260
333 253 311 259
338 253 316 259
343 253 320 260
354 253 332 260
359 253 337 260
364 253 349 258
369 253 354 260
375 253 358 259
385 253 376 257
390 253 385 256
395 253 393 257
401 253 399 275
323 258 301 264
328 258 305 265
333 258 310 264
338 258 316 264
343 258 321 264
349 258 326 265
354 258 332 265
359 258 337 266
364 258 343 265
369 258 348 265
375 258 354 264
390 258 385 262
395 258 393 262
401 258 399 260
302 264 297 262
323 264 300 270
333 264 309 269
338 264 316 270
343 264 321 270
349 264 326 271
359 264 338 271
364 264 344 271
369 264 352 271
380 264 365 270
385 264 375 265
406 264 405 264
323 269 300 274
328 269 304 274
333 269 310 275
338 269 316 275
343 269 321 275
349 269 326 276
354 269 331 275
359 269 338 275
369 269 349 275
375 269 358 276
380 269 364 275
390 269 394 269
328 274 306 280
333 274 311 280
338 274 316 281
343 274 321 280
349 274 326 281
354 274 332 280
364 274 344 280
369 274 350 280
375 274 358 279
323 279 308 284
333 279 311 285
338 279 316 285
349 279 326 286
354 279 332 285
359 279 338 284
364 279 346 285
380 279 368 284
385 279 385 284
395 279 396 279
401 279 400 279
406 279 405 279
302 284 295 284
323 284 307 289
333 284 311 290
338 284 316 291
349 284 326 291
354 284 332 290
359 284 338 290
375 284 374 283
380 284 379 285
338 290 317 295
343 290 322 296
354 290 332 296
375 290 364 290
385 290 388 290
395 290 398 290
307 295 300 294
328 295 312 298
333 295 316 299
338 295 320 300
349 295 327 300
359 295 343 301
375 295 374 295
395 295 398 295
317 300 311 304
333 300 315 304
338 300 320 304
343 300 325 305
354 300 336 305
359 300 347 305
375 300 374 300
380 300 381 299
385 300 386 300
390 300 391 302
395 300 398 300
401 300 403 299
323 305 317 309
338 305 320 309
343 305 325 310
349 305 330 310
369 305 368 306
375 305 375 306
380 305 381 306
385 305 386 306
390 305 392 306
406 305 408 305
411 305 414 305
307 310 306 310
323 310 321 316
354 310 358 304
359 310 364 305
369 310 370 311
375 310 375 312
380 310 380 311
385 310 386 311
390 310 391 312
395 310 397 312
401 310 402 312
406 310 408 311
411 310 414 311
416 310 419 311
437 310 437 310
442 310 442 310
354 316 358 310
359 316 363 311
369 316 369 317
375 316 375 317
380 316 380 316
385 316 386 316
390 316 391 317
395 316 397 317
401 316 402 317
406 316 407 317
411 316 412 317
416 316 417 317
421 316 421 315
437 316 436 316
442 316 442 316
359 321 362 317
369 321 370 321
375 321 375 321
380 321 379 326
385 321 385 326
390 321 391 322
395 321 396 322
401 321 401 322
406 321 406 322
411 321 412 322
416 321 417 322
427 321 427 321
442 321 442 322
312 326 316 327
323 326 325 327
328 326 332 327
338 326 342 327
349 326 353 322
354 326 357 322
359 326 363 322
364 326 363 328
369 326 369 328
375 326 375 328
390 326 391 328
395 326 396 328
401 326 401 328
406 326 406 327
411 326 411 327
416 326 416 328
421 326 422 329
432 326 435 327
442 326 443 327
307 331 310 333
317 331 320 333
323 331 325 332
328 331 332 330
338 331 342 330
343 331 347 331
349 331 352 328
354 331 358 327
359 331 358 333
364 331 362 333
369 331 368 332
375 331 374 333
380 331 380 334
385 331 386 333
390 331 391 333
395 331 396 333
401 331 401 333
406 331 406 333
411 331 411 333
416 331 416 333
437 331 438 334
302 336 306 336
307 336 310 337
312 336 315 337
317 336 320 337
323 336 325 338
328 336 331 336
333 336 337 335
343 336 347 337
354 336 354 337
359 336 358 338
364 336 363 337
369 336 368 338
375 336 374 338
380 336 380 338
385 336 385 338
390 336 391 338
395 336 396 338
401 336 401 338
406 336 406 338
411 336 411 338
416 336 415 338
421 336 420 338
427 336 426 338
437 336 436 338
442 336 442 338
