576 199 580 199
554 211 556 215
556 211 559 215
568 211 568 199
571 211 571 199
571 219 567 206
540 227 543 212
542 227 548 215
585 227 595 249
588 227 598 248
590 227 594 227
602 227 594 230
540 233 570 226
528 236 529 237
551 236 567 238
607 236 607 237
610 236 610 236
613 236 613 236
537 239 551 239
610 239 610 239
616 239 616 239
528 242 528 243
540 242 573 278
602 242 624 264
604 242 627 264
607 242 611 243
610 242 613 244
619 242 619 242
531 244 531 247
540 244 573 280
540 247 541 260
542 247 544 260
545 247 547 260
548 247 550 260
610 247 615 250
619 247 627 255
621 247 621 247
624 247 625 247
627 247 627 248
528 250 527 255
540 250 542 263
542 250 544 263
545 250 547 263
548 250 550 263
551 250 553 263
554 250 556 263
602 250 610 253
616 250 624 258
619 250 626 258
621 250 621 250
624 250 624 250
627 250 627 250
528 253 527 257
531 253 530 258
534 253 536 255
540 253 542 265
542 253 544 265
545 253 547 266
548 253 550 266
551 253 553 266
602 253 610 255
607 253 627 271
621 253 630 262
630 253 629 253
542 256 545 269
545 256 547 269
627 256 624 255
540 258 544 272
545 258 548 271
554 258 530 231
590 258 599 275
593 258 604 275
596 258 607 276
604 258 610 262
616 258 635 276
635 258 632 258
638 258 635 259
540 261 544 278
554 261 528 235
556 261 533 234
559 261 537 235
588 261 598 278
590 261 602 278
593 261 604 278
599 261 609 278
602 261 610 282
604 261 615 281
607 261 626 278
610 261 630 278
613 261 627 276
621 261 635 279
630 261 640 280
633 261 643 279
638 261 636 261
641 261 641 263
588 264 598 281
590 264 601 281
602 264 612 283
604 264 615 284
638 264 638 265
641 264 641 266
644 264 644 265
542 267 547 277
548 267 550 277
573 267 584 284
576 267 587 284
579 267 590 284
588 267 598 283
630 267 639 285
644 267 644 270
647 267 646 267
542 270 548 280
548 270 550 280
585 270 592 284
588 270 596 286
590 270 599 287
596 270 605 284
647 270 646 273
545 273 550 283
556 273 562 280
573 273 584 287
585 273 592 286
588 273 595 290
593 273 601 287
596 273 604 287
590 275 597 290
596 275 604 291
599 275 606 290
604 275 612 290
545 278 579 270
573 278 584 298
588 281 593 293
590 281 596 292
610 281 618 296
627 281 633 299
542 284 542 286
568 284 570 288
590 284 595 296
596 284 601 298
599 284 603 299
602 284 607 299
604 284 609 298
619 284 627 298
542 287 542 289
545 287 546 289
548 287 546 286
551 287 550 287
568 287 570 292
571 287 573 292
573 287 576 292
596 287 601 301
599 287 603 301
602 287 606 301
604 287 609 301
607 287 611 301
616 287 621 301
624 287 629 302
627 287 632 302
545 290 544 291
551 290 552 289
568 290 570 297
571 290 573 295
573 290 576 295
576 290 578 295
599 290 603 304
604 290 608 304
607 290 611 305
613 290 623 310
644 290 643 299
647 290 647 299
548 292 547 292
551 292 551 292
554 292 554 292
565 292 567 300
568 292 570 301
571 292 573 299
573 292 576 300
576 292 578 300
579 292 581 301
585 292 587 301
588 292 590 301
590 292 593 301
593 292 596 301
616 292 618 307
627 292 629 308
633 292 632 307
635 292 635 307
647 292 647 302
551 295 550 295
554 295 554 295
568 295 570 304
571 295 573 303
573 295 576 302
576 295 578 303
579 295 580 304
582 295 583 303
585 295 586 303
588 295 590 304
590 295 593 304
593 295 595 304
596 295 598 305
602 295 603 307
627 295 626 309
635 295 635 310
647 295 647 313
559 298 559 298
562 298 561 298
571 298 573 306
573 298 576 306
588 298 589 306
590 298 592 307
593 298 595 307
624 298 624 313
627 298 627 313
633 298 631 313
635 298 635 313
638 298 637 313
641 298 640 314
644 298 643 313
562 301 561 304
568 301 570 306
576 301 578 306
579 301 580 307
582 301 583 307
607 301 606 312
559 304 559 304
568 304 569 309
573 304 576 310
576 304 578 310
579 304 580 310
582 304 583 309
585 304 586 309
588 304 589 309
593 304 592 312
576 306 578 313
579 306 580 312
582 306 583 312
585 306 586 312
588 306 589 312
596 306 595 315
579 309 580 315
579 312 575 312
576 315 572 315
579 315 575 315
585 315 578 315
596 315 583 315
602 315 592 315
627 315 606 315
635 315 640 315
