545 258 535 273
545 261 535 276
635 261 633 280
545 264 535 278
548 267 535 281
638 267 635 282
545 270 533 284
548 270 536 284
545 273 533 287
548 273 537 287
551 273 540 287
548 275 536 289
551 275 539 290
596 275 589 288
548 278 536 292
551 278 539 292
596 278 589 291
607 278 603 295
551 281 540 295
602 281 593 296
619 281 613 298
621 281 616 298
624 281 618 297
627 281 621 297
551 284 539 298
599 284 589 299
602 284 592 299
604 284 595 299
607 284 598 299
616 284 610 300
619 284 612 300
621 284 615 300
624 284 618 300
627 284 621 300
607 287 598 302
627 287 622 304
630 287 624 303
568 290 554 301
571 290 557 301
573 290 560 301
576 290 563 301
616 290 607 307
568 292 554 304
571 292 557 304
573 292 560 304
576 292 563 304
582 292 569 303
585 292 571 300
588 292 574 300
590 292 578 300
616 292 601 305
627 292 617 308
630 292 619 307
633 292 622 307
647 292 634 303
565 295 554 306
571 295 558 307
573 295 561 306
576 295 563 306
585 295 571 303
588 295 574 303
590 295 578 303
593 295 581 302
607 295 595 307
624 295 610 310
627 295 617 312
630 295 620 312
571 298 558 309
573 298 561 309
588 298 574 306
590 298 578 306
593 298 581 306
607 298 595 310
610 298 598 308
571 301 559 312
576 301 563 309
588 301 574 310
590 301 576 309
607 301 595 313
573 304 562 312
576 304 564 312
579 304 566 311
590 304 576 311
593 304 578 312
596 304 582 311
599 304 587 311
602 304 588 314
582 306 569 315
585 306 572 311
593 306 578 315
596 306 582 314
585 309 572 314
588 309 575 314
