571 213 597 211
565 216 591 214
565 219 590 216
537 222 554 214
565 222 591 220
568 222 594 220
571 222 596 220
568 225 593 223
542 227 560 213
548 227 569 215
568 227 593 226
551 230 575 219
554 230 578 219
556 230 581 219
604 230 604 230
554 233 578 221
590 236 611 233
593 236 612 233
582 239 602 235
588 239 607 236
590 239 610 236
534 244 576 254
573 244 591 252
576 244 593 253
596 244 612 242
571 247 587 255
576 247 593 255
593 247 609 244
596 247 612 244
534 250 576 258
593 250 608 248
534 253 576 260
545 253 578 261
602 253 614 249
540 256 574 263
545 256 578 263
551 256 581 263
585 256 600 250
590 256 603 250
599 256 612 252
585 258 599 256
590 258 603 253
593 258 605 253
602 258 612 254
607 258 618 255
610 258 620 255
590 261 603 256
604 261 614 257
607 261 617 258
610 261 620 258
593 264 605 256
602 264 611 257
610 264 619 260
616 264 623 261
585 267 597 259
588 267 599 259
590 267 601 259
596 267 605 259
599 267 608 259
602 267 610 260
610 267 617 264
616 267 623 264
537 270 568 248
588 270 599 262
590 270 601 263
596 270 604 262
599 270 607 262
604 270 613 267
610 270 617 266
613 270 619 266
616 270 622 266
624 270 628 267
579 273 589 267
588 273 598 264
590 273 601 265
596 273 604 265
599 273 607 265
604 273 613 269
607 273 616 269
613 273 619 269
619 273 622 269
621 273 625 269
624 273 628 270
627 273 631 271
630 273 633 271
582 275 593 267
585 275 596 268
588 275 598 268
590 275 601 268
596 275 604 268
599 275 607 268
602 275 610 269
619 275 622 272
621 275 625 272
624 275 628 273
627 275 631 274
630 275 633 274
568 278 572 266
571 278 574 266
585 278 592 271
588 278 598 270
590 278 601 271
596 278 603 274
599 278 607 274
604 278 610 272
610 278 616 273
613 278 619 273
621 278 624 276
624 278 627 276
627 278 631 277
630 278 634 277
633 278 636 278
593 281 601 277
599 281 606 277
602 281 609 277
604 281 610 275
607 281 613 277
616 281 619 278
619 281 621 278
621 281 624 279
624 281 627 279
627 281 630 280
630 281 633 280
633 281 636 280
571 284 577 272
596 284 603 280
599 284 607 280
602 284 609 280
607 284 612 280
610 284 615 281
613 284 618 281
616 284 620 281
621 284 624 282
624 284 627 282
627 284 630 282
630 284 633 282
633 284 636 282
635 284 639 283
590 287 600 283
593 287 602 283
599 287 607 283
602 287 609 283
604 287 611 283
619 287 622 285
621 287 624 285
624 287 627 285
627 287 630 285
630 287 633 285
633 287 636 285
635 287 639 286
638 287 642 287
644 287 644 287
579 290 585 285
585 290 594 285
590 290 600 286
593 290 602 286
599 290 606 286
604 290 612 287
610 290 615 287
613 290 617 288
619 290 621 288
621 290 624 288
624 290 627 288
627 290 632 288
633 290 636 287
635 290 642 290
638 290 644 290
556 292 544 269
571 292 576 287
579 292 588 288
582 292 592 289
590 292 600 289
593 292 602 288
599 292 605 289
604 292 611 290
610 292 615 291
613 292 617 291
616 292 620 291
621 292 624 290
624 292 629 290
627 292 632 290
633 292 636 291
638 292 644 292
531 295 546 287
565 295 572 290
571 295 576 289
579 295 589 290
585 295 594 292
590 295 599 292
593 295 603 292
596 295 606 293
604 295 611 293
607 295 614 293
613 295 617 294
616 295 619 294
621 295 624 294
624 295 626 293
635 295 638 292
638 295 642 292
647 295 647 292
534 298 549 291
556 298 556 285
562 298 570 293
565 298 572 292
585 298 594 294
588 298 597 298
590 298 599 295
593 298 603 295
596 298 605 295
599 298 608 296
604 298 611 296
607 298 614 296
613 298 616 296
619 298 620 296
627 298 629 295
630 298 632 295
633 298 635 295
635 298 638 295
638 298 641 295
641 298 645 296
534 301 548 294
537 301 551 293
579 301 589 301
582 301 592 301
588 301 597 300
590 301 599 300
596 301 605 299
599 301 608 298
604 301 611 298
607 301 613 298
630 301 632 298
633 301 635 298
635 301 637 297
638 301 640 297
559 304 569 302
562 304 571 302
565 304 575 302
568 304 577 301
576 304 587 302
579 304 589 303
582 304 592 303
588 304 597 303
590 304 599 303
596 304 605 301
599 304 608 301
602 304 610 301
630 304 632 300
633 304 635 300
635 304 637 300
644 304 646 299
559 306 569 305
562 306 571 304
565 306 574 305
568 306 577 304
571 306 579 305
573 306 583 306
576 306 587 305
579 306 589 306
582 306 592 306
585 306 594 306
593 306 602 305
627 306 630 303
548 309 554 298
559 309 559 294
562 309 571 307
565 309 574 308
568 309 577 308
573 309 583 308
576 309 586 309
579 309 588 309
588 309 597 309
593 309 601 307
604 309 614 309
607 309 617 309
610 309 619 309
613 309 622 308
621 309 625 306
638 309 640 305
641 309 643 304
644 309 645 304
556 312 557 297
559 312 569 310
562 312 571 310
565 312 574 311
568 312 577 312
571 312 579 311
573 312 582 312
576 312 585 312
579 312 588 312
593 312 602 310
599 312 609 311
602 312 612 311
607 312 617 311
610 312 620 311
613 312 622 311
616 312 628 312
619 312 630 312
621 312 633 312
638 312 640 307
641 312 643 307
556 315 557 300
559 315 568 313
562 315 571 314
565 315 574 314
568 315 577 315
571 315 580 315
573 315 582 315
576 315 585 315
579 315 588 315
585 315 595 313
593 315 602 313
596 315 604 313
599 315 609 314
602 315 612 315
613 315 624 315
616 315 628 314
619 315 630 314
621 315 633 315
630 315 636 316
635 315 639 316
