573 211 572 209
576 213 550 256
568 219 550 228
573 222 595 222
559 225 580 219
571 225 553 232
573 225 595 225
576 225 598 226
571 227 553 234
576 227 597 228
579 227 600 229
534 230 544 224
540 230 554 223
565 230 549 237
573 230 593 231
556 236 579 229
568 236 552 241
593 236 609 233
596 236 612 233
590 239 606 236
576 242 600 250
602 242 599 219
607 242 617 239
588 244 604 239
596 244 611 240
590 247 605 241
593 247 608 241
545 250 565 258
568 250 583 239
596 250 610 243
604 250 616 243
568 253 590 259
593 253 607 245
596 253 610 245
602 253 614 245
604 253 616 246
607 253 619 246
545 256 564 261
596 256 610 247
599 256 613 248
604 256 617 248
607 256 619 250
554 258 552 265
590 258 607 248
607 258 619 252
551 261 549 268
556 261 555 267
559 261 557 267
579 261 588 248
593 261 609 252
604 261 616 253
534 264 557 254
556 264 555 269
590 264 606 254
596 264 610 254
599 264 612 255
604 264 615 255
607 264 618 256
613 264 621 257
616 264 624 260
545 267 553 275
548 267 548 271
551 267 550 271
590 267 606 256
593 267 609 258
602 267 612 257
604 267 614 258
613 267 621 259
542 273 570 243
624 273 629 272
531 275 552 262
576 275 589 264
607 275 589 270
610 275 617 268
616 278 619 271
624 278 625 275
627 278 628 275
596 281 600 282
599 281 602 281
604 281 609 279
624 281 625 277
627 281 627 278
630 281 630 279
635 281 636 280
602 284 605 283
604 284 608 283
610 284 615 280
619 284 621 280
621 284 624 281
627 284 627 281
630 284 630 282
633 284 633 282
635 284 636 283
545 287 556 282
556 287 568 290
593 287 599 284
596 287 603 285
602 287 605 285
607 287 615 282
621 287 624 284
624 287 626 284
630 287 630 284
633 287 633 285
635 287 637 286
534 290 552 291
565 290 574 287
593 290 599 286
599 290 605 288
607 290 611 283
613 290 618 287
616 290 621 288
621 290 624 287
624 290 626 287
638 290 639 290
641 290 642 290
644 290 644 290
551 292 558 285
559 292 570 294
590 292 595 289
593 292 598 289
596 292 601 290
599 292 605 291
602 292 607 291
610 292 612 286
624 292 626 290
638 292 639 292
644 292 645 292
537 295 555 294
542 295 552 288
551 295 558 288
556 295 567 300
568 295 576 291
596 295 601 294
635 295 635 292
644 295 642 293
556 298 567 302
582 298 590 302
593 298 600 297
627 298 629 295
630 298 632 295
635 298 635 295
641 298 641 296
644 298 644 296
537 301 549 294
559 301 564 293
562 301 567 293
565 301 576 300
582 301 590 305
585 301 593 305
593 301 600 303
596 301 603 303
599 301 606 301
638 301 641 299
644 301 644 300
647 301 647 300
537 304 548 297
573 304 579 300
582 304 590 309
585 304 593 308
590 304 597 307
593 304 600 306
596 304 603 306
599 304 605 304
633 304 638 302
638 304 641 301
559 306 571 308
568 306 578 309
571 306 580 309
573 306 583 310
582 306 590 311
585 306 593 311
590 306 597 310
593 306 600 309
596 306 602 308
599 306 605 307
602 306 608 307
607 306 615 308
610 306 618 308
627 306 628 304
644 306 643 302
647 306 646 303
556 309 565 310
559 309 571 311
588 309 595 312
593 309 600 312
596 309 603 312
599 309 604 310
602 309 608 310
604 309 612 310
607 309 615 311
610 309 618 311
647 309 646 305
571 312 580 313
573 312 583 314
576 312 586 314
579 312 589 314
599 312 605 313
602 312 608 313
604 312 613 314
619 312 627 312
641 312 643 308
565 315 570 315
568 315 573 315
571 315 579 316
588 315 596 314
593 315 598 315
596 315 601 316
610 315 617 315
613 315 620 315
616 315 624 315
619 315 626 315
621 315 629 315
644 315 645 315
647 315 647 315
