542 213 581 221
556 213 553 234
602 213 604 215
602 216 603 217
540 219 572 227
571 219 531 240
542 222 576 242
545 222 580 242
540 225 573 245
542 225 577 245
545 225 580 245
568 225 585 249
545 227 580 248
548 227 579 227
576 227 603 278
545 233 575 232
556 233 573 251
559 233 576 251
545 236 577 233
556 236 574 262
568 236 590 261
613 236 619 242
545 239 581 257
562 239 587 264
573 239 592 265
576 239 593 261
562 242 586 267
571 242 588 268
559 244 582 270
613 244 621 258
607 247 613 263
610 247 617 263
616 247 623 262
534 250 553 263
556 250 577 275
559 250 579 276
610 250 617 266
621 253 626 267
624 253 629 267
596 256 604 265
619 256 623 271
621 256 626 274
624 256 629 270
627 256 631 270
635 256 638 272
602 258 607 269
621 258 626 277
633 258 635 274
602 261 607 271
604 261 609 272
613 261 615 275
633 261 634 277
635 261 642 284
602 264 607 274
604 264 609 275
607 264 612 276
616 264 619 279
630 264 631 281
562 270 576 281
627 270 621 286
559 273 573 284
630 273 633 289
638 273 639 288
610 275 608 288
616 275 614 291
638 275 639 291
588 278 594 283
593 278 601 302
613 278 611 290
621 278 627 289
638 278 639 294
531 281 542 276
568 281 576 287
599 281 598 296
644 281 645 294
647 281 647 294
647 284 647 300
542 287 552 286
562 287 570 289
571 287 578 291
573 287 581 291
633 287 631 301
635 287 634 301
638 287 637 301
540 290 548 287
542 290 551 288
568 290 574 293
571 290 577 293
573 290 580 293
579 290 584 294
582 290 587 294
585 290 591 294
604 290 608 299
540 292 545 290
548 292 556 291
559 292 565 293
562 292 568 293
565 292 571 293
576 292 582 297
579 292 584 297
582 292 586 297
585 292 589 297
588 292 592 298
599 292 603 302
604 292 608 302
635 292 634 305
638 292 637 306
641 292 639 306
644 292 643 306
556 295 562 295
562 295 568 296
568 295 573 295
579 295 583 300
582 295 586 300
585 295 589 300
588 295 591 300
593 295 596 301
596 295 601 305
599 295 604 305
604 295 608 305
635 295 634 308
638 295 637 308
641 295 639 308
647 295 647 308
542 298 551 293
551 298 557 295
559 298 565 299
562 298 567 300
568 298 572 299
573 298 576 303
585 298 586 303
588 298 590 303
590 298 592 304
596 298 598 304
624 298 619 307
627 298 621 307
644 298 643 312
647 298 646 311
559 301 565 301
565 301 568 301
568 301 571 302
571 301 573 303
579 301 580 302
593 301 594 307
624 301 619 310
627 301 622 310
630 301 625 310
635 301 631 312
641 301 636 312
644 301 642 315
647 301 646 315
565 304 568 304
568 304 570 305
571 304 573 305
576 304 577 306
579 304 580 306
582 304 583 306
585 304 586 306
588 304 589 307
590 304 590 307
624 304 621 313
630 304 625 313
633 304 628 314
556 306 556 306
559 306 561 304
562 306 565 305
568 306 571 307
571 306 573 307
576 306 577 309
579 306 580 309
582 306 583 309
585 306 585 310
588 306 588 309
590 306 590 310
562 309 565 308
565 309 567 311
571 309 573 311
579 309 580 312
582 309 582 312
585 309 585 312
588 309 587 312
627 312 609 313
630 312 618 313
576 315 577 315
579 315 579 315
582 315 582 315
585 315 586 315
588 315 587 315
604 315 594 314
607 315 597 314
630 315 617 316
635 315 622 315
