545 216 552 254
573 222 591 232
576 222 595 232
531 227 529 211
534 227 533 211
585 227 546 261
531 230 529 214
593 236 591 223
599 236 599 229
528 239 528 253
556 239 566 232
593 239 591 226
599 239 599 232
528 242 528 255
534 242 532 255
607 242 607 234
528 244 529 258
540 244 537 258
573 244 564 204
593 244 619 260
596 244 624 258
602 244 598 237
604 244 605 234
573 247 564 207
593 247 620 262
596 247 624 261
607 250 610 240
616 250 622 245
573 253 590 253
576 253 594 252
596 253 624 266
607 253 613 246
531 256 544 260
537 256 547 258
540 256 551 258
619 256 620 248
621 256 622 247
528 258 544 263
534 258 547 262
537 258 549 262
540 258 552 262
613 258 626 262
531 261 543 266
534 261 546 266
537 261 549 266
540 261 552 266
568 261 594 267
621 261 636 268
630 261 631 256
633 261 635 258
528 264 544 270
534 264 546 269
537 264 549 269
588 264 601 275
590 264 604 274
619 264 630 274
621 264 632 273
633 264 635 261
635 264 638 261
537 267 550 272
542 267 553 273
545 267 565 283
588 267 601 278
590 267 604 278
593 267 607 278
596 267 610 278
604 267 629 277
638 267 641 264
540 270 550 276
542 270 553 276
545 270 566 286
585 270 598 279
596 270 609 281
599 270 613 281
604 270 628 280
621 270 630 283
554 273 572 286
582 273 595 282
585 273 598 282
588 273 601 282
593 273 606 282
596 273 609 284
599 273 612 284
602 273 618 286
619 273 628 286
624 273 636 286
627 273 640 286
630 273 645 284
548 275 566 292
551 275 569 289
554 275 572 289
568 275 580 286
571 275 582 283
576 275 591 284
582 275 594 285
585 275 597 284
588 275 600 284
593 275 606 286
596 275 609 287
602 275 619 289
619 275 634 292
624 275 636 289
627 275 640 291
647 275 647 269
531 278 530 286
576 278 590 287
585 278 597 288
596 278 610 290
647 278 647 272
551 281 568 295
554 281 572 295
582 281 592 291
585 281 595 290
621 281 573 256
644 281 644 275
647 281 647 275
548 284 566 298
551 284 568 298
585 284 595 293
588 284 598 293
599 284 611 296
624 284 578 259
604 287 618 298
607 287 622 298
599 290 607 299
573 292 579 297
579 292 584 296
599 292 607 302
602 292 609 302
604 292 612 302
607 292 629 313
610 292 632 312
548 295 549 293
551 295 551 293
568 295 571 297
571 295 575 297
582 295 587 300
585 295 589 300
588 295 592 300
599 295 606 304
602 295 610 305
604 295 613 305
647 295 647 299
551 298 551 296
554 298 554 295
556 298 557 295
565 298 568 301
568 298 572 300
571 298 574 301
573 298 577 301
576 298 580 301
585 298 587 302
588 298 592 302
590 298 596 302
599 298 605 307
630 298 634 309
556 301 557 301
559 301 560 300
562 301 563 301
568 301 572 303
571 301 574 304
573 301 577 304
585 301 588 305
588 301 592 305
599 301 602 307
647 301 646 306
559 304 560 304
562 304 564 304
568 304 572 306
571 304 574 306
573 304 577 306
579 304 582 307
582 304 585 306
596 304 600 310
599 304 602 310
613 304 617 309
562 306 564 306
568 306 572 308
573 306 576 309
576 306 579 309
579 306 582 309
582 306 585 309
585 306 588 308
602 306 605 313
562 309 563 309
565 309 566 309
568 309 569 309
571 309 572 312
573 309 576 312
576 309 580 312
579 309 582 312
582 309 584 312
585 309 588 311
588 309 591 311
619 309 622 313
565 312 567 312
568 312 569 312
588 312 592 314
590 312 597 314
621 312 605 310
568 315 570 314
571 315 573 315
573 315 577 314
579 315 578 315
582 315 582 315
633 315 641 314
