576 219 573 235
616 270 615 283
613 273 610 289
616 281 616 292
647 281 643 292
602 284 600 297
616 284 617 295
644 284 638 297
647 284 643 296
554 287 544 296
638 287 632 302
641 287 635 302
599 290 592 298
638 290 633 305
568 292 556 301
596 292 589 301
599 292 592 301
602 292 595 300
607 292 604 306
641 292 636 307
647 292 641 292
554 295 544 306
571 295 558 301
573 295 562 302
599 295 592 304
571 298 559 305
573 298 562 305
576 298 565 304
588 298 577 301
602 298 594 307
568 301 557 308
571 301 559 308
573 301 562 307
579 301 568 304
582 301 571 304
590 301 580 304
633 301 625 312
635 301 627 312
568 304 557 311
571 304 560 310
579 304 568 307
582 304 571 307
585 304 574 306
588 304 577 306
573 306 562 311
576 306 565 310
579 306 568 310
582 306 570 309
585 306 574 309
588 306 577 309
593 306 581 310
576 309 566 313
579 309 568 313
582 309 571 313
596 309 585 314
579 312 568 316
647 312 646 313
621 315 616 316
633 315 628 315
635 315 630 315
