599 219 599 229
602 225 601 235
638 278 636 280
635 281 630 277
638 281 636 283
613 284 618 279
627 284 627 280
638 284 633 281
630 287 627 282
633 287 629 282
593 290 589 295
596 290 592 295
630 290 626 285
635 290 630 285
638 290 633 286
554 292 550 294
593 292 590 298
596 292 592 297
630 292 626 288
635 292 630 288
638 292 633 288
596 295 592 300
621 295 620 291
627 295 623 291
633 295 629 291
644 295 638 292
604 298 601 301
607 298 606 293
616 298 613 293
621 298 620 293
647 298 643 299
551 301 551 301
573 301 577 302
610 301 608 296
638 301 634 296
641 301 638 297
644 301 638 296
568 304 573 302
641 304 638 301
568 306 574 306
604 306 601 308
641 306 638 304
644 306 640 302
568 309 573 308
588 309 588 312
590 309 591 312
596 309 595 313
599 309 597 313
607 309 604 310
630 309 630 311
644 309 640 305
571 312 576 311
602 312 600 313
604 312 603 313
619 312 618 312
638 312 633 313
644 312 640 308
647 312 642 308
571 315 575 314
573 315 578 314
576 315 581 315
582 315 585 315
585 315 587 315
590 315 591 316
593 315 594 316
613 315 610 315
616 315 612 315
619 315 618 315
621 315 621 315
624 315 624 315
627 315 627 315
633 315 630 316
635 315 633 316
647 315 642 311
