548 205 547 204
551 205 550 204
534 208 534 208
537 208 537 208
542 208 543 207
596 208 599 207
534 211 534 211
537 211 537 211
582 216 587 208
585 216 590 208
588 216 596 209
593 216 598 213
537 225 546 210
545 225 556 209
573 225 570 213
534 227 543 240
537 227 546 241
540 227 546 213
542 227 550 211
545 227 555 212
554 227 562 212
573 227 579 214
590 227 598 219
545 230 554 214
551 230 558 215
579 230 583 220
531 233 540 216
540 233 546 216
542 233 548 216
545 233 552 217
551 233 559 217
588 233 573 241
531 236 539 218
537 236 543 219
540 236 546 218
542 236 548 218
545 236 551 220
551 236 557 220
585 236 571 244
588 236 573 244
537 239 542 221
540 239 545 221
542 239 548 222
545 239 550 222
548 239 553 223
556 239 566 224
602 239 595 237
604 239 599 234
607 239 601 234
534 242 539 224
540 242 544 225
542 242 548 225
551 242 556 226
588 242 584 236
590 242 586 237
604 242 598 238
540 244 543 231
562 244 563 245
565 244 567 246
590 244 586 239
593 244 589 239
596 244 592 239
545 247 547 250
554 247 558 248
562 247 563 248
596 247 592 242
599 247 595 243
602 247 598 243
531 250 535 230
545 250 547 254
554 250 557 251
593 250 589 243
599 250 595 246
602 250 598 246
604 250 601 247
607 250 603 248
528 253 529 254
531 253 534 233
540 253 541 256
548 253 547 256
528 256 529 256
531 256 533 257
537 256 538 259
540 256 541 259
585 256 570 241
588 256 586 244
602 256 599 253
604 256 602 253
610 256 607 251
528 258 529 259
565 258 563 252
593 258 591 249
602 258 600 256
604 258 602 257
607 258 605 256
613 258 611 254
590 261 588 252
599 261 599 259
604 261 602 259
610 261 608 257
613 261 611 257
616 261 615 257
593 264 591 253
596 264 593 258
599 264 598 262
610 264 608 259
613 264 612 260
616 264 615 260
554 267 550 257
582 267 581 254
585 267 584 254
590 267 587 255
593 267 590 256
604 267 604 264
610 267 609 263
613 267 612 263
619 267 617 261
621 267 622 263
548 270 544 259
551 270 546 259
554 270 550 260
556 270 552 260
562 270 560 258
593 270 590 258
596 270 595 266
599 270 599 267
602 270 601 267
604 270 605 266
607 270 608 266
610 270 610 266
616 270 617 265
619 270 619 264
621 270 622 265
630 270 629 263
551 273 546 262
554 273 549 262
556 273 552 262
562 273 559 261
565 273 562 261
571 273 565 261
602 273 601 269
604 273 604 269
607 273 608 269
616 273 616 267
627 273 626 265
630 273 632 266
559 275 556 264
562 275 559 263
571 275 561 263
576 275 570 266
582 275 583 270
585 275 585 270
588 275 589 271
613 275 611 270
616 275 616 270
619 275 619 270
624 275 625 269
627 275 629 269
630 275 631 269
633 275 635 269
635 275 638 269
534 278 531 264
537 278 534 264
540 278 537 264
545 278 543 265
551 278 546 265
554 278 549 266
559 278 555 267
562 278 558 267
588 278 588 274
590 278 594 275
593 278 597 275
599 278 600 275
607 278 609 273
613 278 613 273
616 278 616 273
619 278 619 273
621 278 622 272
624 278 625 272
627 278 628 272
630 278 631 272
633 278 634 271
635 278 637 272
638 278 640 273
542 281 540 267
554 281 548 269
582 281 582 275
585 281 584 276
588 281 588 276
590 281 594 277
596 281 597 277
613 281 615 276
621 281 622 275
624 281 625 275
627 281 628 275
630 281 631 275
638 281 640 276
554 284 546 271
585 284 584 279
588 284 587 279
599 284 600 278
616 284 618 278
621 284 622 278
624 284 625 277
627 284 628 277
630 284 632 277
635 284 637 277
641 284 643 279
548 287 543 289
551 287 546 290
568 287 566 296
593 287 593 281
596 287 596 281
604 287 603 279
607 287 606 279
616 287 618 280
619 287 621 280
624 287 625 280
627 287 628 280
633 287 634 280
635 287 637 280
638 287 640 280
644 287 645 283
551 290 546 293
554 290 549 294
576 290 575 285
579 290 578 285
593 290 593 283
604 290 602 284
610 290 611 283
613 290 615 283
616 290 618 283
619 290 622 283
621 290 624 283
630 290 631 283
633 290 634 283
638 290 640 283
641 290 643 283
571 292 603 275
576 292 575 287
579 292 578 288
590 292 590 285
593 292 593 286
596 292 596 284
607 292 606 281
619 292 621 285
621 292 624 286
627 292 630 286
630 292 633 286
633 292 635 286
638 292 640 285
641 292 642 286
644 292 645 287
551 295 548 297
556 295 551 297
573 295 573 290
579 295 578 290
585 295 580 288
590 295 590 288
593 295 592 288
596 295 595 287
602 295 601 288
604 295 604 287
613 295 614 289
619 295 617 287
627 295 629 288
630 295 632 288
633 295 636 289
635 295 638 289
641 295 642 289
644 295 645 289
548 298 548 298
551 298 551 299
573 298 573 294
576 298 576 293
590 298 589 291
593 298 592 291
599 298 598 290
602 298 601 291
604 298 604 291
610 298 611 291
613 298 614 291
619 298 617 289
621 298 621 290
624 298 626 291
627 298 629 291
630 298 633 291
633 298 636 292
635 298 638 292
641 298 642 291
644 298 644 292
565 301 564 299
568 301 567 299
571 301 569 300
573 301 573 296
576 301 576 296
590 301 590 294
593 301 592 295
596 301 595 293
599 301 598 294
602 301 601 294
604 301 604 294
607 301 607 294
610 301 610 294
613 301 614 294
621 301 623 293
624 301 626 294
627 301 629 294
630 301 632 294
633 301 636 294
635 301 638 294
638 301 640 294
551 304 551 304
556 304 557 304
562 304 560 301
565 304 563 301
568 304 567 302
571 304 569 302
573 304 573 299
576 304 576 299
582 304 582 298
585 304 585 298
590 304 590 297
593 304 592 298
596 304 595 298
599 304 598 296
602 304 601 296
604 304 604 297
610 304 611 297
613 304 613 297
616 304 619 298
624 304 625 296
627 304 628 296
630 304 632 296
633 304 635 297
635 304 638 297
644 304 644 295
554 306 554 306
556 306 557 307
565 306 563 304
568 306 566 305
571 306 569 305
573 306 573 302
576 306 576 302
579 306 579 302
582 306 582 301
585 306 584 301
604 306 606 300
610 306 610 301
621 306 622 299
624 306 624 299
627 306 628 299
630 306 632 300
633 306 634 300
644 306 645 299
647 306 647 300
556 309 557 310
559 309 560 307
568 309 566 307
571 309 569 308
573 309 573 305
576 309 576 305
579 309 578 305
582 309 582 303
585 309 584 304
588 309 587 304
590 309 590 301
602 309 601 303
604 309 606 303
610 309 610 303
616 309 615 302
619 309 619 302
621 309 622 302
624 309 629 303
630 309 632 303
633 309 634 303
635 309 637 303
638 309 639 303
644 309 644 302
647 309 647 303
562 312 562 310
576 312 575 308
582 312 581 307
585 312 585 307
588 312 587 307
590 312 591 304
593 312 593 304
596 312 596 306
602 312 601 306
607 312 609 307
616 312 615 304
619 312 618 304
621 312 621 305
624 312 624 305
627 312 628 305
630 312 631 305
633 312 634 306
635 312 636 306
638 312 640 306
641 312 643 306
644 312 646 306
562 315 562 314
568 315 580 316
571 315 569 311
573 315 572 312
576 315 575 312
579 315 577 315
582 315 582 309
585 315 584 309
596 315 596 308
607 315 617 314
613 315 612 307
621 315 621 308
