528 163 587 28
562 163 573 86
389 181 376 47
406 181 394 43
562 181 576 107
371 198 354 63
389 198 376 62
424 198 424 18
441 198 448 16
580 198 604 134
354 215 333 81
371 215 355 80
389 215 378 80
424 215 426 47
458 215 468 79
476 215 488 78
510 215 555 84
580 215 602 157
337 233 312 100
354 233 333 98
371 233 357 99
389 233 380 98
406 233 404 97
424 233 427 96
441 233 451 97
458 233 473 96
476 233 496 97
493 233 519 99
302 250 263 121
319 250 286 119
337 250 309 117
354 250 335 117
371 250 357 117
389 250 383 117
406 250 407 117
424 250 430 116
441 250 453 116
458 250 474 114
476 250 499 114
493 250 522 117
528 250 560 137
545 250 581 137
285 267 244 150
302 267 262 140
319 267 287 137
337 267 311 137
354 267 336 137
371 267 359 135
389 267 384 136
406 267 408 135
424 267 432 135
441 267 455 134
458 267 479 133
476 267 502 134
493 267 526 138
545 267 583 156
562 267 599 173
250 285 205 202
267 285 224 190
285 285 244 185
302 285 268 167
319 285 289 161
337 285 313 158
354 285 337 155
371 285 362 154
389 285 387 154
406 285 410 154
424 285 435 154
441 285 458 153
458 285 483 151
476 285 506 153
510 285 548 182
528 285 567 177
545 285 584 176
233 302 185 221
250 302 204 219
267 302 234 216
302 302 271 198
319 302 291 187
337 302 314 182
354 302 339 178
371 302 365 175
389 302 389 173
406 302 413 173
424 302 438 173
441 302 462 172
458 302 486 173
493 302 525 194
510 302 551 192
528 302 567 190
545 302 588 191
215 319 166 243
233 319 184 239
250 319 215 236
267 319 238 252
285 319 262 256
302 319 272 221
319 319 295 218
337 319 315 205
354 319 342 201
371 319 366 200
389 319 394 196
406 319 417 194
424 319 440 195
441 319 463 193
458 319 488 194
476 319 510 197
493 319 529 211
510 319 551 209
528 319 574 209
267 337 243 275
285 337 266 276
302 337 285 277
319 337 295 239
337 337 319 235
354 337 345 235
371 337 371 232
389 337 392 226
406 337 420 222
424 337 443 215
441 337 467 214
458 337 490 217
476 337 512 229
493 337 532 234
510 337 554 231
250 354 224 297
267 354 244 295
285 354 267 291
302 354 288 292
319 354 301 272
337 354 320 266
354 354 350 263
371 354 371 261
389 354 403 260
406 354 420 256
424 354 443 244
441 354 470 238
458 354 495 242
476 354 513 254
493 354 532 257
510 354 553 256
528 354 575 261
233 371 193 333
250 371 227 314
267 371 247 312
285 371 267 312
302 371 288 310
319 371 306 308
354 371 353 300
371 371 376 289
389 371 398 287
406 371 421 280
424 371 446 276
441 371 469 271
493 371 532 285
510 371 551 290
528 371 577 280
545 371 598 280
215 389 181 356
250 389 234 329
267 389 253 331
285 389 272 332
302 389 289 326
337 389 334 329
354 389 356 326
371 389 377 321
389 389 399 320
406 389 423 313
424 389 449 302
441 389 472 297
458 389 498 291
510 389 555 315
528 389 581 299
545 389 602 298
215 406 180 374
233 406 200 353
250 406 236 351
267 406 254 350
285 406 273 347
302 406 288 346
319 406 311 348
337 406 339 353
354 406 356 348
371 406 377 346
389 406 401 343
406 406 425 339
441 406 473 324
458 406 485 328
493 406 529 333
510 406 560 337
528 406 581 340
215 424 185 394
233 424 201 373
250 424 215 371
267 424 255 385
285 424 287 382
302 424 305 382
319 424 310 370
337 424 331 371
354 424 359 373
371 424 380 371
389 424 403 367
406 424 427 364
424 424 452 355
441 424 474 348
458 424 491 351
476 424 512 356
510 424 563 353
528 424 580 355
545 424 609 357
215 441 201 423
233 441 200 395
250 441 222 394
267 441 254 403
285 441 289 403
302 441 307 398
319 441 325 395
337 441 339 391
354 441 359 391
371 441 383 391
389 441 406 389
406 441 430 386
424 441 452 382
441 441 471 382
476 441 515 377
510 441 564 373
233 458 228 439
250 458 234 421
267 458 256 422
285 458 281 424
302 458 308 419
319 458 327 415
337 458 344 410
354 458 364 410
371 458 386 411
389 458 408 407
406 458 428 407
424 458 451 406
441 458 475 403
458 458 498 400
476 458 518 400
493 458 548 390
510 458 570 389
250 476 281 474
267 476 301 474
285 476 320 474
302 476 336 473
354 476 365 430
371 476 385 428
441 476 464 474
493 476 549 410
510 476 572 404
