559 211 561 207
562 211 564 207
571 211 570 206
573 211 574 206
537 213 536 212
562 213 564 211
551 216 554 209
554 216 540 216
556 216 560 213
559 216 563 213
545 225 538 225
585 227 561 230
571 230 594 209
576 230 596 215
571 236 591 220
573 236 594 220
585 236 587 225
562 244 573 233
588 244 545 240
537 247 574 275
576 247 580 260
568 258 575 252
588 261 586 265
596 261 596 266
582 264 582 267
602 264 606 230
604 264 609 230
588 267 591 272
590 267 595 272
596 267 613 259
616 267 622 262
630 270 631 270
638 270 637 271
562 273 571 238
635 273 634 273
641 273 640 276
554 275 567 242
562 275 570 241
630 275 627 275
633 275 629 275
641 275 640 279
551 278 565 257
534 281 542 269
562 281 571 258
565 281 573 265
638 281 633 281
641 281 639 282
644 281 642 282
545 284 611 253
610 284 615 273
630 284 624 284
635 284 631 284
638 284 634 284
641 284 638 284
644 284 643 285
545 287 611 256
616 287 620 275
635 287 631 287
638 287 635 287
641 287 638 287
644 287 643 288
559 290 567 280
596 290 601 287
602 290 605 288
616 290 619 278
638 290 636 289
647 290 646 290
554 292 562 283
556 292 565 283
596 292 601 289
599 292 604 290
616 292 619 280
641 292 640 292
644 292 643 292
647 292 646 293
540 295 552 288
545 295 552 284
554 295 562 286
556 295 565 286
593 295 597 293
596 295 601 293
599 295 604 294
602 295 599 297
616 295 616 296
641 295 640 294
644 295 643 295
647 295 646 296
540 298 551 290
542 298 554 290
562 298 568 287
588 298 593 296
604 298 601 300
540 301 551 294
542 301 554 294
545 301 557 292
554 301 561 292
556 301 564 293
562 301 568 290
568 301 572 288
585 301 590 298
588 301 593 298
590 301 595 299
610 301 612 299
540 304 551 297
542 304 554 297
545 304 556 294
556 304 564 295
559 304 566 296
568 304 575 292
571 304 577 295
579 304 585 300
582 304 588 301
585 304 591 301
590 304 595 301
593 304 598 303
596 304 601 303
610 304 612 302
613 304 614 302
635 304 634 303
638 304 638 303
644 304 644 302
647 304 647 302
542 306 553 301
571 306 577 302
573 306 579 303
576 306 582 303
579 306 584 304
582 306 587 304
585 306 590 304
602 306 605 304
604 306 608 305
635 306 634 306
641 306 640 304
562 309 569 301
568 309 574 305
573 309 579 306
576 309 581 306
579 309 585 306
585 309 589 308
590 309 595 306
593 309 598 307
596 309 600 307
599 309 603 307
602 309 606 308
619 309 617 306
624 309 626 309
630 309 630 309
638 309 640 308
647 309 647 306
562 312 568 304
571 312 577 308
576 312 581 309
579 312 584 309
582 312 588 308
585 312 590 310
588 312 592 310
593 312 598 310
596 312 600 310
599 312 603 310
607 312 614 312
610 312 616 313
624 312 626 311
630 312 630 311
635 312 636 311
638 312 639 310
641 312 643 310
644 312 642 309
647 312 646 308
571 315 579 313
579 315 584 312
582 315 586 314
585 315 589 314
588 315 592 314
590 315 595 313
599 315 603 315
602 315 606 315
604 315 609 315
607 315 612 315
610 315 615 315
624 315 625 315
630 315 629 315
633 315 632 313
635 315 635 314
641 315 642 315
644 315 646 315
