548 244 554 250
542 247 547 253
545 247 550 253
548 247 554 252
542 250 547 255
565 250 573 261
568 250 576 261
576 250 576 248
559 253 564 256
565 253 567 251
579 253 579 251
585 253 585 251
588 253 590 250
559 256 564 259
565 256 570 256
554 258 559 262
556 258 561 262
565 258 570 259
556 261 562 265
559 261 565 264
562 261 567 261
565 261 570 262
562 264 568 267
562 267 568 270
619 273 634 281
556 278 562 281
619 278 634 287
619 281 633 289
559 284 565 284
562 287 568 287
565 287 571 285
602 290 616 295
619 290 633 298
565 292 571 293
568 292 574 292
604 292 619 300
607 292 622 300
610 292 625 300
565 295 571 295
568 295 574 295
604 295 619 304
613 295 625 303
565 298 571 298
571 298 577 298
588 298 598 303
590 298 602 304
593 298 605 304
602 298 614 304
613 298 625 307
565 301 571 300
568 301 574 301
571 301 577 301
573 301 579 304
576 301 582 305
579 301 585 304
610 301 622 309
613 301 625 309
619 301 628 309
562 304 568 304
565 304 571 304
568 304 574 303
571 304 577 303
573 304 579 307
576 304 582 307
579 304 585 307
621 304 631 312
624 304 634 312
627 304 636 312
565 306 572 307
576 306 582 310
579 306 585 309
596 306 605 306
599 306 610 309
604 306 614 309
638 306 645 309
644 306 645 306
573 309 580 310
576 309 582 312
579 309 585 312
596 309 599 309
613 309 617 312
616 309 619 312
579 312 585 315
596 312 599 313
573 315 576 315
621 315 621 315
624 315 625 315
638 315 639 315
641 315 642 315
647 315 645 314
