424 25 458 150
441 25 470 147
371 77 424 199
389 77 438 198
493 77 513 197
510 77 526 196
545 77 552 197
441 111 477 213
458 111 489 213
267 129 350 224
302 129 373 222
319 129 386 221
354 129 410 221
371 129 424 220
389 129 437 220
406 129 452 221
250 146 333 254
302 163 371 240
319 163 387 239
354 163 412 235
371 163 428 236
389 163 441 236
406 163 453 235
441 163 479 234
458 163 493 234
476 163 506 235
302 181 370 258
319 181 384 253
510 181 534 251
319 198 384 272
371 198 426 259
389 198 439 258
424 198 464 253
441 198 478 253
458 198 493 253
476 198 508 253
510 198 536 264
545 198 570 283
562 198 586 283
337 215 395 285
354 215 410 279
371 215 424 279
389 215 440 274
441 215 480 263
458 215 495 263
476 215 510 265
510 215 547 285
545 215 570 298
267 233 326 366
354 233 410 302
371 233 427 304
389 233 444 303
441 233 481 285
545 233 581 316
337 250 393 316
354 250 411 322
389 250 442 325
233 302 290 422
285 302 342 421
406 302 455 412
215 319 269 440
233 319 287 440
354 337 411 453
371 354 420 466
389 354 437 467
406 354 456 472
