394 228 455 230
394 230 453 231
378 233 437 235
381 233 440 234
383 233 442 234
386 233 444 234
394 233 451 234
378 236 439 237
383 236 442 237
386 236 444 237
392 236 448 236
394 236 451 240
400 236 459 239
381 239 440 243
383 239 442 243
386 239 444 244
381 241 440 246
383 241 442 246
386 241 445 246
397 241 454 244
383 244 442 249
383 252 449 267
394 252 448 248
397 252 451 249
392 255 446 250
394 255 448 250
397 255 450 251
394 258 448 253
397 258 450 253
408 258 460 253
392 261 445 256
397 261 449 256
400 261 452 256
397 263 449 259
400 263 452 259
397 266 449 261
392 282 435 266
394 282 437 265
397 282 440 265
435 288 397 247
408 310 442 302
435 313 465 303
441 313 455 285
411 315 445 304
441 315 455 287
386 318 464 301
425 318 454 310
427 318 456 309
403 321 436 296
427 321 456 312
416 324 443 318
400 326 434 300
414 332 440 330
419 332 442 330
411 335 437 333
414 335 439 333
419 335 443 333
422 335 445 333
378 337 384 337
408 337 404 337
438 337 457 337
