619 270 629 282
585 273 596 281
588 273 599 281
593 273 606 284
596 273 609 284
602 273 616 284
613 273 624 285
616 273 627 285
619 273 629 285
582 275 593 285
585 275 596 287
588 275 599 287
590 275 602 287
604 275 618 287
579 278 590 287
582 278 593 288
585 278 596 289
588 278 599 290
590 278 601 290
593 278 604 290
604 278 618 290
616 278 627 289
579 281 589 290
585 281 595 292
588 281 598 292
590 281 601 292
593 281 603 293
607 281 618 293
613 281 623 293
585 284 595 295
588 284 598 295
599 284 607 293
604 284 615 295
607 284 618 295
610 284 621 295
613 284 624 295
616 284 627 295
576 287 585 293
596 287 604 295
610 287 620 297
613 287 624 297
635 287 636 298
576 290 584 295
579 290 587 295
588 290 596 298
593 290 601 299
596 290 603 299
607 290 615 302
630 290 635 302
638 290 638 302
565 292 574 295
576 292 584 298
579 292 586 298
582 292 590 299
585 292 593 299
588 292 595 300
590 292 598 301
593 292 600 302
599 292 605 302
602 292 608 301
604 292 611 302
607 292 613 302
635 292 636 304
565 295 574 298
568 295 576 298
599 295 605 305
602 295 607 305
604 295 611 306
559 298 567 301
562 298 570 300
565 298 573 301
568 298 575 301
571 298 578 301
579 298 584 302
582 298 587 302
585 298 590 303
588 298 593 304
590 298 596 305
593 298 598 305
602 298 607 307
604 298 610 310
619 298 621 308
624 298 627 310
627 298 630 310
573 301 580 304
576 301 582 304
579 301 584 304
582 301 587 304
585 301 590 307
588 301 593 306
590 301 595 307
593 301 599 309
596 301 600 307
599 301 604 307
602 301 607 310
619 301 621 312
621 301 624 312
627 301 629 312
630 301 632 312
647 301 647 301
576 304 581 306
582 304 587 307
588 304 592 310
590 304 595 310
596 304 601 312
599 304 604 313
613 304 616 309
576 306 581 309
579 306 584 309
590 306 595 313
565 309 570 309
579 309 584 312
582 309 587 310
647 315 647 315
