576 205 576 204
579 205 580 204
582 205 583 204
548 208 545 208
551 208 548 208
556 208 554 209
559 208 557 208
562 208 559 208
565 208 563 208
571 208 571 207
579 208 580 206
582 208 583 206
548 211 546 211
551 211 548 211
554 211 551 211
556 211 554 211
559 211 556 211
576 211 574 209
582 211 580 209
545 213 542 214
548 213 546 214
551 213 548 213
554 213 551 213
573 213 571 212
576 213 573 211
579 213 577 212
582 213 580 211
588 213 586 210
590 213 589 210
593 213 591 209
596 213 597 210
599 213 600 210
604 213 603 210
588 216 588 212
596 216 597 212
599 216 600 212
604 216 604 212
554 219 562 217
556 219 565 217
588 219 589 215
593 219 592 216
596 219 597 215
548 222 557 220
551 222 559 220
554 222 562 220
556 222 565 220
559 222 568 218
562 222 572 218
568 222 574 218
590 222 591 218
551 225 559 223
554 225 562 222
562 225 570 221
590 225 591 221
545 227 536 228
548 227 542 225
556 227 565 224
559 227 567 224
565 227 572 224
593 227 591 230
545 230 536 231
548 230 542 231
554 230 562 228
556 230 565 227
559 230 568 228
565 230 571 226
568 230 575 224
545 233 542 245
554 233 562 231
556 233 565 231
559 233 568 232
571 233 574 232
590 233 597 242
554 236 562 234
556 236 565 234
562 236 568 237
568 236 574 237
573 236 576 235
545 239 541 239
556 239 565 240
565 239 571 240
571 239 576 238
551 242 545 245
599 242 611 236
602 242 613 237
604 244 616 239
548 247 547 249
554 247 551 248
571 247 576 255
559 250 559 250
573 250 581 246
590 250 599 252
593 250 602 245
599 250 609 244
562 253 562 252
573 253 581 249
582 253 594 232
590 253 600 247
593 253 602 247
596 253 605 246
604 253 613 248
551 256 547 258
556 256 567 261
576 256 584 252
588 256 597 250
590 256 600 250
593 256 601 250
596 256 605 250
604 256 613 251
531 258 540 260
537 258 553 257
593 258 602 256
604 258 613 253
610 258 616 253
613 258 619 254
531 261 540 262
537 261 553 260
542 261 556 262
559 261 569 260
588 261 596 256
590 261 599 255
599 261 608 257
602 261 610 256
607 261 614 256
610 261 616 256
613 261 618 257
534 264 547 263
537 264 553 263
545 264 558 264
554 264 565 263
556 264 568 263
559 264 569 263
588 264 596 258
593 264 601 258
599 264 605 259
604 264 610 258
607 264 613 259
610 264 616 259
613 264 619 262
619 264 622 262
534 267 545 266
556 267 568 266
565 267 573 264
568 267 576 263
571 267 579 264
579 267 585 264
588 267 595 261
590 267 598 261
596 267 602 262
599 267 604 262
607 267 613 262
610 267 616 265
616 267 619 264
619 267 621 265
565 270 573 266
568 270 576 266
571 270 579 266
573 270 581 266
579 270 584 266
588 270 596 265
596 270 602 265
599 270 604 264
604 270 607 264
610 270 615 267
616 270 619 267
619 270 621 268
633 270 633 270
542 273 555 272
556 273 567 272
568 273 576 269
588 273 593 268
596 273 602 268
599 273 604 267
602 273 607 268
616 273 619 270
619 273 621 271
624 273 625 271
627 273 628 273
630 273 630 274
633 273 633 274
542 275 552 275
545 275 555 275
551 275 560 276
562 275 569 272
565 275 572 272
588 275 594 270
599 275 604 271
604 275 610 271
616 275 616 273
619 275 621 273
624 275 625 275
627 275 628 276
630 275 630 276
633 275 633 277
635 275 635 277
548 278 556 280
573 278 578 275
576 278 581 275
582 278 587 274
588 278 593 273
596 278 602 273
619 278 621 276
633 278 633 279
635 278 635 280
641 278 641 280
548 281 555 283
551 281 558 283
554 281 561 284
568 281 570 278
571 281 573 278
576 281 582 277
593 281 592 278
616 281 616 280
619 281 618 280
630 281 629 282
635 281 635 283
638 281 638 283
548 284 555 286
551 284 557 286
554 284 560 287
582 284 584 281
593 284 592 281
599 284 598 287
607 284 607 285
613 284 615 284
616 284 616 283
630 284 630 285
633 284 633 285
635 284 636 286
638 284 638 286
641 284 641 286
545 287 550 286
551 287 556 289
554 287 559 289
556 287 561 290
559 287 564 289
579 287 581 285
590 287 590 288
593 287 592 284
602 287 601 288
604 287 604 288
607 287 607 288
610 287 609 289
613 287 615 288
624 287 625 288
630 287 630 288
633 287 633 288
635 287 636 289
638 287 638 289
641 287 640 288
647 287 647 287
545 290 549 289
559 290 563 293
565 290 567 293
568 290 569 293
571 290 572 292
579 290 580 295
596 290 595 287
602 290 601 291
604 290 604 290
607 290 607 291
610 290 610 291
613 290 615 291
616 290 618 291
624 290 624 291
627 290 627 291
630 290 629 291
633 290 633 291
635 290 635 291
638 290 638 291
641 290 641 291
647 290 646 290
545 292 549 291
559 292 563 296
562 292 565 296
568 292 569 296
571 292 572 296
573 292 574 296
576 292 577 297
579 292 579 298
593 292 592 290
596 292 595 290
607 292 606 293
610 292 610 294
613 292 612 293
619 292 618 294
621 292 621 294
624 292 624 294
627 292 627 293
630 292 629 294
633 292 632 294
635 292 635 294
638 292 638 294
641 292 641 294
644 292 644 294
647 292 646 295
551 295 549 295
556 295 555 295
559 295 560 298
568 295 570 301
571 295 572 299
573 295 575 299
590 295 590 299
602 295 601 299
604 295 604 299
607 295 606 299
610 295 609 297
613 295 612 296
619 295 617 296
621 295 621 296
624 295 624 297
627 295 627 297
630 295 629 297
633 295 632 297
635 295 635 297
638 295 638 297
641 295 641 297
644 295 644 297
647 295 647 297
554 298 552 298
556 298 557 298
559 298 560 300
562 298 563 301
568 298 570 303
571 298 572 302
576 298 577 302
579 298 580 302
582 298 582 302
590 298 590 302
593 298 593 302
596 298 596 299
599 298 598 298
602 298 601 302
604 298 603 302
607 298 606 302
610 298 609 300
613 298 612 299
619 298 617 299
627 298 629 300
630 298 632 300
635 298 635 299
638 298 638 300
641 298 641 300
644 298 644 300
647 298 647 300
554 301 554 301
556 301 557 301
559 301 560 303
562 301 562 304
565 301 566 306
568 301 569 306
573 301 575 305
579 301 580 305
582 301 583 305
588 301 588 305
593 301 593 306
602 301 601 305
604 301 603 305
613 301 611 302
616 301 614 303
619 301 617 303
627 301 629 303
630 301 632 303
635 301 635 302
638 301 638 303
641 301 641 303
644 301 644 303
647 301 647 303
559 304 560 306
562 304 563 306
568 304 569 309
571 304 572 309
573 304 575 308
576 304 578 307
579 304 580 307
590 304 591 308
599 304 598 304
604 304 605 308
610 304 610 308
624 304 626 305
627 304 629 306
633 304 633 305
635 304 635 305
638 304 638 305
641 304 641 306
644 304 644 306
647 304 647 306
573 306 575 310
576 306 577 310
579 306 580 310
582 306 583 310
585 306 586 311
599 306 598 310
602 306 601 311
604 306 604 311
610 306 611 311
619 306 621 311
627 306 629 309
630 306 632 308
635 306 635 308
638 306 638 308
641 306 641 308
644 306 644 309
647 306 647 309
565 309 566 312
568 309 568 312
573 309 575 313
576 309 577 313
579 309 580 312
582 309 583 313
585 309 585 313
590 309 591 313
599 309 598 313
602 309 601 313
619 309 617 311
627 309 628 312
630 309 632 312
633 309 635 311
638 309 638 311
644 309 644 311
647 309 647 311
573 312 571 312
596 312 595 313
607 312 606 313
616 312 615 315
619 312 618 314
621 312 621 315
630 312 630 314
571 315 569 315
573 315 571 315
576 315 574 315
579 315 577 315
582 315 584 316
588 315 589 316
596 315 595 316
599 315 598 316
602 315 600 316
616 315 614 316
641 315 641 315
647 315 647 315
