565 202 585 216
568 202 588 216
562 205 578 221
565 205 581 221
571 208 599 224
602 208 610 220
607 208 628 230
562 211 576 228
593 211 596 224
604 211 624 232
556 213 574 227
610 213 629 239
551 216 565 236
596 216 621 252
599 216 624 252
556 222 568 244
579 222 591 239
588 222 596 240
596 222 607 239
607 222 628 245
616 222 630 253
616 225 630 256
548 227 572 217
556 227 569 256
607 227 617 264
610 227 621 264
616 227 629 259
619 227 632 259
548 230 572 219
556 230 568 258
604 230 614 267
607 230 617 267
610 230 620 267
613 230 623 267
559 233 573 265
607 233 618 270
610 233 620 270
619 233 627 271
596 236 601 273
607 236 617 274
610 236 620 274
616 236 624 274
619 236 627 274
556 239 566 267
559 239 570 268
588 239 597 276
607 239 616 277
571 242 573 268
582 242 585 273
585 242 597 280
604 242 613 279
607 242 616 280
582 244 595 283
604 244 613 282
602 247 609 284
604 247 612 285
579 250 601 284
542 253 561 238
545 253 565 238
565 253 565 272
604 253 602 286
562 256 562 273
593 256 583 284
537 258 547 245
528 261 528 262
540 261 549 258
579 261 567 284
531 264 541 261
534 264 544 261
542 264 552 259
545 264 555 260
548 264 558 260
579 264 566 288
528 267 528 268
531 267 541 264
537 267 545 263
540 267 548 263
542 267 552 263
545 267 555 263
548 267 558 263
551 267 561 264
582 267 579 292
585 267 583 292
624 267 630 272
627 267 633 272
528 270 538 266
531 270 540 265
540 270 548 265
542 270 551 265
545 270 554 266
551 270 561 267
627 270 632 274
630 270 636 275
528 273 537 269
540 273 547 269
542 273 551 269
545 273 554 269
548 273 557 269
588 273 584 297
638 273 640 267
540 275 549 272
633 275 638 280
638 275 640 273
534 278 543 274
537 278 545 274
545 278 548 284
638 278 639 277
602 281 607 290
635 281 638 283
619 284 618 287
621 284 620 287
624 284 624 288
633 284 635 287
635 284 638 286
641 284 642 283
531 287 535 281
582 287 609 262
613 287 614 288
635 287 637 290
638 287 640 287
537 290 542 282
573 290 545 278
599 290 603 293
610 290 612 292
613 290 613 291
621 290 621 291
624 290 624 291
627 290 626 291
630 290 630 292
633 290 634 292
635 290 637 293
638 290 640 290
641 290 642 290
534 292 537 285
537 292 540 285
588 292 597 295
596 292 601 296
599 292 603 296
613 292 613 295
616 292 617 295
621 292 621 293
624 292 623 293
627 292 626 294
630 292 629 295
635 292 636 295
638 292 640 292
641 292 642 293
644 292 645 293
534 295 537 288
537 295 540 289
540 295 543 289
588 295 596 298
596 295 601 299
610 295 614 298
613 295 616 299
621 295 620 295
624 295 623 296
627 295 626 297
630 295 629 298
633 295 632 297
635 295 636 298
638 295 639 296
641 295 642 299
528 298 530 293
531 298 539 295
582 298 579 305
585 298 583 305
621 298 620 298
624 298 623 299
627 298 626 300
630 298 630 300
633 298 632 300
531 301 539 298
537 301 548 301
576 301 570 308
579 301 576 308
582 301 579 308
602 301 605 303
604 301 603 299
613 301 612 301
621 301 620 302
624 301 622 302
627 301 625 303
630 301 629 303
633 301 632 303
635 301 634 303
638 301 637 303
641 301 640 304
644 301 643 304
542 304 547 303
576 304 570 310
579 304 573 310
604 304 603 303
610 304 609 304
613 304 612 305
616 304 614 305
619 304 617 305
630 304 628 306
635 304 634 306
638 304 637 306
641 304 640 306
644 304 643 307
647 304 647 307
542 306 547 306
573 306 565 312
576 306 569 313
579 306 572 314
602 306 599 305
604 306 602 306
607 306 605 306
610 306 609 307
613 306 612 307
616 306 614 308
619 306 617 307
633 306 631 309
635 306 634 309
638 306 637 309
641 306 640 309
644 306 643 310
647 306 646 310
588 309 581 313
596 309 594 310
604 309 601 309
607 309 604 309
613 309 611 310
616 309 614 311
619 309 617 311
627 309 624 311
630 309 628 311
633 309 631 311
635 309 634 311
638 309 636 312
641 309 640 312
644 309 643 312
551 312 546 312
556 312 549 312
559 312 552 313
568 312 559 315
573 312 565 316
582 312 575 315
585 312 578 314
590 312 585 312
593 312 588 313
607 312 604 312
610 312 607 312
613 312 610 313
616 312 613 314
627 312 624 313
630 312 627 314
633 312 630 314
635 312 633 314
638 312 636 315
641 312 639 315
647 312 646 314
593 315 597 315
607 315 603 315
627 315 616 315
644 315 643 316
647 315 646 315
