571 213 588 218
554 219 572 222
568 222 584 224
571 222 587 224
565 233 582 243
568 233 585 244
568 236 585 247
571 236 587 247
576 236 590 247
579 236 593 248
565 239 579 249
573 239 588 249
576 239 590 250
579 239 593 251
585 239 598 252
562 242 579 252
565 242 582 253
568 242 584 253
573 242 587 253
579 242 595 256
565 244 581 255
562 247 576 257
571 247 581 258
573 247 583 258
562 250 576 260
565 250 578 260
565 253 578 263
568 253 581 264
571 253 584 264
562 256 572 269
537 261 542 263
540 261 545 263
542 261 547 263
556 261 564 266
568 261 584 270
537 264 542 265
540 264 544 265
556 264 564 269
582 264 593 278
588 264 598 275
534 267 538 267
537 267 541 267
540 267 544 267
542 267 549 268
565 267 572 280
582 267 593 281
590 267 600 277
528 270 529 270
531 270 535 270
534 270 538 270
537 270 541 270
540 270 544 270
579 270 589 284
582 270 593 284
585 270 596 284
588 270 597 282
599 270 606 279
619 270 621 280
534 273 538 273
537 273 541 273
540 273 544 273
542 273 547 273
579 273 589 287
619 273 621 283
635 273 636 272
528 275 528 276
531 275 535 276
534 275 538 276
559 275 563 286
571 275 581 287
630 275 629 274
633 275 632 274
635 275 635 274
528 278 532 279
534 278 538 279
537 278 540 278
545 278 549 277
559 278 566 286
568 278 577 289
571 278 580 289
588 278 597 290
607 278 612 288
610 278 615 289
633 278 632 277
635 278 635 277
540 281 543 279
554 281 561 285
565 281 572 290
571 281 580 292
607 281 611 291
610 281 615 291
528 284 529 284
531 284 534 283
534 284 537 283
537 284 539 283
545 284 546 283
548 284 550 283
559 284 566 289
562 284 568 292
568 284 575 295
531 287 534 286
534 287 536 286
540 287 541 286
542 287 543 286
545 287 546 286
562 287 568 295
537 290 538 289
540 290 541 288
542 290 543 289
545 290 545 288
551 290 552 291
565 290 572 298
621 290 621 288
624 290 623 288
641 290 641 289
644 290 644 290
647 290 647 290
528 292 529 291
534 292 535 291
537 292 537 292
540 292 540 292
542 292 543 292
545 292 545 291
621 292 621 291
624 292 624 291
627 292 626 291
630 292 629 291
638 292 638 291
641 292 641 291
644 292 644 292
647 292 647 292
528 295 529 294
531 295 532 294
534 295 535 294
537 295 537 294
540 295 540 294
542 295 543 294
545 295 545 295
621 295 621 293
624 295 623 293
627 295 626 294
630 295 629 293
638 295 638 293
641 295 641 293
644 295 643 294
647 295 647 295
528 298 529 297
531 298 532 297
534 298 534 297
537 298 537 297
540 298 539 297
542 298 543 297
545 298 545 298
548 298 548 298
559 298 562 304
562 298 565 304
565 298 568 304
596 298 600 299
621 298 621 296
624 298 623 296
627 298 626 297
630 298 629 297
635 298 635 296
638 298 638 296
641 298 641 296
644 298 643 296
528 301 529 300
531 301 532 300
534 301 537 300
542 301 542 300
545 301 545 301
562 301 565 307
565 301 568 307
568 301 570 307
588 301 588 305
590 301 591 305
604 301 608 302
616 301 617 300
621 301 621 299
624 301 624 300
633 301 632 299
635 301 635 299
638 301 638 299
647 301 647 300
531 304 531 303
542 304 543 303
545 304 545 303
548 304 548 303
579 304 579 308
582 304 582 308
585 304 585 307
588 304 588 307
590 304 592 308
607 304 606 302
616 304 617 303
619 304 619 302
624 304 624 302
627 304 626 302
630 304 629 302
633 304 632 302
635 304 635 302
638 304 637 302
641 304 640 302
644 304 644 302
647 304 646 302
534 306 534 306
542 306 543 306
556 306 556 306
573 306 574 312
579 306 579 310
582 306 582 310
590 306 592 311
593 306 594 307
596 306 597 307
602 306 602 305
610 306 609 305
613 306 614 305
616 306 617 305
621 306 621 305
624 306 624 305
627 306 626 305
638 306 637 305
542 309 542 309
556 309 557 309
571 309 572 313
576 309 577 313
579 309 579 312
582 309 582 313
585 309 585 313
588 309 587 312
593 309 594 310
596 309 596 310
599 309 599 309
602 309 602 308
610 309 609 308
619 309 618 308
624 309 623 307
627 309 626 307
641 309 640 307
644 309 643 307
647 309 646 307
556 312 557 312
562 312 563 313
568 312 568 313
573 312 574 315
593 312 593 313
596 312 596 313
599 312 599 313
602 312 602 312
604 312 605 312
610 312 610 311
616 312 615 311
619 312 617 311
621 312 622 311
627 312 626 310
630 312 629 310
641 312 640 310
644 312 643 311
647 312 646 311
559 315 560 315
562 315 563 315
568 315 567 315
576 315 577 316
579 315 579 316
582 315 582 315
585 315 585 316
588 315 587 316
590 315 590 316
596 315 595 315
599 315 599 315
604 315 605 315
610 315 610 314
613 315 613 315
619 315 617 313
621 315 623 314
633 315 632 313
635 315 634 313
638 315 638 313
641 315 640 314
644 315 643 314
647 315 647 315
