424 25 508 183
493 25 632 272
389 42 491 201
424 42 509 195
476 42 618 289
510 42 638 285
597 42 669 302
389 59 491 219
424 59 513 210
371 77 483 238
389 77 495 238
580 94 662 326
302 111 439 260
337 111 464 260
371 111 485 257
389 111 498 256
424 111 524 252
441 111 537 251
458 111 555 249
493 111 581 247
233 129 394 274
250 129 407 272
285 129 427 267
233 146 392 286
371 146 488 271
476 146 576 265
215 163 382 311
267 163 414 287
285 163 427 284
319 163 449 280
354 163 472 278
389 163 500 277
424 163 525 273
441 163 540 271
458 163 556 269
476 163 575 278
250 181 401 310
267 181 414 306
458 181 558 283
129 198 328 354
250 198 402 326
302 198 438 304
319 198 452 302
354 198 474 297
371 198 489 293
389 198 503 292
424 198 527 290
441 198 545 290
493 198 604 314
181 215 352 367
198 215 366 366
250 215 404 341
285 215 420 323
302 215 439 319
319 215 453 317
337 215 467 314
371 215 489 306
389 215 506 304
441 215 544 300
458 215 560 302
528 215 641 323
215 233 378 401
250 233 647 231
285 233 423 338
302 233 441 337
319 233 456 338
354 233 479 333
371 233 493 327
389 233 508 324
424 233 530 309
493 233 605 337
510 233 627 335
215 250 377 420
233 250 390 417
302 250 441 354
319 250 458 354
354 250 483 350
371 250 496 346
389 250 511 344
233 267 391 433
354 267 482 372
371 267 498 366
389 267 513 363
406 267 531 362
198 285 361 443
215 285 376 443
267 285 411 437
285 285 435 450
302 285 448 430
319 285 466 424
354 285 487 427
406 285 538 379
424 285 556 380
267 302 414 454
319 302 467 447
337 302 487 440
371 302 511 436
285 319 436 469
354 319 497 463
371 319 515 459
267 337 419 477
371 337 518 477
424 441 624 443
441 441 639 441
302 476 642 477
424 476 628 478
