389 25 441 104
406 25 457 105
441 25 483 85
458 25 498 84
476 25 513 84
632 25 654 113
476 42 510 107
528 42 569 125
597 42 632 123
632 42 653 129
389 59 443 122
406 59 457 124
441 59 483 111
458 59 498 112
580 59 621 132
614 59 634 142
632 59 651 144
59 77 164 155
111 77 216 153
424 77 471 132
458 77 496 131
562 77 602 148
580 77 619 149
632 77 653 159
371 94 428 147
389 94 442 147
406 94 456 146
476 94 514 145
493 94 531 146
510 94 547 147
562 94 598 161
580 94 618 164
597 94 632 164
302 111 373 159
319 111 386 159
354 111 412 160
371 111 427 160
389 111 441 159
406 111 456 159
424 111 471 158
458 111 500 158
476 111 515 158
493 111 532 159
510 111 548 159
528 111 561 158
545 111 578 159
562 111 614 181
597 111 633 179
267 129 341 174
285 129 357 170
302 129 371 170
319 129 385 170
406 129 456 171
545 129 577 173
250 146 318 211
267 146 342 186
354 146 411 183
371 146 426 183
389 146 441 183
424 146 471 184
458 146 499 183
476 146 515 183
493 146 530 183
510 146 545 183
528 146 561 183
597 146 633 196
614 146 647 198
285 163 354 197
302 163 369 195
319 163 385 195
354 163 412 195
371 163 426 194
389 163 440 195
406 163 455 195
424 163 471 195
458 163 500 196
476 163 515 196
493 163 530 195
510 163 546 195
528 163 562 197
267 181 339 216
285 181 354 213
302 181 370 211
319 181 385 208
354 181 412 206
371 181 426 207
389 181 443 207
406 181 455 207
424 181 470 208
441 181 485 208
476 181 515 208
493 181 530 208
510 181 545 209
545 181 582 216
562 181 612 219
597 181 630 232
614 181 646 232
250 198 323 233
267 198 338 233
285 198 353 228
302 198 368 226
319 198 382 223
354 198 411 221
545 198 583 231
562 198 601 234
580 198 617 235
250 215 323 250
267 215 336 250
285 215 352 244
302 215 367 242
337 215 396 239
371 215 426 236
389 215 441 236
406 215 454 235
424 215 468 232
458 215 498 233
476 215 514 234
493 215 529 235
510 215 545 236
545 215 582 248
562 215 599 248
580 215 615 248
597 215 635 253
181 233 269 264
215 233 290 266
233 233 304 265
267 233 334 266
285 233 349 261
302 233 367 257
354 233 411 252
371 233 426 252
389 233 443 252
406 233 454 251
424 233 469 248
458 233 500 247
476 233 514 247
493 233 530 249
510 233 547 251
528 233 563 255
545 233 581 262
562 233 599 262
580 233 616 262
215 250 289 278
250 250 318 286
267 250 333 286
285 250 351 281
302 250 366 274
337 250 395 268
354 250 410 269
371 250 425 269
389 250 439 269
406 250 454 267
424 250 469 266
458 250 499 264
476 250 516 262
493 250 530 262
510 250 549 270
528 250 567 279
545 250 582 279
562 250 600 280
580 250 615 280
250 267 316 309
337 267 394 284
354 267 410 286
371 267 424 286
389 267 438 287
406 267 454 287
424 267 471 286
441 267 486 285
476 267 514 280
493 267 531 278
528 267 569 298
545 267 585 297
562 267 604 296
580 267 614 317
250 285 316 333
267 285 332 321
285 285 349 320
337 285 391 300
354 285 409 303
371 285 424 304
389 285 440 306
406 285 456 306
424 285 470 302
441 285 486 302
476 285 515 297
493 285 533 296
510 285 546 295
545 285 591 316
580 285 615 336
597 285 636 317
267 302 334 334
285 302 349 335
319 302 375 335
337 302 392 332
354 302 408 329
371 302 423 328
389 302 439 328
406 302 455 328
441 302 486 319
458 302 502 318
476 302 519 318
510 302 549 314
545 302 593 334
597 302 643 332
614 302 660 334
233 319 303 345
250 319 314 348
285 319 338 349
302 319 356 350
319 319 373 352
337 319 391 353
354 319 408 349
371 319 423 348
389 319 439 347
406 319 456 347
424 319 472 346
458 319 498 337
493 319 534 332
510 319 548 329
614 319 661 349
632 319 679 373
233 337 299 361
267 337 334 364
285 337 348 364
302 337 365 366
337 337 391 369
354 337 407 369
371 337 422 369
389 337 439 364
406 337 456 366
424 337 470 365
441 337 488 364
493 337 533 354
510 337 546 351
528 337 577 376
545 337 592 376
632 337 678 389
215 354 277 383
250 354 315 372
285 354 336 384
302 354 356 385
319 354 373 383
337 354 388 383
354 354 405 384
371 354 422 387
389 354 438 388
406 354 457 386
424 354 470 384
441 354 489 384
458 354 506 385
493 354 534 370
510 354 564 390
528 354 577 392
545 354 594 394
562 354 607 371
597 354 641 374
614 354 658 375
215 371 281 403
250 371 300 385
302 371 352 400
319 371 369 401
337 371 384 400
354 371 402 400
371 371 423 402
389 371 437 402
406 371 454 404
424 371 473 406
441 371 488 406
458 371 506 406
476 371 527 404
493 371 545 404
510 371 564 404
528 371 577 406
545 371 595 409
597 371 637 390
614 371 659 391
233 389 299 420
285 389 337 406
354 389 407 417
371 389 427 416
389 389 439 418
406 389 456 420
424 389 473 422
441 389 490 423
458 389 507 420
476 389 529 419
493 389 547 419
510 389 562 421
528 389 579 421
545 389 596 423
562 389 610 425
597 389 642 408
614 389 660 407
198 406 264 419
233 406 284 417
267 406 318 422
285 406 337 420
302 406 355 420
319 406 370 421
371 406 422 433
389 406 438 434
406 406 454 435
424 406 472 438
441 406 489 439
458 406 505 437
528 406 580 438
545 406 597 438
580 406 630 423
597 406 642 421
614 406 661 422
632 406 678 421
233 424 281 433
250 424 301 439
267 424 320 438
285 424 336 435
302 424 354 436
319 424 369 436
337 424 389 455
354 424 401 441
389 424 438 451
458 424 507 454
476 424 541 437
493 424 558 436
545 424 596 460
562 424 614 460
580 424 634 442
597 424 645 438
614 424 661 437
632 424 677 438
250 441 294 453
267 441 318 453
285 441 337 452
302 441 351 451
319 441 363 452
371 441 421 459
406 441 451 457
424 441 471 455
441 441 492 458
458 441 521 454
476 441 541 452
614 441 664 454
250 458 296 469
424 458 471 469
493 458 557 461
302 476 340 477
337 476 369 475
354 476 387 476
371 476 404 477
389 476 425 477
406 476 444 477
424 476 456 476
441 476 492 479
476 476 526 478
493 476 558 477
510 476 576 476
545 476 610 475
