573 236 577 242
579 239 588 240
582 242 591 242
613 290 610 291
638 290 633 293
641 290 636 293
613 292 609 294
616 292 612 295
635 292 629 295
613 295 609 297
582 298 587 302
588 298 591 300
590 298 594 301
571 301 576 303
582 301 586 305
590 301 594 304
593 301 596 304
638 301 638 304
644 301 641 302
647 301 645 302
548 304 554 300
573 304 579 306
582 304 586 308
585 304 589 308
588 304 591 307
590 304 595 308
596 304 599 308
644 304 640 305
647 304 644 305
568 306 572 308
571 306 575 309
573 306 578 310
576 306 580 308
588 306 591 310
599 306 601 309
635 306 632 309
638 306 635 308
641 306 639 308
647 306 647 307
573 309 577 313
576 309 580 311
579 309 584 311
588 309 591 314
590 309 594 314
596 309 598 311
599 309 601 312
644 309 643 310
647 309 647 310
562 312 564 311
565 312 567 311
568 312 572 312
571 312 574 313
576 312 580 314
579 312 583 315
602 312 604 314
607 312 608 314
644 312 642 313
647 312 646 312
573 315 577 316
585 315 587 315
588 315 590 316
596 315 598 315
599 315 600 315
602 315 603 315
641 315 640 315
644 315 644 316
647 315 647 315
