1 0 0 -0.2022774517536163 
0 1 0 -0.02555054239928722 
0 0 1 -0.5562111139297485 
0 0 0 1 

0.9991908669471741 -0.03554504737257957 0.01881864108145237 -0.2036777883768082 
0.03431134298443794 0.9974703788757324 0.06225315481424332 -0.06217901408672333 
-0.02098387852311134 -0.06155707687139511 0.9978829026222229 -0.5284958481788635 
0 0 0 1 

0.9937222003936768 -0.05873652920126915 -0.09521621465682983 -0.1390783190727234 
0.06655443459749222 0.9944794774055481 0.0811237096786499 -0.07215610146522522 
0.0899256095290184 -0.08695152401924133 0.9921455383300781 -0.5437741279602051 
0 0 0 1 

0.9512105584144592 -0.06869696825742722 -0.3007974624633789 -0.01710843108594418 
0.1243064627051353 0.9776026606559753 0.1698259264230728 -0.1253815740346909 
0.2823938429355621 -0.1989313215017319 0.9384454488754272 -0.5438330769538879 
0 0 0 1 

0.9863471984863281 -0.1106996089220047 -0.1219209805130959 -0.1159245222806931 
0.1367894411087036 0.9629813432693481 0.2322831451892853 -0.1636883914470673 
0.0916939303278923 -0.2457893490791321 0.9649765491485596 -0.5088570713996887 
0 0 0 1 

0.9872779250144958 -0.1414074003696442 -0.07270669937133789 -0.1422457695007324 
0.1511001586914062 0.9767470359802246 0.1520985811948776 -0.1218062192201614 
0.04950818419456482 -0.1611495763063431 0.9856874346733093 -0.5143808126449585 
0 0 0 1 

0.9467455148696899 -0.1878072917461395 0.2615364193916321 -0.3102391362190247 
0.1693279147148132 0.9812847375869751 0.09169653803110123 -0.08689514547586441 
-0.2738629877567291 -0.04252782091498375 0.9608279466629028 -0.4447183012962341 
0 0 0 1 

0.9333861470222473 -0.2808820903301239 0.2233728617429733 -0.2807439565658569 
0.2472241818904877 0.9544383883476257 0.1671150922775269 -0.1402043551206589 
-0.2601353228092194 -0.1007596552371979 0.9603005051612854 -0.4397377967834473 
0 0 0 1 

0.9385858774185181 -0.3296220600605011 0.1020086035132408 -0.2155210375785828 
0.3061002194881439 0.9318710565567017 0.1947275102138519 -0.1659778356552124 
-0.1592454165220261 -0.1515435874462128 0.9755384922027588 -0.4591887593269348 
0 0 0 1 

0.9571309089660645 -0.2615139186382294 0.1245427206158638 -0.2237447798252106 
0.2403886169195175 0.9570367932319641 0.1621536910533905 -0.136299341917038 
-0.1615974307060242 -0.1252636313438416 0.9788745045661926 -0.4606641232967377 
0 0 0 1 

