1 0 0 -0.04922165349125862 
0 1 0 -0.0675094872713089 
0 0 1 -0.5077975988388062 
0 0 0 1 

0.9961230754852295 -0.06128432974219322 -0.06310997903347015 -0.05342411249876022 
0.0644024983048439 0.9967389106750488 0.04861802235245705 -0.09656418114900589 
0.05992459505796432 -0.05249404534697533 0.9968215823173523 -0.5103646516799927 
0 0 0 1 

0.9963055849075317 -0.05837663635611534 -0.06298523396253586 -0.05409048497676849 
0.06130405142903328 0.9970773458480835 0.04558945447206497 -0.09609369188547134 
0.06013970449566841 -0.04928238689899445 0.9969725608825684 -0.5117733478546143 
0 0 0 1 

0.9963337779045105 -0.06033452600240707 -0.06065376847982407 -0.04344923421740532 
0.06445511430501938 0.9955704808235168 0.06844703853130341 -0.1089836806058884 
0.05625542625784874 -0.07210549712181091 0.9958093166351318 -0.5070815086364746 
0 0 0 1 

0.9984168410301208 0.00141253718174994 -0.05622970685362816 -0.05129549652338028 
0.0002014178753597662 0.9995884299278259 0.02868640422821045 -0.09021961688995361 
0.05624708533287048 -0.02865231409668922 0.9980056285858154 -0.5140628814697266 
0 0 0 1 

0.9810934066772461 -0.1702471524477005 -0.09204157441854477 -0.02956606633961201 
0.1760702580213547 0.9825897216796875 0.05930206179618835 -0.11677036434412 
0.08034308254718781 -0.07438665628433228 0.9939877390861511 -0.5180192589759827 
0 0 0 1 

0.976438581943512 -0.1952648758888245 -0.09186574071645737 -0.02706265822052956 
0.2029977440834045 0.9755653142929077 0.08404860645532608 -0.1307387799024582 
0.07320927828550339 -0.1007168516516685 0.9922179579734802 -0.5144993662834167 
0 0 0 1 

0.9478698372840881 -0.3077879250049591 -0.08251800388097763 -0.02040860243141651 
0.3132980167865753 0.9474329352378845 0.06492307782173157 -0.1234936118125916 
0.05819770693778992 -0.08739139139652252 0.9944726228713989 -0.5192338228225708 
0 0 0 1 

0.947483241558075 -0.3090639412403107 -0.08218772709369659 -0.01859789900481701 
0.3151322305202484 0.9460529088973999 0.0753357782959938 -0.1303299367427826 
0.05447033420205116 -0.09727940708398819 0.9937654137611389 -0.5190834403038025 
0 0 0 1 

0.970846951007843 0.1430219113826752 -0.1923560798168182 0.02672254107892513 
-0.1626132726669312 0.9825610518455505 -0.09017036110162735 -0.07333926856517792 
0.1761052459478378 0.1188212856650352 0.9771736860275269 -0.8051159381866455 
0 0 0 1 

