593 216 576 212
610 216 609 218
627 216 619 215
630 216 622 215
633 216 628 216
588 219 566 216
624 219 616 218
627 219 619 218
630 219 622 218
633 219 627 219
585 222 563 219
588 222 566 219
596 222 576 218
621 222 612 221
624 222 615 222
627 222 618 221
630 222 621 223
633 222 626 223
585 225 562 222
593 225 573 220
596 225 576 220
602 225 581 218
604 225 584 218
621 225 612 224
624 225 614 225
635 225 627 229
633 227 624 231
635 227 627 232
638 227 628 232
635 230 626 234
638 230 628 235
554 233 549 242
635 233 626 237
545 236 551 233
602 239 587 230
540 244 540 244
542 244 542 244
616 244 602 236
537 247 537 247
540 247 540 247
542 247 542 247
548 247 546 247
585 247 560 238
602 247 593 241
534 250 534 250
537 250 536 250
542 250 540 250
545 250 542 250
588 250 562 241
607 250 598 243
635 250 616 236
531 253 531 253
534 253 533 253
537 253 535 253
599 253 591 246
602 253 594 246
621 253 607 244
531 256 529 256
542 256 539 254
599 256 590 252
604 256 597 250
619 256 604 248
621 256 607 247
627 256 612 246
531 258 529 258
537 258 533 256
585 258 561 250
588 258 564 250
593 258 573 253
596 258 576 253
627 258 612 249
528 261 529 262
537 261 532 258
590 261 567 252
616 261 603 251
624 261 610 248
540 264 535 259
548 264 542 257
551 264 545 257
554 264 548 258
556 264 550 257
573 264 559 262
582 264 560 256
590 264 569 257
593 264 571 256
604 264 579 252
627 264 612 252
630 264 615 252
633 264 618 252
638 264 617 255
537 267 533 262
540 267 535 262
548 267 542 259
551 267 544 260
554 267 547 260
556 267 550 261
559 267 553 261
568 267 557 261
576 267 562 265
582 267 560 259
590 267 569 259
602 267 581 258
613 267 602 256
624 267 609 254
627 267 612 254
630 267 615 254
537 270 532 265
542 270 538 263
556 270 550 263
559 270 553 264
602 270 581 261
613 270 603 259
624 270 609 257
537 273 532 268
540 273 535 266
554 273 547 266
556 273 550 266
579 273 566 265
590 273 574 266
596 273 580 267
602 273 580 263
613 273 590 261
616 273 596 261
624 273 608 260
542 275 537 271
545 275 540 269
548 275 543 269
556 275 550 269
559 275 552 269
579 275 566 268
582 275 568 268
593 275 576 270
540 278 535 272
545 278 540 273
548 278 544 273
551 278 547 273
556 278 549 273
559 278 552 273
585 278 570 271
590 278 573 272
593 278 576 273
596 278 586 274
599 278 589 274
604 278 591 273
613 278 593 268
616 278 596 267
619 278 598 268
534 281 531 275
537 281 534 275
540 281 536 275
542 281 540 275
551 281 547 276
556 281 549 276
559 281 551 276
562 281 554 276
571 281 565 274
582 281 567 274
585 281 570 274
590 281 573 274
593 281 576 275
596 281 586 277
599 281 589 277
610 281 604 272
621 281 608 270
635 281 634 278
638 281 637 278
528 284 528 270
531 284 530 277
537 284 534 278
540 284 537 278
542 284 540 278
545 284 543 279
551 284 546 282
568 284 562 277
571 284 565 277
588 284 572 277
593 284 576 278
596 284 586 279
599 284 589 279
602 284 592 280
610 284 604 275
633 284 633 283
635 284 635 281
638 284 639 283
641 284 641 284
528 287 527 280
531 287 530 280
540 287 537 281
542 287 540 281
545 287 542 282
565 287 555 279
568 287 561 280
635 287 636 285
641 287 641 286
528 290 527 285
531 290 530 285
556 290 549 282
565 290 554 282
571 290 558 283
573 290 561 283
579 290 563 282
582 290 566 281
585 290 569 281
627 290 629 293
630 290 632 293
635 290 635 287
641 290 642 289
644 290 644 289
647 290 647 290
531 292 529 288
534 292 533 288
537 292 536 287
540 292 539 287
545 292 542 288
559 292 551 282
571 292 558 285
573 292 560 285
579 292 564 285
582 292 566 285
585 292 569 285
588 292 572 285
590 292 575 285
593 292 577 285
619 292 609 284
627 292 629 296
630 292 632 296
635 292 637 297
644 292 644 293
534 295 533 292
540 295 538 292
551 295 545 288
556 295 548 287
568 295 554 288
571 295 557 288
573 295 559 288
582 295 566 287
585 295 569 287
588 295 572 287
590 295 574 288
593 295 577 288
596 295 580 288
604 295 600 292
607 295 602 293
613 295 614 295
616 295 616 295
624 295 626 298
627 295 629 299
635 295 638 300
638 295 641 300
647 295 647 295
531 298 532 296
534 298 534 296
540 298 538 296
559 298 551 289
579 298 564 290
582 298 567 290
585 298 569 290
588 298 572 290
590 298 574 290
593 298 577 291
596 298 580 291
602 298 601 298
613 298 613 297
616 298 617 298
619 298 620 297
624 298 625 301
627 298 628 301
630 298 631 302
633 298 634 302
635 298 638 302
638 298 640 302
647 298 647 297
537 301 538 300
540 301 541 300
542 301 543 300
559 301 551 291
565 301 550 294
568 301 554 292
573 301 559 292
579 301 563 293
582 301 566 292
585 301 569 293
588 301 573 293
599 301 599 301
602 301 602 302
604 301 605 302
610 301 611 300
613 301 613 301
616 301 617 301
619 301 620 301
624 301 625 303
627 301 628 304
630 301 630 304
638 301 640 305
647 301 647 300
542 304 542 302
545 304 543 303
559 304 547 297
565 304 551 296
568 304 553 295
571 304 556 296
576 304 560 295
579 304 563 295
590 304 590 303
593 304 593 303
596 304 596 304
599 304 599 304
602 304 602 305
610 304 607 303
616 304 617 304
619 304 619 305
627 304 628 306
630 304 630 307
633 304 634 307
635 304 637 307
540 306 540 306
545 306 543 306
548 306 546 306
559 306 547 299
562 306 549 299
568 306 553 298
573 306 556 298
582 306 580 305
585 306 584 305
590 306 590 306
596 306 596 306
599 306 599 307
602 306 601 307
607 306 607 308
613 306 610 306
616 306 615 308
619 306 619 308
624 306 625 308
638 306 640 310
647 306 647 303
562 309 549 302
565 309 552 302
576 309 573 306
579 309 576 308
582 309 580 308
585 309 584 308
588 309 586 309
590 309 589 309
593 309 592 309
599 309 598 310
610 309 610 310
613 309 612 310
616 309 615 310
619 309 618 311
621 309 622 311
624 309 625 311
630 309 629 311
638 309 639 312
644 309 643 312
562 312 550 305
565 312 553 305
568 312 556 305
573 312 567 308
576 312 573 309
582 312 579 311
585 312 583 311
588 312 586 312
596 312 595 312
602 312 601 312
604 312 604 312
607 312 607 313
610 312 609 313
613 312 612 313
616 312 614 313
619 312 618 314
621 312 622 314
624 312 625 314
627 312 627 314
633 312 633 315
638 312 639 315
554 315 549 315
556 315 552 315
562 315 552 308
565 315 554 309
576 315 573 312
579 315 575 312
582 315 579 314
585 315 582 315
588 315 585 315
590 315 588 315
593 315 591 315
599 315 597 315
602 315 600 315
604 315 603 315
607 315 606 315
610 315 609 315
613 315 612 315
616 315 614 315
619 315 618 316
624 315 625 316
627 315 621 315
630 315 627 316
647 315 647 315
