599 216 597 217
610 216 611 220
613 216 608 218
624 216 624 219
627 216 627 219
630 216 630 219
635 216 636 217
638 216 639 217
590 219 579 221
593 219 582 221
610 219 611 224
624 219 623 222
630 219 632 222
633 219 635 222
635 219 635 220
638 219 639 220
602 222 587 222
621 222 618 225
624 222 621 225
627 222 623 226
630 222 626 226
633 222 629 226
638 222 639 224
585 225 571 229
588 225 578 224
593 225 580 224
599 225 593 226
630 225 626 228
633 225 632 229
559 227 552 234
641 227 641 230
548 230 562 229
559 230 553 237
585 230 574 229
588 230 578 229
590 230 580 229
627 230 617 228
630 230 620 228
633 230 623 228
554 233 550 240
556 233 552 241
559 233 555 241
562 233 555 237
565 233 559 237
568 233 562 234
582 233 568 238
585 233 571 236
588 233 577 233
627 233 619 231
633 233 623 231
554 236 550 243
556 236 552 243
568 236 562 237
573 236 561 247
576 236 564 247
585 236 571 239
588 236 577 236
599 236 583 234
579 239 566 248
585 239 570 241
599 239 583 236
571 242 561 250
576 242 564 250
579 242 566 250
540 244 539 245
576 244 566 256
602 244 598 238
534 247 533 248
537 247 536 248
579 247 567 253
582 247 569 253
596 247 594 246
607 247 603 244
610 247 607 244
531 250 531 250
534 250 533 251
537 250 536 250
542 250 543 248
545 250 546 248
607 250 603 247
531 253 531 253
534 253 534 253
540 253 540 251
542 253 543 251
545 253 546 251
548 253 549 251
596 253 596 251
604 253 602 250
641 253 633 254
531 256 531 256
537 256 537 254
540 256 540 254
542 256 543 254
588 256 572 257
599 256 600 255
621 256 620 261
635 256 627 256
638 256 629 257
528 258 529 258
534 258 534 257
537 258 537 256
540 258 540 256
548 258 549 255
551 258 551 255
554 258 554 255
588 258 572 260
641 258 632 259
531 261 532 259
537 261 536 259
542 261 543 258
545 261 545 257
548 261 548 257
551 261 551 257
554 261 553 257
588 261 572 262
590 261 574 263
593 261 577 263
596 261 580 263
627 261 623 261
638 261 629 262
540 264 539 260
542 264 542 260
545 264 544 260
548 264 547 260
551 264 550 260
554 264 553 260
559 264 556 261
562 264 559 262
568 264 562 268
593 264 577 266
596 264 581 267
627 264 623 264
635 264 625 265
638 264 628 264
531 267 533 262
540 267 540 263
542 267 542 263
545 267 544 263
548 267 546 263
551 267 549 263
554 267 553 263
599 267 586 271
627 267 623 266
638 267 628 267
531 270 532 265
534 270 534 265
537 270 537 265
542 270 542 265
545 270 543 265
565 270 562 264
593 270 577 269
610 270 597 273
534 273 535 268
540 273 539 268
542 273 541 268
548 273 547 267
551 273 549 270
554 273 553 267
596 273 585 276
607 273 589 273
616 273 603 275
633 273 622 273
635 273 624 273
531 275 532 272
534 275 534 271
537 275 537 271
542 275 541 271
554 275 553 270
556 275 556 270
596 275 586 279
604 275 589 276
619 275 607 278
624 275 610 277
627 275 612 277
635 275 624 276
528 278 528 274
531 278 532 274
534 278 534 274
537 278 537 274
540 278 540 274
545 278 546 273
548 278 547 275
551 278 549 275
556 278 553 275
562 278 559 273
565 278 561 274
568 278 565 274
599 278 588 286
604 278 591 280
607 278 594 280
610 278 597 279
613 278 600 280
616 278 603 280
619 278 606 280
627 278 615 280
531 281 532 276
534 281 535 276
537 281 538 277
551 281 549 279
556 281 552 278
562 281 558 276
565 281 561 276
579 281 573 281
593 281 577 281
596 281 579 281
599 281 591 285
602 281 593 286
607 281 596 287
613 281 600 283
616 281 603 283
621 281 611 285
638 281 640 281
528 284 529 279
540 284 540 279
542 284 543 279
545 284 546 279
551 284 548 282
556 284 552 281
559 284 555 279
562 284 558 282
565 284 561 279
568 284 564 280
579 284 572 283
593 284 576 284
596 284 578 284
607 284 596 289
610 284 599 289
630 284 630 280
635 284 634 274
638 284 640 284
641 284 642 284
528 287 530 281
542 287 543 282
545 287 546 282
548 287 546 284
551 287 548 284
556 287 551 284
559 287 554 285
579 287 569 286
590 287 579 287
633 287 635 286
635 287 634 277
641 287 642 287
644 287 644 286
528 290 530 283
531 290 532 286
540 290 540 285
542 290 543 285
551 290 548 287
568 290 561 286
590 290 579 290
593 290 582 290
596 290 585 291
599 290 590 292
602 290 593 292
604 290 596 292
610 290 605 290
621 290 624 285
624 290 626 285
633 290 636 288
641 290 642 289
644 290 645 290
647 290 647 290
531 292 533 289
540 292 540 288
542 292 543 287
545 292 545 287
551 292 548 290
556 292 552 288
568 292 560 289
573 292 563 289
576 292 566 290
579 292 569 290
582 292 571 291
596 292 584 293
599 292 590 295
610 292 612 294
613 292 614 293
616 292 617 293
619 292 620 294
624 292 624 294
627 292 627 294
638 292 639 291
641 292 645 296
644 292 645 292
647 292 647 293
534 295 537 292
540 295 538 293
542 295 542 293
545 295 545 290
568 295 557 291
571 295 560 292
573 295 563 292
576 295 566 293
579 295 568 293
582 295 571 293
588 295 576 294
590 295 579 294
593 295 581 294
599 295 590 297
604 295 605 295
610 295 611 296
613 295 614 296
616 295 617 296
619 295 620 296
621 295 623 296
624 295 626 292
627 295 630 292
630 295 631 298
633 295 634 297
638 295 641 299
540 298 542 296
542 298 544 296
548 298 546 293
551 298 548 293
556 298 551 293
559 298 554 293
565 298 553 297
568 298 558 294
571 298 560 295
573 298 562 295
576 298 565 295
579 298 568 296
582 298 571 296
588 298 577 297
593 298 582 297
604 298 605 298
607 298 608 299
610 298 611 299
616 298 617 299
619 298 620 299
621 298 622 299
627 298 628 300
638 298 638 299
644 298 644 300
647 298 647 296
540 301 541 299
542 301 545 299
551 301 548 296
568 301 557 297
571 301 559 298
573 301 562 298
576 301 565 298
579 301 568 298
582 301 570 298
585 301 574 299
588 301 577 300
599 301 601 301
602 301 604 302
607 301 608 302
610 301 611 301
613 301 613 301
616 301 616 302
619 301 619 302
621 301 622 302
627 301 629 303
630 301 631 303
647 301 647 299
540 304 541 302
542 304 544 302
565 304 554 300
568 304 556 300
571 304 559 300
573 304 562 301
579 304 568 301
590 304 590 303
593 304 593 303
596 304 597 304
599 304 600 304
602 304 603 304
607 304 608 304
610 304 611 304
613 304 613 304
616 304 616 305
619 304 618 305
621 304 622 305
624 304 625 305
627 304 628 306
644 304 643 306
556 306 550 303
568 306 556 304
571 306 562 304
573 306 568 304
579 306 577 305
582 306 580 306
585 306 584 306
590 306 590 305
596 306 597 307
599 306 600 307
607 306 608 307
619 306 619 308
621 306 622 308
633 306 633 308
635 306 636 308
638 306 639 308
644 306 643 309
554 309 547 305
556 309 550 305
559 309 553 306
573 309 568 308
576 309 573 308
579 309 577 308
582 309 580 308
585 309 584 308
590 309 590 308
593 309 593 309
599 309 599 309
607 309 607 310
610 309 610 310
613 309 613 310
616 309 616 310
624 309 625 311
630 309 628 310
635 309 635 311
641 309 645 314
647 309 646 305
556 312 550 308
559 312 552 308
573 312 568 311
576 312 573 311
579 312 576 311
582 312 580 311
585 312 583 312
588 312 586 311
593 312 592 312
596 312 595 312
616 312 615 313
619 312 618 313
621 312 621 313
624 312 625 313
627 312 627 314
630 312 630 314
633 312 633 314
635 312 636 314
551 315 544 311
554 315 547 311
556 315 550 311
559 315 552 312
562 315 555 312
565 315 559 314
571 315 564 314
573 315 567 314
576 315 573 314
579 315 576 314
582 315 579 315
585 315 583 315
588 315 586 315
590 315 589 315
593 315 594 315
596 315 597 315
602 315 601 314
604 315 603 314
607 315 607 315
610 315 610 315
613 315 612 315
616 315 615 315
619 315 618 315
624 315 624 315
627 315 627 315
633 315 630 316
635 315 633 315
