333 149 346 153
338 149 351 152
349 149 361 154
307 154 320 152
312 154 325 155
323 154 336 155
328 154 341 156
333 154 345 157
359 154 374 160
281 160 305 156
291 160 292 167
297 160 314 156
317 160 351 159
343 160 372 165
281 165 302 160
291 165 309 160
297 165 313 160
302 165 303 168
307 165 308 169
312 165 347 163
343 165 373 168
359 165 384 171
380 165 388 170
307 170 340 168
312 170 346 168
317 170 350 168
323 170 355 169
328 170 361 170
333 170 366 171
343 170 374 174
349 170 378 175
359 170 384 176
291 175 324 169
302 175 334 173
312 175 347 173
317 175 352 173
323 175 357 173
328 175 362 175
333 175 367 176
349 175 378 180
276 180 303 173
286 180 318 175
291 180 324 175
297 180 328 177
312 180 347 178
317 180 352 178
323 180 357 178
328 180 362 180
333 180 367 182
338 180 371 182
354 180 383 185
359 180 387 186
281 186 313 179
302 186 336 181
317 186 351 185
323 186 356 186
328 186 362 186
333 186 368 187
338 186 372 187
359 186 388 190
271 191 281 188
276 191 285 187
281 191 290 192
291 191 324 189
307 191 341 189
312 191 346 189
317 191 351 190
328 191 361 192
333 191 367 191
338 191 372 191
343 191 376 192
369 191 395 196
286 196 296 194
312 196 339 195
317 196 350 196
323 196 354 197
328 196 360 198
333 196 366 197
338 196 372 196
349 196 377 197
354 196 382 197
369 196 393 201
406 196 405 196
260 201 269 198
286 201 297 200
297 201 312 201
317 201 349 201
328 201 360 202
333 201 365 202
349 201 377 202
364 201 382 202
369 201 386 203
380 201 397 208
385 201 402 210
411 201 410 199
255 206 259 208
260 206 268 203
276 206 285 204
281 206 291 206
291 206 305 206
297 206 312 206
307 206 334 205
312 206 339 206
317 206 349 205
323 206 354 205
328 206 360 207
349 206 376 207
364 206 382 207
411 206 410 203
255 212 258 212
260 212 265 207
271 212 274 209
276 212 279 209
281 212 291 210
291 212 305 212
307 212 333 210
312 212 340 210
323 212 349 213
328 212 354 212
333 212 360 212
343 212 370 212
359 212 381 214
369 212 387 214
375 212 392 215
406 212 407 208
260 217 265 215
271 217 273 213
276 217 279 214
281 217 290 214
286 217 300 216
297 217 316 211
312 217 340 215
317 217 345 216
323 217 350 217
328 217 355 217
333 217 360 218
338 217 365 219
343 217 370 218
354 217 375 219
369 217 387 218
375 217 392 219
260 222 262 220
265 222 268 219
271 222 273 219
276 222 278 219
286 222 299 220
317 222 344 221
323 222 350 221
328 222 355 222
333 222 360 222
338 222 364 223
343 222 369 225
364 222 383 224
369 222 388 224
375 222 392 224
385 222 398 226
406 222 401 229
411 222 407 230
265 227 267 224
271 227 272 224
276 227 283 225
291 227 317 222
323 227 349 227
328 227 354 227
333 227 359 228
338 227 364 229
349 227 371 230
354 227 376 229
359 227 381 229
364 227 385 229
271 232 279 231
276 232 282 230
286 232 311 228
291 232 318 229
297 232 323 230
307 232 333 229
312 232 339 229
317 232 344 232
323 232 350 233
328 232 354 232
333 232 359 232
338 232 363 233
349 232 371 233
354 232 376 234
359 232 380 235
364 232 384 234
369 232 389 235
395 232 402 236
411 232 408 235
271 238 278 236
276 238 282 235
286 238 310 235
317 238 344 238
323 238 350 238
328 238 354 238
333 238 358 238
338 238 363 238
349 238 371 239
354 238 375 239
359 238 379 239
364 238 384 239
369 238 389 239
406 238 403 241
286 243 310 242
291 243 315 241
297 243 322 240
302 243 327 240
307 243 332 240
317 243 343 243
323 243 350 243
328 243 354 243
333 243 358 243
338 243 363 243
349 243 370 245
354 243 374 244
359 243 378 245
364 243 384 245
390 243 396 247
271 248 273 248
302 248 326 245
307 248 332 246
312 248 339 246
317 248 344 247
328 248 354 248
349 248 370 249
364 248 384 250
375 248 390 247
401 248 400 247
271 253 272 253
291 253 310 250
297 253 322 250
307 253 333 251
312 253 339 251
333 253 358 253
338 253 363 253
349 253 370 255
354 253 374 255
359 253 378 255
395 253 396 251
291 258 311 257
302 258 328 256
312 258 338 258
323 258 348 259
328 258 353 259
333 258 359 259
338 258 363 260
349 258 370 260
380 258 395 242
390 258 385 267
395 258 396 257
401 258 397 262
406 258 407 258
411 258 412 258
286 264 304 262
291 264 311 263
302 264 326 264
317 264 343 265
328 264 353 265
333 264 358 265
343 264 365 264
349 264 369 264
359 264 378 264
364 264 380 266
390 264 390 263
276 269 292 267
281 269 299 267
286 269 304 268
291 269 310 268
312 269 336 272
317 269 343 271
323 269 348 267
333 269 358 270
343 269 365 271
349 269 369 271
354 269 373 270
390 269 390 268
406 269 405 268
281 274 298 273
286 274 304 273
291 274 309 273
297 274 319 275
302 274 324 275
307 274 336 276
317 274 342 277
323 274 348 272
328 274 353 272
333 274 358 275
343 274 363 277
349 274 369 277
354 274 373 276
385 274 383 277
395 274 395 274
401 274 400 274
406 274 405 274
411 274 411 274
271 279 283 278
276 279 287 278
291 279 309 278
297 279 318 279
317 279 341 282
323 279 347 278
333 279 356 281
343 279 363 282
395 279 395 280
401 279 401 279
406 279 406 279
276 284 286 284
286 284 302 283
291 284 309 284
297 284 317 284
359 284 366 282
385 284 386 287
390 284 390 286
395 284 395 285
401 284 401 284
406 284 407 284
276 290 282 290
281 290 290 289
297 290 315 289
302 290 323 290
323 290 344 289
328 290 347 282
333 290 353 282
359 290 367 287
364 290 372 287
395 290 395 290
406 290 406 290
291 295 308 295
297 295 314 295
307 295 330 297
312 295 334 297
317 295 339 297
359 295 367 292
401 295 401 297
406 295 406 296
286 300 292 301
291 300 297 300
302 300 307 302
359 300 362 303
364 300 373 298
375 300 378 304
385 300 388 301
401 300 401 301
406 300 407 300
291 305 297 306
302 305 307 307
307 305 312 307
359 305 367 305
364 305 372 305
380 305 384 307
385 305 388 307
406 305 406 306
411 305 412 306
416 305 417 306
291 310 297 311
297 310 302 312
302 310 307 312
328 310 335 314
343 310 346 314
349 310 356 310
359 310 367 311
364 310 370 312
375 310 379 312
390 310 393 312
395 310 398 312
401 310 402 312
406 310 408 312
411 310 414 312
421 310 422 311
427 310 425 311
432 310 431 311
437 310 435 311
442 310 442 311
297 316 302 317
302 316 306 316
333 316 339 320
338 316 344 320
349 316 357 314
354 316 362 315
359 316 366 316
364 316 370 317
380 316 385 317
385 316 389 317
390 316 393 317
395 316 399 317
401 316 404 317
406 316 410 317
411 316 415 317
416 316 420 318
421 316 425 318
432 316 430 316
437 316 436 317
442 316 442 317
302 321 306 322
312 321 313 322
317 321 318 321
333 321 340 324
338 321 344 324
343 321 349 324
349 321 356 320
354 321 362 320
359 321 365 322
364 321 370 322
375 321 379 323
380 321 385 322
385 321 389 322
390 321 394 322
395 321 399 322
401 321 405 322
406 321 410 322
411 321 415 322
421 321 425 323
323 326 323 325
328 326 328 326
333 326 334 326
338 326 343 330
349 326 356 326
354 326 361 326
364 326 371 327
375 326 379 328
380 326 384 327
385 326 389 327
390 326 394 327
395 326 400 327
401 326 405 327
406 326 411 326
442 326 443 322
307 331 307 332
312 331 312 332
317 331 318 331
323 331 323 331
328 331 328 331
338 331 339 331
343 331 351 331
349 331 356 332
359 331 367 333
364 331 371 333
375 331 379 333
380 331 385 332
385 331 389 332
390 331 395 332
395 331 400 332
401 331 405 332
406 331 411 332
421 331 424 329
427 331 430 329
442 331 442 328
307 336 305 337
312 336 312 338
323 336 323 335
328 336 328 337
333 336 333 336
343 336 351 337
349 336 356 337
354 336 361 337
359 336 365 338
364 336 371 338
369 336 375 338
380 336 385 338
385 336 390 338
401 336 406 337
416 336 419 334
421 336 425 334
427 336 431 335
