545 273 531 286
548 273 534 286
630 273 621 291
551 275 539 287
596 275 587 287
624 275 615 294
627 275 618 294
548 278 536 290
551 278 538 290
604 278 593 294
624 278 615 297
627 278 618 297
630 278 621 297
548 281 536 293
551 281 539 293
554 281 542 293
590 281 579 295
593 281 582 295
602 281 590 297
604 281 593 297
607 281 596 297
624 281 615 300
630 281 618 300
633 281 621 300
635 281 624 300
554 284 542 295
556 284 545 295
590 284 579 297
599 284 587 298
602 284 590 301
604 284 592 300
610 284 599 303
613 284 604 305
616 284 607 305
635 284 624 303
551 287 539 297
554 287 542 298
556 287 545 298
599 287 587 302
602 287 590 303
604 287 592 304
613 287 605 309
616 287 607 308
638 287 624 305
556 290 545 301
559 290 549 300
604 290 593 307
630 290 618 308
635 290 622 308
638 290 624 307
551 292 534 301
556 292 545 304
559 292 548 303
562 292 551 304
565 292 554 304
571 292 559 304
573 292 561 303
588 292 576 300
627 292 615 311
630 292 618 311
635 292 622 311
638 292 625 311
641 292 627 310
644 292 630 311
647 292 633 311
556 295 540 304
559 295 550 308
562 295 554 309
568 295 557 306
571 295 559 307
573 295 561 307
579 295 565 306
582 295 568 303
585 295 571 303
588 295 575 303
590 295 579 303
593 295 579 306
604 295 591 309
607 295 593 309
610 295 595 308
627 295 615 314
630 295 618 314
635 295 621 313
638 295 625 314
641 295 627 314
644 295 630 314
647 295 633 314
559 298 551 312
562 298 554 311
568 298 556 309
571 298 559 309
582 298 568 306
585 298 571 307
588 298 574 307
590 298 577 306
602 298 587 311
604 298 591 311
607 298 593 312
610 298 595 311
568 301 556 313
573 301 562 309
582 301 569 308
585 301 571 309
588 301 574 310
590 301 577 309
602 301 587 315
582 304 569 311
585 306 571 311
