425 239 425 241
427 239 428 240
433 239 435 241
436 239 438 241
441 239 443 241
446 239 446 241
414 241 413 244
416 241 416 244
425 241 424 244
430 241 427 244
433 241 431 244
436 241 433 244
438 241 435 244
441 241 441 244
444 241 443 244
446 241 446 244
411 244 410 247
414 244 412 247
416 244 415 247
427 244 425 246
430 244 428 246
433 244 431 246
436 244 433 246
438 244 435 246
441 244 438 246
444 244 440 246
446 244 447 246
449 244 449 246
460 244 457 246
463 244 459 246
466 244 462 246
468 244 465 246
471 244 468 246
405 247 402 249
408 247 407 249
411 247 410 249
414 247 412 249
416 247 415 249
419 247 418 249
425 247 422 249
438 247 436 249
441 247 438 249
444 247 441 249
446 247 446 248
452 247 450 248
455 247 452 248
460 247 457 249
463 247 460 249
466 247 463 248
468 247 465 249
471 247 468 249
408 250 407 251
411 250 410 252
414 250 413 252
416 250 415 252
427 250 425 252
433 250 431 252
446 250 444 251
449 250 446 252
452 250 449 252
455 250 452 251
460 250 457 251
463 250 460 251
466 250 463 251
468 250 465 251
411 252 410 255
414 252 413 255
416 252 416 254
419 252 418 254
422 252 421 254
427 252 425 254
430 252 428 254
433 252 431 255
436 252 433 254
444 252 441 254
446 252 444 254
452 252 449 254
455 252 452 254
457 252 455 254
463 252 460 254
471 252 468 252
400 255 400 255
405 255 405 255
408 255 407 255
411 255 410 257
414 255 413 258
438 255 440 257
449 255 451 256
468 255 466 255
389 258 389 259
405 258 405 257
411 258 410 260
414 258 413 261
419 258 416 260
422 258 419 260
427 258 426 259
430 258 430 259
433 258 432 257
436 258 444 262
438 258 441 259
446 258 451 260
452 258 454 258
455 258 460 258
468 258 466 257
471 258 468 255
389 261 389 262
411 261 410 263
416 261 414 262
419 261 416 263
425 261 425 262
427 261 427 262
430 261 430 262
436 261 438 260
452 261 457 261
455 261 460 261
457 261 462 261
414 263 413 269
427 263 427 265
433 263 435 263
436 263 443 268
444 263 450 265
446 263 452 265
452 263 457 264
411 266 410 271
416 266 415 268
419 266 418 268
449 266 454 266
452 266 457 266
455 266 460 266
408 269 408 268
416 269 415 271
419 269 418 271
427 269 427 271
381 272 381 274
405 272 405 271
408 272 408 271
419 272 420 276
449 272 452 271
452 272 455 271
381 274 380 285
383 274 384 276
408 274 408 274
430 274 430 292
438 274 438 274
449 274 452 274
452 274 454 274
457 274 454 276
381 277 380 287
383 277 383 279
422 277 421 280
438 277 438 277
444 277 441 271
422 280 421 283
425 280 424 283
438 280 438 280
449 280 447 282
411 282 410 298
416 282 416 287
419 282 418 287
422 282 421 285
425 282 427 285
446 282 443 285
449 282 447 285
460 282 460 282
414 285 413 290
416 285 415 290
449 285 446 288
378 291 378 292
411 291 411 301
482 291 476 292
485 291 479 291
493 291 493 291
411 293 411 304
479 293 473 294
482 293 476 294
485 293 479 294
490 293 485 294
493 293 490 293
422 296 421 298
474 296 471 296
479 296 473 296
482 296 477 296
485 296 479 296
488 296 484 295
493 296 489 296
381 299 386 297
422 299 421 301
425 299 423 301
446 299 449 299
471 299 467 299
477 299 470 299
479 299 474 299
482 299 477 299
485 299 479 299
490 299 487 299
493 299 489 299
392 302 400 301
463 302 454 307
479 302 474 301
482 302 476 302
488 302 484 307
490 302 486 307
493 302 489 301
378 304 378 304
386 304 393 304
389 304 396 304
416 304 418 307
430 304 427 307
436 304 438 304
468 304 465 307
479 304 476 311
482 304 479 310
488 304 484 310
490 304 487 310
493 304 493 305
378 307 377 309
386 307 394 305
400 307 405 307
422 307 421 307
427 307 424 309
433 307 440 307
436 307 438 307
468 307 465 313
482 307 479 313
485 307 482 313
488 307 485 312
490 307 487 313
493 307 490 312
378 310 378 311
381 310 382 309
403 310 405 309
405 310 407 309
436 310 439 310
438 310 443 310
444 310 449 310
446 310 451 310
449 310 454 310
482 310 479 316
485 310 482 316
488 310 485 315
493 310 490 316
386 313 391 309
405 313 407 312
416 313 416 314
419 313 418 312
433 313 437 313
436 313 440 312
441 313 448 312
446 313 452 312
449 313 455 313
463 313 465 317
466 313 468 318
468 313 470 318
493 313 492 313
378 315 378 315
383 315 386 312
386 315 391 311
389 315 393 312
427 315 424 316
433 315 438 316
436 315 440 315
438 315 444 315
444 315 449 315
446 315 452 314
449 315 455 315
452 315 457 316
457 315 460 318
466 315 468 320
493 315 493 316
383 318 388 314
386 318 391 314
400 318 403 317
422 318 421 318
427 318 426 318
430 318 429 318
436 318 440 318
438 318 443 318
441 318 446 318
449 318 454 318
452 318 456 319
460 318 463 321
463 318 465 321
466 318 468 323
468 318 470 323
488 318 487 318
490 318 490 318
493 318 493 318
381 321 385 317
383 321 388 317
386 321 391 317
392 321 394 317
394 321 397 318
422 321 421 321
425 321 424 321
427 321 432 320
430 321 435 320
433 321 437 320
436 321 439 320
441 321 444 321
444 321 446 321
452 321 456 322
455 321 459 322
468 321 470 325
485 321 484 320
488 321 487 321
490 321 490 321
493 321 493 321
378 324 378 320
381 324 383 319
383 324 388 319
389 324 390 320
392 324 394 320
397 324 399 321
400 324 404 321
403 324 408 320
405 324 410 321
422 324 424 322
425 324 429 323
427 324 432 323
430 324 435 323
433 324 438 323
436 324 441 323
438 324 444 324
444 324 446 323
446 324 451 326
452 324 456 325
479 324 479 323
482 324 481 323
485 324 484 323
488 324 487 323
490 324 490 324
493 324 493 324
378 326 378 323
381 326 383 322
383 326 386 322
400 326 407 323
405 326 410 323
425 326 432 326
427 326 434 326
430 326 437 326
433 326 439 326
438 326 444 326
441 326 446 326
449 326 454 328
471 326 471 329
479 326 479 326
482 326 482 326
485 326 484 326
488 326 487 326
490 326 490 326
493 326 493 326
381 329 382 325
383 329 385 325
386 329 388 325
400 329 407 326
405 329 412 326
414 329 421 328
416 329 423 328
425 329 432 329
427 329 435 329
430 329 437 329
433 329 439 329
436 329 442 329
438 329 446 329
441 329 448 329
449 329 455 331
452 329 456 332
477 329 476 329
479 329 479 329
482 329 481 329
485 329 484 329
488 329 487 329
490 329 490 329
493 329 493 329
381 332 383 328
383 332 385 329
389 332 400 328
397 332 404 329
400 332 407 330
403 332 410 330
405 332 412 329
416 332 423 331
427 332 435 332
430 332 437 332
436 332 442 332
441 332 448 332
444 332 450 332
455 332 457 335
471 332 473 332
477 332 476 332
479 332 479 332
482 332 482 331
485 332 484 331
488 332 487 331
493 332 493 332
378 335 377 335
381 335 382 332
383 335 385 333
386 335 388 333
389 335 397 334
392 335 400 334
397 335 404 334
400 335 407 334
403 335 410 334
405 335 413 334
408 335 416 334
414 335 421 334
425 335 432 335
427 335 434 334
430 335 437 334
433 335 440 335
436 335 442 335
438 335 445 334
441 335 449 335
444 335 451 334
446 335 454 334
460 335 460 335
468 335 468 335
471 335 471 335
474 335 474 335
477 335 477 334
479 335 479 335
482 335 482 334
485 335 484 335
488 335 487 335
490 335 490 335
378 337 378 337
381 337 380 337
383 337 386 337
386 337 389 337
389 337 397 337
392 337 399 337
397 337 402 337
400 337 407 337
403 337 410 337
405 337 413 337
408 337 416 337
416 337 424 337
419 337 427 337
427 337 437 337
441 337 448 337
444 337 451 337
446 337 454 337
468 337 468 337
471 337 473 337
477 337 476 337
479 337 479 337
482 337 482 337
493 337 493 337
