556 199 557 199
562 199 563 199
565 199 565 199
568 199 568 199
571 199 570 199
573 199 573 199
576 199 576 199
582 199 582 199
551 202 551 202
554 202 554 202
556 202 557 202
559 202 560 202
562 202 562 202
565 202 565 202
568 202 568 202
571 202 571 202
573 202 573 202
576 202 576 202
582 202 581 202
542 205 543 205
545 205 545 205
548 205 548 205
551 205 551 205
554 205 553 205
556 205 556 205
559 205 559 205
562 205 562 205
568 205 568 205
571 205 571 205
540 208 539 208
542 208 542 208
545 208 545 208
548 208 548 208
551 208 550 208
554 208 554 208
556 208 556 208
559 208 559 208
562 208 561 208
568 208 568 208
573 208 573 207
588 208 588 207
542 211 542 211
545 211 545 211
548 211 548 211
551 211 551 211
554 211 553 211
556 211 556 211
559 211 559 210
565 211 564 210
568 211 568 210
576 211 576 210
579 211 579 211
582 211 581 211
585 211 584 211
588 211 587 211
590 211 590 210
593 211 593 210
596 211 596 211
537 213 537 213
540 213 539 213
542 213 542 214
545 213 545 214
548 213 548 214
551 213 551 214
554 213 553 214
559 213 558 214
562 213 562 213
565 213 564 213
571 213 571 213
576 213 576 213
579 213 579 213
582 213 582 213
585 213 584 213
588 213 587 213
590 213 590 213
593 213 593 213
596 213 596 213
537 216 537 216
540 216 539 216
542 216 542 217
545 216 545 216
548 216 548 217
551 216 551 216
554 216 553 217
559 216 558 216
562 216 562 216
565 216 565 216
571 216 571 216
573 216 573 216
576 216 576 216
579 216 579 216
582 216 582 216
585 216 585 216
588 216 587 216
590 216 590 216
593 216 593 216
596 216 596 216
537 219 537 219
540 219 539 220
542 219 542 220
545 219 545 219
548 219 547 219
554 219 553 219
565 219 565 219
568 219 568 219
571 219 571 219
573 219 573 219
576 219 575 219
579 219 578 219
582 219 581 220
585 219 584 219
588 219 587 219
596 219 596 219
599 219 599 219
531 222 531 222
534 222 534 222
537 222 536 222
540 222 539 222
542 222 542 223
545 222 545 222
551 222 551 222
556 222 557 222
559 222 559 222
562 222 562 222
565 222 564 222
568 222 568 222
571 222 570 222
573 222 573 222
576 222 576 222
579 222 578 222
582 222 581 222
590 222 591 220
593 222 593 219
596 222 596 225
599 222 599 222
531 225 531 225
534 225 534 225
537 225 537 225
540 225 539 225
542 225 542 225
545 225 545 225
548 225 548 225
551 225 551 225
554 225 554 225
556 225 557 225
559 225 560 225
565 225 565 225
568 225 568 225
571 225 570 225
573 225 573 224
585 225 587 225
593 225 592 221
599 225 599 228
534 227 534 228
537 227 537 228
540 227 540 228
542 227 542 228
545 227 545 228
548 227 548 228
551 227 551 228
554 227 554 228
556 227 557 228
559 227 559 228
562 227 562 227
565 227 565 227
568 227 568 228
573 227 571 230
582 227 582 228
588 227 588 228
590 227 590 228
593 227 593 228
599 227 599 230
528 230 528 230
531 230 531 230
534 230 534 230
537 230 537 230
540 230 540 231
542 230 542 231
545 230 545 231
548 230 548 230
551 230 551 231
554 230 554 231
556 230 557 231
559 230 560 230
562 230 562 230
576 230 573 231
582 230 585 230
585 230 588 231
590 230 590 230
593 230 593 230
596 230 596 231
599 230 599 233
604 230 604 230
607 230 607 230
610 230 610 230
528 233 528 233
531 233 531 233
534 233 535 234
537 233 537 234
540 233 540 234
542 233 543 233
545 233 545 234
548 233 548 234
554 233 554 233
576 233 574 233
582 233 585 233
585 233 588 233
604 233 604 233
607 233 607 233
610 233 610 233
613 233 613 233
528 236 528 236
531 236 531 236
534 236 535 236
537 236 537 237
540 236 540 236
542 236 542 237
545 236 545 237
548 236 548 236
551 236 551 236
556 236 556 233
559 236 560 233
562 236 562 233
565 236 565 233
588 236 591 236
599 236 600 237
602 236 602 236
604 236 604 236
607 236 607 236
610 236 610 236
613 236 613 236
616 236 615 236
531 239 531 239
534 239 534 239
537 239 537 239
540 239 540 239
542 239 542 239
545 239 545 239
548 239 548 239
551 239 550 238
554 239 553 236
556 239 556 236
559 239 560 236
562 239 562 236
568 239 568 235
596 239 597 240
599 239 599 239
602 239 602 239
604 239 604 239
607 239 607 239
610 239 610 239
613 239 613 239
616 239 615 239
528 242 528 242
531 242 531 242
534 242 534 242
537 242 537 242
540 242 539 242
542 242 542 242
545 242 545 242
548 242 548 242
554 242 553 239
556 242 557 244
593 242 594 242
596 242 597 242
599 242 599 241
602 242 602 241
604 242 604 241
607 242 607 241
610 242 610 241
613 242 613 242
616 242 616 242
528 244 528 245
531 244 531 245
534 244 534 244
537 244 537 244
540 244 540 244
542 244 542 244
545 244 545 244
565 244 563 239
571 244 564 241
596 244 596 244
599 244 599 244
602 244 602 244
604 244 605 244
607 244 607 244
610 244 610 244
613 244 613 245
616 244 616 245
528 247 528 247
531 247 531 247
534 247 534 247
537 247 537 247
540 247 540 247
542 247 543 247
545 247 545 247
548 247 548 247
559 247 557 241
565 247 560 242
585 247 582 251
593 247 593 247
596 247 596 247
599 247 599 247
602 247 602 246
604 247 605 247
607 247 608 247
610 247 610 247
613 247 613 247
616 247 615 248
528 250 528 250
531 250 531 250
534 250 534 250
537 250 537 250
540 250 540 250
542 250 542 250
545 250 545 250
551 250 551 250
554 250 553 250
590 250 589 250
593 250 593 250
596 250 596 249
599 250 599 249
602 250 601 250
604 250 604 250
607 250 608 250
610 250 610 250
613 250 613 250
616 250 616 250
528 253 528 253
531 253 531 253
534 253 534 253
537 253 537 253
540 253 540 253
542 253 542 253
545 253 545 253
548 253 548 253
551 253 551 252
554 253 553 252
556 253 556 251
571 253 567 247
593 253 593 252
596 253 596 253
599 253 599 252
602 253 601 252
604 253 604 253
607 253 607 253
610 253 610 253
613 253 613 253
616 253 616 253
528 256 528 256
531 256 531 256
534 256 534 256
537 256 536 256
540 256 540 256
542 256 542 256
545 256 545 256
551 256 551 255
556 256 556 253
562 256 562 259
576 256 576 262
579 256 578 262
588 256 587 259
593 256 594 256
596 256 596 255
599 256 599 255
602 256 601 256
604 256 604 256
607 256 607 256
610 256 610 256
613 256 613 256
616 256 616 256
528 258 528 258
531 258 531 259
534 258 534 259
537 258 537 258
540 258 540 259
542 258 542 258
545 258 545 258
554 258 554 259
568 258 568 255
579 258 578 264
582 258 581 265
590 258 591 259
593 258 594 259
596 258 596 258
599 258 598 258
602 258 601 259
604 258 604 259
607 258 607 259
610 258 610 259
613 258 613 259
616 258 616 259
531 261 531 261
534 261 534 261
537 261 536 261
540 261 539 261
542 261 542 261
545 261 545 261
568 261 568 258
579 261 578 267
585 261 583 268
590 261 590 261
593 261 593 262
596 261 596 261
599 261 598 261
602 261 601 260
604 261 604 261
607 261 607 261
610 261 610 261
613 261 613 261
616 261 616 261
619 261 618 261
621 261 621 261
537 264 536 264
540 264 539 264
542 264 542 264
545 264 545 264
556 264 557 265
559 264 562 264
568 264 568 265
582 264 580 270
590 264 590 266
593 264 593 264
596 264 596 264
599 264 599 264
602 264 601 264
604 264 604 264
607 264 608 264
610 264 610 264
613 264 613 264
616 264 616 264
619 264 618 264
621 264 621 264
531 267 531 265
540 267 540 267
542 267 542 266
545 267 545 267
548 267 548 268
551 267 551 268
554 267 554 268
556 267 556 268
559 267 559 268
590 267 590 269
593 267 593 267
596 267 596 267
599 267 599 267
602 267 601 267
604 267 605 267
607 267 608 267
610 267 610 267
613 267 613 267
616 267 615 267
619 267 618 267
621 267 621 266
624 267 623 266
537 270 537 270
540 270 539 270
542 270 542 270
545 270 545 270
548 270 549 270
554 270 554 270
556 270 557 271
559 270 559 270
562 270 563 270
565 270 565 270
571 270 571 264
573 270 573 270
576 270 577 273
582 270 582 269
593 270 593 270
596 270 596 270
599 270 599 270
602 270 602 270
604 270 604 270
607 270 607 270
610 270 610 270
613 270 613 270
616 270 616 270
619 270 618 269
621 270 621 269
624 270 624 269
627 270 627 270
630 270 630 270
534 273 533 270
542 273 542 272
545 273 545 273
548 273 548 273
551 273 551 273
554 273 554 273
556 273 556 273
559 273 560 273
562 273 562 273
565 273 565 273
571 273 571 273
573 273 573 273
585 273 587 272
593 273 593 273
596 273 596 273
602 273 602 273
604 273 604 273
607 273 607 272
610 273 610 273
613 273 613 273
616 273 616 273
624 273 624 273
627 273 627 273
633 273 632 273
638 273 638 272
540 275 539 276
545 275 545 276
548 275 548 276
551 275 552 276
554 275 554 276
556 275 556 276
559 275 560 276
562 275 562 275
565 275 565 275
568 275 568 275
571 275 571 275
573 275 574 275
576 275 579 276
579 275 582 276
582 275 585 275
588 275 587 276
604 275 604 275
607 275 607 275
610 275 610 276
613 275 613 276
616 275 616 276
619 275 619 276
621 275 622 276
624 275 624 276
627 275 627 276
630 275 629 275
633 275 632 275
635 275 635 275
638 275 638 275
540 278 539 278
542 278 542 278
545 278 545 279
554 278 554 279
556 278 556 279
559 278 560 279
562 278 562 278
565 278 565 278
568 278 568 278
571 278 571 278
573 278 574 278
590 278 591 278
593 278 593 278
596 278 596 279
607 278 607 278
610 278 610 278
613 278 613 278
616 278 616 278
619 278 619 278
621 278 622 278
624 278 624 278
627 278 626 278
630 278 629 278
633 278 632 278
635 278 636 279
638 278 638 278
537 281 536 281
542 281 542 281
545 281 545 282
548 281 548 281
551 281 551 282
565 281 565 281
573 281 574 281
576 281 577 281
582 281 583 281
585 281 585 281
588 281 587 281
590 281 590 281
593 281 594 280
596 281 596 281
599 281 599 281
602 281 602 281
604 281 604 281
610 281 610 281
613 281 613 281
616 281 616 281
619 281 619 281
621 281 621 281
624 281 624 281
627 281 627 281
630 281 629 281
633 281 632 281
635 281 636 282
638 281 639 282
542 284 542 284
545 284 545 284
556 284 557 284
559 284 560 284
562 284 562 284
565 284 565 284
568 284 568 284
571 284 571 284
573 284 574 284
576 284 577 284
579 284 580 284
582 284 583 284
585 284 585 284
588 284 587 283
590 284 589 283
593 284 593 284
596 284 596 284
599 284 599 283
602 284 602 284
604 284 605 284
607 284 607 284
610 284 610 284
613 284 613 284
616 284 616 284
619 284 619 284
621 284 621 284
624 284 625 284
627 284 627 284
630 284 630 284
633 284 632 284
635 284 635 284
638 284 639 284
542 287 542 287
545 287 545 287
554 287 554 287
556 287 557 287
559 287 560 287
562 287 562 287
565 287 566 287
568 287 568 287
571 287 571 287
573 287 573 287
576 287 576 287
579 287 580 287
582 287 583 287
585 287 585 286
588 287 587 286
590 287 590 286
593 287 593 287
596 287 596 287
599 287 599 286
604 287 605 286
607 287 607 287
610 287 610 287
613 287 613 287
616 287 616 287
619 287 619 287
621 287 622 287
624 287 625 287
627 287 628 287
630 287 630 287
633 287 632 287
635 287 635 287
638 287 638 287
641 287 642 287
644 287 644 287
554 290 554 290
556 290 556 290
559 290 559 290
562 290 562 290
565 290 565 290
568 290 568 290
571 290 571 290
573 290 573 290
576 290 576 289
579 290 579 289
582 290 582 290
585 290 585 290
588 290 587 289
590 290 590 289
593 290 593 289
596 290 596 289
599 290 599 289
602 290 602 289
604 290 604 289
607 290 607 290
610 290 610 290
613 290 613 289
616 290 616 290
619 290 619 290
621 290 622 289
624 290 625 290
627 290 628 290
630 290 630 290
633 290 633 290
635 290 635 290
638 290 638 290
641 290 641 290
644 290 644 290
647 290 647 290
554 292 554 292
559 292 559 293
568 292 567 293
571 292 570 292
573 292 573 292
576 292 576 292
579 292 578 292
585 292 584 293
588 292 587 293
590 292 590 292
593 292 593 292
596 292 595 292
602 292 601 293
604 292 604 293
607 292 607 293
610 292 610 292
613 292 613 292
616 292 616 292
619 292 619 292
621 292 622 293
624 292 625 293
627 292 628 293
630 292 630 293
633 292 633 293
635 292 635 293
638 292 638 293
641 292 641 292
644 292 644 292
647 292 647 292
548 295 548 295
551 295 551 295
554 295 554 295
571 295 570 295
573 295 573 295
576 295 576 294
579 295 579 295
582 295 583 296
585 295 584 295
588 295 588 295
590 295 590 295
593 295 593 295
596 295 595 295
599 295 599 295
602 295 601 296
604 295 604 296
607 295 607 296
613 295 613 295
616 295 616 295
619 295 619 295
621 295 621 295
624 295 624 295
627 295 627 295
630 295 630 295
633 295 633 295
635 295 636 296
638 295 639 296
644 295 644 295
647 295 647 294
545 298 545 298
548 298 548 298
551 298 551 298
554 298 554 298
562 298 562 299
565 298 565 299
568 298 567 298
571 298 570 298
573 298 573 298
576 298 576 298
579 298 579 298
582 298 582 298
585 298 585 298
588 298 587 298
590 298 590 298
593 298 593 298
596 298 595 298
599 298 599 298
602 298 601 299
604 298 604 298
616 298 616 298
621 298 618 297
624 298 621 298
627 298 624 298
630 298 628 298
633 298 633 298
635 298 635 298
638 298 638 298
641 298 642 298
644 298 645 299
647 298 647 297
545 301 545 301
548 301 548 301
551 301 551 301
554 301 554 301
556 301 556 302
559 301 559 302
562 301 562 301
565 301 565 301
568 301 567 301
571 301 570 301
573 301 573 302
576 301 576 301
579 301 580 301
582 301 582 301
585 301 585 301
588 301 587 301
590 301 590 301
593 301 593 301
596 301 595 301
599 301 599 301
602 301 602 301
604 301 604 301
607 301 607 301
610 301 610 301
613 301 613 301
616 301 615 300
621 301 619 300
624 301 621 300
627 301 625 301
630 301 627 301
633 301 630 301
635 301 633 301
638 301 638 301
641 301 641 301
644 301 644 301
647 301 647 301
545 304 545 304
548 304 548 304
551 304 551 303
554 304 554 304
556 304 556 304
559 304 559 304
562 304 562 304
565 304 565 304
568 304 568 304
571 304 570 304
573 304 573 304
576 304 576 304
579 304 580 304
582 304 582 304
585 304 585 304
588 304 588 304
590 304 590 304
593 304 593 304
596 304 596 304
599 304 599 304
602 304 601 304
604 304 605 304
607 304 607 304
610 304 610 304
613 304 613 303
616 304 615 303
619 304 618 303
624 304 622 304
627 304 624 304
630 304 627 304
633 304 630 304
635 304 635 304
638 304 638 304
641 304 641 304
644 304 644 304
647 304 647 304
545 306 545 306
548 306 548 306
551 306 551 306
554 306 553 306
556 306 557 307
559 306 560 307
562 306 562 307
565 306 565 307
568 306 568 307
571 306 570 307
573 306 573 307
576 306 576 307
582 306 582 306
585 306 585 306
588 306 588 306
590 306 590 306
593 306 593 306
596 306 596 307
599 306 599 307
602 306 601 307
604 306 604 307
613 306 612 306
619 306 618 307
621 306 621 307
627 306 624 306
630 306 627 306
633 306 632 306
635 306 635 307
638 306 638 306
641 306 641 306
644 306 643 306
647 306 647 307
545 309 545 309
548 309 548 309
551 309 551 309
554 309 554 309
556 309 557 310
559 309 560 310
562 309 563 309
565 309 565 309
568 309 568 310
571 309 570 309
573 309 573 310
576 309 576 310
579 309 579 309
582 309 582 309
585 309 585 309
588 309 588 309
590 309 590 309
593 309 593 308
596 309 596 309
599 309 599 310
602 309 601 310
604 309 604 309
607 309 607 309
613 309 613 309
616 309 616 309
619 309 619 309
621 309 622 310
627 309 624 309
630 309 627 309
635 309 635 310
638 309 638 310
641 309 640 310
644 309 643 309
647 309 647 309
548 312 548 312
551 312 551 312
554 312 554 312
556 312 557 312
559 312 560 312
562 312 562 312
565 312 565 312
568 312 568 312
571 312 571 312
573 312 574 313
576 312 576 312
579 312 579 312
582 312 582 312
585 312 585 312
588 312 587 312
590 312 590 312
593 312 593 312
596 312 596 312
599 312 599 312
602 312 601 312
604 312 604 312
607 312 607 312
610 312 610 312
616 312 616 312
621 312 621 312
627 312 625 312
630 312 627 312
633 312 633 312
635 312 635 312
638 312 638 312
641 312 641 312
644 312 644 312
647 312 647 312
551 315 551 315
554 315 554 315
556 315 557 315
559 315 559 315
562 315 562 315
565 315 565 315
568 315 568 315
571 315 571 315
573 315 574 315
576 315 576 315
579 315 579 315
582 315 582 315
585 315 585 315
588 315 587 315
590 315 590 315
593 315 593 315
596 315 596 315
599 315 599 315
602 315 602 315
604 315 604 315
607 315 607 315
610 315 610 315
613 315 613 315
616 315 616 315
619 315 618 315
621 315 621 315
624 315 624 315
627 315 627 315
633 315 633 315
635 315 635 315
638 315 638 315
641 315 640 315
644 315 643 315
647 315 647 315
