582 199 586 199
585 199 589 199
590 199 594 199
548 202 548 202
551 202 551 202
559 202 564 201
562 202 566 201
565 202 569 201
568 202 572 201
571 202 575 201
573 202 577 201
579 202 584 201
585 202 589 201
588 202 592 201
590 202 595 201
593 202 597 201
596 202 599 201
545 205 545 205
554 205 558 203
556 205 560 203
562 205 566 204
565 205 568 204
573 205 577 203
576 205 580 204
596 205 599 203
542 208 542 208
545 208 545 208
551 208 555 205
554 208 558 206
579 208 583 204
582 208 585 204
588 208 591 204
590 208 594 205
593 208 597 205
551 211 555 207
554 211 558 208
562 211 565 206
582 211 585 207
585 211 588 207
588 211 591 207
590 211 594 207
593 211 596 208
596 211 599 208
537 213 537 213
545 213 550 209
559 213 563 209
562 213 565 208
565 213 568 208
568 213 571 208
576 213 579 209
579 213 582 209
582 213 585 209
585 213 588 209
588 213 591 209
590 213 594 210
593 213 596 210
596 213 599 210
540 216 543 211
542 216 546 211
545 216 549 211
548 216 553 211
554 216 558 212
556 216 560 211
559 216 563 211
565 216 568 210
576 216 579 211
579 216 582 211
582 216 585 212
585 216 588 212
588 216 591 212
590 216 594 212
593 216 597 212
596 216 599 213
534 219 539 217
540 219 543 213
542 219 545 213
548 219 551 213
551 219 554 213
579 219 582 214
582 219 586 214
585 219 588 215
596 219 599 215
599 219 602 218
531 222 536 219
542 222 545 216
556 222 560 216
559 222 563 216
596 222 600 218
540 225 542 217
556 225 560 219
565 225 565 220
588 225 594 218
540 227 541 221
542 227 545 221
548 227 548 221
602 227 602 227
528 230 528 222
531 230 533 222
545 230 545 224
548 230 548 224
554 230 553 224
556 230 557 224
593 230 593 227
604 230 604 230
528 233 529 225
531 233 532 225
534 233 534 225
537 233 536 226
540 233 542 225
545 233 545 226
548 233 548 226
551 233 550 226
556 233 556 226
579 233 567 229
582 233 570 229
593 233 592 230
596 233 596 230
599 233 599 233
602 233 601 232
604 233 605 232
610 233 608 232
528 236 529 228
531 236 531 228
534 236 533 228
540 236 539 228
542 236 545 228
548 236 548 229
551 236 550 228
554 236 553 228
571 236 571 226
607 236 602 235
610 236 605 235
613 236 607 235
528 239 528 231
531 239 531 231
534 239 534 231
537 239 537 231
540 239 540 231
559 239 557 229
582 239 579 241
590 239 587 238
596 239 591 238
599 239 594 239
602 239 596 238
604 239 599 238
607 239 602 238
610 239 605 238
613 239 608 239
528 242 528 234
531 242 531 233
534 242 536 233
542 242 545 231
582 242 579 244
588 242 585 240
590 242 587 241
593 242 589 240
599 242 594 241
602 242 597 240
604 242 600 240
607 242 601 241
613 242 608 242
528 244 528 237
531 244 531 237
534 244 532 234
542 244 541 234
545 244 547 234
590 244 588 243
593 244 590 243
599 244 594 244
602 244 597 244
604 244 600 243
607 244 602 243
610 244 605 244
613 244 608 244
528 247 528 239
540 247 539 237
545 247 547 237
551 247 553 246
602 247 597 247
604 247 599 246
607 247 604 248
528 250 528 242
540 250 539 250
542 250 542 250
571 250 567 249
582 250 578 253
596 250 593 247
604 250 601 250
607 250 604 250
610 250 607 250
613 250 610 251
528 253 528 253
531 253 532 253
537 253 536 252
545 253 547 253
576 253 573 252
582 253 579 255
593 253 590 249
596 253 593 249
604 253 601 253
607 253 604 253
610 253 607 253
613 253 610 253
616 253 613 253
545 256 545 256
565 256 562 244
573 256 567 243
582 256 579 258
588 256 584 255
593 256 589 252
596 256 593 252
599 256 595 253
607 256 604 256
610 256 607 256
613 256 610 255
531 258 531 258
537 258 536 257
573 258 567 246
576 258 570 246
579 258 577 261
590 258 586 254
593 258 589 254
604 258 602 259
607 258 604 259
610 258 607 259
613 258 610 258
616 258 613 257
534 261 533 260
537 261 536 260
540 261 538 260
542 261 541 259
545 261 544 260
551 261 551 260
554 261 554 259
556 261 556 260
590 261 586 257
596 261 593 255
607 261 604 261
610 261 607 261
616 261 614 260
619 261 619 261
531 264 531 262
534 264 533 262
537 264 536 262
545 264 544 263
599 264 598 264
602 264 601 264
607 264 605 264
610 264 607 264
613 264 611 263
619 264 616 262
534 267 533 265
542 267 540 265
545 267 544 266
556 267 556 263
579 267 576 267
582 267 578 267
590 267 586 263
599 267 598 267
602 267 600 267
607 267 605 266
610 267 607 266
621 267 619 264
624 267 621 264
627 267 627 265
534 270 533 268
545 270 543 268
548 270 548 266
551 270 550 266
554 270 553 266
556 270 556 266
559 270 558 266
568 270 567 266
588 270 584 269
590 270 587 267
593 270 589 266
599 270 598 269
602 270 601 269
604 270 604 269
607 270 607 269
624 270 624 268
630 270 632 268
633 270 636 268
537 273 535 268
548 273 548 268
551 273 550 268
554 273 553 269
559 273 558 268
562 273 560 269
568 273 567 269
571 273 570 269
585 273 581 269
593 273 589 270
602 273 601 272
607 273 607 272
613 273 610 270
624 273 624 271
627 273 627 271
630 273 630 270
633 273 633 270
635 273 639 272
542 275 540 271
562 275 558 271
565 275 561 271
571 275 570 272
576 275 576 273
579 275 579 273
582 275 582 272
590 275 587 273
610 275 610 274
616 275 615 274
619 275 618 274
621 275 621 274
627 275 626 273
630 275 629 272
633 275 632 273
537 278 535 276
540 278 538 276
542 278 540 274
551 278 547 272
593 278 595 275
599 278 599 276
610 278 610 276
613 278 613 276
616 278 615 276
619 278 618 276
621 278 621 276
624 278 624 276
627 278 626 275
630 278 629 275
635 278 636 276
638 278 637 274
641 278 642 277
551 281 550 275
554 281 552 275
573 281 575 278
576 281 578 278
579 281 581 278
582 281 582 278
585 281 585 278
596 281 596 278
599 281 599 278
602 281 601 279
604 281 604 279
610 281 609 279
613 281 612 279
616 281 615 279
619 281 618 279
621 281 620 279
624 281 624 279
627 281 626 279
630 281 629 278
635 281 635 279
638 281 639 279
641 281 641 279
542 284 541 277
548 284 549 280
554 284 555 281
559 284 561 281
562 284 564 281
565 284 567 281
568 284 569 281
571 284 572 281
576 284 576 281
579 284 580 281
582 284 582 281
588 284 587 281
590 284 590 281
593 284 592 281
596 284 596 281
599 284 598 281
602 284 601 282
604 284 604 281
607 284 607 281
610 284 609 281
613 284 613 282
616 284 616 282
619 284 618 281
621 284 620 281
624 284 623 281
627 284 627 281
630 284 630 281
633 284 632 281
635 284 638 282
641 284 642 282
545 287 547 285
551 287 553 284
562 287 564 284
565 287 567 284
568 287 570 284
571 287 572 284
576 287 576 284
579 287 580 284
582 287 583 284
585 287 585 284
590 287 590 283
593 287 592 283
596 287 595 284
599 287 598 284
602 287 601 284
604 287 604 284
607 287 607 284
610 287 610 284
616 287 615 284
621 287 620 284
624 287 623 284
627 287 627 284
630 287 630 284
633 287 633 284
638 287 638 284
644 287 644 284
548 290 550 288
551 290 553 286
554 290 555 286
559 290 560 288
565 290 567 287
573 290 574 286
585 290 584 289
588 290 586 289
590 290 590 287
593 290 592 286
596 290 596 286
599 290 597 289
602 290 601 287
604 290 604 287
607 290 606 288
616 290 615 287
619 290 617 287
624 290 623 287
627 290 626 287
630 290 630 287
633 290 633 287
635 290 635 287
638 290 638 287
647 290 647 289
548 292 549 292
551 292 551 292
554 292 555 289
562 292 563 291
571 292 572 289
573 292 574 289
593 292 592 292
602 292 601 289
604 292 604 289
607 292 607 290
616 292 618 290
619 292 621 290
621 292 623 290
624 292 626 290
635 292 635 289
638 292 640 290
644 292 644 289
647 292 647 291
548 295 548 295
551 295 551 295
554 295 555 295
585 295 584 293
588 295 587 293
593 295 592 295
596 295 595 292
599 295 598 292
613 295 615 293
616 295 618 293
619 295 620 293
621 295 623 292
633 295 631 292
635 295 637 293
638 295 640 293
641 295 643 293
644 295 646 293
548 298 548 298
551 298 552 297
554 298 555 297
568 298 562 297
573 298 572 297
579 298 578 295
585 298 584 295
588 298 586 295
596 298 596 296
599 298 598 295
602 298 601 293
604 298 604 293
607 298 605 293
610 298 612 295
613 298 615 295
616 298 618 295
619 298 620 295
621 298 623 295
624 298 626 295
638 298 640 296
644 298 646 297
548 301 548 301
551 301 551 301
554 301 554 300
582 301 581 298
585 301 583 297
588 301 587 298
590 301 589 301
593 301 592 301
599 301 598 298
602 301 601 298
607 301 606 296
616 301 617 298
619 301 620 298
621 301 623 298
624 301 626 298
627 301 629 298
630 301 632 297
638 301 638 298
644 301 643 297
548 304 548 304
551 304 551 304
554 304 554 303
573 304 574 301
585 304 584 300
588 304 586 300
590 304 589 304
599 304 598 301
602 304 601 301
604 304 604 301
607 304 606 301
610 304 611 302
613 304 614 302
616 304 616 301
619 304 620 301
621 304 622 301
627 304 628 302
633 304 634 300
638 304 638 300
641 304 640 300
644 304 643 301
647 304 647 300
548 306 548 306
551 306 551 307
554 306 554 306
562 306 560 303
571 306 571 306
573 306 574 304
593 306 592 303
596 306 597 304
602 306 601 304
604 306 604 304
607 306 606 304
610 306 609 304
613 306 614 305
616 306 616 304
621 306 621 304
627 306 628 304
635 306 635 303
638 306 638 303
641 306 641 303
644 306 643 303
647 306 647 303
548 309 548 309
551 309 551 309
554 309 554 309
556 309 557 308
565 309 566 309
568 309 562 306
571 309 571 309
576 309 575 307
590 309 590 306
596 309 596 306
602 309 601 306
604 309 603 306
607 309 607 306
610 309 609 306
616 309 616 307
621 309 621 306
635 309 637 306
641 309 641 306
644 309 643 306
647 309 647 306
554 312 554 312
556 312 557 311
559 312 562 312
565 312 566 312
568 312 568 311
571 312 571 312
573 312 574 309
576 312 576 310
588 312 586 309
590 312 589 309
593 312 592 309
596 312 596 309
610 312 610 309
613 312 613 309
616 312 616 309
635 312 634 309
638 312 638 309
644 312 644 309
647 312 647 309
556 315 557 314
559 315 560 315
562 315 563 315
565 315 566 315
568 315 569 314
571 315 571 315
573 315 575 315
582 315 579 315
585 315 583 312
588 315 586 312
590 315 589 312
593 315 592 311
602 315 601 312
604 315 603 312
607 315 606 312
613 315 613 313
619 315 622 314
624 315 628 314
638 315 640 312
644 315 644 313
647 315 647 312
