649 146 662 178
632 163 644 193
649 163 662 195
718 163 734 197
736 163 750 197
753 163 767 199
770 163 783 199
788 163 799 199
805 163 816 200
632 181 643 211
649 181 661 212
666 181 679 212
684 181 698 212
701 181 716 212
718 181 734 213
736 181 751 214
753 181 766 215
770 181 780 216
788 181 797 217
805 181 814 217
614 198 627 227
632 198 644 227
649 198 660 228
666 198 678 228
684 198 697 229
753 198 770 231
770 198 787 233
788 198 801 234
805 198 815 236
632 215 643 244
649 215 659 244
666 215 677 246
788 215 803 251
805 215 820 251
632 233 642 261
649 233 659 261
666 233 676 262
770 233 794 268
580 250 592 276
632 250 642 278
649 250 659 279
666 250 676 280
684 250 695 281
701 250 714 282
528 267 539 291
545 267 557 291
562 267 573 292
580 267 591 294
597 267 608 294
632 267 642 295
649 267 658 295
666 267 676 297
684 267 694 298
701 267 710 299
718 267 727 299
736 267 745 300
788 267 807 305
510 285 523 307
528 285 539 308
545 285 556 308
562 285 573 309
597 285 606 311
614 285 623 311
632 285 640 311
649 285 661 314
684 285 692 315
718 285 727 316
736 285 744 318
753 285 762 318
770 285 782 321
788 285 804 322
493 302 504 324
510 302 521 324
528 302 537 324
545 302 556 325
562 302 572 325
597 302 607 327
614 302 624 328
632 302 642 329
666 302 675 331
684 302 691 331
701 302 709 332
718 302 726 334
736 302 744 335
753 302 762 335
770 302 786 338
788 302 807 341
493 319 503 341
510 319 520 341
528 319 537 341
545 319 554 342
562 319 572 343
580 319 589 344
597 319 608 345
614 319 624 345
632 319 642 347
684 319 691 348
701 319 708 349
718 319 725 350
736 319 743 351
753 319 762 353
770 319 779 354
788 319 805 358
493 337 503 357
510 337 520 358
528 337 537 358
545 337 554 359
562 337 572 361
580 337 593 363
597 337 607 363
666 337 672 363
701 337 707 367
718 337 725 368
736 337 743 369
753 337 763 370
770 337 777 373
788 337 804 375
441 354 452 372
458 354 469 373
476 354 485 373
510 354 519 375
528 354 536 376
562 354 571 378
580 354 591 380
632 354 636 379
649 354 655 379
666 354 672 381
684 354 689 381
718 354 725 385
736 354 744 386
770 354 778 388
788 354 796 389
476 371 483 390
493 371 500 393
528 371 536 394
545 371 553 393
580 371 590 398
614 371 625 399
632 371 637 396
666 371 671 404
684 371 689 400
701 371 707 401
753 371 764 406
562 389 571 412
597 389 607 416
649 389 654 415
701 389 707 419
736 389 743 422
753 389 760 421
788 389 794 422
77 406 95 404
94 406 111 405
111 406 130 405
493 406 499 426
510 406 517 426
528 406 534 428
545 406 552 428
562 406 569 430
580 406 586 429
632 406 640 432
649 406 656 432
666 406 675 438
701 406 704 436
736 406 743 439
753 406 759 438
788 406 793 441
59 424 76 421
77 424 96 421
94 424 112 420
111 424 127 422
493 424 499 443
510 424 516 445
528 424 534 445
562 424 569 447
580 424 586 446
597 424 602 448
614 424 621 452
632 424 638 453
649 424 656 447
684 424 692 457
701 424 703 451
736 424 745 456
788 424 794 457
42 441 59 437
59 441 78 436
77 441 95 436
493 441 498 459
510 441 515 458
528 441 533 461
545 441 551 463
562 441 567 464
580 441 585 465
597 441 602 465
649 441 655 467
718 441 729 471
736 441 745 470
788 441 793 471
42 458 62 452
59 458 78 453
94 458 113 456
111 458 126 458
129 458 144 458
458 458 464 474
476 458 482 474
545 458 549 473
562 458 569 479
42 476 61 469
59 476 76 472
77 476 91 472
94 476 111 474
111 476 125 475
129 476 143 474
146 476 158 474
510 476 499 477
