389 25 466 93
406 25 481 90
354 42 438 132
389 42 468 109
406 42 482 105
285 77 388 152
302 77 400 152
319 77 413 151
354 77 440 151
371 77 453 149
319 94 412 161
354 94 439 161
371 94 455 160
389 94 469 160
441 94 512 159
458 94 529 159
476 94 546 158
493 94 558 158
510 94 576 158
267 111 370 172
285 111 385 171
302 111 398 170
267 129 370 182
285 129 384 180
302 129 398 180
337 129 425 181
354 129 441 180
371 129 456 181
389 129 471 180
406 129 486 180
441 129 514 179
458 129 530 178
476 129 546 178
493 129 562 179
233 163 338 227
267 163 368 204
285 163 383 204
302 163 400 202
319 163 414 201
354 163 442 200
371 163 457 199
389 163 472 201
406 163 488 201
424 163 504 201
458 163 533 199
267 181 368 227
285 181 381 220
302 181 399 213
337 181 427 213
354 181 445 212
371 181 458 211
389 181 472 211
406 181 489 211
424 181 505 211
458 181 536 212
476 181 551 216
146 198 269 262
163 198 280 264
267 198 366 242
302 198 394 233
319 198 412 231
337 198 427 229
354 198 445 227
458 198 537 225
476 198 552 229
510 198 588 246
215 215 316 296
285 215 381 255
319 215 410 249
337 215 426 246
354 215 444 246
371 215 459 240
389 215 476 237
406 215 491 235
424 215 507 236
476 215 554 243
510 215 588 259
302 233 395 268
319 233 411 269
337 233 427 268
354 233 443 266
371 233 461 267
389 233 478 263
424 233 508 249
476 233 563 266
493 233 580 282
233 250 326 332
250 250 342 330
302 250 394 288
319 250 410 288
337 250 426 288
354 250 442 286
371 250 461 285
389 250 479 285
406 250 495 284
424 250 510 266
493 250 584 298
510 250 600 298
250 267 341 346
267 267 357 345
354 267 445 320
406 267 495 301
528 267 619 320
545 267 637 318
285 285 375 362
302 285 390 362
354 285 443 347
371 285 460 341
424 285 515 318
250 302 340 379
285 302 377 378
319 302 407 378
337 302 424 378
354 302 443 374
371 302 461 370
389 302 476 361
406 302 496 358
319 319 410 392
337 319 426 395
354 319 445 398
389 319 481 393
476 319 572 392
337 337 431 414
371 337 466 414
406 337 498 415
424 337 520 411
337 354 432 428
354 354 447 429
371 354 464 431
389 354 483 431
406 354 500 429
424 354 520 427
441 354 542 429
476 354 579 426
181 371 271 440
285 371 380 435
302 371 398 438
371 371 463 448
389 371 481 451
406 371 499 448
424 371 521 445
441 371 539 446
389 389 486 464
528 389 648 435
