482 222 477 220
443 243 441 230
445 243 443 231
445 246 443 234
474 246 481 230
493 246 496 235
496 246 499 235
472 248 478 232
485 248 490 234
490 248 494 234
459 251 463 234
461 251 465 235
477 251 482 236
480 251 484 237
485 251 489 237
490 251 494 237
456 254 460 236
459 254 462 236
456 256 460 238
461 256 463 239
469 256 475 238
472 256 478 238
511 256 510 240
453 259 455 247
464 259 465 243
464 261 464 246
472 261 477 241
474 264 480 244
496 264 498 244
498 267 500 248
517 267 514 253
480 269 483 248
506 269 508 252
456 272 456 255
477 272 481 251
493 272 493 252
496 272 497 253
501 272 502 254
503 272 505 254
506 272 508 255
480 275 484 257
482 275 487 254
493 275 493 255
501 275 502 257
503 275 504 258
511 275 507 260
453 277 451 258
456 277 454 259
459 277 457 260
461 277 460 260
480 277 483 260
496 277 495 259
511 277 506 263
514 277 509 263
522 277 518 265
453 280 451 261
456 280 454 262
459 280 457 262
480 280 482 263
453 283 450 265
456 283 453 265
459 283 457 265
461 283 460 265
469 283 468 266
459 285 455 268
461 285 459 268
464 285 462 268
485 285 485 263
506 285 502 269
459 288 455 271
461 288 458 271
469 288 467 270
485 288 485 265
496 288 489 267
498 288 491 266
467 290 464 271
498 293 491 271
517 293 510 278
482 296 481 274
496 296 488 273
498 296 490 273
501 296 493 273
519 296 512 280
501 298 493 275
509 298 505 278
519 298 512 282
480 301 478 280
509 301 504 281
511 301 506 281
517 301 510 281
474 304 472 282
477 304 475 282
480 304 477 282
485 304 483 281
501 304 492 281
509 304 503 284
511 304 506 284
514 304 509 284
474 306 471 284
477 306 474 284
480 306 476 285
503 306 498 286
506 306 500 287
509 306 503 287
511 306 506 287
514 306 509 287
485 309 480 286
493 309 491 288
496 309 494 288
503 309 497 289
432 312 434 289
485 312 479 289
488 312 482 290
485 314 478 291
488 314 481 292
490 314 485 293
493 314 490 293
485 317 478 295
488 317 480 295
