480 243 477 222
490 243 485 224
493 243 488 223
477 246 474 225
480 246 476 225
485 246 480 225
488 246 483 226
490 246 485 227
493 246 488 228
498 246 491 226
477 248 474 227
485 248 481 228
488 248 482 229
493 248 488 231
511 248 503 228
467 251 463 229
472 251 468 230
474 251 471 230
477 251 473 229
480 251 476 230
485 251 480 231
490 251 485 231
514 251 507 232
456 254 451 233
456 256 451 236
472 256 468 231
511 256 502 235
514 256 505 235
517 256 509 235
469 259 466 234
472 259 468 234
511 259 503 237
517 259 509 237
474 261 471 237
511 261 504 239
514 261 506 239
459 264 453 243
461 269 453 247
506 269 497 245
509 269 501 245
459 272 451 250
461 272 453 250
477 272 473 249
480 272 475 249
498 272 492 247
503 272 498 247
509 272 501 248
477 275 472 251
503 275 494 250
509 275 500 250
514 275 504 251
453 277 447 259
456 277 448 253
459 277 451 255
461 277 453 256
501 277 492 253
503 277 494 253
509 277 500 253
514 277 504 254
453 280 446 262
459 280 450 258
461 280 453 258
464 280 455 258
485 280 478 255
488 280 481 255
501 280 492 255
503 280 494 256
506 280 497 256
511 280 500 257
514 280 503 257
459 283 450 261
461 283 453 261
482 283 475 257
485 283 478 258
503 283 495 258
514 283 502 259
461 285 452 264
485 285 477 260
514 285 502 262
469 288 461 265
514 288 502 264
509 293 496 264
514 293 502 271
517 293 505 271
522 293 511 271
517 296 505 274
519 296 507 274
522 296 510 273
482 298 474 269
488 298 477 268
509 298 499 271
514 298 502 276
517 298 504 276
519 298 506 277
525 298 510 277
456 301 451 278
459 301 454 278
472 301 465 277
474 301 468 277
480 301 471 272
482 301 474 272
485 301 476 272
506 301 496 273
509 301 498 274
517 301 504 279
519 301 506 279
525 301 510 279
443 304 443 281
456 304 451 281
459 304 453 281
472 304 464 279
480 304 471 274
482 304 474 274
485 304 476 274
488 304 479 272
506 304 496 276
509 304 498 277
511 304 501 279
443 306 442 283
456 306 451 284
459 306 453 284
477 306 468 279
480 306 471 277
482 306 474 277
485 306 476 276
506 306 496 280
509 306 498 281
511 306 501 281
514 306 503 282
517 306 507 282
519 306 510 283
522 306 512 282
440 309 439 286
443 309 442 286
459 309 453 287
474 309 464 281
477 309 467 282
485 309 479 283
488 309 479 280
496 309 486 283
509 309 498 283
511 309 501 284
514 309 504 284
517 309 507 284
519 309 510 285
522 309 512 285
477 312 467 285
485 312 479 286
488 312 482 286
509 312 497 287
511 312 500 287
514 312 504 287
490 314 478 288
488 317 478 292
493 317 483 292
