484 231 488 251
480 240 463 267
482 252 477 281
482 254 477 283
489 254 480 283
450 256 454 292
475 256 453 277
480 256 456 275
482 256 478 285
475 258 472 286
480 258 456 278
480 261 475 288
486 261 480 289
482 263 477 291
480 265 474 293
482 265 478 294
480 267 474 296
486 272 472 302
441 274 429 292
484 274 467 305
482 276 464 307
484 276 466 307
484 279 458 313
486 279 469 310
489 279 467 312
457 281 445 310
484 281 459 316
489 281 470 313
473 292 489 299
480 308 452 316
480 310 481 351
486 310 494 354
489 313 496 354
