593 213 589 207
604 216 604 213
573 219 550 210
582 219 553 212
610 219 587 209
627 219 609 212
633 219 613 212
576 222 551 213
585 222 560 213
624 222 607 213
573 225 547 216
576 225 550 216
596 225 581 212
610 225 587 215
613 225 590 215
621 225 604 216
624 225 606 215
633 225 613 216
635 225 615 215
638 225 618 216
573 227 547 219
576 227 555 216
596 227 581 216
599 227 583 216
638 227 618 218
568 230 544 218
571 230 544 222
573 230 547 222
596 230 581 218
599 230 584 218
627 230 607 219
630 230 609 219
633 230 612 219
562 233 539 239
565 233 542 225
627 233 607 221
630 233 610 221
559 236 539 225
627 236 604 221
562 239 542 228
568 239 544 227
551 244 538 247
568 244 545 230
571 247 548 231
635 247 620 218
531 250 531 251
602 250 561 233
531 253 530 253
551 258 538 250
588 258 578 232
624 258 607 252
635 258 618 232
573 261 547 236
630 261 612 247
627 264 612 244
545 267 563 281
556 267 544 261
607 267 592 236
613 267 598 235
545 270 562 283
548 270 565 284
551 270 568 283
554 270 542 264
556 270 545 265
590 270 561 239
604 270 590 239
607 270 592 238
610 270 595 238
621 270 616 255
556 273 545 267
573 273 553 247
593 273 564 241
604 273 590 241
619 273 601 237
633 273 633 276
635 273 635 275
540 275 530 272
545 275 557 290
551 275 542 270
556 275 545 270
559 275 547 270
596 275 570 244
602 275 575 243
635 275 636 278
638 275 638 278
641 275 640 278
542 278 536 275
545 278 557 292
556 278 545 273
559 278 547 272
565 278 533 267
638 278 638 281
641 278 641 281
531 281 528 283
542 281 537 278
545 281 540 281
579 281 576 264
582 281 579 264
585 281 582 265
588 281 568 256
638 281 638 283
641 281 641 283
528 284 528 258
531 284 528 286
540 284 534 284
542 284 537 284
545 284 539 284
548 284 542 284
579 284 576 267
582 284 579 267
596 284 573 258
641 284 641 285
534 287 530 287
537 287 533 287
556 287 545 276
579 287 578 269
613 287 613 261
616 287 587 272
619 287 590 272
635 287 632 283
531 290 527 290
534 290 530 290
537 290 533 289
540 290 536 287
551 290 542 278
562 290 551 277
576 290 564 272
596 290 579 258
644 290 643 290
647 290 646 290
531 292 527 292
534 292 530 292
537 292 533 292
542 292 540 292
545 292 542 292
559 292 548 280
562 292 550 280
568 292 554 278
571 292 557 277
573 292 559 276
576 292 562 275
582 292 568 275
585 292 570 275
630 292 634 295
633 292 636 295
644 292 644 292
647 292 646 292
537 295 533 295
545 295 543 295
554 295 545 284
559 295 548 283
568 295 554 281
573 295 559 278
576 295 562 278
582 295 568 278
585 295 570 278
630 295 633 297
633 295 636 297
644 295 644 295
647 295 647 295
534 298 534 298
540 298 537 299
542 298 539 299
562 298 551 284
568 298 554 283
571 298 557 283
582 298 568 280
585 298 570 280
599 298 596 295
602 298 599 295
630 298 633 300
633 298 635 300
638 298 641 301
644 298 643 297
647 298 647 298
542 301 539 302
545 301 542 302
562 301 551 287
576 301 562 286
585 301 573 284
596 301 596 301
602 301 599 297
613 301 612 300
624 301 629 303
638 301 641 304
647 301 647 300
542 304 539 304
545 304 542 303
548 304 545 304
562 304 548 289
585 304 585 300
613 304 615 304
630 304 633 305
633 304 636 306
641 304 643 306
647 304 646 303
573 306 573 302
576 306 576 302
579 306 579 302
582 306 582 302
585 306 585 303
588 306 588 303
590 306 590 303
593 306 594 306
599 306 599 306
602 306 604 307
610 306 612 307
621 306 627 308
630 306 632 308
633 306 636 308
635 306 638 309
641 306 641 308
647 306 647 306
542 309 542 309
545 309 545 309
548 309 548 309
573 309 573 305
576 309 577 305
579 309 579 305
582 309 582 305
585 309 585 305
588 309 588 307
590 309 591 307
593 309 594 308
599 309 600 309
602 309 604 309
604 309 606 310
607 309 609 310
610 309 612 310
613 309 615 310
616 309 618 310
619 309 621 310
621 309 627 311
627 309 630 311
630 309 633 311
633 309 635 311
635 309 638 312
647 309 647 309
545 312 545 312
548 312 548 312
573 312 573 308
576 312 576 308
579 312 579 309
582 312 582 309
585 312 585 309
588 312 589 310
590 312 591 310
593 312 595 311
599 312 600 311
602 312 603 312
607 312 608 312
610 312 612 312
613 312 615 312
616 312 618 312
633 312 635 313
635 312 638 314
638 312 641 314
548 315 548 315
551 315 551 315
554 315 554 315
559 315 556 312
571 315 570 311
573 315 573 311
576 315 574 315
582 315 582 312
585 315 585 312
588 315 588 312
590 315 593 314
593 315 595 314
596 315 598 314
602 315 602 315
607 315 610 315
610 315 612 315
613 315 615 315
616 315 618 315
619 315 620 315
621 315 624 315
624 315 626 315
627 315 629 315
630 315 632 315
647 315 647 315
