607 236 608 241
638 273 638 277
641 275 640 278
635 281 634 282
638 281 637 282
633 284 630 286
635 284 634 285
638 284 637 286
641 284 640 283
585 287 593 283
613 287 614 290
619 287 617 289
621 287 620 290
624 287 622 290
633 287 631 288
635 287 636 288
613 290 614 292
619 290 617 292
621 290 620 292
633 290 632 291
641 290 642 289
576 292 586 292
579 292 589 292
588 292 596 287
590 292 599 287
635 292 636 293
644 292 646 292
576 295 586 294
579 295 589 296
582 295 591 296
590 295 599 290
638 295 638 296
644 295 645 296
579 298 589 298
582 298 591 299
590 298 599 294
619 298 619 300
621 298 622 300
638 298 639 298
571 301 583 302
573 301 585 302
576 301 587 302
582 301 592 301
635 301 638 301
638 301 641 301
647 301 647 300
573 304 585 305
576 304 587 305
585 304 594 303
590 304 600 303
633 304 637 304
644 304 645 302
647 304 647 302
565 306 577 307
568 306 580 307
579 306 591 306
588 306 597 307
590 306 600 306
593 306 603 306
596 306 606 306
630 306 634 307
633 306 636 306
638 306 643 305
565 309 577 310
568 309 580 310
590 309 600 309
593 309 602 308
610 309 615 308
630 309 634 310
638 309 643 308
644 309 646 312
565 312 574 309
571 312 583 310
573 312 586 311
579 312 590 312
582 312 592 312
585 312 595 312
588 312 598 313
593 312 603 312
596 312 605 312
607 312 615 310
610 312 618 311
627 312 633 312
565 315 578 315
568 315 581 314
571 315 583 314
573 315 586 314
579 315 589 315
582 315 592 315
588 315 598 315
590 315 601 315
602 315 608 314
604 315 612 314
607 315 615 314
610 315 618 314
613 315 621 314
616 315 623 315
619 315 626 315
635 315 639 315
