540 227 545 243
579 233 583 244
551 236 555 251
548 242 552 255
542 244 545 252
542 247 543 255
571 247 567 260
542 250 543 258
562 250 563 259
548 253 553 263
551 253 555 263
573 253 573 265
537 256 540 265
540 256 543 265
571 256 568 268
573 256 573 268
534 258 534 268
635 261 636 265
542 273 547 281
633 273 636 276
537 275 541 285
633 275 633 277
638 275 641 276
641 275 642 273
604 278 610 282
630 278 633 280
633 278 636 280
635 278 639 279
638 278 641 279
542 281 548 288
604 281 610 284
607 281 613 284
627 281 631 283
630 281 634 283
633 281 637 282
635 281 639 282
638 281 642 281
585 284 590 291
607 284 613 286
627 284 631 286
630 284 634 285
633 284 637 285
635 284 640 285
545 287 551 294
607 287 613 289
613 287 621 289
630 287 635 288
633 287 637 288
635 287 640 287
644 287 645 282
556 290 563 296
565 290 569 294
568 290 572 295
571 290 575 295
582 290 587 294
599 290 604 293
621 290 628 286
624 290 629 291
630 290 635 291
633 290 637 290
635 290 639 290
638 290 642 290
641 290 645 291
644 290 645 285
554 292 561 299
565 292 569 297
568 292 573 297
571 292 576 297
624 292 629 294
630 292 635 293
633 292 637 293
635 292 640 293
638 292 643 293
641 292 646 293
559 295 566 301
565 295 569 301
573 295 578 298
576 295 581 298
579 295 584 298
582 295 587 296
585 295 589 296
588 295 592 295
596 295 601 293
602 295 609 298
607 295 613 295
616 295 620 296
621 295 626 296
630 295 635 296
633 295 638 296
635 295 641 296
638 295 644 296
641 295 646 297
559 298 566 305
576 298 581 301
579 298 584 300
582 298 587 300
585 298 590 299
588 298 593 299
607 298 613 298
616 298 620 299
621 298 622 298
627 298 632 299
630 298 635 299
633 298 638 299
635 298 641 299
641 298 646 299
559 301 567 307
562 301 570 304
565 301 572 304
568 301 575 304
576 301 582 303
579 301 585 303
582 301 587 302
585 301 590 302
590 301 595 300
599 301 602 299
602 301 605 299
630 301 635 302
638 301 643 300
579 304 585 306
582 304 588 305
585 304 590 305
588 304 593 303
602 304 605 302
604 304 608 302
610 304 614 301
613 304 617 301
621 304 626 304
627 304 632 304
633 304 638 304
562 306 571 309
568 306 576 307
571 306 579 306
573 306 581 307
579 306 586 308
582 306 589 308
588 306 594 306
596 306 602 306
599 306 606 305
607 306 611 305
610 306 614 305
613 306 617 305
616 306 620 306
619 306 623 306
621 306 626 306
624 306 629 307
630 306 635 307
638 306 644 307
568 309 576 310
571 309 579 310
573 309 582 309
579 309 586 311
585 309 591 309
588 309 594 309
590 309 596 309
593 309 599 309
599 309 605 308
602 309 608 308
610 309 615 310
613 309 618 309
616 309 621 309
619 309 624 310
621 309 627 310
624 309 630 309
627 309 633 309
630 309 635 309
635 309 641 310
638 309 644 310
565 312 570 313
571 312 579 312
573 312 582 312
582 312 588 312
585 312 592 311
588 312 594 312
590 312 597 312
593 312 599 312
596 312 602 313
610 312 616 312
613 312 618 313
616 312 621 312
619 312 624 312
621 312 627 312
624 312 629 312
627 312 632 312
630 312 635 313
565 315 571 315
568 315 577 316
573 315 582 315
582 315 587 315
585 315 591 315
588 315 594 315
590 315 597 315
610 315 615 315
613 315 618 315
616 315 621 315
619 315 624 315
621 315 627 315
624 315 629 315
627 315 632 315
630 315 635 315
635 315 638 315
