493 111 473 28
510 111 493 28
528 111 514 32
545 111 531 33
562 111 552 34
493 129 477 43
510 129 492 47
528 129 510 49
545 129 526 51
562 129 544 53
580 129 564 49
597 129 600 54
389 146 360 25
406 146 378 22
441 146 426 16
458 146 444 17
545 146 528 68
562 146 547 69
597 146 597 76
354 163 306 52
371 163 338 47
389 163 360 46
406 163 380 48
424 163 406 30
441 163 427 32
562 163 546 86
337 181 286 72
354 181 318 64
371 181 339 64
389 181 360 65
424 181 406 56
441 181 428 55
458 181 446 70
476 181 465 71
493 181 483 72
562 181 547 108
597 181 602 91
337 198 296 84
354 198 317 83
371 198 339 84
389 198 360 85
406 198 383 86
441 198 426 88
458 198 446 89
476 198 467 90
493 198 486 91
510 198 508 94
528 198 526 95
545 198 526 126
562 198 547 128
285 215 236 106
319 215 274 101
337 215 296 102
354 215 317 103
371 215 339 104
389 215 360 106
406 215 383 107
424 215 404 107
441 215 426 108
458 215 446 109
476 215 466 110
493 215 488 112
510 215 508 113
545 215 525 144
562 215 550 143
580 215 582 126
285 233 230 122
302 233 250 122
319 233 273 122
337 233 296 123
354 233 317 124
371 233 340 125
389 233 361 126
406 233 382 127
424 233 404 128
441 233 425 128
458 233 446 129
476 233 466 129
493 233 488 132
510 233 508 131
562 233 563 142
580 233 580 146
250 250 186 158
267 250 211 146
285 250 233 150
302 250 252 145
319 250 274 143
337 250 296 145
354 250 318 145
371 250 340 145
389 250 362 146
406 250 383 147
424 250 404 147
441 250 426 149
458 250 446 149
476 250 468 148
493 250 487 151
510 250 498 165
528 250 514 165
545 250 533 164
562 250 561 160
233 267 164 177
267 267 212 172
285 267 234 172
302 267 253 168
319 267 277 168
337 267 298 165
354 267 318 166
371 267 341 166
389 267 362 166
406 267 383 167
424 267 406 169
441 267 425 169
458 267 447 169
493 267 483 176
528 267 514 178
545 267 541 178
562 267 561 176
215 285 156 197
233 285 175 194
250 285 195 193
267 285 214 196
302 285 252 189
319 285 276 190
337 285 297 186
354 285 319 186
371 285 340 186
389 285 362 185
406 285 384 188
424 285 404 188
441 285 426 189
458 285 447 189
476 285 466 190
493 285 486 195
528 285 523 197
198 302 145 227
215 302 150 215
233 302 174 215
267 302 218 217
285 302 240 221
302 302 260 213
319 302 277 212
337 302 297 210
354 302 320 209
371 302 341 209
389 302 364 210
406 302 384 208
424 302 405 208
441 302 427 209
458 302 447 210
476 302 467 212
493 302 486 213
510 302 504 216
528 302 523 216
545 302 541 217
267 319 220 242
285 319 237 239
319 319 278 232
337 319 298 232
354 319 318 232
371 319 343 232
389 319 364 233
406 319 385 231
424 319 407 230
441 319 427 230
458 319 446 230
493 319 485 234
510 319 504 237
528 319 523 236
267 337 221 260
285 337 236 256
302 337 263 260
337 337 299 257
354 337 321 254
371 337 342 254
406 337 384 253
424 337 405 253
441 337 426 252
458 337 446 250
493 337 480 259
510 337 498 258
528 337 516 261
250 354 203 277
267 354 217 280
285 354 247 277
302 354 264 279
319 354 281 277
337 354 302 277
354 354 321 276
371 354 342 277
389 354 361 275
406 354 382 275
424 354 403 275
441 354 424 273
458 354 445 270
493 354 480 278
510 354 496 278
545 354 539 278
562 354 557 278
233 371 181 299
250 371 198 294
267 371 217 298
285 371 247 297
302 371 265 297
319 371 284 298
337 371 302 298
354 371 323 298
371 371 343 297
389 371 361 298
406 371 383 297
424 371 402 296
441 371 423 294
458 371 445 293
476 371 465 294
510 371 496 297
528 371 516 303
545 371 539 297
562 371 557 294
233 389 179 316
250 389 194 315
285 389 249 312
302 389 265 317
319 389 281 315
337 389 302 315
354 389 322 315
371 389 346 317
389 389 364 317
406 389 383 316
476 389 465 312
493 389 477 316
510 389 495 316
545 389 535 314
562 389 557 314
215 406 165 339
233 406 177 335
250 406 197 329
302 406 267 335
319 406 283 334
337 406 300 333
354 406 317 333
371 406 334 332
389 406 364 336
406 406 384 335
424 406 401 335
441 406 421 335
458 406 442 333
476 406 462 331
493 406 475 337
510 406 497 335
528 406 520 333
545 406 539 331
562 406 557 331
233 424 181 352
250 424 210 351
267 424 231 353
285 424 246 350
302 424 264 352
319 424 282 352
354 424 317 351
371 424 337 353
389 424 362 354
406 424 382 354
424 424 401 352
441 424 419 352
458 424 440 356
476 424 461 350
493 424 475 354
510 424 497 352
528 424 519 351
545 424 540 350
562 424 557 352
233 441 189 377
250 441 200 367
267 441 227 367
285 441 264 387
302 441 279 383
319 441 300 372
354 441 322 374
371 441 341 372
389 441 363 371
406 441 382 369
424 441 402 371
441 441 420 372
458 441 440 375
476 441 458 373
493 441 476 374
528 441 520 369
545 441 539 369
562 441 556 372
250 458 210 390
267 458 246 405
285 458 260 405
371 458 341 389
389 458 363 389
406 458 382 387
424 458 403 386
441 458 421 390
458 458 440 389
476 458 458 389
493 458 479 387
528 458 521 387
545 458 539 387
285 476 264 421
302 476 418 477
354 476 331 406
371 476 347 405
389 476 369 417
406 476 387 404
493 476 476 404
545 476 539 405
