476 111 533 17
545 111 558 31
198 129 127 33
528 129 538 56
545 129 554 52
562 129 577 52
545 146 538 70
562 146 561 70
42 163 38 61
406 163 391 39
562 163 557 91
371 181 348 56
389 181 370 55
406 181 393 55
424 181 423 19
441 181 442 17
458 181 463 19
493 181 504 69
510 181 521 30
354 198 327 74
371 198 349 73
389 198 372 72
406 198 394 73
424 198 418 50
441 198 436 41
476 198 481 75
337 215 305 91
354 215 329 91
371 215 352 91
389 215 375 91
406 215 396 90
458 215 462 90
476 215 482 91
493 215 504 91
562 215 581 103
319 233 285 110
337 233 307 108
354 233 331 108
371 233 354 109
389 233 376 109
406 233 398 109
424 233 420 108
441 233 441 109
458 233 464 109
476 233 486 109
493 233 508 109
510 233 528 111
528 233 546 116
580 233 597 153
285 250 242 132
302 250 267 130
319 250 287 128
337 250 309 128
354 250 331 127
371 250 355 129
389 250 378 127
406 250 399 128
424 250 421 129
441 250 443 127
458 250 465 127
476 250 488 127
493 250 509 128
510 250 531 133
545 250 564 135
562 250 590 135
580 250 597 170
267 267 222 170
285 267 243 160
302 267 263 153
319 267 288 148
337 267 310 147
354 267 333 146
371 267 356 144
389 267 378 145
406 267 400 146
424 267 422 146
441 267 446 145
458 267 467 145
476 267 490 144
493 267 511 146
528 267 545 177
545 267 563 171
250 285 204 197
267 285 225 191
285 285 246 190
302 285 266 181
319 285 288 173
337 285 310 169
354 285 333 166
371 285 357 166
389 285 381 165
406 285 403 164
424 285 425 164
441 285 448 164
458 285 471 164
476 285 492 165
562 285 585 186
233 302 187 219
250 302 205 217
267 302 230 216
302 302 272 206
319 302 291 201
337 302 311 191
354 302 335 187
371 302 358 187
389 302 381 185
406 302 405 183
424 302 427 185
441 302 451 184
458 302 473 185
476 302 495 186
510 302 531 200
528 302 550 198
545 302 569 196
562 302 584 208
215 319 169 243
233 319 184 239
250 319 207 238
267 319 232 244
285 319 260 244
302 319 274 229
319 319 293 223
337 319 314 217
354 319 336 216
371 319 362 213
389 319 384 211
406 319 407 206
424 319 429 203
441 319 452 206
458 319 473 205
476 319 496 206
493 319 514 214
510 319 533 219
528 319 554 218
267 337 234 263
285 337 252 265
302 337 278 256
319 337 294 249
337 337 315 241
354 337 336 241
371 337 365 241
389 337 387 239
406 337 408 232
424 337 428 230
441 337 454 225
458 337 476 227
493 337 514 235
510 337 534 241
528 337 555 238
267 354 240 292
285 354 261 286
302 354 280 282
337 354 317 268
354 354 341 267
371 354 367 266
389 354 385 261
406 354 406 260
424 354 430 257
441 354 455 250
458 354 477 248
493 354 514 265
510 354 531 264
528 354 553 261
545 354 572 266
562 354 589 264
250 371 218 313
267 371 242 310
285 371 262 312
302 371 283 313
319 371 303 309
354 371 342 298
371 371 365 294
389 371 386 289
406 371 407 287
424 371 430 281
441 371 454 278
458 371 479 272
493 371 515 285
510 371 532 286
528 371 549 295
545 371 575 284
562 371 594 283
233 389 198 333
250 389 229 331
267 389 247 329
285 389 266 330
302 389 299 333
337 389 325 327
354 389 345 323
371 389 364 321
389 389 387 316
406 389 409 313
424 389 431 307
441 389 452 303
458 389 478 300
476 389 501 295
528 389 554 312
545 389 579 302
562 389 598 301
215 406 177 361
233 406 196 356
250 406 232 353
267 406 249 353
302 406 285 333
319 406 301 348
337 406 325 347
354 406 347 344
371 406 368 343
389 406 387 340
406 406 410 338
458 406 478 322
476 406 502 317
493 406 512 335
510 406 530 334
528 406 559 330
545 406 579 325
215 424 179 387
233 424 201 386
250 424 219 369
337 424 327 367
354 424 346 364
371 424 371 364
389 424 391 362
406 424 410 360
424 424 433 356
441 424 451 355
458 424 479 345
476 424 501 344
493 424 514 352
510 424 531 351
528 424 561 347
545 424 578 345
562 424 603 343
215 441 187 406
233 441 205 409
337 441 326 386
354 441 346 384
371 441 374 382
389 441 391 382
406 441 410 380
424 441 432 378
441 441 452 375
458 441 482 368
476 441 499 369
493 441 516 372
528 441 557 388
545 441 577 366
562 441 606 364
215 458 196 424
250 458 221 407
267 458 238 407
285 458 256 409
319 458 305 407
337 458 327 403
354 458 347 399
371 458 373 401
389 458 391 400
406 458 410 397
424 458 431 395
441 458 452 395
458 458 480 389
476 458 500 388
493 458 517 392
510 458 541 389
562 458 607 383
233 476 275 476
267 476 310 473
371 476 367 471
510 476 509 478
