493 146 479 31
510 146 496 31
528 146 516 29
545 146 544 27
562 146 562 28
580 146 580 25
389 163 358 16
510 163 496 53
528 163 514 52
562 163 556 49
580 163 579 47
371 181 334 36
389 181 356 36
406 181 377 36
424 181 404 23
441 181 425 23
458 181 447 23
528 181 522 71
562 181 555 72
580 181 583 62
597 181 602 78
354 198 313 56
371 198 334 56
389 198 356 57
406 198 379 58
424 198 403 50
441 198 424 47
458 198 444 60
476 198 465 61
545 198 538 92
337 215 287 79
354 215 313 79
371 215 335 79
389 215 358 79
406 215 379 80
458 215 444 81
476 215 466 83
493 215 488 84
545 215 531 110
562 215 558 114
580 215 592 93
319 233 267 98
337 233 289 98
354 233 309 97
371 233 335 99
389 233 357 103
406 233 381 102
424 233 402 102
441 233 423 101
458 233 445 103
476 233 467 103
493 233 488 105
510 233 510 105
545 233 532 129
580 233 580 134
285 250 225 121
302 250 244 119
319 250 267 119
337 250 289 119
354 250 314 121
371 250 335 122
389 250 357 121
406 250 378 123
424 250 400 125
441 250 423 123
458 250 445 123
476 250 468 125
493 250 488 124
510 250 508 126
545 250 531 149
580 250 595 109
267 267 209 145
285 267 226 145
302 267 245 144
319 267 268 140
337 267 290 141
354 267 314 142
371 267 336 141
389 267 358 142
406 267 380 143
424 267 402 144
441 267 424 144
458 267 445 145
476 267 466 145
493 267 489 146
510 267 507 147
528 267 512 158
545 267 533 161
233 285 164 175
250 285 184 172
267 285 205 169
285 285 230 168
302 285 248 166
319 285 270 165
337 285 290 164
354 285 312 165
371 285 336 165
389 285 358 163
406 285 380 164
424 285 403 165
441 285 424 165
458 285 445 166
476 285 466 166
510 285 506 177
528 285 524 175
545 285 540 175
562 285 567 166
198 302 131 195
215 302 146 192
233 302 166 193
250 302 193 189
267 302 212 191
302 302 251 189
319 302 270 186
337 302 292 185
354 302 313 186
371 302 336 186
389 302 357 185
406 302 379 186
424 302 402 186
441 302 423 186
458 302 445 187
476 302 466 186
510 302 505 192
528 302 523 191
545 302 545 192
562 302 567 179
215 319 150 214
233 319 170 213
250 319 194 211
267 319 218 215
285 319 240 215
302 319 252 212
319 319 276 211
337 319 294 209
354 319 316 210
371 319 339 209
389 319 359 207
406 319 380 207
424 319 403 208
441 319 424 208
458 319 445 208
476 319 466 208
493 319 485 211
510 319 505 212
528 319 524 210
267 337 220 233
285 337 238 235
302 337 255 232
319 337 274 230
337 337 295 231
354 337 313 231
371 337 338 230
389 337 361 231
406 337 383 229
424 337 404 230
441 337 424 228
458 337 445 229
476 337 465 229
493 337 482 231
510 337 506 232
528 337 524 231
267 354 224 254
285 354 247 246
302 354 263 253
337 354 297 251
354 354 320 252
371 354 342 252
389 354 359 250
406 354 383 252
424 354 403 251
441 354 425 250
458 354 445 250
493 354 481 253
510 354 498 253
528 354 517 265
545 354 539 255
250 371 211 266
267 371 225 273
285 371 251 270
302 371 266 270
319 371 282 271
354 371 322 272
371 371 342 271
389 371 361 271
406 371 382 271
424 371 402 271
441 371 423 270
458 371 443 269
493 371 485 272
545 371 540 273
562 371 558 271
233 389 182 298
250 389 200 298
302 389 262 296
319 389 284 290
337 389 304 291
354 389 324 293
371 389 343 291
389 389 363 291
406 389 384 292
424 389 403 291
441 389 423 290
458 389 444 290
476 389 465 290
510 389 497 290
528 389 516 299
545 389 540 292
562 389 559 289
580 389 577 285
233 406 183 318
250 406 213 317
354 406 325 312
371 406 346 311
389 406 365 310
406 406 384 309
424 406 403 309
458 406 444 310
476 406 465 310
493 406 479 311
528 406 517 317
545 406 541 310
562 406 560 307
215 424 165 331
233 424 199 339
250 424 218 332
285 424 269 334
302 424 248 334
337 424 301 335
354 424 323 333
371 424 339 331
389 424 367 330
406 424 384 328
424 424 404 326
441 424 423 325
510 424 496 325
528 424 521 330
562 424 559 326
215 441 167 350
233 441 195 354
250 441 217 353
319 441 265 355
354 441 322 353
371 441 339 349
389 441 364 348
406 441 383 347
424 441 403 347
441 441 424 341
458 441 442 341
476 441 458 349
493 441 480 347
528 441 521 348
562 441 559 347
233 458 196 367
250 458 215 372
267 458 236 366
319 458 286 370
354 458 333 370
371 458 348 368
389 458 365 366
406 458 384 364
424 458 404 363
441 458 421 357
458 458 439 373
476 458 457 369
493 458 480 365
528 458 520 365
545 458 541 366
562 458 559 367
233 476 232 409
250 476 214 386
267 476 231 386
354 476 336 391
371 476 350 389
389 476 368 386
406 476 386 385
424 476 408 388
441 476 423 389
458 476 439 390
493 476 477 387
