468 230 468 236
457 233 458 240
468 233 468 239
471 233 471 240
474 233 476 241
477 233 479 242
419 236 424 237
422 236 427 237
425 236 430 237
463 236 464 243
477 236 479 245
414 239 419 237
438 239 444 243
446 239 450 243
449 239 453 244
452 239 456 244
455 239 459 244
457 239 462 244
468 239 470 247
471 239 472 247
474 239 475 247
477 239 478 247
414 241 419 240
416 241 423 241
433 241 435 244
435 241 437 245
438 241 444 245
441 241 446 245
444 241 449 245
449 241 452 246
452 241 456 247
455 241 459 247
457 241 461 247
460 241 464 247
463 241 467 247
471 241 473 250
479 241 482 251
419 244 424 244
427 244 432 247
430 244 438 247
435 244 441 247
438 244 444 247
463 244 466 249
444 247 455 252
446 247 458 252
455 247 461 252
471 247 472 253
479 247 482 259
425 250 441 251
427 250 443 251
430 250 446 251
438 250 454 254
446 250 457 254
452 250 460 255
400 252 417 254
422 252 437 254
425 252 439 254
479 252 481 262
397 255 414 256
400 255 417 257
405 255 423 257
408 255 428 256
427 255 442 259
471 255 469 256
435 258 451 268
446 258 456 261
474 258 474 269
477 258 477 268
479 258 481 266
397 261 412 265
433 261 447 271
435 261 450 272
446 261 457 264
449 261 460 264
455 261 463 264
477 261 477 271
400 263 416 265
403 263 420 263
405 263 424 269
408 263 428 269
425 263 424 267
435 263 450 275
446 263 456 267
452 263 460 267
403 266 419 266
405 266 424 272
455 266 474 276
457 266 476 277
460 266 479 277
394 269 412 271
403 269 419 269
444 269 453 281
457 269 476 279
427 272 427 273
455 272 473 282
460 272 478 283
482 272 482 271
422 274 421 275
425 274 423 276
427 274 426 282
433 274 444 274
449 274 467 282
482 274 482 273
403 277 418 282
422 277 420 279
425 277 423 279
430 277 429 279
449 277 467 285
452 277 470 285
477 277 478 298
482 277 481 277
400 280 415 285
403 280 417 285
427 280 434 294
430 280 429 287
433 280 437 294
444 280 447 298
446 280 450 298
449 280 466 288
452 280 469 288
455 280 472 288
477 280 477 300
485 280 487 280
403 282 417 288
419 282 415 271
425 282 423 287
430 282 428 290
433 282 437 297
435 282 439 297
444 282 461 289
449 282 465 290
452 282 469 291
466 282 468 303
485 282 488 283
400 285 415 283
427 285 434 299
430 285 428 293
441 285 457 290
452 285 466 292
485 285 484 289
425 288 421 295
438 288 452 293
441 288 457 294
444 288 460 294
449 288 463 295
383 291 384 292
427 291 425 298
433 291 442 295
441 291 455 295
452 291 466 297
455 291 469 297
460 291 471 296
463 291 474 296
479 291 474 273
482 291 479 274
430 293 436 306
441 293 454 298
446 293 460 299
449 293 463 299
452 293 466 300
455 293 465 301
460 293 471 299
378 296 378 298
381 296 382 289
403 296 411 298
438 296 451 300
441 296 455 300
444 296 457 301
449 296 462 302
466 296 473 302
479 296 486 303
482 296 489 303
485 296 492 303
441 299 453 303
446 299 456 305
449 299 459 305
452 299 462 305
466 299 473 305
482 299 489 306
485 299 492 307
378 302 378 301
411 302 422 304
414 302 427 304
433 302 445 303
435 302 448 304
438 302 450 304
446 302 457 307
449 302 459 307
452 302 462 307
474 302 479 309
477 302 483 308
482 302 489 309
411 304 424 308
414 304 427 308
433 304 444 306
435 304 447 307
438 304 450 307
466 304 473 309
474 304 480 311
378 307 378 307
392 307 393 306
435 307 447 310
438 307 449 310
444 307 453 310
446 307 456 309
455 307 462 310
457 307 464 310
460 307 468 310
463 307 470 311
468 307 473 311
471 307 477 311
477 307 482 313
479 307 485 313
378 310 378 309
389 310 389 310
405 310 398 310
408 310 401 310
419 310 431 310
422 310 433 310
444 310 453 312
446 310 456 312
449 310 459 312
455 310 461 313
457 310 464 313
460 310 467 313
463 310 470 313
468 310 474 314
471 310 477 314
474 310 479 315
477 310 482 315
479 310 485 315
493 310 494 319
378 313 378 312
386 313 386 313
397 313 395 310
419 313 420 313
446 313 453 315
455 313 459 316
457 313 461 316
460 313 465 316
463 313 468 316
466 313 471 316
468 313 474 317
471 313 476 317
474 313 479 318
477 313 481 318
378 315 378 316
383 315 383 315
394 315 389 314
403 315 408 317
411 315 415 315
414 315 418 316
419 315 421 316
435 315 444 317
438 315 446 318
444 315 450 318
446 315 452 318
452 315 455 317
455 315 458 318
457 315 461 318
460 315 464 318
463 315 468 319
466 315 471 319
468 315 473 319
471 315 476 320
474 315 479 320
477 315 481 321
482 315 484 321
383 318 383 318
400 318 406 320
411 318 415 318
414 318 418 318
416 318 423 316
425 318 432 317
427 318 435 317
430 318 438 318
441 318 446 321
444 318 452 321
463 318 467 321
466 318 470 322
468 318 473 322
471 318 475 323
474 318 478 323
477 318 480 323
386 321 386 315
411 321 415 320
425 321 432 319
427 321 434 320
430 321 437 320
441 321 445 324
452 321 456 322
455 321 459 323
466 321 472 326
471 321 475 325
394 324 394 325
397 324 396 325
414 324 417 321
422 324 427 322
425 324 431 322
427 324 434 323
430 324 437 323
452 324 455 325
455 324 458 325
457 324 461 325
466 324 469 327
383 326 380 321
386 326 383 321
397 326 396 328
400 326 399 328
411 326 414 324
416 326 421 325
419 326 424 325
425 326 430 325
427 326 433 326
435 326 440 326
438 326 443 327
441 326 446 326
449 326 451 327
452 326 455 328
455 326 458 328
457 326 460 328
460 326 463 328
490 326 488 323
493 326 492 325
392 329 388 327
394 329 391 327
411 329 415 327
414 329 418 328
419 329 424 328
425 329 430 328
430 329 435 329
433 329 437 329
435 329 440 329
438 329 443 330
441 329 446 330
449 329 451 330
452 329 454 330
463 329 466 331
482 329 481 327
485 329 484 328
488 329 487 328
490 329 489 328
493 329 493 329
386 332 382 330
394 332 393 330
405 332 409 330
414 332 418 330
416 332 421 331
419 332 424 331
425 332 429 331
430 332 434 331
433 332 437 331
435 332 440 332
438 332 443 332
441 332 446 332
444 332 449 332
446 332 451 333
449 332 454 333
455 332 457 333
477 332 477 332
485 332 484 330
488 332 486 330
490 332 490 331
378 335 378 332
397 335 399 332
400 335 402 332
403 335 406 332
405 335 409 332
419 335 423 334
422 335 426 334
425 335 429 334
427 335 432 334
430 335 434 334
433 335 436 334
435 335 439 334
438 335 442 334
441 335 445 335
444 335 448 336
446 335 451 335
463 335 468 335
471 335 471 335
474 335 474 334
477 335 476 335
479 335 479 335
485 335 483 333
488 335 486 333
493 335 493 334
403 337 398 337
414 337 419 337
419 337 422 337
422 337 425 337
425 337 428 337
427 337 431 337
430 337 433 337
433 337 436 337
435 337 439 337
438 337 442 337
441 337 444 337
460 337 459 337
463 337 462 337
466 337 465 337
468 337 468 337
471 337 471 337
474 337 474 337
477 337 476 337
479 337 479 337
482 337 482 337
485 337 486 337
