556 199 556 214
565 205 551 225
568 205 553 225
540 211 562 214
559 211 551 231
576 211 589 218
540 213 558 217
548 213 564 221
540 216 558 221
599 227 599 219
593 230 595 222
596 230 598 222
571 236 564 227
573 236 567 228
568 239 563 230
573 239 566 230
540 244 593 285
542 247 596 287
593 247 612 233
537 250 543 239
540 250 546 240
559 250 568 234
537 253 545 252
540 253 548 253
540 256 544 258
596 258 618 262
562 261 571 246
588 261 611 264
593 261 586 262
556 264 557 254
576 264 556 265
593 264 586 264
610 264 625 260
571 267 551 267
579 267 610 273
579 270 610 277
593 273 616 277
545 278 562 287
633 281 629 275
556 284 556 292
559 284 558 292
568 284 561 290
571 284 564 289
573 284 567 289
630 284 629 279
638 284 635 280
568 287 563 292
579 287 573 294
635 287 631 282
638 287 637 286
641 287 639 287
556 290 554 295
559 290 557 295
565 290 560 295
568 290 563 295
576 290 571 294
607 290 602 285
610 290 605 285
633 290 630 285
638 290 637 290
641 290 639 290
644 290 642 290
551 292 548 294
554 292 551 298
565 292 561 298
573 292 569 297
576 292 572 298
607 292 602 288
627 292 627 288
633 292 631 288
635 292 634 289
641 292 639 293
644 292 642 293
647 292 645 293
562 295 559 301
568 295 564 300
571 295 567 300
573 295 569 300
576 295 573 300
579 295 576 301
582 295 579 301
585 295 581 301
590 295 586 292
610 295 606 289
633 295 630 291
635 295 633 291
644 295 641 296
647 295 644 296
571 298 566 303
573 298 569 303
576 298 573 303
579 298 576 303
588 298 583 292
630 298 627 294
635 298 636 298
565 301 563 305
571 301 566 305
573 301 569 305
633 301 629 296
635 301 632 296
568 304 565 308
571 304 568 309
573 304 571 309
576 304 574 309
590 304 587 308
593 304 590 305
604 304 600 306
647 304 642 300
571 306 568 311
579 306 577 310
582 306 580 311
590 306 587 311
593 306 590 311
624 306 625 304
641 306 637 303
644 306 640 303
562 309 561 311
573 309 571 313
576 309 574 313
579 309 577 313
582 309 580 314
585 309 582 314
599 309 596 309
604 309 599 310
641 309 637 306
644 309 640 306
571 312 568 315
573 312 571 316
588 312 586 314
593 312 589 315
604 312 611 314
610 312 605 313
616 312 618 312
638 312 637 308
644 312 640 308
647 312 643 309
565 315 564 315
579 315 573 316
599 315 595 316
604 315 599 316
610 315 614 316
613 315 617 316
621 315 621 315
624 315 624 315
641 315 639 311
