593 219 569 210
585 222 552 216
588 222 555 215
590 222 558 216
635 222 615 215
585 225 553 218
588 225 561 216
621 225 601 215
624 225 604 216
627 225 607 216
630 225 610 217
551 227 538 228
571 227 544 227
596 227 581 216
621 227 601 218
624 227 604 218
627 227 607 218
576 233 549 223
579 233 551 223
582 233 555 222
562 236 541 236
576 236 549 225
588 236 567 233
633 236 613 226
585 239 565 236
588 239 567 236
633 244 607 224
602 250 559 233
635 250 610 229
638 250 613 229
638 253 613 232
616 256 576 235
621 256 608 255
633 256 609 231
638 256 613 235
621 258 607 257
579 261 553 239
556 270 545 262
562 270 548 265
573 270 559 253
602 270 599 241
537 273 530 266
551 273 541 265
576 273 561 254
579 273 564 253
582 273 567 253
602 273 599 243
556 275 545 269
573 275 558 257
576 275 561 256
579 275 564 256
588 275 562 247
590 275 564 247
638 275 617 243
537 278 530 274
540 278 533 274
596 278 573 250
602 278 573 247
630 278 607 246
638 278 636 277
537 281 531 277
542 281 537 277
596 281 579 259
528 284 528 280
531 284 528 285
542 284 537 283
545 284 540 282
554 284 568 298
579 284 568 270
599 284 576 253
602 284 579 253
616 284 593 255
641 284 640 285
537 287 534 285
540 287 536 285
545 287 540 285
542 290 537 289
545 290 540 288
630 290 632 292
644 290 642 289
531 292 530 294
537 292 533 290
542 292 537 290
545 292 539 291
551 292 539 280
554 292 542 282
568 292 556 280
573 292 560 279
588 292 576 270
621 292 622 295
630 292 631 295
633 292 634 295
644 292 642 292
647 292 646 292
542 295 540 297
562 295 550 283
565 295 553 282
568 295 556 282
573 295 560 281
579 295 565 279
582 295 568 279
585 295 573 281
590 295 576 280
619 295 621 297
621 295 623 298
630 295 632 297
647 295 646 295
540 298 537 299
542 298 540 299
545 298 543 300
562 298 550 285
565 298 553 285
568 298 556 285
576 298 563 283
579 298 565 282
582 298 568 282
599 298 596 296
619 298 621 300
621 298 625 300
627 298 629 300
630 298 632 301
633 298 634 301
638 298 640 302
641 298 643 303
647 298 646 298
540 301 537 302
542 301 541 303
548 301 545 302
554 301 545 290
562 301 551 290
568 301 556 287
576 301 563 285
582 301 568 285
585 301 571 285
596 301 600 293
616 301 617 303
621 301 623 303
627 301 629 303
630 301 632 303
633 301 634 304
638 301 640 305
641 301 643 305
644 301 646 305
647 301 646 301
545 304 543 305
590 304 588 302
596 304 596 304
599 304 599 304
602 304 602 304
621 304 623 306
630 304 632 306
633 304 635 307
635 304 637 307
644 304 646 309
647 304 646 303
585 306 585 304
588 306 588 304
593 306 593 306
596 306 596 307
599 306 599 307
602 306 602 307
604 306 605 307
630 306 632 309
633 306 635 309
635 306 637 309
638 306 640 310
641 306 642 310
644 306 646 312
647 306 648 312
548 309 543 308
579 309 578 307
582 309 581 306
585 309 585 308
590 309 591 309
593 309 594 310
596 309 597 310
599 309 600 310
602 309 603 310
604 309 606 310
610 309 611 310
616 309 616 310
619 309 619 310
624 309 623 310
627 309 628 311
630 309 631 311
633 309 634 312
635 309 637 312
638 309 640 312
641 309 643 312
548 312 545 311
579 312 578 311
582 312 582 310
585 312 585 311
588 312 588 311
590 312 591 311
593 312 594 312
596 312 597 313
599 312 600 313
602 312 603 313
604 312 606 313
607 312 608 313
610 312 611 313
616 312 617 313
621 312 621 313
624 312 623 313
635 312 636 314
638 312 640 315
641 312 643 315
551 315 546 313
576 315 574 315
579 315 577 314
582 315 582 314
585 315 585 314
588 315 588 315
590 315 591 315
593 315 594 315
596 315 597 315
599 315 600 315
602 315 603 315
604 315 606 315
607 315 608 315
610 315 611 315
613 315 614 315
616 315 617 315
619 315 619 315
624 315 623 315
627 315 626 315
630 315 629 315
633 315 632 315
644 315 646 315
