433 225 443 224
441 230 449 229
446 230 454 230
414 233 424 232
433 233 443 232
438 233 446 232
441 233 449 232
444 233 451 233
446 233 454 232
449 233 456 232
405 236 415 235
427 236 437 235
433 236 443 235
438 236 447 235
441 236 449 235
446 236 454 235
449 236 456 236
433 239 443 239
441 239 449 238
446 239 454 238
392 241 402 240
408 241 419 241
433 241 443 242
446 241 454 241
416 244 429 244
446 244 454 243
383 247 392 244
433 247 445 247
383 250 394 252
400 250 407 249
392 252 402 252
397 252 408 252
392 255 402 255
430 255 445 256
389 258 400 259
392 258 403 259
394 258 405 258
449 258 457 260
392 261 403 261
414 261 421 252
416 261 424 252
414 263 420 255
422 263 432 262
425 263 435 262
430 263 443 263
449 263 457 264
392 266 402 266
394 266 405 263
419 266 430 266
422 266 433 265
425 266 437 266
446 266 454 263
403 269 413 266
419 269 430 268
425 269 436 269
444 269 451 266
446 269 455 266
438 272 449 271
438 274 449 274
400 280 413 276
438 282 455 277
438 285 455 279
441 285 458 279
427 288 443 278
433 288 451 282
438 288 455 282
441 288 458 282
444 288 460 282
427 291 443 282
433 291 451 285
441 291 458 284
446 291 463 285
394 293 416 289
408 293 421 285
411 293 425 285
419 293 439 288
422 293 441 288
427 293 444 288
433 293 451 287
436 293 454 287
438 293 455 286
444 293 461 286
446 293 463 287
419 296 438 290
422 296 441 291
425 296 443 291
427 296 446 291
430 296 448 291
433 296 452 290
436 296 454 290
438 296 456 289
441 296 459 289
444 296 462 290
422 299 440 293
425 299 443 293
427 299 447 293
433 299 451 292
436 299 454 292
441 299 459 293
455 299 471 293
403 302 427 298
411 302 433 298
422 302 441 296
427 302 447 296
430 302 449 296
433 302 452 296
455 302 470 296
403 304 427 301
405 304 429 300
427 304 448 299
433 304 452 299
449 304 463 296
452 304 468 297
455 304 472 297
403 307 427 304
405 307 429 303
411 307 435 303
419 307 444 304
438 307 455 301
441 307 458 301
446 307 460 298
405 310 429 306
408 310 432 306
411 310 435 306
419 310 444 307
446 310 460 301
455 310 468 301
460 310 475 304
411 313 433 309
427 313 449 310
433 313 454 309
411 315 433 312
433 315 454 312
449 315 465 307
457 315 471 308
397 318 411 309
433 318 455 315
444 318 460 309
466 318 477 311
474 318 482 312
433 321 455 317
444 321 460 312
422 326 441 326
394 329 409 321
403 329 416 323
408 329 422 323
411 329 424 323
422 329 441 329
400 332 414 323
419 332 438 332
422 332 441 332
400 335 414 326
425 335 442 334
427 335 444 334
430 335 447 334
