427 228 459 237
433 228 464 237
438 228 471 237
441 228 474 237
405 230 438 239
408 230 442 239
411 230 445 239
414 230 447 239
416 230 450 239
419 230 453 239
430 230 462 239
433 230 465 239
438 230 471 239
441 230 474 239
381 233 424 237
405 233 439 241
408 233 442 241
411 233 445 241
414 233 448 241
416 233 451 241
419 233 453 242
422 233 457 241
444 233 476 242
394 236 437 243
405 236 440 244
408 236 442 244
411 236 445 244
414 236 448 244
416 236 451 244
425 236 456 244
430 236 459 244
433 236 465 244
436 236 468 243
438 236 471 243
441 236 473 243
392 239 434 245
394 239 437 245
422 239 450 247
427 239 453 248
433 239 465 246
436 239 469 246
441 239 471 245
386 241 425 249
392 241 420 251
408 241 437 251
416 241 448 250
422 241 451 249
433 241 468 248
441 241 471 248
444 241 476 248
408 244 437 253
419 244 460 250
425 244 428 258
433 244 468 252
441 244 474 249
383 247 417 261
425 247 463 252
436 247 467 255
441 247 474 250
419 250 423 263
422 250 460 255
400 252 435 271
408 252 442 285
430 252 469 258
436 252 471 258
430 255 469 261
436 255 472 260
438 255 473 265
446 255 481 265
392 258 429 279
392 261 430 283
427 261 455 264
427 263 455 267
430 263 458 267
452 263 484 270
430 266 458 270
436 266 470 269
446 266 482 282
397 269 437 294
400 269 439 294
430 269 458 272
383 272 425 297
430 272 458 275
433 274 461 275
381 280 404 290
430 280 451 282
425 282 456 284
427 282 455 276
438 282 461 280
441 282 464 280
444 282 467 280
430 285 451 288
436 285 459 284
438 285 462 283
446 285 470 283
433 288 456 289
436 288 459 287
438 288 487 280
436 291 459 290
444 291 491 282
433 293 456 293
436 293 459 293
433 296 454 296
386 304 413 278
468 304 426 309
466 307 465 287
452 310 487 314
381 313 405 300
452 313 487 317
468 318 470 327
455 321 438 318
411 324 436 329
449 324 432 317
452 324 435 320
455 324 438 320
466 324 468 306
438 326 450 327
452 326 435 323
455 326 438 322
438 329 451 330
446 329 430 323
452 329 461 329
457 329 465 330
438 332 425 323
441 332 427 323
468 332 442 328
474 332 472 312
457 335 465 334
468 335 442 331
449 337 483 337
455 337 462 337
