1.000000000000000000e+00 0.000000000000000000e+00 0.000000000000000000e+00 1.118196174502372742e-02
0.000000000000000000e+00 1.000000000000000000e+00 0.000000000000000000e+00 -6.161215156316757202e-02
0.000000000000000000e+00 0.000000000000000000e+00 1.000000000000000000e+00 -6.309888362884521484e-01
0.000000000000000000e+00 0.000000000000000000e+00 0.000000000000000000e+00 1.000000000000000000e+00
9.928059577941894531e-01 -3.235201537609100342e-02 -1.152810454368591309e-01 7.341971248388290405e-02
3.136344999074935913e-02 9.994541406631469727e-01 -1.037928555160760880e-02 -5.743977054953575134e-02
1.155539005994796753e-01 6.689011584967374802e-03 9.932786822319030762e-01 -6.163798570632934570e-01
0.000000000000000000e+00 0.000000000000000000e+00 0.000000000000000000e+00 1.000000000000000000e+00
9.433656930923461914e-01 -1.245040372014045715e-01 -3.075059056282043457e-01 1.744286417961120605e-01
1.057173684239387512e-01 9.914039969444274902e-01 -7.708355784416198730e-02 -2.007562853395938873e-02
3.144598007202148438e-01 4.020924493670463562e-02 9.484187960624694824e-01 -5.900430083274841309e-01
0.000000000000000000e+00 0.000000000000000000e+00 0.000000000000000000e+00 1.000000000000000000e+00
9.628221392631530762e-01 -1.898502558469772339e-02 -2.694683969020843506e-01 1.480349451303482056e-01
2.678062021732330322e-02 9.993216395378112793e-01 2.528247237205505371e-02 -7.081481814384460449e-02
2.688055932521820068e-01 -3.155905008316040039e-02 9.626772999763488770e-01 -5.922163128852844238e-01
0.000000000000000000e+00 0.000000000000000000e+00 0.000000000000000000e+00 1.000000000000000000e+00
9.699770808219909668e-01 -7.228318601846694946e-02 -2.322054058313369751e-01 1.273836195468902588e-01
8.262414485216140747e-02 9.959621429443359375e-01 3.510759025812149048e-02 -7.613888382911682129e-02
2.287300825119018555e-01 -5.323937535285949707e-02 9.720329046249389648e-01 -5.916995406150817871e-01
0.000000000000000000e+00 0.000000000000000000e+00 0.000000000000000000e+00 1.000000000000000000e+00
9.000894427299499512e-01 -5.466000363230705261e-02 -4.322628676891326904e-01 2.282684296369552612e-01
5.191299691796302795e-02 9.984864592552185059e-01 -1.816239394247531891e-02 -4.037425294518470764e-02
4.326013624668121338e-01 -6.092296913266181946e-03 9.015646576881408691e-01 -5.504081249237060547e-01
0.000000000000000000e+00 0.000000000000000000e+00 0.000000000000000000e+00 1.000000000000000000e+00
8.286602497100830078e-01 -8.256903290748596191e-02 -5.536282658576965332e-01 2.890788018703460693e-01
5.457000061869621277e-02 9.962659478187561035e-01 -6.690537184476852417e-02 -1.378899719566106796e-02
5.570853352546691895e-01 2.523029595613479614e-02 8.300718069076538086e-01 -5.121955871582031250e-01
0.000000000000000000e+00 0.000000000000000000e+00 0.000000000000000000e+00 1.000000000000000000e+00
7.669786810874938965e-01 -1.375916749238967896e-01 -6.267470717430114746e-01 3.277550637722015381e-01
8.534982055425643921e-02 9.899364113807678223e-01 -1.128772348165512085e-01 8.641802705824375153e-03
6.359707117080688477e-01 3.308162093162536621e-02 7.710035443305969238e-01 -4.804653227329254150e-01
0.000000000000000000e+00 0.000000000000000000e+00 0.000000000000000000e+00 1.000000000000000000e+00
6.888903975486755371e-01 -2.474871128797531128e-01 -6.813073754310607910e-01 3.616562187671661377e-01
1.563854366540908813e-01 9.685180783271789551e-01 -1.936912238597869873e-01 4.797659069299697876e-02
7.077946066856384277e-01 2.688536420464515686e-02 7.059062123298645020e-01 -4.430464506149291992e-01
0.000000000000000000e+00 0.000000000000000000e+00 0.000000000000000000e+00 1.000000000000000000e+00
5.225250720977783203e-01 -3.333874940872192383e-01 -7.847421765327453613e-01 4.080429971218109131e-01
1.754159331321716309e-01 9.427304267883300781e-01 -2.837050259113311768e-01 8.956952393054962158e-02
8.343840241432189941e-01 1.058667618781328201e-02 5.510817766189575195e-01 -3.641924560070037842e-01
0.000000000000000000e+00 0.000000000000000000e+00 0.000000000000000000e+00 1.000000000000000000e+00
5.101777911186218262e-01 -2.314708381891250610e-01 -8.283355236053466797e-01 4.175713062286376953e-01
1.257136017084121704e-01 9.728292822837829590e-01 -1.944203972816467285e-01 4.443073272705078125e-02
8.508316874504089355e-01 -4.944111220538616180e-03 5.254148840904235840e-01 -3.518464267253875732e-01
0.000000000000000000e+00 0.000000000000000000e+00 0.000000000000000000e+00 1.000000000000000000e+00
4.581065773963928223e-01 -1.234105601906776428e-01 -8.802887201309204102e-01 4.284991323947906494e-01
1.455255299806594849e-01 9.873663187026977539e-01 -6.268991529941558838e-02 -1.741529069840908051e-02
8.769040703773498535e-01 -9.938582032918930054e-02 4.702784121036529541e-01 -3.189298808574676514e-01
0.000000000000000000e+00 0.000000000000000000e+00 0.000000000000000000e+00 1.000000000000000000e+00
4.146057963371276855e-01 2.811906114220619202e-02 -9.095664024353027344e-01 4.345716536045074463e-01
8.667612820863723755e-02 9.937579035758972168e-01 7.023120671510696411e-02 -7.014418393373489380e-02
9.058636426925659180e-01 -1.079559698700904846e-01 4.095805883407592773e-01 -2.899684011936187744e-01
0.000000000000000000e+00 0.000000000000000000e+00 0.000000000000000000e+00 1.000000000000000000e+00
6.068531274795532227e-01 -2.849417366087436676e-02 -7.943028211593627930e-01 3.912733793258666992e-01
9.147677570581436157e-02 9.952201843261718750e-01 3.418715298175811768e-02 -5.657907947897911072e-02
7.895320653915405273e-01 -9.340687096118927002e-02 6.065590381622314453e-01 -3.569415211677551270e-01
0.000000000000000000e+00 0.000000000000000000e+00 0.000000000000000000e+00 1.000000000000000000e+00
5.452076792716979980e-01 -6.290467828512191772e-02 -8.359373211860656738e-01 4.081585705280303955e-01
7.384302467107772827e-02 9.969081878662109375e-01 -2.685656771063804626e-02 -2.876478806138038635e-02
8.350421786308288574e-01 -4.708575829863548279e-02 5.481671094894409180e-01 -3.206716477870941162e-01
0.000000000000000000e+00 0.000000000000000000e+00 0.000000000000000000e+00 1.000000000000000000e+00
