129 129 46 39
146 129 66 38
163 129 96 31
111 146 38 59
129 146 58 57
146 146 83 55
458 146 422 10
493 146 481 4
94 163 35 80
129 163 75 76
181 163 128 69
198 163 147 66
424 163 393 32
441 163 413 29
111 181 78 95
528 181 536 33
458 198 448 26
510 198 513 70
528 198 530 60
545 198 547 53
562 198 581 51
614 198 639 38
406 215 382 76
424 215 410 69
458 215 448 42
476 215 470 38
493 215 490 33
528 215 544 87
545 215 564 80
580 215 591 68
597 215 618 65
614 215 639 59
371 233 346 102
389 233 370 93
406 233 393 90
424 233 412 86
458 233 453 66
476 233 474 61
562 233 576 94
580 233 594 91
597 233 619 88
614 233 640 80
354 250 330 117
371 250 351 114
389 250 372 110
406 250 395 109
424 250 415 106
493 250 498 95
562 250 576 117
580 250 596 112
597 250 615 108
614 250 641 95
319 267 291 141
337 267 310 138
354 267 332 134
371 267 354 131
389 267 375 130
406 267 398 127
424 267 418 124
441 267 439 121
458 267 460 117
476 267 480 115
493 267 501 112
510 267 522 111
528 267 542 108
562 267 579 135
580 267 599 132
597 267 619 129
614 267 638 130
302 285 277 165
319 285 293 160
337 285 314 156
354 285 335 154
371 285 357 150
389 285 376 147
406 285 397 145
424 285 420 143
441 285 441 140
458 285 461 137
476 285 482 134
493 285 504 132
510 285 525 129
528 285 546 126
562 285 581 154
580 285 600 153
597 285 622 151
614 285 640 151
250 302 227 211
285 302 267 192
302 302 283 189
319 302 300 182
337 302 319 176
354 302 337 172
371 302 357 170
389 302 379 166
406 302 401 163
424 302 422 161
441 302 444 159
458 302 464 155
476 302 485 152
493 302 506 149
510 302 527 148
528 302 549 147
545 302 566 154
562 302 582 174
580 302 601 170
597 302 623 167
267 319 252 220
285 319 273 214
319 319 305 203
337 319 324 199
354 319 341 193
371 319 362 188
389 319 382 184
406 319 402 182
424 319 425 180
441 319 446 177
458 319 466 173
476 319 487 171
493 319 509 169
510 319 530 167
545 319 566 174
597 319 624 186
233 337 221 242
250 337 238 240
267 337 258 238
285 337 277 234
319 337 308 222
337 337 327 219
354 337 345 214
371 337 366 209
389 337 385 205
406 337 406 201
424 337 427 199
441 337 450 195
458 337 469 193
476 337 491 191
493 337 512 188
510 337 533 187
545 337 567 196
562 337 590 192
580 337 611 189
250 354 250 253
267 354 268 263
285 354 292 258
319 354 315 243
337 354 331 238
354 354 349 233
371 354 370 230
389 354 389 226
406 354 410 222
424 354 430 218
441 354 452 216
458 354 472 212
476 354 493 210
493 354 514 207
510 354 536 206
562 354 600 206
250 371 260 290
267 371 273 282
285 371 293 277
319 371 319 263
337 371 335 258
354 371 354 253
371 371 373 250
389 371 394 247
406 371 413 243
424 371 434 240
441 371 455 236
458 371 475 232
476 371 497 229
493 371 516 227
510 371 538 227
528 371 558 228
545 371 578 225
562 371 597 223
250 389 264 307
267 389 277 298
285 389 300 292
319 389 323 284
337 389 339 278
354 389 358 274
371 389 379 271
389 389 398 268
406 389 417 264
424 389 439 262
441 389 458 255
458 389 479 252
476 389 499 249
493 389 519 248
510 389 539 248
528 389 561 249
545 389 580 244
562 389 599 241
233 406 251 325
250 406 262 320
267 406 284 318
285 406 300 317
302 406 317 308
389 406 404 287
406 406 426 285
424 406 444 282
441 406 462 277
458 406 480 272
476 406 500 270
510 406 542 272
528 406 562 267
545 406 580 264
285 424 305 340
302 424 324 332
319 424 341 324
337 424 356 320
354 424 373 315
371 424 391 311
389 424 408 308
406 424 427 305
424 424 445 302
441 424 465 297
458 424 484 293
476 424 504 288
493 424 526 286
510 424 545 291
528 424 563 289
545 424 580 293
562 424 601 285
580 424 618 279
233 441 239 373
250 441 257 367
302 441 333 352
319 441 342 342
354 441 377 332
371 441 395 330
389 441 413 327
406 441 430 324
424 441 450 320
441 441 470 315
458 441 486 312
476 441 506 309
493 441 527 305
510 441 548 309
528 441 564 307
545 441 581 314
562 441 604 302
580 441 623 296
597 441 640 295
198 458 221 371
215 458 244 398
250 458 304 412
337 458 364 353
354 458 382 350
371 458 399 348
389 458 416 345
406 458 435 341
424 458 454 338
441 458 472 335
458 458 490 330
476 458 509 328
493 458 529 324
528 458 565 327
545 458 585 330
562 458 606 319
580 458 626 314
597 458 643 311
198 476 249 438
319 476 371 478
371 476 408 368
389 476 423 366
406 476 440 363
424 476 458 356
458 476 495 350
476 476 512 346
493 476 534 340
545 476 588 349
562 476 609 339
580 476 628 333
597 476 646 337
