59 129 33 120
493 129 477 115
77 146 52 138
441 146 427 130
458 146 444 131
476 146 459 132
493 146 473 137
528 146 510 133
545 146 529 133
94 163 72 156
146 163 123 154
181 163 160 154
424 163 409 147
441 163 425 149
458 163 443 149
476 163 459 149
493 163 473 155
528 163 509 149
562 163 545 149
580 163 560 148
59 181 38 173
424 181 409 167
476 181 456 171
580 181 559 164
597 181 578 166
406 198 393 185
424 198 408 185
510 198 496 182
597 198 578 181
614 198 595 182
406 215 389 205
424 215 407 205
458 215 440 208
562 215 547 195
597 215 582 200
371 233 359 221
389 233 374 223
406 233 391 223
424 233 408 222
441 233 424 223
458 233 441 224
476 233 458 224
510 233 497 220
545 233 532 214
354 250 339 242
371 250 356 241
389 250 374 241
406 250 390 241
424 250 407 240
493 250 476 239
580 250 566 230
597 250 581 229
614 250 597 228
337 267 320 260
354 267 338 259
371 267 356 260
389 267 373 259
406 267 391 258
424 267 408 258
441 267 424 257
476 267 459 257
493 267 477 256
510 267 494 256
528 267 511 255
580 267 566 248
302 285 288 277
319 285 305 278
337 285 321 278
354 285 339 278
371 285 356 277
389 285 373 276
406 285 390 276
424 285 407 275
441 285 425 275
458 285 442 274
476 285 459 274
493 285 477 274
510 285 494 273
528 285 512 273
580 285 566 264
267 302 255 294
285 302 272 295
302 302 289 295
319 302 306 295
337 302 324 295
371 302 355 295
389 302 373 294
406 302 391 293
424 302 407 293
441 302 426 293
458 302 442 292
476 302 459 291
493 302 476 291
510 302 493 290
528 302 512 290
580 302 566 280
233 319 220 314
250 319 237 312
267 319 255 311
319 319 306 312
337 319 324 313
354 319 340 312
371 319 357 312
389 319 374 311
406 319 390 311
424 319 408 311
441 319 425 310
458 319 442 309
476 319 459 308
493 319 476 309
510 319 494 308
562 319 549 299
597 319 583 295
215 337 204 331
233 337 221 330
250 337 238 330
267 337 256 329
319 337 306 329
337 337 324 329
354 337 341 330
371 337 358 330
389 337 374 329
406 337 391 328
424 337 408 328
441 337 426 327
458 337 443 327
476 337 460 327
493 337 476 326
510 337 493 325
580 337 565 315
319 354 307 346
337 354 325 346
354 354 341 346
371 354 359 346
389 354 374 345
406 354 391 345
424 354 408 345
441 354 426 346
458 354 443 344
476 354 459 344
493 354 476 343
510 354 493 341
580 354 563 335
250 371 241 358
267 371 258 360
285 371 275 359
337 371 325 362
354 371 342 362
371 371 360 362
389 371 375 361
406 371 393 361
424 371 409 362
441 371 426 361
458 371 442 361
476 371 460 360
493 371 477 359
510 371 495 357
528 371 511 358
545 371 528 356
562 371 544 356
580 371 565 349
285 389 275 378
337 389 325 379
354 389 342 378
424 389 411 378
441 389 427 377
458 389 444 379
476 389 459 377
371 406 360 394
389 406 377 393
406 406 395 393
441 406 427 394
528 406 512 390
545 406 528 389
250 424 246 411
319 424 311 410
337 424 327 410
354 424 344 410
371 424 361 410
389 424 378 410
406 424 394 410
424 424 410 410
458 424 444 410
476 424 459 408
493 424 476 409
528 424 512 405
545 424 531 402
562 424 547 404
215 441 210 428
319 441 311 426
337 441 328 426
354 441 344 426
371 441 361 426
389 441 378 426
406 441 394 425
441 441 429 426
458 441 443 426
476 441 461 426
493 441 476 425
528 441 512 420
562 441 546 420
580 441 562 420
215 458 214 448
337 458 328 444
371 458 362 443
389 458 379 443
406 458 396 442
424 458 412 442
458 458 446 441
493 458 477 441
528 458 513 437
580 458 562 437
597 458 578 435
371 476 364 460
406 476 397 459
476 476 460 459
493 476 479 457
