471 230 471 231
474 230 474 231
455 233 455 233
457 233 457 233
460 233 460 233
463 233 463 233
466 233 466 233
468 233 468 234
471 233 471 233
474 233 474 233
477 233 476 233
433 236 442 235
436 236 444 236
444 236 447 236
449 236 449 236
452 236 452 236
455 236 454 236
457 236 457 236
460 236 459 236
463 236 462 236
466 236 465 236
468 236 468 236
471 236 471 236
474 236 473 236
477 236 476 236
416 239 414 240
419 239 416 239
444 239 444 239
446 239 446 239
449 239 449 239
452 239 451 239
455 239 454 239
457 239 457 239
460 239 460 239
463 239 462 239
466 239 465 239
468 239 468 239
471 239 470 239
474 239 473 239
477 239 476 239
408 241 408 242
411 241 411 242
422 241 420 241
433 241 433 241
436 241 435 241
438 241 438 241
441 241 441 241
444 241 444 241
446 241 446 241
449 241 449 241
452 241 451 241
455 241 454 241
457 241 457 241
460 241 460 241
463 241 463 241
466 241 465 241
468 241 468 241
471 241 471 241
474 241 474 241
477 241 476 241
403 244 401 244
408 244 408 245
411 244 411 245
414 244 413 245
416 244 416 245
419 244 418 245
422 244 422 244
425 244 424 244
427 244 427 244
430 244 430 244
433 244 432 244
436 244 435 244
438 244 438 244
441 244 441 244
444 244 443 244
446 244 446 244
449 244 449 244
452 244 452 244
455 244 455 244
457 244 457 244
463 244 459 244
466 244 465 244
468 244 468 244
471 244 471 244
477 244 476 244
479 244 479 245
397 247 397 247
403 247 400 247
405 247 403 247
408 247 408 247
411 247 411 247
414 247 414 248
416 247 416 248
419 247 418 247
422 247 421 247
425 247 424 247
427 247 427 247
430 247 430 247
433 247 433 247
436 247 435 247
438 247 438 247
444 247 444 246
449 247 447 247
455 247 454 247
397 250 397 249
400 250 400 250
405 250 406 251
408 250 408 251
411 250 411 250
414 250 414 251
416 250 416 250
419 250 419 250
422 250 422 250
425 250 425 249
427 250 428 249
457 250 460 249
463 250 454 252
466 250 457 252
477 250 477 248
479 250 479 247
386 252 386 255
397 252 397 253
400 252 400 253
405 252 406 253
408 252 408 253
411 252 411 253
414 252 414 253
416 252 416 253
419 252 419 252
422 252 421 253
425 252 424 253
427 252 427 252
430 252 430 252
433 252 433 252
468 252 465 257
477 252 477 250
479 252 479 250
383 255 383 258
389 255 391 256
397 255 397 256
408 255 408 256
411 255 411 256
414 255 413 255
416 255 416 255
419 255 419 255
422 255 422 254
425 255 425 255
427 255 428 255
430 255 430 255
433 255 433 255
386 258 386 260
392 258 392 259
394 258 394 259
400 258 400 259
405 258 405 259
408 258 408 259
411 258 411 259
414 258 413 258
419 258 419 258
422 258 422 257
425 258 425 257
427 258 427 257
430 258 430 257
383 261 383 261
389 261 389 262
394 261 394 262
397 261 397 262
400 261 400 261
403 261 402 262
405 261 405 261
408 261 408 261
411 261 411 261
414 261 413 261
419 261 416 261
425 261 425 260
381 263 381 264
383 263 383 264
386 263 386 264
389 263 389 264
392 263 392 264
397 263 397 264
400 263 399 264
403 263 402 264
405 263 405 264
408 263 408 264
411 263 411 264
414 263 414 264
419 263 416 264
422 263 419 263
425 263 425 263
427 263 427 261
381 266 381 266
383 266 383 266
386 266 386 266
389 266 389 266
392 266 392 266
394 266 394 267
397 266 397 267
400 266 399 267
403 266 402 267
405 266 405 267
408 266 408 266
411 266 411 266
414 266 414 266
419 266 419 266
422 266 422 266
425 266 424 266
427 266 427 266
463 266 466 263
479 266 479 266
482 266 482 266
381 269 381 269
386 269 386 269
389 269 389 269
394 269 394 269
397 269 397 269
400 269 399 269
403 269 402 269
405 269 405 269
408 269 408 268
411 269 411 269
416 269 417 269
419 269 419 269
422 269 422 268
425 269 424 268
463 269 464 266
466 269 469 266
477 269 476 268
479 269 479 269
482 269 482 269
381 272 381 272
386 272 386 272
389 272 389 272
392 272 392 271
394 272 394 271
397 272 397 272
400 272 399 271
403 272 402 272
405 272 405 272
408 272 409 271
414 272 414 271
416 272 416 271
419 272 419 271
422 272 422 270
425 272 424 271
427 272 428 271
444 272 447 280
463 272 464 270
479 272 479 272
482 272 482 271
485 272 485 271
381 274 381 275
383 274 384 274
386 274 386 274
389 274 389 274
392 274 391 274
394 274 394 274
397 274 397 274
400 274 399 274
403 274 402 274
405 274 405 274
408 274 409 274
414 274 414 274
416 274 416 274
419 274 419 274
422 274 422 274
425 274 424 273
446 274 446 266
455 274 457 274
457 274 460 274
460 274 462 274
463 274 465 272
466 274 466 274
468 274 469 274
474 274 474 272
477 274 477 272
479 274 479 274
482 274 482 274
378 277 378 278
381 277 381 278
383 277 384 277
386 277 387 277
389 277 389 276
392 277 392 277
394 277 394 277
397 277 397 278
400 277 399 277
403 277 402 277
405 277 405 277
411 277 411 277
414 277 414 277
416 277 417 277
419 277 419 277
422 277 422 277
425 277 425 276
433 277 433 272
446 277 446 269
455 277 458 277
457 277 460 277
460 277 463 277
463 277 465 277
468 277 469 277
471 277 472 277
479 277 479 277
482 277 482 277
485 277 485 277
488 277 488 277
490 277 491 277
493 277 493 277
378 280 378 280
381 280 381 280
383 280 384 280
386 280 387 279
400 280 400 280
403 280 402 280
405 280 405 279
408 280 409 279
411 280 411 279
414 280 414 279
416 280 417 279
419 280 419 279
422 280 422 279
425 280 425 280
455 280 457 279
457 280 460 280
460 280 462 280
463 280 465 279
471 280 473 280
477 280 477 279
479 280 479 279
482 280 482 280
485 280 485 280
488 280 488 280
490 280 491 280
493 280 493 280
378 282 378 282
381 282 381 282
383 282 384 282
392 282 391 280
403 282 403 283
405 282 406 282
411 282 412 282
414 282 414 282
416 282 417 282
419 282 419 282
422 282 422 282
425 282 425 283
452 282 451 286
455 282 455 283
457 282 460 283
460 282 462 283
463 282 464 283
466 282 468 283
468 282 470 283
479 282 479 282
482 282 481 283
485 282 485 283
488 282 488 283
490 282 491 283
493 282 493 282
378 285 378 285
381 285 381 285
383 285 384 285
389 285 389 290
392 285 391 282
400 285 400 285
403 285 403 286
405 285 406 286
414 285 414 285
416 285 417 285
419 285 420 285
422 285 423 285
425 285 425 285
455 285 455 285
457 285 460 285
460 285 462 286
463 285 465 286
466 285 468 285
485 285 486 287
488 285 488 286
490 285 491 286
493 285 493 286
381 288 381 288
392 288 392 288
397 288 397 288
403 288 403 288
405 288 406 288
411 288 412 286
416 288 417 287
419 288 420 287
422 288 422 287
425 288 425 288
427 288 427 289
457 288 460 288
460 288 462 288
463 288 465 288
466 288 468 288
477 288 477 283
479 288 482 293
378 291 378 299
392 291 392 291
394 291 395 290
400 291 400 291
403 291 403 291
405 291 406 291
408 291 409 290
414 291 414 290
416 291 417 290
419 291 419 291
422 291 422 291
425 291 425 291
444 291 444 285
446 291 446 285
449 291 449 285
460 291 462 291
463 291 465 291
468 291 470 291
477 291 479 297
479 291 482 296
485 291 487 293
488 291 490 292
381 293 383 293
392 293 392 294
394 293 395 293
397 293 397 291
403 293 403 293
405 293 406 293
408 293 409 293
414 293 414 293
416 293 417 293
419 293 420 293
422 293 422 294
425 293 425 293
427 293 428 296
430 293 430 285
436 293 433 284
438 293 435 284
446 293 447 288
455 293 457 291
457 293 459 291
466 293 468 293
468 293 470 293
477 293 479 299
479 293 482 299
482 293 485 298
485 293 487 296
488 293 490 295
394 296 394 296
397 296 397 294
400 296 400 294
403 296 403 295
405 296 406 296
411 296 412 296
414 296 414 296
416 296 417 296
419 296 420 296
422 296 422 296
425 296 425 296
430 296 430 288
449 296 451 291
455 296 455 293
468 296 469 297
471 296 472 297
485 296 487 298
488 296 490 298
493 296 494 297
392 299 391 299
394 299 394 298
397 299 398 300
400 299 400 298
403 299 403 299
405 299 406 299
408 299 409 299
411 299 412 299
414 299 414 299
416 299 417 299
419 299 419 299
422 299 422 298
425 299 425 299
427 299 427 299
430 299 430 290
438 299 438 304
441 299 441 305
449 299 451 294
463 299 463 299
468 299 469 299
471 299 472 299
477 299 479 302
482 299 484 304
392 302 391 302
394 302 395 302
397 302 397 302
400 302 400 302
403 302 403 302
405 302 406 302
408 302 409 302
411 302 412 301
414 302 414 302
416 302 417 302
419 302 419 301
422 302 422 301
425 302 425 301
430 302 430 293
441 302 441 307
444 302 442 292
449 302 452 297
460 302 460 302
466 302 468 302
471 302 471 302
474 302 474 302
477 302 478 305
493 302 493 302
378 304 378 305
394 304 395 304
397 304 397 305
400 304 400 304
403 304 402 304
405 304 405 304
408 304 409 305
414 304 414 305
416 304 416 305
419 304 420 304
422 304 422 305
425 304 425 304
449 304 446 307
452 304 452 304
457 304 458 304
460 304 461 305
463 304 466 304
466 304 468 304
468 304 471 305
471 304 473 304
488 304 490 305
378 307 378 307
394 307 395 307
397 307 397 307
400 307 400 307
403 307 402 307
405 307 405 307
408 307 409 308
414 307 414 308
416 307 416 307
419 307 420 308
422 307 422 308
427 307 428 305
441 307 438 297
452 307 452 307
455 307 456 305
457 307 458 307
460 307 461 307
463 307 465 307
466 307 468 307
468 307 471 307
471 307 474 307
474 307 476 307
477 307 477 309
490 307 491 308
493 307 493 307
378 310 378 310
394 310 394 310
397 310 397 310
400 310 400 310
403 310 403 310
405 310 405 310
408 310 408 311
411 310 411 310
414 310 414 310
416 310 417 310
419 310 420 310
422 310 422 310
425 310 425 310
427 310 428 310
430 310 430 307
455 310 455 310
457 310 458 310
460 310 461 310
463 310 464 310
466 310 466 310
468 310 469 310
471 310 473 310
477 310 477 312
479 310 480 311
493 310 493 310
381 313 381 313
383 313 383 313
397 313 397 313
400 313 400 313
403 313 402 313
405 313 405 313
411 313 411 313
414 313 414 313
416 313 416 313
419 313 420 313
422 313 422 313
425 313 425 313
427 313 428 312
430 313 430 312
433 313 433 312
436 313 436 312
452 313 454 312
457 313 458 312
460 313 461 312
463 313 463 312
466 313 468 312
474 313 475 313
479 313 480 314
482 313 482 313
490 313 490 313
493 313 493 313
378 315 378 316
381 315 381 316
383 315 383 316
386 315 386 316
389 315 389 315
397 315 397 315
400 315 400 315
403 315 403 316
405 315 405 316
408 315 409 316
416 315 417 316
419 315 420 316
422 315 423 316
427 315 428 315
430 315 430 315
433 315 433 315
436 315 436 315
455 315 455 316
457 315 458 315
460 315 461 315
463 315 464 314
466 315 467 315
471 315 472 316
474 315 475 316
479 315 480 316
482 315 484 316
488 315 488 316
490 315 490 315
378 318 378 318
381 318 381 318
383 318 383 318
386 318 386 318
389 318 388 318
392 318 392 318
400 318 400 319
403 318 403 318
405 318 405 318
408 318 408 319
411 318 412 319
416 318 417 318
419 318 419 318
422 318 422 318
425 318 425 318
427 318 428 318
430 318 431 318
433 318 433 318
436 318 436 318
438 318 439 318
444 318 443 318
446 318 446 318
449 318 450 318
455 318 455 318
457 318 458 318
460 318 461 318
463 318 464 318
468 318 469 318
471 318 472 318
474 318 475 318
479 318 479 319
482 318 482 319
488 318 488 318
490 318 491 318
493 318 493 319
378 321 378 321
383 321 384 321
386 321 386 321
389 321 389 321
392 321 392 321
400 321 400 321
403 321 403 321
405 321 405 321
411 321 411 321
414 321 414 321
416 321 417 321
419 321 419 321
422 321 422 321
425 321 425 321
427 321 428 321
430 321 430 321
433 321 434 321
436 321 437 321
438 321 439 321
441 321 441 321
444 321 443 321
446 321 447 321
449 321 450 321
452 321 452 321
455 321 456 321
457 321 458 322
460 321 461 321
463 321 464 320
466 321 466 320
474 321 475 321
477 321 477 321
479 321 480 321
482 321 483 322
485 321 485 321
488 321 488 321
378 324 378 324
383 324 380 323
389 324 389 323
408 324 409 324
411 324 412 324
414 324 414 324
416 324 417 324
419 324 420 324
422 324 422 324
425 324 425 324
427 324 428 323
430 324 431 323
433 324 433 324
436 324 436 324
438 324 439 324
444 324 444 324
446 324 447 324
449 324 450 324
452 324 453 324
455 324 456 324
457 324 458 324
463 324 464 324
466 324 466 323
474 324 475 324
479 324 480 325
482 324 483 324
485 324 486 324
488 324 488 324
493 324 493 324
378 326 378 326
386 326 384 326
392 326 389 326
408 326 409 326
411 326 412 326
414 326 414 326
416 326 417 327
419 326 419 327
422 326 422 326
425 326 424 326
427 326 428 326
430 326 431 326
433 326 433 326
436 326 436 326
438 326 438 326
441 326 441 326
444 326 444 326
446 326 447 326
449 326 450 326
452 326 453 326
455 326 455 327
457 326 458 327
460 326 461 327
463 326 463 326
466 326 466 326
468 326 469 326
471 326 472 326
474 326 474 327
477 326 477 327
479 326 480 327
482 326 483 327
485 326 486 327
488 326 488 327
490 326 490 327
493 326 493 326
378 329 378 330
386 329 383 329
389 329 386 328
392 329 389 329
408 329 409 329
411 329 412 329
414 329 414 329
416 329 417 329
419 329 420 329
422 329 422 329
425 329 424 329
427 329 427 329
430 329 430 329
433 329 433 329
436 329 436 329
438 329 439 329
441 329 441 329
444 329 444 329
446 329 446 329
449 329 449 329
452 329 453 329
455 329 456 329
457 329 458 329
460 329 460 329
463 329 463 329
466 329 466 329
468 329 469 328
471 329 472 329
474 329 475 330
477 329 477 330
479 329 480 329
482 329 483 329
485 329 485 329
488 329 488 329
490 329 490 330
493 329 493 329
378 332 378 333
386 332 383 332
392 332 389 332
408 332 408 333
411 332 412 332
414 332 414 332
416 332 417 332
419 332 420 332
422 332 422 332
425 332 424 332
427 332 427 331
430 332 430 331
433 332 433 332
436 332 436 332
438 332 438 332
441 332 441 332
444 332 444 332
446 332 446 332
449 332 449 332
452 332 453 332
457 332 458 332
460 332 460 331
463 332 463 331
466 332 466 332
468 332 469 332
471 332 472 332
474 332 474 332
477 332 477 332
479 332 480 332
482 332 483 332
485 332 485 332
488 332 488 332
490 332 490 332
493 332 493 331
378 335 377 335
386 335 381 334
389 335 384 334
392 335 390 335
403 335 403 335
405 335 406 335
408 335 409 335
411 335 412 334
414 335 414 335
416 335 417 335
419 335 420 335
422 335 422 335
425 335 424 335
427 335 427 335
430 335 430 334
433 335 433 335
436 335 436 335
438 335 438 335
441 335 441 334
444 335 444 335
446 335 447 335
449 335 450 335
452 335 453 335
455 335 455 335
457 335 457 334
463 335 464 334
466 335 466 334
468 335 469 335
471 335 471 335
474 335 474 334
477 335 476 334
479 335 480 334
482 335 482 335
485 335 485 335
488 335 488 335
493 335 493 335
378 337 378 337
381 337 381 337
383 337 383 337
392 337 390 337
394 337 392 337
397 337 394 337
400 337 397 337
403 337 403 337
405 337 406 337
408 337 408 337
411 337 411 337
414 337 414 337
416 337 416 337
419 337 419 337
422 337 422 337
425 337 424 337
427 337 428 337
430 337 430 337
433 337 434 337
436 337 436 337
438 337 438 337
441 337 441 337
444 337 444 337
446 337 447 337
449 337 449 337
452 337 452 337
455 337 455 337
457 337 457 337
460 337 461 337
463 337 464 337
466 337 466 337
471 337 471 337
474 337 473 337
477 337 477 337
479 337 480 337
482 337 483 337
485 337 485 337
488 337 488 337
490 337 491 337
493 337 493 337
