559 199 568 200
582 199 583 204
585 199 587 204
551 202 551 205
554 202 554 205
571 202 571 204
573 202 574 205
585 202 587 207
540 205 539 205
542 205 542 205
554 205 554 207
556 205 556 207
571 205 571 207
579 205 582 210
582 205 584 210
585 205 587 210
588 205 590 210
537 208 537 208
540 208 540 208
545 208 545 211
548 208 548 211
551 208 552 210
554 208 554 210
571 208 571 210
573 208 574 210
582 208 584 214
585 208 587 214
588 208 590 213
593 208 593 207
534 211 534 211
537 211 537 213
540 211 540 213
542 211 543 214
545 211 545 214
548 211 549 213
551 211 551 213
554 211 554 213
571 211 571 213
573 211 573 213
579 211 582 216
582 211 584 217
585 211 587 217
588 211 590 216
593 211 593 209
531 213 532 213
534 213 534 216
537 213 538 216
540 213 540 216
542 213 543 216
545 213 545 216
548 213 549 218
551 213 551 215
554 213 554 216
556 213 559 221
579 213 582 219
582 213 585 220
585 213 587 219
588 213 589 219
590 213 593 219
531 216 531 218
534 216 534 221
537 216 538 219
540 216 540 219
545 216 546 220
548 216 548 221
559 216 561 222
562 216 565 222
568 216 571 223
573 216 576 222
576 216 579 222
582 216 584 222
585 216 587 222
588 216 590 222
590 216 593 222
528 219 528 220
531 219 532 220
537 219 537 223
540 219 540 224
542 219 543 224
545 219 546 224
548 219 549 224
551 219 551 224
554 219 556 225
556 219 559 225
562 219 565 225
565 219 568 225
576 219 581 224
582 219 582 227
585 219 587 225
588 219 590 224
590 219 593 228
528 222 528 224
531 222 532 224
537 222 537 226
540 222 540 227
542 222 543 227
565 222 571 226
573 222 576 228
576 222 579 228
582 222 582 230
585 222 584 230
588 222 590 227
590 222 593 230
528 225 528 227
531 225 533 230
534 225 536 230
540 225 540 230
542 225 543 230
545 225 547 231
551 225 552 231
559 225 559 232
562 225 568 230
565 225 571 229
568 225 573 229
590 225 593 233
599 225 599 227
528 227 528 229
531 227 533 233
537 227 537 233
540 227 542 233
542 227 545 234
545 227 548 233
548 227 550 233
551 227 553 234
565 227 571 232
568 227 573 232
571 227 576 232
582 227 584 233
588 227 590 233
590 227 593 236
593 227 596 236
596 227 596 229
599 227 599 230
613 227 595 244
528 230 528 236
531 230 531 235
534 230 536 236
537 230 539 236
540 230 542 236
542 230 545 236
545 230 548 236
551 230 551 236
554 230 556 236
562 230 567 236
568 230 573 235
573 230 579 236
582 230 585 236
590 230 593 238
602 230 601 232
528 233 528 239
531 233 532 237
534 233 536 238
542 233 542 238
545 233 546 238
548 233 548 238
551 233 551 238
554 233 556 239
556 233 559 238
599 233 599 234
613 233 590 253
528 236 528 241
531 236 531 242
534 236 536 240
537 236 539 241
542 236 543 240
545 236 547 241
551 236 553 241
554 236 556 241
599 236 599 237
602 236 602 238
610 236 588 253
613 236 590 256
528 239 528 244
531 239 531 244
534 239 534 244
537 239 537 244
540 239 542 246
542 239 544 246
545 239 548 243
551 239 554 243
559 239 564 244
602 239 602 241
613 239 590 258
616 239 592 258
531 242 531 247
534 242 533 247
542 242 545 249
548 242 551 246
551 242 554 246
556 242 562 247
559 242 565 247
604 242 604 241
613 242 589 261
616 242 592 261
528 244 528 250
537 244 536 246
540 244 539 247
542 244 546 252
545 244 551 258
554 244 557 249
556 244 565 258
559 244 567 257
562 244 570 258
610 244 602 253
613 244 590 264
616 244 593 264
537 247 536 249
554 247 562 261
556 247 564 261
559 247 567 261
565 247 573 258
568 247 564 255
616 247 593 266
545 250 551 263
548 250 553 261
551 250 559 264
554 250 562 264
556 250 565 264
607 250 607 253
616 250 594 271
619 250 595 271
624 250 598 272
528 253 528 253
568 253 578 266
607 253 607 256
616 253 593 273
633 253 615 270
528 256 528 256
531 256 531 256
542 256 547 258
568 256 578 269
630 256 609 275
528 258 528 259
531 258 531 259
528 261 528 263
531 261 530 261
534 261 534 263
571 261 580 272
534 264 534 266
537 264 536 266
548 264 550 270
568 264 576 275
571 264 579 275
602 264 579 263
607 264 609 263
638 264 633 283
641 264 635 283
528 267 528 267
531 267 530 266
534 267 534 269
537 267 536 269
542 267 545 269
559 267 588 261
630 267 615 283
633 267 626 287
635 267 629 287
638 267 632 287
641 267 635 287
528 270 528 272
568 270 573 281
604 270 610 266
607 270 613 266
638 270 632 289
641 270 635 289
644 270 638 290
534 273 535 275
537 273 537 275
540 273 542 274
593 273 573 267
630 273 615 286
641 273 632 292
528 275 528 274
531 275 530 274
534 275 534 278
540 275 539 277
554 275 554 278
556 275 557 278
565 275 567 283
568 275 570 284
571 275 572 283
528 278 528 277
531 278 530 277
534 278 534 280
537 278 537 280
540 278 539 280
542 278 542 280
551 278 553 281
554 278 556 281
565 278 567 286
596 278 595 281
647 278 647 295
531 281 531 286
534 281 537 287
537 281 540 285
548 281 551 283
551 281 553 284
554 281 555 284
571 281 571 289
593 281 593 283
596 281 595 283
548 284 551 286
551 284 553 286
554 284 556 287
568 284 567 290
573 284 573 289
596 284 595 286
551 287 553 289
554 287 556 289
562 287 561 289
565 287 565 288
571 287 571 293
573 287 573 293
579 287 578 295
593 287 593 290
548 290 550 289
565 290 564 294
568 290 567 295
571 290 570 295
573 290 573 295
576 290 575 295
590 290 590 292
593 290 592 292
554 292 554 292
568 292 567 298
571 292 570 298
573 292 572 298
576 292 575 298
579 292 577 298
590 292 590 295
556 295 556 295
559 295 559 295
562 295 561 295
568 295 567 301
571 295 570 301
573 295 573 300
576 295 575 300
579 295 577 300
590 295 589 298
593 295 592 299
644 295 644 309
647 295 646 309
559 298 559 298
568 298 567 303
571 298 570 303
573 298 573 302
576 298 575 303
588 298 586 300
590 298 589 300
593 298 592 301
602 298 601 301
607 298 604 300
616 298 606 304
641 298 641 312
559 301 559 301
568 301 567 306
571 301 570 306
573 301 573 305
576 301 575 305
582 301 579 306
593 301 591 304
602 301 600 303
616 301 606 306
565 304 564 309
568 304 567 309
582 304 579 309
588 304 587 307
596 304 593 306
599 304 596 306
565 306 561 306
588 306 585 309
590 306 587 310
596 306 593 309
599 306 596 309
590 309 587 313
596 309 593 312
571 312 567 312
590 312 590 312
627 312 607 310
630 312 609 310
647 312 646 312
568 315 564 315
571 315 567 314
573 315 569 314
576 315 572 315
579 315 575 315
582 315 577 315
585 315 584 315
588 315 587 315
596 315 593 315
599 315 595 315
602 315 598 315
616 315 601 315
619 315 604 315
621 315 607 315
624 315 610 315
633 315 618 315
638 315 635 315
641 315 637 315
644 315 640 315
647 315 647 315
