510 146 514 147
493 163 497 164
510 163 514 164
528 163 531 164
545 163 549 164
562 163 562 164
580 163 581 164
597 163 598 164
614 163 616 164
632 163 636 164
493 181 496 182
510 181 514 182
528 181 532 182
545 181 549 181
562 181 566 181
580 181 584 181
597 181 601 181
614 181 619 181
632 181 636 182
649 181 653 181
493 198 496 199
510 198 513 198
528 198 532 199
614 198 617 199
632 198 636 198
649 198 653 198
666 198 670 199
493 215 497 216
510 215 514 216
528 215 532 216
632 215 636 216
649 215 653 216
666 215 670 216
476 233 480 233
493 233 497 233
510 233 514 233
528 233 532 233
649 233 652 234
666 233 670 232
441 250 445 251
458 250 462 251
493 250 497 251
510 250 514 251
528 250 531 250
545 250 548 251
562 250 565 251
580 250 581 250
597 250 601 251
614 250 620 251
632 250 636 251
649 250 651 249
666 250 670 248
424 267 428 268
441 267 445 268
458 267 462 268
476 267 479 268
493 267 497 268
510 267 514 268
528 267 531 268
562 267 565 268
580 267 583 268
597 267 601 268
614 267 619 268
632 267 637 269
649 267 653 268
666 267 671 268
389 285 393 285
406 285 410 285
424 285 428 285
441 285 444 286
458 285 462 285
476 285 479 286
510 285 513 285
528 285 531 285
545 285 549 285
562 285 566 285
580 285 584 285
597 285 601 285
614 285 622 285
632 285 638 285
649 285 655 285
666 285 669 285
389 302 393 303
406 302 410 304
424 302 427 302
441 302 445 303
458 302 462 302
476 302 479 303
493 302 496 303
510 302 513 303
528 302 531 303
545 302 549 303
562 302 566 302
580 302 584 303
597 302 601 302
614 302 619 302
632 302 636 302
649 302 654 302
666 302 671 301
371 319 376 320
389 319 393 320
406 319 408 321
424 319 427 320
441 319 444 320
458 319 462 320
476 319 478 320
493 319 496 320
510 319 514 320
528 319 531 320
545 319 549 320
562 319 566 320
580 319 584 321
614 319 619 320
632 319 635 320
649 319 654 319
666 319 671 318
371 337 376 338
389 337 393 338
406 337 410 337
424 337 427 338
441 337 444 338
458 337 460 337
476 337 478 338
493 337 495 338
510 337 513 338
528 337 531 337
545 337 549 338
562 337 566 337
580 337 584 337
597 337 601 337
614 337 618 337
632 337 636 337
649 337 653 337
666 337 671 337
337 354 342 355
354 354 359 355
371 354 375 356
389 354 393 354
406 354 410 355
424 354 427 355
441 354 444 355
458 354 461 356
476 354 478 355
493 354 497 355
510 354 514 355
528 354 531 356
545 354 548 355
562 354 566 355
597 354 601 355
614 354 619 354
632 354 635 355
649 354 653 355
666 354 670 355
319 371 324 372
337 371 342 372
354 371 358 372
371 371 376 372
389 371 393 372
406 371 410 372
424 371 427 372
441 371 445 372
458 371 462 372
476 371 478 372
493 371 496 372
510 371 513 372
528 371 531 373
545 371 549 372
562 371 566 372
580 371 584 372
597 371 601 372
614 371 618 372
632 371 635 372
649 371 653 372
666 371 671 373
354 389 359 389
371 389 376 390
389 389 393 390
406 389 410 389
424 389 427 389
458 389 462 389
476 389 480 389
493 389 495 389
510 389 512 389
528 389 532 389
545 389 549 391
562 389 566 390
580 389 583 389
614 389 618 390
632 389 636 391
649 389 654 390
666 389 671 390
684 389 689 390
371 406 376 408
389 406 393 408
424 406 428 407
441 406 445 407
458 406 462 407
476 406 480 407
493 406 497 407
510 406 514 407
528 406 532 407
545 406 548 407
562 406 566 407
580 406 584 406
614 406 619 407
632 406 637 409
649 406 653 407
666 406 671 407
684 406 688 407
701 406 706 407
718 406 723 407
371 424 376 424
389 424 393 424
406 424 410 424
424 424 427 424
441 424 445 424
458 424 462 424
476 424 479 424
493 424 497 425
510 424 514 425
528 424 532 424
545 424 548 424
562 424 566 425
597 424 602 424
614 424 619 426
632 424 637 424
649 424 653 424
684 424 688 425
701 424 704 424
718 424 723 425
371 441 376 441
389 441 392 441
406 441 409 441
424 441 428 442
441 441 445 441
458 441 462 441
476 441 480 442
493 441 497 442
510 441 515 441
528 441 532 441
545 441 549 442
580 441 584 441
597 441 602 441
614 441 620 443
632 441 636 443
649 441 654 443
666 441 671 444
684 441 688 443
701 441 705 442
718 441 722 442
354 458 359 459
371 458 376 458
389 458 393 460
406 458 407 460
424 458 427 459
441 458 445 460
458 458 463 459
476 458 480 459
493 458 497 459
510 458 515 459
528 458 532 459
545 458 549 459
562 458 567 459
580 458 585 460
597 458 601 459
614 458 619 459
632 458 635 459
666 458 670 461
684 458 687 460
701 458 706 460
718 458 723 460
354 476 358 475
371 476 376 476
389 476 393 476
406 476 407 475
424 476 427 475
441 476 445 476
458 476 462 476
476 476 479 476
493 476 497 476
510 476 515 477
528 476 532 476
545 476 549 475
580 476 585 476
597 476 601 476
614 476 618 476
632 476 636 476
649 476 654 476
666 476 669 476
684 476 687 476
701 476 704 476
718 476 723 476
