568 208 568 207
571 208 571 207
573 208 574 207
576 208 576 208
579 208 579 208
582 208 582 208
585 208 584 208
554 211 554 211
556 211 556 211
559 211 559 211
562 211 562 211
565 211 565 210
568 211 568 211
571 211 571 210
573 211 574 210
576 211 576 211
579 211 579 211
582 211 582 211
585 211 585 211
588 211 587 211
590 211 590 211
593 211 593 211
548 213 548 213
551 213 551 214
554 213 554 213
556 213 556 213
559 213 559 213
562 213 562 213
565 213 565 213
568 213 568 213
571 213 571 213
573 213 573 213
576 213 576 213
579 213 579 213
582 213 582 213
585 213 584 213
588 213 587 213
590 213 590 213
593 213 593 214
596 213 596 214
540 216 540 216
542 216 542 216
545 216 545 217
548 216 548 216
551 216 551 216
554 216 554 216
556 216 556 216
562 216 562 216
565 216 565 216
568 216 567 216
571 216 570 216
573 216 573 216
576 216 576 216
579 216 579 216
582 216 582 216
585 216 584 216
588 216 588 216
590 216 590 216
593 216 593 217
596 216 596 217
537 219 537 219
540 219 540 219
542 219 542 219
545 219 545 219
548 219 548 219
551 219 551 219
554 219 554 219
556 219 557 219
559 219 559 219
562 219 562 219
565 219 565 219
571 219 570 219
573 219 573 219
579 219 580 219
582 219 582 219
585 219 585 219
588 219 588 219
590 219 590 219
593 219 593 219
596 219 596 219
537 222 537 222
540 222 540 222
542 222 542 222
545 222 545 222
548 222 548 222
551 222 551 222
554 222 554 222
556 222 557 222
559 222 559 221
562 222 563 222
565 222 566 222
568 222 568 222
571 222 571 222
573 222 574 222
576 222 576 222
582 222 579 222
588 222 587 222
590 222 590 222
593 222 593 222
596 222 596 221
537 225 537 225
540 225 540 225
542 225 542 225
545 225 545 225
548 225 548 224
551 225 551 224
554 225 554 224
556 225 557 224
559 225 559 224
562 225 563 224
565 225 566 225
568 225 569 225
571 225 571 224
573 225 574 224
588 225 587 224
590 225 591 224
593 225 593 224
596 225 596 224
537 227 537 227
540 227 540 227
542 227 542 227
545 227 545 228
548 227 549 228
551 227 552 227
554 227 555 227
559 227 560 227
562 227 563 227
565 227 565 227
568 227 568 227
571 227 571 227
573 227 574 227
576 227 577 225
593 227 593 227
596 227 596 227
602 227 602 227
604 227 604 227
607 227 607 227
610 227 610 227
576 230 577 231
590 230 591 228
593 230 593 230
596 230 596 230
599 230 599 230
602 230 602 230
604 230 605 230
607 230 607 230
610 230 610 230
613 230 613 230
542 233 542 232
548 233 548 231
576 233 577 233
590 233 591 231
596 233 596 232
599 233 599 233
602 233 602 233
604 233 605 233
607 233 607 233
610 233 610 233
613 233 612 233
537 236 536 236
540 236 539 236
542 236 542 236
551 236 551 233
582 236 582 233
593 236 594 236
596 236 596 236
599 236 599 236
602 236 602 236
604 236 604 236
607 236 607 236
610 236 610 236
540 239 540 239
542 239 542 239
548 239 547 238
573 239 573 239
576 239 576 239
596 239 596 239
599 239 599 239
602 239 601 239
604 239 604 239
607 239 607 239
610 239 610 239
613 239 613 239
540 242 540 242
542 242 542 242
573 242 573 242
576 242 576 242
588 242 584 236
596 242 596 242
599 242 599 242
602 242 601 242
604 242 604 242
607 242 606 242
610 242 610 241
613 242 613 242
616 242 616 242
540 244 539 244
542 244 542 244
545 244 545 245
576 244 577 244
579 244 579 242
596 244 596 245
599 244 599 245
602 244 602 245
604 244 604 245
607 244 607 244
610 244 610 244
613 244 613 244
616 244 616 244
540 247 539 247
542 247 542 247
545 247 545 247
576 247 577 247
579 247 579 244
596 247 596 247
599 247 599 247
602 247 602 247
604 247 604 247
607 247 607 248
610 247 610 247
613 247 613 247
616 247 616 247
540 250 540 250
542 250 543 250
545 250 545 250
548 250 551 247
576 250 577 250
579 250 579 247
596 250 596 250
599 250 599 250
602 250 602 250
604 250 604 250
607 250 607 250
610 250 610 251
613 250 613 250
616 250 616 250
619 250 618 250
537 253 537 253
540 253 540 253
542 253 542 253
545 253 545 253
548 253 548 253
568 253 568 252
576 253 574 247
596 253 596 252
599 253 599 252
602 253 601 253
604 253 604 253
607 253 607 253
610 253 611 253
613 253 613 253
616 253 616 253
619 253 618 253
537 256 537 256
540 256 540 256
542 256 542 256
545 256 545 255
548 256 548 255
590 256 593 259
596 256 596 255
599 256 599 255
602 256 602 255
604 256 604 256
607 256 607 256
610 256 610 256
613 256 613 256
616 256 616 255
619 256 619 255
537 258 537 258
540 258 540 258
542 258 543 258
545 258 545 258
548 258 548 258
551 258 551 258
554 258 554 259
556 258 556 262
599 258 599 258
602 258 601 258
604 258 604 258
607 258 607 258
610 258 610 258
613 258 613 258
616 258 616 258
619 258 619 258
540 261 540 261
542 261 543 262
545 261 545 261
548 261 548 261
568 261 568 262
571 261 570 261
573 261 574 261
576 261 577 261
579 261 579 261
585 261 588 264
590 261 593 264
599 261 599 262
602 261 602 261
604 261 604 261
607 261 607 261
610 261 610 261
613 261 613 261
616 261 616 261
619 261 619 261
621 261 621 261
624 261 624 261
542 264 542 265
545 264 546 265
548 264 548 264
551 264 551 264
554 264 554 264
556 264 556 265
565 264 565 261
571 264 571 264
573 264 574 264
582 264 582 261
585 264 584 261
590 264 590 261
599 264 599 264
602 264 602 264
604 264 604 264
607 264 607 264
610 264 610 264
613 264 613 264
616 264 616 264
619 264 619 264
621 264 621 264
624 264 624 264
542 267 543 267
545 267 546 267
548 267 549 267
551 267 551 267
554 267 554 267
556 267 557 267
559 267 559 268
568 267 568 267
571 267 571 267
573 267 574 266
576 267 576 265
596 267 596 270
599 267 599 267
602 267 602 267
604 267 604 266
607 267 607 267
610 267 610 266
613 267 613 267
616 267 616 267
619 267 619 267
621 267 621 267
624 267 624 267
540 270 540 269
545 270 545 270
548 270 548 270
551 270 551 270
554 270 554 270
556 270 557 270
559 270 559 270
562 270 562 270
571 270 571 269
573 270 574 269
576 270 577 269
579 270 579 270
582 270 582 270
585 270 584 269
599 270 599 270
602 270 602 270
604 270 605 270
607 270 607 269
610 270 610 270
613 270 613 270
616 270 616 270
619 270 618 270
621 270 621 270
624 270 624 270
548 273 548 273
551 273 551 273
554 273 554 273
556 273 557 272
559 273 559 273
562 273 562 272
568 273 569 272
571 273 572 272
573 273 574 272
576 273 577 273
579 273 580 273
582 273 581 273
585 273 584 272
590 273 588 273
593 273 593 273
596 273 596 273
599 273 599 273
602 273 602 273
604 273 604 273
607 273 607 272
610 273 610 273
613 273 613 273
616 273 616 273
619 273 618 273
621 273 621 273
624 273 624 273
627 273 627 273
548 275 548 275
551 275 551 275
554 275 554 275
556 275 556 275
559 275 559 275
562 275 562 275
565 275 565 275
568 275 568 276
573 275 573 275
576 275 577 275
588 275 585 275
590 275 590 275
593 275 594 275
599 275 599 275
602 275 601 275
604 275 604 275
607 275 607 275
610 275 610 275
613 275 613 276
616 275 615 275
619 275 618 275
621 275 621 276
624 275 624 276
627 275 627 276
551 278 551 278
554 278 554 278
556 278 556 278
559 278 559 278
562 278 562 278
565 278 565 278
568 278 568 278
571 278 571 279
573 278 573 279
590 278 590 278
593 278 593 278
599 278 599 278
602 278 601 278
607 278 607 278
610 278 610 278
613 278 613 278
616 278 616 278
619 278 619 278
621 278 621 278
624 278 624 278
627 278 627 278
630 278 630 278
545 281 545 281
548 281 548 281
554 281 553 281
556 281 556 281
559 281 559 281
562 281 562 281
565 281 565 281
568 281 568 281
571 281 571 282
576 281 576 281
579 281 579 281
582 281 581 281
585 281 584 281
588 281 588 281
590 281 591 281
599 281 599 281
607 281 607 281
610 281 611 281
613 281 613 281
616 281 616 281
619 281 619 281
621 281 622 281
624 281 624 281
627 281 627 281
630 281 630 281
542 284 542 283
545 284 545 284
548 284 548 284
556 284 556 284
559 284 559 284
562 284 562 284
565 284 565 284
568 284 568 284
576 284 576 284
579 284 579 284
585 284 583 285
588 284 588 284
590 284 591 283
593 284 593 283
599 284 599 284
604 284 604 284
607 284 607 284
610 284 610 284
613 284 613 284
616 284 616 284
619 284 619 284
621 284 622 284
624 284 625 284
627 284 627 284
630 284 630 284
633 284 633 284
542 287 543 287
545 287 546 287
548 287 548 286
556 287 557 287
559 287 559 287
562 287 562 287
565 287 565 287
568 287 568 287
573 287 573 287
576 287 576 287
579 287 579 287
582 287 581 287
585 287 584 287
588 287 587 287
590 287 591 286
593 287 593 286
596 287 596 286
599 287 599 287
602 287 602 287
604 287 604 287
607 287 607 287
610 287 610 287
613 287 612 287
616 287 615 287
619 287 619 287
621 287 622 286
624 287 625 287
627 287 627 287
630 287 630 287
633 287 633 287
635 287 635 287
542 290 542 289
545 290 545 289
548 290 548 289
551 290 551 289
554 290 554 290
556 290 557 290
559 290 559 290
562 290 563 290
565 290 565 289
576 290 576 290
579 290 579 290
582 290 582 290
585 290 585 290
588 290 587 290
590 290 590 289
593 290 593 289
596 290 596 289
599 290 599 289
602 290 602 290
616 290 616 290
619 290 619 289
621 290 622 289
624 290 624 289
627 290 627 290
630 290 631 290
633 290 633 290
635 290 635 290
638 290 638 290
641 290 641 290
540 292 539 292
542 292 543 292
545 292 545 292
548 292 548 292
551 292 551 292
554 292 554 292
556 292 556 292
559 292 559 292
562 292 562 293
565 292 565 292
568 292 568 292
573 292 574 292
576 292 576 292
579 292 579 293
582 292 582 293
585 292 585 293
588 292 587 292
590 292 590 292
593 292 593 292
596 292 595 292
599 292 599 292
602 292 602 293
604 292 604 293
607 292 607 293
619 292 618 293
621 292 621 292
627 292 627 292
630 292 630 292
633 292 633 292
635 292 636 293
638 292 638 292
641 292 641 293
540 295 540 295
542 295 543 295
545 295 545 295
548 295 548 295
551 295 551 295
554 295 554 295
556 295 556 295
559 295 559 295
562 295 562 295
565 295 565 295
568 295 568 295
571 295 571 295
573 295 573 295
576 295 576 295
579 295 579 295
582 295 582 295
585 295 585 295
588 295 587 295
590 295 590 295
593 295 593 295
596 295 596 296
599 295 599 295
602 295 601 296
604 295 604 295
607 295 607 295
619 295 613 289
621 295 621 296
624 295 624 295
627 295 626 295
630 295 630 295
633 295 633 295
635 295 636 296
638 295 639 296
641 295 641 296
644 295 644 295
540 298 540 298
542 298 543 298
545 298 545 298
548 298 548 298
551 298 551 298
554 298 553 298
556 298 557 298
559 298 559 297
562 298 562 298
565 298 565 298
568 298 568 298
571 298 571 298
573 298 573 298
576 298 576 298
579 298 580 298
582 298 582 298
585 298 585 298
588 298 587 298
590 298 590 298
593 298 594 298
596 298 596 298
599 298 599 299
602 298 602 299
604 298 604 298
607 298 607 298
619 298 613 292
621 298 621 298
624 298 623 298
627 298 626 298
630 298 629 298
633 298 633 298
635 298 636 299
638 298 638 298
641 298 641 298
644 298 644 298
545 301 545 301
551 301 551 301
556 301 557 301
559 301 559 300
562 301 562 300
565 301 565 300
568 301 568 301
571 301 571 301
573 301 573 301
576 301 576 301
579 301 579 301
582 301 582 301
585 301 585 301
588 301 587 301
590 301 590 301
593 301 593 301
596 301 596 301
599 301 599 301
602 301 601 301
604 301 604 301
607 301 607 301
610 301 610 300
613 301 613 300
616 301 616 300
619 301 619 301
621 301 621 301
624 301 624 301
627 301 626 301
630 301 630 301
633 301 633 301
635 301 635 301
638 301 638 301
641 301 641 301
644 301 644 301
647 301 647 301
551 304 551 303
554 304 554 304
556 304 556 303
559 304 559 303
562 304 562 303
565 304 565 303
568 304 568 304
571 304 571 304
573 304 573 304
576 304 576 303
579 304 579 304
582 304 582 304
585 304 585 304
588 304 587 304
590 304 590 304
593 304 593 303
596 304 596 304
599 304 599 304
602 304 602 304
604 304 604 304
607 304 607 304
610 304 609 303
613 304 612 303
616 304 616 303
619 304 619 304
621 304 621 304
624 304 624 304
627 304 627 304
630 304 630 304
633 304 633 304
635 304 635 304
638 304 638 304
641 304 641 304
644 304 644 304
647 304 647 304
559 306 560 306
562 306 562 306
565 306 565 307
568 306 568 307
571 306 571 307
573 306 573 307
576 306 576 306
579 306 579 306
582 306 582 307
585 306 584 306
588 306 587 306
590 306 590 306
593 306 593 306
596 306 596 306
599 306 599 306
602 306 602 306
604 306 604 306
607 306 606 306
610 306 609 306
613 306 612 306
616 306 615 306
619 306 619 306
624 306 624 306
627 306 627 306
630 306 629 306
633 306 633 306
635 306 635 306
638 306 638 306
641 306 641 306
644 306 644 306
647 306 646 306
554 309 554 309
556 309 557 309
559 309 559 310
562 309 562 309
565 309 565 310
568 309 568 309
571 309 571 309
573 309 573 310
576 309 576 309
579 309 580 309
582 309 582 309
585 309 584 309
588 309 588 309
590 309 590 309
593 309 593 309
596 309 596 309
599 309 599 309
602 309 601 309
604 309 604 309
607 309 606 309
610 309 609 309
616 309 615 309
619 309 618 309
624 309 624 309
627 309 627 309
630 309 630 309
633 309 633 309
635 309 635 309
638 309 638 309
641 309 641 309
644 309 644 309
647 309 647 309
556 312 556 312
559 312 559 312
562 312 563 312
565 312 565 312
568 312 568 312
571 312 571 312
573 312 573 312
576 312 576 312
579 312 579 312
582 312 582 312
585 312 585 312
588 312 588 312
590 312 591 312
593 312 593 312
596 312 596 312
599 312 598 312
602 312 601 312
604 312 604 312
607 312 607 312
613 312 613 312
616 312 616 312
619 312 619 312
621 312 621 312
624 312 624 312
627 312 627 312
630 312 630 312
635 312 636 312
638 312 638 312
641 312 642 312
644 312 644 312
647 312 647 312
559 315 559 315
562 315 562 315
565 315 565 315
568 315 568 315
571 315 570 315
573 315 573 315
576 315 576 315
579 315 579 315
582 315 582 315
585 315 585 315
588 315 587 315
590 315 590 315
593 315 593 315
596 315 596 315
599 315 599 315
602 315 602 315
604 315 604 315
607 315 607 315
610 315 610 315
613 315 614 315
616 315 616 315
619 315 619 315
621 315 622 315
624 315 624 315
627 315 627 315
630 315 630 315
633 315 633 315
635 315 635 315
638 315 638 315
641 315 642 315
644 315 645 315
647 315 647 315
