510 25 510 148
476 94 493 197
493 111 507 206
424 146 461 245
441 146 474 244
510 146 530 239
528 146 547 237
406 163 448 257
424 163 462 256
441 163 476 255
510 163 532 250
528 163 546 249
562 163 576 247
580 163 592 248
337 198 394 284
354 198 407 282
389 198 433 279
406 198 447 277
424 198 459 276
441 198 474 276
476 198 501 273
493 198 517 272
545 198 559 268
319 215 381 305
354 215 406 296
337 233 395 315
389 233 433 302
406 233 447 300
424 233 461 299
458 233 487 294
476 233 501 293
493 233 515 293
510 233 531 292
545 233 561 292
267 250 342 345
371 250 419 319
389 250 434 317
406 250 448 315
424 250 461 313
458 250 488 308
476 250 501 307
493 250 516 304
510 250 532 304
545 250 561 305
580 250 605 316
267 267 343 358
285 267 355 355
389 267 434 332
406 267 449 331
424 267 464 330
458 267 489 325
476 267 504 322
493 267 516 319
545 267 567 320
302 285 368 375
354 285 411 356
389 285 437 348
406 285 452 347
424 285 467 346
441 285 480 345
476 285 508 340
493 285 522 340
580 285 611 346
597 285 626 342
302 302 369 396
389 302 437 363
406 302 452 363
424 302 468 364
441 302 484 362
476 302 511 357
493 302 525 355
562 302 601 363
580 302 616 361
597 302 632 359
302 319 369 415
354 319 416 405
441 319 486 381
458 319 500 379
510 319 541 367
580 319 621 377
597 319 636 386
302 337 370 430
319 337 383 430
337 337 401 430
354 337 415 426
389 337 442 412
406 337 460 411
424 337 474 408
441 337 488 404
458 337 504 400
476 337 521 397
493 337 531 385
510 337 543 384
528 337 558 379
302 354 368 446
389 354 447 437
424 354 477 427
441 354 492 425
458 354 507 423
476 354 523 417
510 354 546 399
528 354 561 396
389 371 448 456
406 371 463 454
441 371 496 445
458 371 510 443
476 371 527 439
458 389 512 462
476 389 532 460
