476 77 499 91
458 94 479 107
441 111 461 122
441 129 459 145
458 129 476 147
476 146 496 159
181 163 193 146
406 163 419 168
371 181 386 189
389 181 401 190
406 181 420 191
424 181 438 191
319 198 329 213
337 198 348 213
354 198 366 213
371 198 384 213
389 198 402 212
406 198 420 213
424 198 438 213
441 198 455 213
493 198 510 216
510 198 528 214
302 215 313 231
319 215 330 231
337 215 347 234
354 215 366 235
371 215 383 235
424 215 437 235
441 215 454 235
458 215 472 234
476 215 490 235
493 215 509 237
510 215 526 235
528 215 543 233
285 233 294 244
319 233 329 249
337 233 348 253
354 233 366 254
371 233 383 256
389 233 401 257
406 233 419 258
424 233 436 257
441 233 454 257
458 233 472 258
476 233 490 259
493 233 508 258
510 233 525 256
267 250 278 257
319 250 329 266
337 250 347 270
354 250 365 272
371 250 383 274
389 250 400 274
406 250 417 276
424 250 435 278
441 250 453 278
458 250 471 279
476 250 489 278
493 250 506 278
510 250 524 276
250 267 258 270
319 267 329 283
337 267 347 287
354 267 364 290
371 267 382 291
389 267 400 292
406 267 418 294
424 267 435 296
441 267 452 297
458 267 470 299
476 267 488 300
493 267 506 298
510 267 523 296
215 285 226 288
233 285 238 291
250 285 255 293
267 285 275 291
319 285 328 301
337 285 346 305
354 285 363 307
371 285 382 308
389 285 402 311
406 285 417 311
424 285 434 311
441 285 452 314
458 285 470 316
476 285 488 318
493 285 505 316
510 285 522 314
545 285 557 306
215 302 222 309
233 302 243 309
267 302 276 307
319 302 328 319
337 302 346 323
354 302 364 324
371 302 382 324
389 302 399 325
406 302 414 325
424 302 433 328
441 302 451 329
458 302 469 333
476 302 487 334
493 302 504 334
510 302 521 329
528 302 539 327
545 302 557 325
562 302 573 325
267 319 276 321
337 319 346 339
354 319 363 342
371 319 380 341
389 319 397 340
406 319 414 342
424 319 433 344
441 319 450 345
458 319 468 348
476 319 486 350
493 319 503 352
528 319 539 342
545 319 554 342
562 319 572 343
319 337 326 344
406 337 415 358
424 337 432 359
441 337 449 362
458 337 467 364
476 337 485 367
493 337 503 369
510 337 519 370
285 354 293 352
319 354 325 361
337 354 344 364
424 354 431 375
441 354 448 377
458 354 466 379
476 354 483 382
493 354 503 387
510 354 519 389
545 354 554 374
267 371 276 371
285 371 296 372
319 371 326 377
337 371 344 380
354 371 361 382
371 371 378 383
389 371 395 384
406 371 413 387
441 371 448 391
458 371 466 394
476 371 484 398
493 371 501 402
614 371 619 394
250 389 259 391
267 389 275 390
285 389 295 390
302 389 312 391
319 389 326 392
354 389 360 397
371 389 377 398
389 389 394 401
406 389 412 403
424 389 429 405
476 389 481 412
493 389 500 418
545 389 547 405
614 389 618 412
233 406 240 407
250 406 258 410
319 406 326 410
337 406 342 410
354 406 359 413
389 406 394 417
406 406 411 418
424 406 429 420
441 406 446 422
545 406 546 421
215 424 225 420
233 424 240 423
337 424 341 427
354 424 358 428
371 424 376 430
389 424 393 432
406 424 412 434
424 424 428 436
441 424 445 437
545 424 545 438
233 441 235 440
250 441 256 441
337 441 339 446
354 441 358 447
371 441 376 446
389 441 393 447
406 441 409 449
424 441 428 452
458 441 462 451
493 441 501 451
528 441 528 453
233 458 234 458
337 458 339 464
354 458 359 464
371 458 378 466
389 458 396 464
406 458 411 465
424 458 427 467
441 458 443 466
458 458 465 466
215 476 219 477
233 476 235 477
