551 208 561 206
582 208 582 209
576 211 592 241
582 211 581 212
588 211 591 223
596 222 594 234
599 222 597 234
596 225 594 236
599 225 597 237
571 227 561 222
599 227 585 219
571 230 561 225
602 230 598 240
602 233 594 276
604 233 598 272
562 236 557 246
607 236 600 274
562 239 558 249
573 239 562 235
599 239 617 251
607 242 625 255
537 244 534 259
540 244 537 259
602 244 620 258
604 244 622 258
613 244 609 269
537 247 534 262
542 247 538 262
571 247 570 259
590 247 577 238
593 247 604 240
596 247 607 240
599 247 611 239
602 247 613 238
537 250 532 265
573 250 573 263
576 250 576 263
542 253 538 270
545 253 545 288
579 253 588 271
624 253 626 253
548 256 548 290
579 256 588 274
621 256 627 264
624 256 629 265
630 256 629 255
537 258 532 274
596 258 587 247
599 258 590 246
621 258 625 267
627 258 630 267
630 258 637 273
540 261 532 279
596 261 587 250
624 261 627 270
627 261 629 270
633 261 634 270
540 264 532 283
593 264 599 254
607 264 618 277
616 264 616 281
619 264 619 280
630 264 630 273
633 264 633 272
540 267 532 286
556 267 557 296
565 267 566 292
571 267 562 293
593 267 590 287
616 267 616 283
619 267 618 283
630 267 632 285
548 270 539 285
619 270 619 286
633 270 634 288
540 275 556 267
588 278 581 294
531 281 530 292
579 281 579 298
599 281 592 294
602 281 596 293
604 281 602 299
633 281 570 271
556 284 546 297
559 284 549 296
596 284 589 294
602 284 596 296
630 284 620 298
559 287 548 299
562 287 551 299
599 287 591 299
602 287 596 299
562 290 552 304
568 290 554 301
571 290 558 301
602 290 593 303
571 292 558 304
573 292 561 302
576 292 564 302
579 292 566 302
635 292 626 303
559 295 540 303
562 295 552 308
571 295 559 307
573 295 561 305
585 295 573 301
593 295 582 303
624 295 612 308
627 295 615 307
630 295 621 309
641 295 632 305
556 298 552 315
571 298 559 310
573 298 561 308
576 298 564 307
579 298 567 305
582 298 570 304
588 298 576 303
590 298 579 304
599 298 587 309
602 298 591 309
604 298 594 309
630 298 621 312
633 298 624 312
635 298 626 311
641 298 633 312
573 301 561 310
579 301 567 307
582 301 570 306
585 301 573 307
588 301 576 306
590 301 579 306
599 301 588 311
602 301 590 312
576 304 565 310
579 304 568 309
582 304 570 309
585 304 573 309
588 304 576 309
590 304 579 310
599 304 588 314
630 304 596 306
579 306 568 313
582 306 570 313
590 306 579 312
585 309 573 312
588 309 576 313
627 309 594 311
630 309 596 311
635 309 603 308
585 312 574 315
630 312 596 314
596 315 571 315
599 315 568 315
635 315 630 315
638 315 636 315
641 315 639 314
