548 208 548 208
551 208 551 208
554 208 553 207
556 208 556 207
562 208 559 207
576 208 576 206
579 208 579 207
582 208 582 207
585 208 585 207
588 208 587 207
607 208 608 208
610 208 610 208
616 208 616 208
548 211 548 210
551 211 551 210
562 211 555 210
565 211 559 210
568 211 562 210
573 211 568 210
579 211 573 209
582 211 576 209
588 211 587 210
590 211 585 208
604 211 604 209
610 211 609 211
616 211 615 211
619 211 618 211
621 211 620 210
551 213 545 214
556 213 550 213
559 213 553 213
562 213 556 213
568 213 559 213
571 213 566 216
576 213 570 213
579 213 573 212
585 213 577 213
588 213 582 212
599 213 597 212
602 213 600 212
604 213 604 212
613 213 611 212
619 213 617 213
548 216 542 217
551 216 545 217
554 216 547 217
556 216 550 216
568 216 563 216
573 216 568 216
576 216 570 215
582 216 576 218
588 216 582 215
596 216 591 214
599 216 594 214
602 216 598 214
604 216 601 214
607 216 606 214
613 216 609 214
616 216 612 214
619 216 615 214
624 216 621 213
545 219 539 220
548 219 542 220
551 219 545 220
554 219 547 220
556 219 551 219
565 219 560 218
568 219 563 219
571 219 566 219
573 219 568 219
576 219 570 218
582 219 576 221
588 219 580 220
596 219 591 217
599 219 594 217
602 219 598 217
604 219 601 217
610 219 606 217
613 219 609 217
616 219 615 216
621 219 618 217
624 219 621 216
545 222 539 226
551 222 545 222
554 222 548 222
559 222 554 220
562 222 557 221
565 222 560 221
568 222 562 222
571 222 565 222
573 222 568 222
576 222 571 222
579 222 574 224
596 222 589 220
599 222 592 219
607 222 604 219
613 222 610 219
616 222 612 219
619 222 615 220
621 222 619 220
542 225 537 229
545 225 539 229
554 225 549 225
556 225 551 225
559 225 554 224
562 225 557 224
565 225 560 224
568 225 563 225
571 225 565 225
573 225 568 226
576 225 571 224
579 225 575 226
582 225 577 226
590 225 584 227
593 225 588 223
602 225 597 220
616 225 612 222
619 225 617 222
551 227 546 225
554 227 549 227
556 227 554 227
559 227 557 228
565 227 560 227
568 227 563 228
571 227 566 229
573 227 568 229
576 227 571 229
582 227 577 229
585 227 580 229
590 227 586 226
593 227 588 226
596 227 592 226
610 227 607 225
619 227 617 224
621 227 620 224
542 230 537 234
548 230 543 228
551 230 546 228
554 230 550 230
556 230 554 230
559 230 557 231
562 230 560 231
568 230 564 232
571 230 566 232
573 230 569 232
576 230 571 232
579 230 574 231
590 230 586 229
593 230 589 229
596 230 592 229
599 230 595 226
602 230 597 226
604 230 600 226
610 230 604 225
545 233 540 233
548 233 543 231
551 233 546 230
556 233 554 232
559 233 557 233
579 233 574 235
585 233 580 233
590 233 586 233
593 233 589 232
596 233 592 231
599 233 594 231
610 233 604 228
613 233 607 228
616 233 610 227
542 236 537 236
548 236 543 234
551 236 546 234
559 236 557 236
562 236 560 236
565 236 563 236
568 236 566 236
593 236 589 234
596 236 592 234
599 236 594 234
604 236 598 232
607 236 601 232
610 236 604 231
613 236 607 231
616 236 610 230
540 239 538 240
542 239 540 239
548 239 544 237
551 239 546 237
554 239 549 235
585 239 581 235
588 239 583 235
590 239 586 235
604 239 599 234
607 239 601 233
610 239 604 234
613 239 607 233
616 239 616 234
542 242 537 242
545 242 542 240
548 242 545 240
559 242 558 239
590 242 587 237
602 242 596 237
616 242 616 239
545 244 542 245
551 244 547 243
559 244 557 241
562 244 555 239
576 244 573 239
579 244 577 239
582 244 581 239
616 244 618 245
542 247 537 248
551 247 547 246
562 247 555 242
568 247 564 242
571 247 567 242
579 247 578 242
582 247 581 242
590 247 587 241
593 247 590 241
602 247 598 240
604 247 601 240
607 247 603 240
616 247 618 248
534 250 532 250
540 250 535 248
554 250 548 245
556 250 551 245
559 250 554 245
568 250 563 245
571 250 567 245
576 250 570 244
579 250 572 244
582 250 578 244
585 250 581 244
588 250 584 244
590 250 587 243
593 250 590 243
596 250 593 243
599 250 595 243
604 250 602 242
613 250 613 252
616 250 618 251
528 253 528 253
534 253 532 252
537 253 534 252
540 253 537 252
542 253 540 252
545 253 543 251
554 253 549 248
568 253 563 247
571 253 566 247
576 253 570 247
579 253 572 247
582 253 575 247
585 253 578 246
588 253 584 246
590 253 586 246
593 253 589 246
596 253 592 246
599 253 595 246
602 253 598 245
604 253 602 245
613 253 613 255
616 253 617 254
619 253 620 254
621 253 623 254
528 256 528 256
534 256 531 255
537 256 534 254
540 256 537 255
542 256 540 254
551 256 546 251
573 256 567 250
576 256 570 250
579 256 572 250
582 256 575 250
585 256 579 250
588 256 582 250
590 256 585 250
593 256 589 249
596 256 592 249
599 256 595 248
602 256 599 248
604 256 602 249
607 256 604 249
613 256 613 257
616 256 617 257
619 256 620 257
624 256 626 257
528 258 528 258
534 258 532 257
537 258 534 257
540 258 537 257
545 258 543 254
573 258 567 253
576 258 569 253
579 258 572 252
582 258 574 253
585 258 578 252
588 258 581 252
590 258 584 252
593 258 587 253
596 258 593 253
599 258 595 253
602 258 599 253
604 258 602 252
610 258 613 248
613 258 613 260
616 258 617 260
619 258 620 259
621 258 623 259
624 258 626 259
627 258 628 259
531 261 529 260
534 261 532 260
537 261 535 260
540 261 538 260
542 261 540 260
545 261 543 260
554 261 549 255
579 261 571 256
582 261 574 256
585 261 578 255
588 261 581 256
590 261 584 255
593 261 587 255
596 261 590 255
599 261 595 256
602 261 599 255
604 261 602 255
610 261 611 263
613 261 614 262
616 261 617 262
619 261 620 262
621 261 623 262
624 261 626 262
627 261 628 262
531 264 530 263
534 264 532 263
537 264 535 263
540 264 538 262
542 264 540 263
545 264 543 263
554 264 549 257
568 264 561 262
576 264 567 262
579 264 570 259
582 264 573 259
585 264 579 259
588 264 581 258
590 264 584 258
593 264 587 258
602 264 599 259
604 264 601 259
613 264 614 265
616 264 617 265
619 264 620 265
621 264 623 265
624 264 626 265
627 264 629 265
531 267 530 266
534 267 533 266
537 267 535 266
540 267 538 265
542 267 541 265
545 267 544 265
554 267 549 260
576 267 567 265
579 267 570 264
590 267 585 261
602 267 599 263
604 267 602 262
607 267 607 263
616 267 617 268
619 267 620 268
621 267 623 268
624 267 626 268
627 267 629 268
630 267 632 267
531 270 529 269
534 270 532 268
537 270 535 269
540 270 538 268
542 270 542 268
545 270 545 268
551 270 549 266
554 270 553 265
582 270 591 276
585 270 578 261
602 270 600 269
604 270 603 269
607 270 608 269
613 270 616 271
619 270 620 271
621 270 623 271
624 270 626 271
627 270 629 271
630 270 632 270
633 270 634 270
531 273 530 272
534 273 533 272
537 273 535 272
540 273 538 272
548 273 547 265
551 273 550 269
554 273 553 268
556 273 559 268
565 273 561 268
579 273 576 264
602 273 600 272
607 273 608 272
610 273 612 273
616 273 618 273
619 273 621 274
621 273 623 273
624 273 626 273
627 273 628 273
630 273 632 273
633 273 634 273
635 273 637 273
528 275 528 275
531 275 530 275
534 275 533 275
537 275 536 275
540 275 538 274
548 275 547 269
562 275 559 271
565 275 562 271
568 275 567 271
579 275 576 273
602 275 600 275
607 275 609 276
610 275 612 276
613 275 615 276
619 275 621 276
621 275 623 276
624 275 626 276
627 275 629 276
630 275 631 276
633 275 634 276
635 275 637 276
528 278 528 278
531 278 530 278
534 278 533 278
537 278 536 278
540 278 539 278
542 278 542 275
545 278 544 274
548 278 547 274
551 278 550 275
559 278 556 275
562 278 559 275
565 278 562 274
568 278 564 274
571 278 567 274
573 278 569 274
604 278 603 281
607 278 609 279
610 278 612 280
613 278 614 280
616 278 618 279
619 278 620 280
621 278 623 279
624 278 626 279
627 278 629 279
630 278 631 279
633 278 634 279
635 278 637 279
638 278 640 279
528 281 528 281
531 281 531 281
534 281 534 281
537 281 537 281
540 281 539 281
542 281 542 280
545 281 544 278
548 281 545 280
551 281 548 279
554 281 551 278
556 281 553 278
559 281 556 278
562 281 559 278
565 281 561 277
568 281 564 277
571 281 567 277
573 281 570 277
607 281 609 281
610 281 611 283
613 281 615 283
616 281 617 282
619 281 620 282
621 281 623 282
624 281 626 282
627 281 629 282
633 281 634 282
635 281 637 281
638 281 640 281
528 284 528 283
531 284 531 284
534 284 534 284
537 284 536 284
540 284 539 284
542 284 541 283
551 284 548 282
554 284 551 281
556 284 554 281
559 284 556 281
562 284 559 280
565 284 562 280
568 284 565 280
571 284 567 279
573 284 569 280
590 284 585 284
599 284 594 284
602 284 601 284
604 284 606 284
607 284 609 286
610 284 612 286
613 284 614 286
616 284 617 285
627 284 629 285
633 284 634 284
635 284 637 284
638 284 640 284
528 287 528 286
531 287 531 287
534 287 534 287
537 287 537 286
540 287 539 286
554 287 551 284
556 287 554 283
559 287 556 283
562 287 559 283
565 287 562 282
568 287 565 282
571 287 568 282
590 287 585 287
602 287 601 286
604 287 606 286
613 287 614 289
627 287 629 288
630 287 632 287
633 287 634 287
635 287 637 287
638 287 640 287
644 287 644 287
528 290 528 289
531 290 531 289
534 290 534 289
537 290 537 289
542 290 541 288
548 290 545 287
551 290 548 287
554 290 551 287
556 290 554 286
559 290 557 285
562 290 560 285
565 290 563 285
568 290 565 285
571 290 568 287
596 290 594 288
602 290 601 289
604 290 606 289
607 290 609 289
610 290 612 289
624 290 623 289
630 290 632 290
633 290 634 291
638 290 640 290
644 290 645 290
647 290 647 290
528 292 528 292
531 292 531 292
534 292 534 292
537 292 537 292
540 292 539 292
542 292 541 291
548 292 545 290
551 292 548 290
554 292 551 289
556 292 554 289
559 292 557 288
562 292 560 288
565 292 563 289
568 292 565 289
596 292 595 292
599 292 598 291
602 292 602 292
604 292 606 292
607 292 609 292
610 292 612 292
613 292 615 291
630 292 631 293
528 295 528 295
531 295 531 295
534 295 533 295
540 295 539 295
542 295 542 295
551 295 549 292
556 295 556 292
562 295 560 292
565 295 563 292
568 295 573 293
573 295 577 293
576 295 580 293
599 295 599 295
602 295 603 295
604 295 606 295
607 295 609 295
610 295 612 295
613 295 615 295
616 295 618 295
624 295 626 297
627 295 629 296
630 295 631 296
635 295 636 295
638 295 638 294
647 295 647 294
534 298 534 298
537 298 536 299
540 298 540 298
542 298 542 298
545 298 545 297
551 298 550 296
554 298 553 296
556 298 556 296
559 298 559 297
565 298 571 297
590 298 592 295
593 298 594 296
599 298 600 298
602 298 603 297
604 298 606 298
607 298 609 298
610 298 612 297
619 298 620 298
638 298 638 297
644 298 645 296
647 298 647 296
537 301 536 301
540 301 539 301
542 301 542 301
545 301 545 300
548 301 548 299
551 301 550 299
554 301 553 299
556 301 556 299
559 301 559 300
562 301 562 300
565 301 566 300
568 301 568 299
576 301 578 299
579 301 580 299
582 301 583 298
585 301 585 299
588 301 588 299
604 301 606 301
607 301 609 301
610 301 612 300
613 301 616 301
616 301 619 300
619 301 620 300
621 301 623 300
635 301 636 300
638 301 638 300
641 301 642 300
647 301 647 299
540 304 539 304
542 304 542 304
545 304 545 303
548 304 548 302
551 304 550 302
554 304 553 302
556 304 556 302
559 304 559 302
562 304 562 302
565 304 565 302
568 304 568 302
571 304 571 302
573 304 574 302
576 304 577 302
579 304 580 302
582 304 583 302
585 304 585 302
588 304 588 302
590 304 591 302
596 304 595 302
599 304 598 302
604 304 606 304
607 304 609 304
610 304 612 303
613 304 615 304
619 304 621 303
621 304 623 303
630 304 631 304
641 304 641 303
647 304 647 303
540 306 539 307
542 306 542 307
545 306 545 306
548 306 548 306
551 306 551 305
556 306 556 305
559 306 559 305
562 306 562 305
565 306 565 305
568 306 568 305
571 306 571 305
573 306 574 305
576 306 577 305
579 306 580 305
582 306 583 305
585 306 585 305
596 306 595 304
599 306 598 304
602 306 603 306
604 306 606 307
607 306 609 307
610 306 612 307
616 306 615 306
619 306 620 306
621 306 623 306
630 306 631 306
633 306 633 306
635 306 636 306
641 306 641 305
644 306 645 307
647 306 647 306
542 309 543 309
545 309 545 309
548 309 548 309
551 309 551 309
554 309 554 308
556 309 557 308
559 309 559 308
562 309 562 308
565 309 565 308
568 309 568 308
571 309 571 308
573 309 574 308
576 309 577 308
579 309 580 308
582 309 583 309
585 309 586 308
588 309 589 308
590 309 591 308
596 309 595 307
599 309 600 309
602 309 603 309
604 309 607 310
607 309 609 309
613 309 613 309
616 309 616 309
619 309 620 309
621 309 624 309
624 309 627 309
630 309 633 310
633 309 635 309
641 309 642 310
644 309 644 310
545 312 545 312
548 312 548 312
551 312 551 312
554 312 554 311
556 312 557 311
559 312 559 311
562 312 562 311
565 312 565 311
568 312 569 310
571 312 571 311
573 312 574 310
576 312 577 311
582 312 583 311
585 312 585 311
588 312 589 311
590 312 592 311
593 312 594 311
599 312 600 312
602 312 603 312
604 312 606 312
607 312 609 312
613 312 614 312
616 312 617 312
619 312 619 312
621 312 624 312
624 312 627 312
627 312 630 312
630 312 633 312
633 312 636 312
638 312 639 312
647 312 647 311
548 315 548 315
551 315 552 315
554 315 554 315
556 315 557 314
559 315 559 314
562 315 563 314
565 315 565 314
568 315 568 314
571 315 571 314
573 315 574 314
579 315 579 315
588 315 590 315
590 315 592 315
593 315 595 315
596 315 598 315
599 315 601 315
602 315 604 315
604 315 607 315
610 315 611 315
613 315 613 315
616 315 617 315
619 315 620 315
621 315 624 315
624 315 627 315
627 315 630 315
630 315 633 315
633 315 635 315
638 315 639 315
647 315 647 314
