537 301 543 299
542 301 546 299
607 306 613 307
610 306 615 307
542 309 551 309
548 309 558 307
551 309 560 307
556 309 564 304
559 309 567 305
562 309 569 305
565 309 572 305
573 309 583 303
576 309 586 304
579 309 589 305
582 309 592 305
604 309 607 306
613 309 618 310
556 312 564 307
559 312 567 308
562 312 570 308
576 312 585 307
579 312 588 307
582 312 591 308
585 312 595 308
588 312 598 308
590 312 601 309
593 312 603 309
602 312 606 309
610 312 618 313
613 312 620 313
621 312 624 313
565 315 581 315
576 315 585 310
590 315 600 312
593 315 603 312
610 315 618 315
613 315 620 316
