551 208 551 208
554 208 554 208
556 208 557 208
559 208 560 207
562 208 562 208
565 208 565 207
573 208 573 208
576 208 576 208
579 208 580 208
582 208 582 208
588 208 588 208
590 208 590 208
607 208 607 208
610 208 610 208
613 208 613 208
616 208 616 208
545 211 545 211
548 211 548 211
551 211 551 211
554 211 554 210
556 211 557 210
559 211 560 210
562 211 562 210
565 211 564 210
573 211 571 210
576 211 574 210
579 211 577 210
582 211 579 210
585 211 585 211
588 211 588 211
590 211 590 211
593 211 593 211
596 211 596 211
602 211 602 210
604 211 604 210
607 211 607 210
610 211 610 211
613 211 612 211
616 211 616 210
619 211 619 210
542 213 542 214
545 213 545 214
548 213 548 213
551 213 550 214
556 213 556 213
559 213 559 213
565 213 562 214
568 213 565 214
573 213 572 214
576 213 574 213
579 213 577 213
582 213 579 213
585 213 582 213
588 213 585 213
590 213 587 213
593 213 591 213
596 213 596 214
599 213 599 213
604 213 604 213
607 213 607 213
610 213 609 213
613 213 612 213
616 213 615 213
619 213 618 213
621 213 620 214
542 216 542 216
545 216 545 217
551 216 549 217
554 216 551 217
559 216 554 218
565 216 563 219
571 216 568 219
576 216 574 216
579 216 577 216
582 216 579 217
585 216 582 216
590 216 588 217
593 216 591 217
596 216 593 216
599 216 599 217
602 216 601 216
604 216 604 216
607 216 607 216
610 216 610 216
616 216 614 216
619 216 617 216
542 219 543 219
545 219 545 219
551 219 548 222
554 219 552 220
559 219 560 217
565 219 563 222
573 219 572 220
576 219 574 219
579 219 577 220
582 219 580 220
585 219 584 219
590 219 589 220
593 219 591 219
596 219 594 218
599 219 598 219
602 219 601 219
604 219 604 219
610 219 609 219
616 219 614 218
621 219 620 219
540 222 539 222
542 222 542 222
545 222 544 221
559 222 560 219
565 222 563 224
571 222 569 222
573 222 572 222
579 222 577 224
582 222 581 222
585 222 584 222
588 222 587 222
590 222 589 222
593 222 592 221
596 222 596 222
599 222 599 222
602 222 602 222
604 222 604 222
607 222 606 221
613 222 612 221
621 222 620 222
624 222 623 221
540 225 540 225
542 225 542 225
545 225 545 225
551 225 549 225
554 225 552 225
556 225 554 225
559 225 559 221
571 225 570 225
573 225 572 225
579 225 579 225
582 225 581 225
585 225 584 225
588 225 587 225
590 225 589 224
593 225 592 224
596 225 596 225
599 225 598 225
602 225 601 225
604 225 604 224
607 225 606 224
610 225 609 224
616 225 615 224
619 225 617 224
624 225 623 224
540 227 540 227
542 227 543 227
545 227 545 227
551 227 550 227
556 227 556 228
559 227 559 228
562 227 561 227
565 227 564 227
568 227 567 228
571 227 570 228
573 227 573 228
576 227 576 228
579 227 579 228
582 227 582 228
590 227 589 227
593 227 592 227
596 227 595 228
599 227 598 228
602 227 601 227
604 227 603 227
607 227 606 227
621 227 620 228
537 230 537 230
540 230 540 230
542 230 542 230
545 230 545 230
548 230 547 231
551 230 550 230
554 230 553 230
556 230 556 231
559 230 559 230
562 230 562 230
565 230 565 230
568 230 567 230
571 230 570 231
573 230 573 231
576 230 576 230
582 230 580 230
585 230 584 231
588 230 587 230
590 230 589 230
593 230 592 230
596 230 595 230
599 230 598 230
604 230 603 230
613 230 611 228
537 233 537 233
540 233 540 233
542 233 542 233
551 233 550 233
554 233 553 233
556 233 556 233
559 233 559 233
562 233 562 233
565 233 565 233
568 233 567 233
571 233 570 233
573 233 572 233
579 233 578 233
585 233 582 233
588 233 587 233
593 233 592 233
596 233 595 233
599 233 598 233
602 233 601 233
607 233 606 233
613 233 611 231
537 236 537 236
540 236 540 235
542 236 542 236
548 236 547 236
556 236 556 235
559 236 559 235
562 236 562 236
565 236 565 236
568 236 567 236
571 236 570 236
573 236 572 236
576 236 575 236
579 236 579 236
585 236 584 235
588 236 586 236
593 236 592 236
596 236 595 236
599 236 598 236
604 236 603 235
610 236 608 235
613 236 611 235
540 239 539 239
542 239 542 239
545 239 545 239
551 239 549 238
556 239 556 239
559 239 559 239
562 239 563 239
568 239 567 238
571 239 570 238
573 239 572 239
576 239 576 239
579 239 579 239
582 239 582 239
585 239 584 239
588 239 586 238
593 239 592 239
596 239 595 239
599 239 598 239
604 239 603 238
607 239 605 238
610 239 608 238
613 239 610 239
540 242 540 242
542 242 542 242
545 242 545 242
548 242 547 242
559 242 559 241
562 242 562 241
565 242 565 241
568 242 567 241
571 242 570 242
573 242 573 242
576 242 576 242
579 242 579 241
582 242 582 241
585 242 584 241
588 242 587 241
590 242 590 241
596 242 594 241
599 242 597 241
602 242 600 241
604 242 603 241
607 242 605 241
613 242 612 239
540 244 540 244
542 244 542 244
545 244 545 245
548 244 548 245
556 244 556 244
559 244 559 244
562 244 562 244
565 244 565 244
568 244 567 244
571 244 570 244
579 244 579 244
582 244 582 244
585 244 585 244
588 244 587 243
590 244 590 243
602 244 600 243
613 244 612 242
616 244 616 244
531 247 531 247
534 247 534 247
537 247 537 247
542 247 543 248
545 247 545 248
548 247 548 248
551 247 550 248
554 247 554 247
562 247 562 247
568 247 567 246
571 247 570 246
573 247 573 246
576 247 576 247
588 247 587 246
590 247 590 246
599 247 597 246
602 247 599 246
604 247 604 245
616 247 616 247
528 250 529 249
531 250 531 250
534 250 534 250
537 250 537 250
540 250 540 250
542 250 542 250
545 250 545 250
548 250 548 251
551 250 551 250
554 250 554 250
568 250 567 249
571 250 570 249
573 250 573 249
576 250 576 249
590 250 590 249
599 250 596 249
602 250 599 249
604 250 604 248
607 250 607 248
613 250 613 250
616 250 616 250
619 250 619 250
621 250 622 250
528 253 528 253
531 253 531 253
534 253 534 253
537 253 536 253
540 253 539 253
542 253 542 253
545 253 545 253
548 253 548 253
551 253 552 253
568 253 568 252
571 253 570 252
573 253 573 252
576 253 576 252
579 253 578 252
599 253 595 252
607 253 607 251
613 253 613 253
616 253 616 253
619 253 619 253
621 253 621 253
528 256 528 256
531 256 531 256
534 256 533 256
537 256 536 256
540 256 539 256
542 256 542 256
551 256 551 259
559 256 553 256
573 256 573 255
576 256 576 255
579 256 579 255
582 256 581 255
585 256 584 254
590 256 588 255
599 256 596 255
602 256 598 255
604 256 601 255
607 256 607 255
613 256 613 256
616 256 616 256
619 256 619 256
621 256 622 256
624 256 624 256
528 258 528 259
531 258 531 258
534 258 533 258
537 258 536 259
540 258 539 259
545 258 545 256
559 258 553 259
573 258 574 258
576 258 576 258
585 258 582 259
590 258 590 259
599 258 596 259
602 258 598 259
604 258 601 259
607 258 607 258
610 258 610 258
613 258 613 258
616 258 616 259
619 258 619 259
621 258 621 259
624 258 624 258
627 258 627 259
528 261 528 261
531 261 531 261
534 261 534 261
537 261 536 261
540 261 539 261
542 261 542 261
545 261 545 259
554 261 551 262
571 261 562 258
573 261 573 261
576 261 576 261
582 261 579 262
585 261 582 262
588 261 588 264
590 261 591 262
599 261 596 261
602 261 598 262
607 261 607 261
610 261 611 261
613 261 613 261
616 261 616 261
619 261 619 262
621 261 621 261
624 261 624 261
627 261 627 261
528 264 528 264
531 264 531 264
534 264 534 264
537 264 537 264
540 264 539 264
542 264 542 264
545 264 545 264
554 264 551 265
571 264 571 262
585 264 582 264
590 264 591 265
604 264 604 264
610 264 611 264
613 264 613 264
616 264 616 264
619 264 619 264
621 264 622 264
624 264 624 264
627 264 627 264
528 267 528 268
531 267 531 267
534 267 534 267
537 267 537 266
540 267 539 266
542 267 542 267
545 267 545 267
565 267 565 267
568 267 568 266
576 267 576 265
579 267 578 264
585 267 582 267
588 267 588 268
604 267 604 267
610 267 611 267
613 267 613 267
616 267 616 267
619 267 619 267
621 267 621 267
624 267 624 267
627 267 627 267
630 267 629 266
528 270 528 271
531 270 530 270
534 270 534 269
537 270 537 269
540 270 539 270
542 270 542 270
545 270 545 270
548 270 547 267
556 270 556 270
562 270 559 269
590 270 590 270
596 270 594 270
604 270 604 269
607 270 607 269
610 270 610 270
613 270 613 270
616 270 616 270
619 270 619 270
621 270 621 270
624 270 624 270
627 270 627 270
630 270 630 270
633 270 633 269
528 273 528 273
531 273 531 273
534 273 534 272
537 273 537 272
540 273 539 273
542 273 542 273
545 273 545 273
548 273 548 270
551 273 550 270
554 273 553 273
556 273 556 272
562 273 560 272
565 273 565 272
573 273 574 272
585 273 584 272
607 273 607 272
610 273 610 273
613 273 613 273
616 273 616 273
619 273 619 273
621 273 622 273
624 273 624 273
627 273 627 272
630 273 630 273
633 273 633 272
635 273 636 273
528 275 528 276
531 275 531 275
534 275 534 275
537 275 537 276
540 275 539 276
542 275 542 276
545 275 545 276
548 275 548 276
554 275 553 275
556 275 556 275
562 275 560 275
565 275 562 275
571 275 568 275
607 275 607 276
610 275 610 276
613 275 613 275
616 275 616 275
619 275 619 275
621 275 622 275
624 275 624 275
627 275 627 275
630 275 630 275
633 275 633 275
635 275 636 275
528 278 528 279
531 278 531 279
534 278 534 278
537 278 537 278
540 278 539 279
542 278 542 279
545 278 545 279
548 278 548 278
551 278 550 278
554 278 554 278
556 278 556 278
559 278 559 278
562 278 561 277
565 278 564 277
568 278 567 277
571 278 570 277
573 278 572 278
576 278 575 276
579 278 578 275
604 278 605 278
607 278 608 278
610 278 610 279
613 278 613 278
616 278 616 278
619 278 619 278
621 278 622 278
624 278 624 278
627 278 627 278
630 278 629 278
633 278 633 278
635 278 635 278
638 278 638 278
528 281 528 281
531 281 531 281
534 281 534 281
537 281 536 281
540 281 539 281
542 281 542 281
545 281 545 281
548 281 548 281
551 281 550 281
554 281 553 280
556 281 556 281
559 281 559 280
562 281 561 280
565 281 564 280
568 281 567 280
571 281 570 280
573 281 572 280
576 281 576 281
585 281 585 278
588 281 587 279
596 281 596 279
599 281 599 279
604 281 604 281
607 281 608 281
610 281 610 281
613 281 613 281
616 281 616 281
619 281 619 281
621 281 622 281
624 281 625 280
627 281 627 281
630 281 629 281
633 281 633 282
635 281 636 281
638 281 638 281
528 284 528 285
531 284 531 284
534 284 534 284
537 284 537 284
540 284 539 284
542 284 542 284
545 284 545 284
551 284 550 283
554 284 553 283
556 284 556 283
559 284 559 283
562 284 562 283
565 284 564 283
568 284 567 283
582 284 579 284
590 284 590 281
593 284 593 282
596 284 596 282
604 284 604 284
607 284 608 283
610 284 610 284
613 284 613 284
616 284 615 284
619 284 618 284
621 284 622 284
624 284 624 284
627 284 627 284
630 284 630 284
633 284 633 285
635 284 636 284
638 284 638 284
641 284 641 284
528 287 528 287
531 287 531 287
534 287 534 287
537 287 536 287
540 287 539 287
542 287 542 287
548 287 547 286
551 287 550 286
554 287 553 286
556 287 556 287
559 287 559 286
562 287 562 286
565 287 565 286
568 287 568 286
571 287 570 286
582 287 579 286
585 287 582 286
590 287 589 285
593 287 593 284
596 287 597 284
599 287 599 287
602 287 602 286
604 287 604 287
607 287 607 287
610 287 610 287
613 287 613 287
616 287 615 287
619 287 618 287
621 287 621 287
624 287 624 287
627 287 627 287
630 287 630 287
633 287 633 287
635 287 636 287
638 287 638 286
641 287 641 287
644 287 644 287
528 290 528 290
531 290 532 290
534 290 534 289
537 290 537 290
540 290 539 289
542 290 542 290
548 290 547 289
551 290 550 289
554 290 553 289
556 290 556 289
559 290 559 289
562 290 562 289
565 290 565 289
568 290 568 289
571 290 571 289
573 290 574 289
582 290 579 289
585 290 582 289
588 290 585 289
590 290 590 287
593 290 593 287
596 290 596 287
599 290 599 290
602 290 602 289
604 290 604 290
607 290 607 289
610 290 610 289
613 290 613 289
616 290 615 289
621 290 622 289
627 290 627 289
630 290 630 290
635 290 636 290
638 290 639 290
641 290 642 290
644 290 644 290
647 290 647 290
528 292 528 292
531 292 531 293
534 292 534 293
537 292 537 292
540 292 539 292
542 292 542 292
545 292 545 292
548 292 547 292
551 292 550 292
554 292 553 291
556 292 556 292
559 292 559 292
565 292 564 292
568 292 568 292
571 292 571 291
573 292 574 292
576 292 579 293
585 292 582 293
588 292 585 291
590 292 588 292
593 292 592 292
596 292 595 292
599 292 599 292
602 292 602 292
604 292 604 292
607 292 607 292
610 292 610 293
613 292 613 292
616 292 615 292
624 292 622 292
627 292 626 292
630 292 629 292
633 292 633 293
635 292 636 293
638 292 639 292
644 292 644 292
647 292 647 292
528 295 528 295
531 295 531 295
537 295 536 295
542 295 542 295
545 295 545 295
548 295 547 295
551 295 550 295
554 295 553 295
556 295 556 295
559 295 559 294
562 295 561 294
565 295 565 295
568 295 568 295
571 295 571 295
573 295 576 295
576 295 579 295
588 295 585 295
593 295 592 295
596 295 596 295
599 295 599 295
602 295 602 295
604 295 605 296
607 295 607 296
610 295 610 295
613 295 613 295
616 295 616 295
621 295 622 295
624 295 623 296
630 295 629 295
635 295 636 295
638 295 639 295
644 295 644 295
647 295 647 295
534 298 533 298
540 298 539 298
542 298 542 298
545 298 545 298
548 298 548 298
551 298 550 298
554 298 553 298
556 298 556 298
559 298 559 298
562 298 562 297
565 298 564 297
568 298 568 298
571 298 570 298
576 298 579 298
582 298 582 299
585 298 585 299
588 298 587 298
590 298 590 298
593 298 593 298
596 298 596 298
599 298 599 298
602 298 602 298
604 298 604 298
607 298 607 299
610 298 610 299
616 298 617 297
619 298 619 298
621 298 622 298
630 298 629 298
633 298 632 298
635 298 635 298
641 298 641 297
644 298 644 297
647 298 647 297
537 301 537 301
540 301 539 301
542 301 542 301
545 301 545 301
548 301 548 300
551 301 550 300
554 301 553 301
556 301 556 301
559 301 559 301
562 301 562 301
565 301 564 300
568 301 567 300
571 301 570 300
576 301 577 301
579 301 579 301
582 301 582 301
585 301 584 301
588 301 587 301
590 301 590 300
593 301 593 300
596 301 596 300
599 301 598 300
602 301 601 301
604 301 604 301
607 301 607 301
610 301 610 301
613 301 613 301
616 301 617 300
619 301 619 300
621 301 622 300
630 301 630 301
633 301 632 301
635 301 635 301
638 301 638 301
641 301 642 301
644 301 644 300
647 301 647 300
537 304 537 304
540 304 540 304
542 304 542 304
545 304 545 304
548 304 548 303
551 304 550 303
554 304 553 303
556 304 556 303
559 304 559 303
562 304 562 304
565 304 565 303
568 304 568 303
571 304 570 303
573 304 574 303
576 304 577 304
579 304 579 303
582 304 582 303
585 304 585 303
588 304 588 303
590 304 590 303
593 304 593 303
596 304 596 303
599 304 599 304
602 304 602 303
604 304 604 304
607 304 607 304
610 304 610 303
613 304 613 304
616 304 616 303
619 304 619 303
621 304 622 304
630 304 630 304
633 304 632 304
635 304 635 304
638 304 638 304
641 304 641 304
644 304 644 303
647 304 647 303
540 306 540 306
542 306 542 306
545 306 545 307
548 306 548 306
551 306 551 306
554 306 554 306
556 306 556 306
559 306 559 306
562 306 562 306
565 306 565 306
568 306 568 306
571 306 571 306
573 306 573 306
576 306 576 306
579 306 579 306
582 306 582 306
585 306 585 306
588 306 588 306
590 306 591 306
593 306 593 307
596 306 596 306
599 306 599 306
602 306 601 306
604 306 604 306
607 306 606 306
610 306 609 306
613 306 613 306
616 306 615 306
619 306 618 306
621 306 621 306
624 306 624 307
627 306 627 306
630 306 630 306
633 306 633 306
635 306 635 306
638 306 638 307
641 306 641 306
644 306 643 306
647 306 647 306
542 309 543 309
548 309 548 310
551 309 551 310
554 309 554 309
556 309 557 309
559 309 559 309
562 309 562 309
565 309 565 309
568 309 567 309
571 309 571 309
573 309 573 309
576 309 576 309
579 309 579 309
582 309 582 309
585 309 585 309
588 309 588 309
590 309 591 309
593 309 594 309
596 309 596 309
599 309 599 309
602 309 602 309
604 309 604 309
607 309 607 309
610 309 610 309
613 309 613 309
616 309 616 309
619 309 618 309
621 309 622 310
624 309 625 309
627 309 627 309
630 309 630 309
633 309 633 309
635 309 636 309
638 309 638 309
641 309 641 309
644 309 643 309
647 309 647 309
542 312 542 312
545 312 545 312
548 312 548 312
551 312 551 312
554 312 554 312
556 312 557 311
559 312 559 312
562 312 562 312
565 312 565 312
568 312 568 312
571 312 571 312
573 312 574 311
576 312 576 312
579 312 579 312
582 312 582 312
585 312 585 312
588 312 588 312
590 312 591 312
593 312 593 312
596 312 596 312
599 312 599 312
602 312 602 312
604 312 604 312
607 312 607 312
610 312 610 312
613 312 613 312
616 312 616 312
619 312 619 312
621 312 622 312
624 312 624 312
627 312 627 312
630 312 629 312
633 312 632 312
635 312 636 312
638 312 638 312
641 312 641 312
644 312 643 312
647 312 647 312
545 315 545 315
548 315 548 315
551 315 551 315
554 315 553 315
556 315 556 315
559 315 559 315
562 315 562 315
565 315 565 315
568 315 568 315
571 315 571 315
573 315 574 315
576 315 576 315
579 315 579 315
582 315 582 315
585 315 585 315
588 315 587 315
590 315 590 315
593 315 593 315
596 315 596 315
599 315 599 315
602 315 602 315
604 315 604 315
607 315 607 315
610 315 611 315
613 315 613 315
616 315 616 315
619 315 619 315
621 315 622 315
624 315 624 315
627 315 630 315
633 315 632 315
635 315 635 315
638 315 638 315
641 315 641 315
644 315 644 315
647 315 647 315
