389 225 433 225
392 225 435 225
386 228 426 230
389 228 433 231
386 230 429 234
397 230 439 232
381 233 380 243
397 233 438 234
378 236 381 258
381 236 384 256
383 236 388 257
392 236 431 236
394 236 435 236
397 236 437 237
378 239 380 261
383 239 388 259
378 241 378 251
383 241 385 250
378 244 378 254
378 250 378 258
378 252 378 261
386 258 384 265
408 261 438 259
383 263 380 270
389 263 386 271
403 263 391 255
408 263 435 255
411 263 438 255
419 269 446 272
408 272 396 284
400 274 388 279
394 277 416 286
394 280 416 289
397 280 419 289
400 280 422 289
403 280 425 290
405 280 428 290
425 280 450 293
394 282 416 292
400 282 423 292
403 282 426 293
405 282 428 293
408 282 431 294
378 285 378 281
394 285 416 294
397 285 418 294
400 285 422 295
403 285 425 295
405 285 428 296
414 285 434 297
416 285 437 297
425 285 448 299
378 288 378 284
386 288 410 298
389 288 412 298
394 288 417 297
400 288 421 298
403 288 424 298
405 288 427 299
408 288 430 300
414 288 434 300
416 288 436 300
419 288 439 301
389 291 412 300
394 291 418 301
397 291 421 302
405 291 427 302
408 291 430 302
419 291 439 303
422 291 394 305
427 291 448 305
394 293 418 304
397 293 421 305
400 293 423 305
416 293 435 307
419 293 438 307
422 293 441 308
425 293 445 308
427 293 448 308
430 293 450 308
436 293 453 306
422 296 441 310
425 296 445 310
430 296 450 311
436 296 453 308
381 299 380 292
389 299 408 303
433 299 450 314
441 299 455 309
405 302 424 310
408 302 426 310
416 302 430 306
425 302 443 317
427 302 446 317
430 302 448 317
436 302 452 316
438 302 455 317
392 304 386 297
425 304 443 320
427 304 446 320
430 304 448 320
436 304 452 319
438 304 455 321
441 304 458 321
444 304 461 319
383 307 402 311
386 307 405 311
425 307 443 322
427 307 446 323
430 307 448 323
436 307 452 324
438 307 455 324
441 307 458 324
444 307 461 324
392 310 408 314
394 310 411 315
414 310 431 321
422 310 437 321
425 310 440 322
438 310 454 326
441 310 458 326
394 313 410 318
414 313 430 324
416 313 431 314
425 313 440 325
427 313 443 325
430 313 446 326
436 313 451 327
438 313 454 329
381 315 379 306
392 315 407 320
394 315 410 321
400 315 416 320
408 315 423 320
389 318 403 323
392 318 407 323
394 318 410 324
397 318 413 323
400 318 416 323
403 318 419 323
411 318 424 319
416 318 433 328
419 318 436 327
425 318 440 328
430 318 445 329
438 318 454 333
441 318 457 333
392 321 406 326
400 321 415 325
408 321 422 326
411 321 425 326
416 321 433 330
430 321 448 331
381 324 389 295
383 324 392 295
394 324 408 328
397 324 411 328
400 324 415 328
405 324 418 328
411 324 424 329
414 324 427 328
425 324 439 330
389 326 400 328
392 326 404 329
397 326 412 330
400 326 414 331
414 326 426 332
386 329 397 331
411 329 423 332
416 329 430 332
419 329 432 333
422 329 435 334
389 332 400 333
392 332 402 333
394 332 405 333
403 332 418 334
408 332 420 335
411 332 423 335
378 335 378 332
381 335 381 333
383 335 384 333
386 335 387 333
389 335 391 331
394 335 405 335
378 337 378 337
381 337 381 337
383 337 384 337
386 337 387 337
389 337 390 337
405 337 421 337
