559 199 565 210
562 199 564 213
545 205 568 208
551 205 562 213
545 208 568 211
582 213 604 275
582 222 594 241
537 227 548 218
542 227 552 218
571 227 570 217
573 227 573 217
613 227 611 227
540 230 545 221
599 230 603 230
604 230 604 235
607 230 607 229
616 230 617 227
542 233 564 277
607 233 611 231
610 233 614 231
613 233 617 231
537 236 558 277
602 236 615 252
607 236 610 233
540 239 561 280
571 239 576 251
573 239 579 251
616 239 623 262
537 242 539 226
540 242 542 226
571 242 576 254
573 242 578 254
607 244 603 250
610 244 607 251
613 244 610 251
616 244 612 251
582 247 581 258
613 247 606 253
542 250 545 253
613 250 605 256
613 256 606 260
619 256 608 260
621 256 611 261
630 256 626 265
613 258 604 262
619 258 607 263
621 258 611 263
624 258 614 264
627 258 617 264
585 261 578 263
588 261 581 263
590 261 583 263
621 261 611 266
624 261 614 266
582 264 575 266
616 264 607 269
621 264 610 269
627 264 613 270
630 264 620 270
638 264 639 281
590 267 584 267
593 267 587 267
596 267 586 279
599 267 588 279
624 267 613 272
630 267 619 273
633 267 621 273
619 270 610 273
613 273 607 275
619 273 610 275
540 275 549 270
624 275 613 279
627 275 615 280
528 278 540 272
613 278 606 279
619 278 609 278
641 278 636 290
604 281 563 287
565 284 557 291
576 284 569 289
582 284 579 287
588 284 585 288
590 284 587 286
647 284 647 297
568 287 560 292
571 287 562 292
573 287 566 292
576 287 569 292
590 287 588 289
593 287 590 290
604 287 563 290
540 290 536 285
542 290 539 284
554 290 550 292
556 290 553 292
571 290 563 296
573 290 566 295
579 290 572 293
590 290 587 292
593 290 590 292
596 290 593 291
641 290 629 293
647 290 647 300
554 292 550 294
556 292 553 294
568 292 562 298
571 292 565 298
573 292 569 299
590 292 587 295
593 292 590 295
624 292 614 297
630 292 617 297
633 292 620 297
556 295 557 298
562 295 559 301
565 295 562 301
573 295 569 301
576 295 571 300
579 295 574 300
582 295 577 299
588 295 583 297
590 295 587 298
596 295 592 296
602 295 598 295
610 295 606 296
613 295 608 297
576 298 571 303
579 298 574 303
582 298 577 302
585 298 581 301
588 298 583 300
593 298 590 299
596 298 592 299
599 298 595 298
602 298 598 299
604 298 601 299
610 298 606 299
613 298 608 299
616 298 610 299
630 298 617 301
633 298 619 301
571 301 567 305
576 301 571 306
579 301 574 306
582 301 577 305
585 301 581 304
588 301 584 304
590 301 586 304
593 301 590 302
596 301 592 302
599 301 595 301
602 301 598 302
604 301 600 302
613 301 608 302
616 301 610 302
568 304 564 308
571 304 567 307
585 304 581 306
588 304 583 306
590 304 586 307
593 304 590 304
596 304 592 304
599 304 595 304
602 304 598 304
604 304 600 304
607 304 603 304
633 304 619 303
647 304 647 305
573 306 571 308
576 306 573 308
579 306 576 308
582 306 579 309
585 306 582 309
588 306 585 309
590 306 588 307
596 306 592 308
599 306 595 308
633 306 619 306
635 306 631 307
571 309 568 311
573 309 571 311
576 309 573 311
579 309 577 312
582 309 579 312
585 309 581 312
590 309 588 310
596 309 592 310
602 309 598 308
604 309 600 308
610 309 607 311
573 312 570 314
579 312 577 314
582 312 579 315
588 312 585 313
590 312 587 314
593 312 591 314
596 312 595 314
599 312 597 314
613 312 609 313
621 312 615 312
624 312 618 313
630 312 616 309
638 312 630 314
576 315 573 314
585 315 583 316
588 315 585 316
590 315 587 315
593 315 591 316
604 315 601 315
607 315 604 315
610 315 606 315
613 315 609 315
616 315 612 315
619 315 615 315
624 315 618 315
627 315 620 315
633 315 624 316
