476 42 503 154
493 77 523 181
458 94 492 195
476 94 506 193
441 111 480 212
458 111 493 209
476 111 509 208
510 146 546 236
528 146 563 236
337 181 395 274
354 181 410 273
371 181 426 272
389 181 438 271
424 181 469 268
441 181 484 268
458 181 499 267
476 181 515 265
493 181 531 264
510 181 545 263
528 181 564 262
545 181 581 262
337 198 395 289
354 198 410 286
371 198 425 285
389 198 439 284
424 198 469 282
441 198 484 280
458 198 499 280
476 198 516 279
493 198 530 278
510 198 546 277
528 198 564 276
302 215 369 309
337 215 396 305
354 215 410 302
371 215 425 300
389 215 440 299
424 215 469 296
441 215 484 294
458 215 500 293
476 215 515 293
493 215 531 291
510 215 548 291
528 215 565 291
302 233 369 325
337 233 397 320
354 233 412 318
371 233 424 314
389 233 440 313
424 233 469 310
441 233 485 309
458 233 500 307
476 233 516 306
528 233 565 305
354 250 413 333
371 250 426 331
389 250 441 329
406 250 458 329
441 250 486 326
458 250 502 325
493 250 531 319
528 250 568 321
562 250 606 324
614 250 664 326
250 267 326 360
337 267 398 353
354 267 413 350
476 267 519 339
493 267 533 338
562 267 609 341
580 267 626 339
597 267 645 338
371 285 427 362
406 285 462 364
424 285 473 360
441 285 490 359
458 285 507 358
476 285 522 356
493 285 536 354
562 285 615 358
580 285 631 357
354 302 415 389
441 302 491 377
458 302 508 375
476 302 524 373
493 302 540 372
510 302 554 367
562 302 618 376
580 302 635 376
302 319 368 415
354 319 417 408
371 319 433 405
389 319 448 403
406 319 464 402
424 319 480 400
458 319 511 395
476 319 527 394
493 319 541 388
528 319 573 383
562 319 621 398
302 337 368 431
319 337 384 430
354 337 417 428
371 337 433 424
389 337 449 421
424 337 482 419
458 337 513 416
476 337 529 413
493 337 545 410
510 337 560 404
545 337 608 420
319 354 385 450
337 354 400 447
354 354 417 446
389 354 450 441
406 354 468 440
424 354 484 437
458 354 517 436
476 354 532 435
545 354 611 439
562 354 629 438
406 371 469 461
424 371 485 459
441 371 502 456
458 371 519 456
545 371 617 458
424 389 488 477
441 389 505 475
458 389 523 474
614 406 675 472
632 406 694 469
