476 25 661 186
528 42 773 204
545 42 793 205
562 42 813 206
458 59 646 212
476 59 660 211
510 59 753 222
441 77 629 225
458 77 645 225
476 77 662 225
441 94 630 239
458 94 644 238
476 94 660 237
441 111 630 255
458 111 644 252
493 111 728 276
528 111 764 281
545 111 803 283
424 129 619 274
476 129 663 269
510 129 748 293
528 129 762 296
545 129 784 296
476 146 663 287
510 146 710 291
371 163 564 293
389 163 582 295
406 163 601 297
424 163 616 299
441 163 631 300
458 163 652 301
476 163 669 301
493 163 686 303
510 163 706 304
528 163 726 306
545 163 748 306
354 181 548 305
371 181 564 306
389 181 577 307
406 181 595 308
441 181 624 311
458 181 641 312
528 181 723 319
545 181 743 321
562 181 763 324
319 198 520 319
354 198 547 317
476 198 656 324
493 198 674 327
510 198 694 328
528 198 714 331
545 198 744 344
562 198 778 352
302 215 504 337
371 215 560 331
389 215 573 331
424 215 602 331
441 215 619 333
458 215 635 335
476 215 653 337
493 215 671 339
510 215 692 342
528 215 718 346
562 215 779 367
285 233 487 354
302 233 505 353
319 233 518 351
354 233 544 347
371 233 558 345
389 233 573 347
406 233 588 348
441 233 618 349
458 233 633 350
476 233 651 350
493 233 668 353
510 233 687 355
528 233 715 363
562 233 775 383
580 233 795 383
302 250 506 366
319 250 520 369
354 250 542 361
371 250 555 361
389 250 571 363
406 250 588 367
441 250 616 367
458 250 634 367
476 250 650 370
493 250 666 367
510 250 687 373
528 250 714 379
545 250 756 399
562 250 777 401
267 267 478 374
354 267 537 379
371 267 555 376
389 267 568 378
424 267 599 381
441 267 620 384
458 267 639 387
493 267 668 387
510 267 688 392
528 267 716 397
545 267 754 419
562 267 774 421
580 267 801 423
354 285 539 393
371 285 553 392
389 285 569 398
406 285 585 399
424 285 604 401
441 285 624 407
458 285 642 409
493 285 667 410
510 285 686 409
528 285 712 420
545 285 762 441
562 285 783 441
580 285 803 443
319 302 514 428
337 302 527 433
424 302 605 424
441 302 622 427
458 302 639 427
476 302 657 427
493 302 673 429
510 302 691 432
528 302 700 414
562 302 786 460
354 319 544 439
389 319 571 440
406 319 588 440
424 319 605 444
441 319 623 447
458 319 638 448
476 319 658 445
493 319 672 446
510 319 690 450
354 337 542 455
371 337 557 457
406 337 588 465
424 337 605 465
441 337 622 466
458 337 640 467
476 337 656 465
493 337 673 469
424 389 620 477
