485 252 495 242
488 252 498 243
485 254 497 247
477 262 483 259
465 265 476 257
470 265 476 268
475 267 486 263
459 270 457 272
462 270 462 270
472 270 480 266
457 272 482 254
459 272 485 255
475 272 484 267
477 272 487 268
467 275 497 259
477 275 439 297
449 277 431 287
452 277 434 287
465 277 491 261
449 280 430 291
452 280 434 292
444 283 422 291
447 283 425 293
447 285 424 296
452 288 431 297
454 293 432 304
470 295 436 337
482 300 427 305
477 303 422 311
482 303 424 313
485 303 427 313
490 303 487 289
459 308 429 310
485 336 479 330
452 341 441 343
