452 228 460 228
419 230 425 231
422 230 428 231
452 230 460 231
455 230 462 231
419 233 425 234
441 233 451 234
449 233 458 234
436 236 445 237
438 236 448 236
441 236 451 236
436 239 445 239
438 239 448 239
446 239 454 240
449 239 457 240
452 239 459 240
436 241 445 242
457 241 462 241
436 244 447 245
449 244 456 244
457 244 462 244
405 247 415 245
408 247 417 246
416 247 426 243
425 247 432 246
455 247 462 247
408 250 417 249
414 250 423 246
416 250 426 246
444 250 453 252
449 250 456 251
452 250 458 251
457 250 465 249
416 252 426 249
419 252 429 250
425 252 433 250
416 255 426 252
452 255 458 255
449 258 458 261
392 261 400 255
378 263 387 257
383 263 391 258
389 263 396 258
392 263 400 258
383 266 392 260
389 266 397 260
394 266 401 261
411 269 422 272
397 272 404 265
411 272 421 275
383 274 393 267
386 274 395 267
408 277 417 277
411 277 421 278
474 277 485 280
381 280 388 275
477 280 486 283
479 280 489 283
386 282 395 276
463 282 476 287
466 282 479 286
457 285 470 288
460 285 473 289
463 285 476 289
466 285 478 289
463 288 475 292
466 288 477 292
468 288 481 292
463 291 474 295
466 291 477 295
471 291 481 294
386 293 393 287
463 293 474 298
468 293 479 298
474 293 483 296
408 299 414 298
386 302 392 296
389 302 395 296
468 302 477 303
474 302 480 303
488 302 491 304
386 304 393 298
389 304 395 299
474 304 480 306
482 304 488 308
488 304 491 307
389 307 395 304
482 307 488 311
392 310 398 306
394 310 401 306
408 310 413 307
468 310 474 312
482 310 488 313
392 313 398 308
394 313 400 308
397 313 404 308
400 313 407 309
482 313 487 315
466 315 470 315
468 315 473 315
479 315 484 318
466 318 470 318
485 318 488 322
474 321 476 322
479 321 482 322
482 321 485 322
463 324 465 322
466 324 467 323
471 324 473 324
474 324 476 324
477 324 478 325
490 324 490 324
474 326 475 327
482 326 484 328
485 326 486 328
392 329 389 328
471 329 473 330
474 329 475 331
477 329 477 330
482 329 483 331
485 329 486 331
488 329 489 330
490 329 490 329
493 329 493 329
386 332 383 331
389 332 387 330
397 332 396 331
400 332 398 331
468 332 470 333
471 332 472 333
474 332 475 333
477 332 477 333
479 332 480 333
482 332 483 333
485 332 486 333
488 332 489 333
493 332 493 332
383 335 381 334
386 335 384 334
389 335 387 333
392 335 390 334
463 335 463 335
471 335 472 335
474 335 474 335
477 335 477 335
479 335 479 335
482 335 483 335
493 335 493 335
386 337 383 337
471 337 471 337
474 337 474 337
477 337 477 337
479 337 480 337
490 337 489 337
493 337 493 337
