599 222 598 240
588 273 581 291
588 275 581 294
590 275 584 294
579 278 579 297
588 278 581 297
590 278 583 297
593 278 586 297
551 281 540 297
554 281 542 297
556 281 546 296
635 281 619 291
554 284 543 301
610 284 601 296
602 287 592 299
607 287 598 302
610 287 604 304
624 287 611 298
627 287 614 298
635 287 620 297
562 290 549 303
565 290 552 302
568 290 555 302
571 290 558 302
573 290 561 302
576 290 564 302
610 290 602 305
559 292 550 308
562 292 552 308
571 292 558 305
573 292 561 304
585 292 572 300
613 292 605 310
627 292 620 307
635 292 626 305
638 292 631 305
641 292 634 305
565 295 555 308
573 295 561 307
579 295 567 305
582 295 569 303
585 295 572 303
588 295 575 303
590 295 579 303
593 295 582 303
602 295 591 308
604 295 594 308
565 298 555 311
573 298 561 310
576 298 564 308
579 298 567 307
602 298 591 311
604 298 593 310
607 298 597 310
624 298 612 313
633 298 621 312
582 301 570 307
585 301 573 307
588 301 576 307
590 301 579 307
604 301 593 314
607 301 597 314
579 304 567 310
582 304 570 310
585 304 573 310
588 304 576 310
590 304 579 309
596 304 584 311
582 306 570 313
585 306 573 313
588 306 576 313
