571 211 563 210
559 213 566 244
565 213 559 212
582 219 597 217
585 219 600 218
568 222 600 251
582 222 599 222
585 222 605 223
568 225 582 220
593 225 608 225
540 227 542 253
568 227 583 223
579 227 598 225
585 227 605 227
588 227 607 228
579 230 596 227
593 230 616 234
534 233 537 256
588 236 607 250
593 236 614 249
602 239 620 254
607 239 623 254
613 239 621 242
542 242 572 267
596 242 613 255
599 242 616 256
602 242 619 256
607 242 623 257
531 244 609 268
540 244 565 272
593 244 611 257
599 244 615 259
537 247 559 275
540 247 563 274
542 247 567 273
556 247 557 261
610 247 621 262
551 250 549 263
556 250 556 265
613 256 622 269
604 258 615 270
607 258 619 271
630 258 630 271
633 258 636 274
554 261 559 244
619 261 621 275
627 261 628 276
621 264 620 278
630 264 627 279
635 264 634 276
528 267 528 292
607 267 609 280
616 267 616 281
621 267 619 282
627 267 627 282
635 267 636 284
528 270 528 296
551 270 551 277
613 270 611 283
635 270 633 290
548 273 547 280
551 273 550 281
604 273 587 268
610 273 618 285
644 273 643 294
647 273 646 294
627 275 626 293
647 275 646 298
621 278 607 283
616 281 602 287
556 284 551 299
562 284 555 301
616 284 611 294
559 287 550 303
607 287 596 296
610 287 602 299
619 287 613 298
551 290 537 298
562 290 553 305
610 290 600 301
554 292 540 301
559 292 549 307
562 292 553 308
565 292 555 308
590 292 576 305
607 292 594 303
610 292 598 303
627 292 619 304
635 292 626 303
638 292 629 304
551 295 537 302
554 295 540 304
556 295 542 305
590 295 576 309
593 295 580 310
602 295 588 308
607 295 595 308
610 295 599 309
613 295 603 309
571 298 558 313
573 298 561 314
588 298 572 314
590 298 576 312
593 298 580 312
602 298 587 312
607 298 594 311
610 298 597 312
585 301 570 310
590 301 575 316
607 301 591 312
627 301 615 314
599 304 583 314
602 315 568 316
644 315 643 315
647 315 646 315
