630 258 635 275
633 258 639 275
537 261 535 264
630 261 634 278
633 261 638 279
537 264 535 267
616 264 613 280
545 267 540 271
613 267 612 282
610 270 610 285
613 270 612 285
596 273 596 287
610 273 609 287
613 273 612 288
627 273 622 287
590 275 587 292
593 275 591 292
596 275 596 290
627 275 625 290
630 275 627 291
633 278 627 293
635 278 630 293
633 281 626 296
647 281 645 298
556 284 550 288
604 284 601 300
621 284 616 296
641 284 632 299
559 287 553 291
568 287 560 292
571 287 563 292
573 287 565 292
599 287 592 299
602 287 595 300
604 287 599 300
607 287 604 303
610 287 606 302
621 287 616 299
556 290 550 294
559 290 552 294
568 290 559 295
571 290 562 295
573 290 564 296
576 290 568 296
579 290 570 297
585 290 576 297
588 290 580 298
599 290 592 303
610 290 606 306
548 292 541 297
554 292 547 298
556 292 550 297
562 292 554 298
568 292 559 298
582 292 570 299
585 292 574 299
588 292 579 300
590 292 583 298
593 292 586 299
627 292 619 305
554 295 548 303
556 295 555 304
562 295 558 304
571 295 561 299
576 295 567 300
585 295 573 302
588 295 576 303
590 295 580 304
599 295 589 305
602 295 592 305
604 295 595 305
554 298 552 307
556 298 554 307
571 298 561 302
573 298 564 302
576 298 566 302
579 298 569 303
590 298 579 307
593 298 583 305
602 298 592 308
604 298 594 308
624 298 613 310
571 301 561 305
573 301 563 305
576 301 566 305
579 301 569 306
588 301 577 306
593 301 583 306
596 301 586 307
599 301 588 308
607 301 597 311
610 301 600 311
621 301 610 314
624 301 613 314
627 301 615 314
573 304 563 308
576 304 566 308
579 304 569 308
596 304 585 310
599 304 587 311
602 304 590 311
582 306 571 309
579 309 568 312
588 309 576 313
