285 25 240 1
302 25 256 13
389 25 348 20
406 25 373 18
424 25 393 17
441 25 411 18
458 25 427 21
510 25 465 31
528 25 479 34
562 25 513 37
597 25 543 41
614 25 560 44
666 25 610 50
250 42 200 14
371 42 329 35
389 42 355 33
406 42 371 34
424 42 392 35
441 42 410 35
458 42 427 37
510 42 468 47
528 42 478 50
562 42 509 53
580 42 525 54
597 42 544 59
614 42 560 60
632 42 578 57
649 42 596 51
666 42 608 67
250 59 195 36
354 59 312 49
371 59 336 46
406 59 370 50
424 59 391 52
441 59 409 52
458 59 426 54
476 59 441 58
528 59 485 62
545 59 496 68
580 59 527 73
632 59 579 74
337 77 293 66
354 77 319 62
371 77 336 64
389 77 354 65
406 77 371 68
493 77 455 75
510 77 471 77
528 77 487 79
545 77 502 82
562 77 514 84
597 77 541 89
614 77 558 92
337 94 300 77
354 94 317 79
371 94 334 80
424 94 388 87
441 94 405 88
493 94 453 93
510 94 471 95
528 94 486 96
545 94 502 98
562 94 518 98
597 94 540 106
614 94 558 108
632 94 577 107
649 94 592 109
319 111 282 93
337 111 299 95
354 111 316 96
371 111 333 97
406 111 369 100
476 111 435 108
510 111 470 111
528 111 486 112
545 111 501 113
562 111 517 114
597 111 539 123
614 111 558 125
632 111 576 124
649 111 590 127
285 129 246 109
302 129 261 108
319 129 281 110
337 129 298 112
354 129 317 113
371 129 335 115
389 129 351 117
406 129 369 117
441 129 400 121
510 129 469 128
528 129 485 129
545 129 501 129
562 129 514 133
597 129 541 138
614 129 558 142
632 129 574 143
267 146 222 124
285 146 241 125
302 146 261 126
319 146 280 128
337 146 299 129
354 146 316 131
371 146 333 132
389 146 352 134
406 146 369 135
424 146 385 136
458 146 418 139
510 146 470 144
528 146 485 144
562 146 511 150
597 146 540 155
632 146 574 161
250 163 195 144
267 163 220 141
285 163 240 143
302 163 261 144
319 163 278 145
337 163 298 147
354 163 315 149
371 163 333 149
389 163 351 151
406 163 368 152
424 163 385 153
458 163 418 155
493 163 452 158
562 163 510 166
580 163 528 168
233 181 175 160
250 181 199 159
267 181 219 160
302 181 257 162
319 181 279 163
337 181 297 163
354 181 314 165
371 181 332 167
389 181 350 167
406 181 366 168
424 181 385 170
441 181 401 171
476 181 435 173
493 181 452 175
510 181 467 175
528 181 483 178
545 181 497 180
562 181 512 182
597 181 545 185
215 198 147 180
233 198 178 175
302 198 256 179
319 198 279 184
337 198 296 181
354 198 314 182
371 198 332 183
389 198 350 185
406 198 367 186
424 198 384 188
441 198 403 188
458 198 417 189
493 198 450 191
510 198 466 191
528 198 483 194
580 198 529 198
198 215 138 190
215 215 156 195
233 215 177 194
250 215 196 195
267 215 213 197
285 215 234 199
302 215 252 199
319 215 275 200
337 215 294 199
354 215 313 201
371 215 332 201
389 215 349 203
406 215 366 204
424 215 384 204
441 215 402 205
458 215 417 207
476 215 435 207
510 215 466 209
528 215 482 210
545 215 496 213
562 215 513 214
580 215 527 214
198 233 139 213
215 233 157 212
233 233 178 212
250 233 194 214
267 233 212 216
285 233 231 217
302 233 250 218
319 233 273 217
337 233 293 217
354 233 313 217
371 233 330 218
389 233 347 220
406 233 364 220
424 233 382 223
441 233 401 223
458 233 418 223
493 233 450 225
510 233 464 227
528 233 480 228
545 233 497 231
562 233 512 231
580 233 527 231
267 250 206 237
285 250 230 234
319 250 270 235
337 250 291 234
371 250 325 236
389 250 342 237
406 250 360 237
424 250 378 239
458 250 413 240
476 250 431 240
510 250 463 244
528 250 477 245
545 250 495 246
562 250 510 247
614 250 546 248
285 267 228 253
302 267 246 251
319 267 265 253
337 267 288 252
354 267 306 254
371 267 323 255
389 267 339 256
406 267 358 256
424 267 377 256
441 267 398 258
476 267 431 258
493 267 448 258
528 267 476 263
545 267 492 264
580 267 521 273
597 267 541 267
632 267 571 268
267 285 207 270
285 285 226 271
302 285 243 270
319 285 261 272
337 285 282 273
371 285 321 274
389 285 338 275
406 285 358 275
424 285 375 274
441 285 394 275
458 285 412 275
476 285 428 275
493 285 446 274
510 285 463 276
528 285 476 278
545 285 491 280
562 285 506 284
597 285 541 283
614 285 557 283
250 302 188 288
267 302 209 285
285 302 227 287
302 302 244 301
319 302 262 289
337 302 280 291
354 302 299 291
371 302 319 293
406 302 355 294
424 302 374 294
441 302 391 294
458 302 409 293
476 302 427 293
493 302 446 293
510 302 461 292
545 302 490 299
562 302 505 300
580 302 524 301
597 302 541 298
614 302 556 299
233 319 161 312
250 319 187 305
267 319 207 307
285 319 225 306
319 319 263 317
337 319 279 309
354 319 296 308
371 319 314 308
389 319 336 310
406 319 353 311
424 319 372 311
441 319 390 312
476 319 424 311
493 319 444 312
510 319 460 311
528 319 475 313
545 319 489 315
580 319 524 314
597 319 540 314
614 319 557 315
233 337 164 330
250 337 190 322
267 337 208 324
302 337 239 335
319 337 261 337
337 337 280 320
354 337 295 321
371 337 314 327
389 337 330 328
406 337 347 327
424 337 368 328
441 337 387 330
458 337 406 328
476 337 423 328
493 337 441 328
510 337 459 327
528 337 473 330
545 337 490 332
562 337 505 332
580 337 524 331
597 337 539 330
614 337 555 331
233 354 167 350
250 354 190 350
267 354 205 339
319 354 257 354
337 354 277 340
354 354 294 341
371 354 313 346
389 354 332 348
406 354 353 347
424 354 369 346
441 354 388 346
458 354 405 347
476 354 423 346
493 354 439 346
510 354 455 347
528 354 473 348
545 354 488 349
562 354 505 348
580 354 523 347
597 354 539 347
614 354 554 348
250 371 187 365
267 371 202 358
285 371 228 358
302 371 244 353
337 371 274 362
354 371 291 357
371 371 313 361
389 371 332 363
406 371 350 364
424 371 368 362
441 371 386 362
458 371 404 362
476 371 423 364
493 371 442 364
510 371 453 365
528 371 471 367
545 371 489 365
562 371 506 363
580 371 523 363
597 371 537 364
285 389 222 375
302 389 242 373
319 389 261 375
337 389 276 377
354 389 294 380
371 389 308 374
389 389 329 377
406 389 351 382
424 389 369 378
441 389 387 377
458 389 406 378
476 389 420 382
493 389 437 385
510 389 453 385
528 389 473 380
545 389 489 382
562 389 507 379
580 389 522 378
597 389 538 379
285 406 217 395
302 406 237 393
319 406 257 395
337 406 279 395
354 406 295 395
371 406 313 395
389 406 332 395
406 406 350 397
424 406 368 397
441 406 387 397
458 406 404 397
476 406 420 397
493 406 435 402
510 406 453 400
528 406 469 399
545 406 486 399
562 406 507 397
597 406 537 395
302 424 235 413
319 424 254 413
337 424 280 413
354 424 293 414
371 424 313 416
389 424 329 414
406 424 348 414
424 424 367 416
441 424 388 416
458 424 403 418
476 424 418 417
493 424 435 414
510 424 452 416
528 424 467 417
337 441 280 438
354 441 291 430
371 441 310 431
389 441 327 433
406 441 348 431
424 441 365 432
441 441 386 433
458 441 402 433
476 441 417 433
493 441 431 435
510 441 448 436
528 441 465 438
371 458 307 448
389 458 327 449
406 458 345 449
424 458 366 451
441 458 385 452
458 458 401 450
476 458 415 451
493 458 430 453
510 458 445 453
528 458 464 454
389 476 326 469
406 476 347 467
441 476 375 465
458 476 397 468
476 476 415 469
493 476 432 469
510 476 446 473
