59 111 35 35
77 111 52 29
94 111 72 28
111 111 92 26
129 111 106 26
146 111 125 25
163 111 153 21
59 129 35 54
215 129 211 38
389 129 391 20
510 129 551 9
42 146 34 75
59 146 52 73
94 146 108 66
111 146 124 66
129 146 144 64
146 146 157 64
441 146 454 13
458 146 477 9
493 146 533 35
510 146 554 30
528 146 571 28
545 146 589 24
562 146 623 24
580 146 640 21
597 146 663 20
389 163 402 51
424 163 435 42
441 163 459 37
458 163 480 35
493 163 533 56
510 163 552 53
528 163 575 48
545 163 594 47
562 163 613 48
580 163 637 43
597 163 665 38
371 181 379 75
389 181 399 73
406 181 420 69
424 181 437 64
441 181 460 61
458 181 482 59
493 181 536 74
510 181 553 73
528 181 574 69
545 181 596 68
562 181 615 68
597 181 663 57
354 198 360 99
371 198 381 96
389 198 401 94
406 198 421 92
441 198 462 85
458 198 484 84
476 198 508 84
528 198 577 91
545 198 596 88
562 198 615 86
580 198 641 79
597 198 661 90
319 215 309 130
337 215 339 122
354 215 358 120
371 215 381 118
389 215 402 117
406 215 422 113
424 215 445 114
441 215 465 111
458 215 486 108
476 215 508 106
493 215 530 104
510 215 553 103
545 215 595 107
562 215 616 107
302 233 297 146
319 233 319 144
337 233 339 142
354 233 360 141
371 233 381 139
389 233 402 138
406 233 427 135
424 233 447 134
441 233 467 133
458 233 489 130
476 233 509 128
493 233 533 127
510 233 555 125
528 233 575 126
545 233 595 130
562 233 618 128
285 250 284 169
302 250 302 166
319 250 320 166
337 250 341 164
354 250 360 162
371 250 382 159
389 250 402 160
406 250 423 156
424 250 446 155
441 250 468 153
458 250 489 151
476 250 510 149
493 250 532 148
528 250 574 150
545 250 595 149
562 250 619 147
580 250 640 149
233 267 261 185
267 267 273 192
285 267 289 189
302 267 305 188
319 267 323 186
337 267 342 184
354 267 361 182
371 267 382 182
389 267 403 179
406 267 425 177
424 267 447 176
441 267 469 175
458 267 489 172
476 267 511 170
493 267 533 170
510 267 556 170
528 267 577 168
545 267 600 166
562 267 619 166
233 285 241 212
250 285 256 211
267 285 276 210
285 285 295 207
302 285 309 207
319 285 326 206
337 285 344 205
354 285 363 203
371 285 384 202
389 285 403 200
406 285 426 200
424 285 447 198
441 285 469 197
458 285 490 195
476 285 512 193
493 285 535 191
528 285 579 189
545 285 601 188
562 285 620 186
215 302 226 234
233 302 241 232
250 302 263 229
285 302 301 225
302 302 312 227
319 302 328 225
337 302 347 223
354 302 367 223
371 302 386 223
389 302 406 222
406 302 425 219
424 302 447 218
441 302 470 219
458 302 491 215
476 302 512 214
493 302 534 213
510 302 556 211
528 302 577 209
562 302 618 206
215 319 226 252
233 319 246 249
267 319 287 245
285 319 305 244
302 319 312 242
319 319 331 245
337 319 348 243
354 319 369 245
371 319 388 243
389 319 407 241
406 319 428 238
424 319 452 241
441 319 471 239
458 319 492 237
476 319 513 235
493 319 536 234
510 319 560 233
528 319 579 230
545 319 600 227
267 337 289 262
285 337 306 263
319 337 333 263
337 337 352 265
354 337 370 263
371 337 389 262
389 337 411 261
406 337 430 261
424 337 452 261
441 337 473 259
458 337 492 258
476 337 514 256
510 337 557 251
528 337 580 251
250 354 283 276
267 354 294 282
285 354 314 281
302 354 334 286
337 354 356 284
354 354 375 281
371 354 395 281
389 354 419 280
406 354 436 280
424 354 455 280
441 354 473 278
458 354 494 278
493 354 538 273
510 354 556 272
528 354 577 269
545 354 600 267
562 354 622 267
250 371 282 298
267 371 296 298
285 371 317 307
302 371 335 305
319 371 353 301
337 371 368 299
354 371 384 299
371 371 403 298
389 371 420 297
406 371 437 297
424 371 457 298
441 371 475 297
458 371 495 297
476 371 516 296
493 371 539 292
510 371 558 290
528 371 579 287
545 371 601 288
562 371 619 287
580 371 641 284
233 389 269 314
250 389 284 314
354 389 387 315
371 389 406 315
389 389 423 314
406 389 441 314
424 389 459 314
441 389 480 316
476 389 518 316
510 389 558 307
528 389 579 306
545 389 600 309
562 389 621 307
580 389 640 303
215 406 254 328
233 406 268 334
250 406 283 346
302 406 322 323
319 406 357 325
337 406 374 329
371 406 408 332
389 406 425 331
406 406 443 332
476 406 520 334
510 406 560 325
528 406 580 327
545 406 599 328
562 406 620 326
580 406 642 323
215 424 250 347
285 424 323 344
302 424 340 346
319 424 359 345
371 424 409 353
389 424 427 349
406 424 447 349
424 424 465 347
441 424 481 349
458 424 501 352
476 424 520 350
493 424 542 346
510 424 560 344
528 424 580 348
545 424 600 349
562 424 622 346
580 424 642 339
215 441 251 368
233 441 267 365
267 441 302 365
285 441 320 364
302 441 342 364
319 441 358 366
389 441 428 368
406 441 446 367
424 441 464 367
441 441 482 369
458 441 498 370
476 441 519 365
493 441 540 366
510 441 561 363
528 441 579 367
545 441 600 365
562 441 623 362
580 441 642 358
215 458 252 387
233 458 268 385
267 458 304 381
285 458 323 383
302 458 348 384
319 458 362 382
337 458 380 394
354 458 395 389
371 458 411 388
389 458 429 385
406 458 450 385
424 458 464 386
458 458 501 387
476 458 521 385
493 458 543 382
510 458 561 385
528 458 580 387
545 458 600 387
562 458 626 379
233 476 386 478
285 476 475 476
302 476 497 477
371 476 413 406
389 476 435 410
406 476 452 406
441 476 475 410
458 476 503 408
493 476 544 403
