129 77 123 84
441 77 427 101
458 77 442 102
476 77 458 103
510 77 477 102
42 94 38 98
59 94 57 100
129 94 123 101
146 94 139 102
406 94 397 107
424 94 412 109
528 94 495 119
562 94 509 108
25 111 23 118
42 111 40 118
59 111 57 118
77 111 74 118
94 111 88 118
111 111 106 117
129 111 123 118
146 111 140 118
406 111 397 123
424 111 407 135
441 111 426 140
510 111 444 124
562 111 532 138
580 111 529 126
42 129 40 135
59 129 57 136
77 129 74 136
94 129 90 136
111 129 108 137
129 129 125 137
146 129 143 137
181 129 164 138
424 129 404 155
441 129 421 162
458 129 438 160
25 146 24 154
42 146 40 155
59 146 55 154
77 146 75 154
94 146 92 154
111 146 108 154
129 146 127 153
146 146 144 152
389 146 372 169
406 146 391 159
424 146 407 178
441 146 421 181
458 146 437 182
493 146 477 140
510 146 493 141
528 146 508 142
597 146 563 164
389 163 373 184
406 163 391 184
424 163 406 192
441 163 420 196
458 163 437 195
493 163 477 157
510 163 490 159
528 163 508 158
545 163 527 161
562 163 542 161
597 163 567 178
371 181 357 203
389 181 374 203
406 181 389 202
424 181 406 210
441 181 420 212
458 181 438 211
493 181 476 174
510 181 492 177
528 181 509 176
545 181 527 178
562 181 543 178
597 181 567 194
354 198 341 220
371 198 358 220
389 198 373 219
406 198 389 220
424 198 404 224
441 198 420 226
510 198 493 196
528 198 510 196
545 198 526 195
562 198 542 194
319 215 318 227
337 215 325 237
354 215 341 237
371 215 358 237
389 215 373 237
406 215 389 237
424 215 406 238
441 215 422 239
458 215 437 237
476 215 451 236
493 215 468 236
528 215 511 212
545 215 525 212
562 215 540 212
580 215 549 228
302 233 293 254
337 233 325 255
354 233 342 255
371 233 357 254
389 233 373 255
406 233 389 254
424 233 405 254
476 233 451 252
510 233 483 253
545 233 524 229
580 233 549 247
302 250 294 269
319 250 310 271
337 250 328 272
371 250 357 270
389 250 372 271
406 250 388 271
424 250 404 272
441 250 419 270
458 250 435 269
493 250 466 271
528 250 506 251
545 250 523 248
580 250 547 265
267 267 263 282
285 267 277 281
406 267 388 288
424 267 405 288
441 267 419 287
458 267 435 287
493 267 466 286
510 267 486 280
528 267 508 276
545 267 527 265
562 267 532 278
233 285 230 293
250 285 245 295
267 285 260 297
285 285 277 296
302 285 295 300
337 285 325 303
371 285 357 304
389 285 372 304
441 285 419 304
458 285 434 304
476 285 450 303
528 285 504 296
562 285 531 295
215 302 214 310
233 302 229 310
250 302 245 311
267 302 261 310
285 302 277 310
302 302 295 315
337 302 328 319
371 302 357 319
389 302 372 320
406 302 387 319
424 302 403 320
441 302 418 320
458 302 435 319
476 302 449 319
510 302 482 315
528 302 497 315
562 302 528 314
215 319 211 327
233 319 230 327
267 319 261 324
285 319 276 323
302 319 293 325
319 319 309 330
354 319 340 334
371 319 355 334
389 319 372 335
406 319 387 335
424 319 403 336
441 319 418 336
458 319 434 336
493 319 464 333
510 319 481 331
528 319 496 330
545 319 513 330
267 337 259 339
285 337 274 340
319 337 308 346
354 337 340 348
371 337 355 348
389 337 371 348
406 337 387 349
424 337 403 350
441 337 418 351
458 337 433 351
476 337 448 350
528 337 496 346
267 354 259 356
285 354 275 357
302 354 292 357
354 354 340 362
371 354 354 361
389 354 370 361
406 354 386 362
424 354 403 363
441 354 417 365
458 354 433 366
528 354 494 365
545 354 511 363
562 354 526 359
233 371 224 367
250 371 244 370
267 371 259 375
285 371 276 375
424 371 403 378
441 371 417 379
458 371 433 380
476 371 448 380
493 371 466 374
562 371 526 376
580 371 543 372
233 389 228 386
302 389 293 385
337 389 323 388
354 389 339 388
371 389 355 389
389 389 371 390
406 389 386 390
493 389 466 389
545 389 511 392
562 389 526 391
580 389 541 389
215 406 212 398
233 406 230 402
250 406 247 404
319 406 314 401
354 406 340 403
371 406 355 403
389 406 371 404
406 406 387 405
424 406 402 406
441 406 417 406
476 406 448 409
493 406 466 404
510 406 481 403
545 406 510 406
562 406 525 407
215 424 213 413
233 424 229 417
250 424 246 417
267 424 261 419
285 424 279 416
337 424 319 417
354 424 336 418
371 424 350 418
389 424 370 419
406 424 387 420
424 424 402 420
441 424 418 420
458 424 433 423
476 424 450 423
493 424 467 420
528 424 494 421
545 424 509 424
562 424 524 423
580 424 543 408
215 441 211 431
233 441 228 432
250 441 245 433
267 441 260 434
285 441 279 434
319 441 298 436
337 441 318 437
354 441 336 435
371 441 350 434
389 441 370 435
406 441 387 436
424 441 401 436
441 441 418 435
458 441 432 439
476 441 450 437
510 441 478 437
528 441 493 436
545 441 508 438
562 441 524 438
580 441 542 425
215 458 208 448
233 458 228 448
250 458 245 452
267 458 265 453
285 458 279 455
302 458 298 457
319 458 314 458
354 458 336 450
371 458 352 451
389 458 371 451
406 458 387 451
424 458 401 450
441 458 416 453
458 458 433 455
476 458 449 456
528 458 493 454
545 458 507 453
562 458 522 453
233 476 241 478
250 476 245 469
267 476 266 474
285 476 282 475
302 476 295 475
319 476 314 475
354 476 336 470
371 476 355 472
389 476 371 473
406 476 384 473
424 476 401 472
441 476 418 473
458 476 432 474
476 476 449 475
493 476 467 475
528 476 492 471
545 476 506 473
562 476 522 471
