111 111 144 99
129 111 159 98
146 111 177 96
163 111 194 96
42 129 72 116
59 129 92 115
77 129 106 114
458 146 501 30
458 163 504 54
389 181 426 111
424 181 466 81
441 181 487 76
354 198 390 127
371 198 409 126
389 198 427 125
406 198 446 124
476 198 526 121
319 215 348 146
337 215 373 142
354 215 390 141
371 215 408 141
389 215 429 139
406 215 448 139
424 215 468 138
441 215 488 137
476 215 530 136
493 215 548 136
510 215 568 136
302 233 332 160
319 233 350 158
337 233 368 157
354 233 391 156
371 233 411 156
389 233 430 155
406 233 451 155
424 233 470 155
441 233 491 153
458 233 509 151
476 233 531 152
493 233 551 152
510 233 569 151
285 250 313 183
302 250 331 175
319 250 350 173
337 250 370 172
354 250 392 173
371 250 410 171
389 250 430 170
406 250 451 170
424 250 474 170
441 250 491 168
458 250 511 168
493 250 552 166
267 267 296 216
285 267 315 208
319 267 352 191
337 267 372 189
371 267 411 187
389 267 433 186
406 267 453 185
424 267 472 184
441 267 495 185
458 267 514 183
476 267 535 181
493 267 558 184
233 285 261 243
250 285 281 240
267 285 299 236
302 285 336 223
319 285 354 217
337 285 371 209
354 285 393 205
406 285 454 201
424 285 475 201
441 285 497 200
458 285 517 200
476 285 537 199
493 285 553 202
215 302 245 257
233 302 262 257
250 302 281 258
319 302 355 239
337 302 373 229
354 302 393 225
371 302 415 224
389 302 434 219
406 302 456 219
424 302 476 217
441 302 498 218
458 302 519 218
476 302 540 218
528 302 600 235
267 319 303 288
319 319 355 258
337 319 373 251
354 319 394 248
371 319 417 248
389 319 437 245
406 319 457 241
424 319 479 236
441 319 500 237
458 319 520 236
476 319 542 237
493 319 564 251
528 319 602 253
285 337 324 311
337 337 376 273
354 337 397 274
371 337 415 273
389 337 432 267
406 337 458 265
424 337 480 262
441 337 502 256
458 337 523 255
510 337 584 277
528 337 604 275
285 354 324 332
302 354 343 325
337 354 377 300
354 354 397 298
371 354 416 297
389 354 442 298
406 354 461 293
424 354 482 290
458 354 524 277
510 354 584 304
267 371 302 347
285 371 322 350
337 371 381 341
354 371 399 334
371 371 423 334
389 371 441 324
424 371 482 314
441 371 504 310
458 371 531 307
510 371 588 324
562 371 650 319
285 389 323 363
337 389 382 362
389 389 442 351
406 389 463 349
441 389 508 333
476 389 551 324
545 389 632 337
562 389 652 336
337 406 384 382
354 406 404 380
371 406 422 380
389 406 441 376
406 406 463 374
424 406 485 368
476 406 552 345
510 406 585 374
528 406 614 361
545 406 633 356
562 406 656 355
354 424 405 398
371 424 419 397
406 424 464 397
441 424 506 399
493 424 564 398
528 424 616 378
545 424 639 372
562 424 660 373
285 441 330 417
302 441 347 417
354 441 402 414
371 441 419 415
406 441 467 417
424 441 487 418
441 441 508 419
458 441 527 419
476 441 548 423
493 441 568 415
510 441 593 413
528 441 619 395
545 441 640 394
562 441 665 392
285 458 327 436
302 458 351 439
354 458 406 433
371 458 423 433
389 458 448 439
406 458 470 438
424 458 490 438
441 458 511 436
458 458 529 440
476 458 549 442
493 458 576 435
528 458 622 413
