607 211 607 209
604 213 604 212
627 213 621 212
588 216 572 213
596 216 589 213
624 216 615 212
624 219 615 214
627 219 618 215
554 222 541 221
621 222 612 217
551 225 541 225
624 227 616 221
621 233 610 226
627 233 619 226
562 236 549 230
551 242 542 242
588 242 581 236
551 247 542 247
556 247 547 242
559 247 550 242
556 250 547 245
559 250 550 244
565 250 555 243
528 253 527 252
551 253 542 251
554 253 545 251
545 256 538 254
548 256 541 254
559 256 549 247
565 256 553 247
571 256 561 246
602 256 593 244
624 256 625 257
627 256 627 255
528 258 528 257
545 258 539 256
548 258 541 256
551 258 544 257
571 258 564 250
573 258 567 250
576 258 570 249
619 258 615 246
621 258 623 259
624 258 619 246
627 258 628 258
630 258 630 258
540 261 534 259
542 261 536 259
545 261 539 259
548 261 542 260
616 261 617 263
619 261 616 249
621 261 623 262
624 261 619 249
537 264 532 262
540 264 536 262
545 264 539 262
548 264 542 262
551 264 545 262
571 264 564 253
619 264 620 265
534 267 531 265
537 267 533 265
540 267 535 264
542 267 538 264
548 267 542 264
565 267 555 259
571 267 564 256
573 267 567 256
585 267 573 255
616 267 617 268
528 270 527 266
534 270 531 268
537 270 533 268
540 270 536 268
554 270 548 268
556 270 551 262
559 270 553 262
576 270 568 262
585 270 582 259
588 270 585 258
528 273 527 271
534 273 531 271
537 273 534 271
565 273 555 265
571 273 562 265
576 273 568 265
582 273 578 261
585 273 581 261
616 273 619 273
619 273 622 273
624 273 627 274
627 273 628 273
528 275 527 274
531 275 529 274
537 275 534 274
540 275 536 274
556 275 550 271
568 275 565 268
576 275 568 268
579 275 570 268
613 275 615 276
531 278 530 276
537 278 534 277
562 278 556 271
565 278 559 271
568 278 565 270
576 278 568 271
613 278 616 278
619 278 620 279
621 278 623 279
627 278 629 279
528 281 528 280
562 281 555 274
565 281 558 274
568 281 561 273
576 281 568 273
579 281 571 273
610 281 611 281
613 281 615 281
619 281 620 281
621 281 623 281
528 284 527 285
531 284 530 285
534 284 533 285
565 284 557 277
568 284 560 277
573 284 565 276
576 284 568 275
579 284 570 275
582 284 573 279
607 284 608 283
610 284 611 284
613 284 614 284
616 284 617 284
619 284 620 284
621 284 622 284
528 287 528 288
531 287 530 288
534 287 533 288
537 287 536 286
559 287 553 281
565 287 557 280
568 287 560 279
571 287 563 279
573 287 565 278
576 287 569 278
579 287 571 278
607 287 608 286
610 287 611 287
613 287 614 287
616 287 617 287
621 287 623 287
624 287 625 287
630 287 633 287
635 287 638 287
638 287 640 287
641 287 642 287
644 287 644 287
528 290 528 290
531 290 530 290
556 290 551 284
559 290 554 284
562 290 557 283
568 290 560 282
571 290 563 281
573 290 565 282
576 290 568 281
579 290 571 281
604 290 605 289
607 290 609 289
610 290 612 289
613 290 614 289
616 290 618 290
621 290 622 290
638 290 640 291
641 290 643 290
537 292 537 291
551 292 545 288
554 292 548 288
556 292 551 287
559 292 553 287
562 292 557 285
565 292 560 285
571 292 562 285
576 292 568 284
582 292 582 284
585 292 585 284
590 292 591 287
593 292 594 288
596 292 596 288
607 292 608 292
610 292 612 292
616 292 617 293
619 292 620 293
621 292 623 292
624 292 625 292
641 292 642 292
644 292 645 292
542 295 539 293
545 295 542 291
548 295 545 290
556 295 551 290
568 295 565 287
590 295 591 290
604 295 605 293
607 295 608 295
610 295 612 296
613 295 614 295
616 295 617 295
619 295 620 295
633 295 635 295
635 295 637 295
638 295 639 295
644 295 645 294
537 298 536 299
542 298 540 297
545 298 542 294
548 298 545 293
551 298 547 293
554 298 551 293
556 298 554 293
559 298 557 293
588 298 590 293
593 298 591 295
596 298 594 295
599 298 597 295
602 298 602 296
604 298 605 295
607 298 609 298
610 298 611 298
613 298 614 298
616 298 617 298
619 298 620 298
621 298 623 298
624 298 628 298
627 298 630 298
633 298 635 298
635 298 637 297
641 298 642 298
545 301 542 299
548 301 545 299
551 301 548 296
554 301 551 296
556 301 554 296
559 301 557 298
562 301 560 298
585 301 585 298
590 301 589 298
593 301 591 298
602 301 603 301
604 301 606 301
607 301 609 301
610 301 611 300
613 301 614 300
616 301 617 301
619 301 620 301
621 301 622 300
624 301 628 300
627 301 630 301
633 301 635 300
635 301 637 300
641 301 643 301
644 301 645 301
542 304 541 302
545 304 543 302
548 304 545 301
554 304 551 300
556 304 554 300
562 304 560 301
565 304 563 301
568 304 566 301
573 304 574 301
576 304 577 301
579 304 580 300
588 304 588 301
590 304 590 301
596 304 597 302
602 304 603 303
604 304 605 303
607 304 609 304
610 304 612 303
613 304 614 303
616 304 617 304
619 304 620 303
621 304 623 302
627 304 629 303
630 304 631 303
635 304 638 303
638 304 641 304
641 304 643 304
644 304 645 304
542 306 540 306
551 306 548 303
556 306 554 304
562 306 561 304
565 306 564 304
568 306 568 304
571 306 571 304
573 306 574 304
576 306 577 304
579 306 579 303
585 306 585 304
588 306 588 304
590 306 591 305
596 306 597 305
602 306 603 306
607 306 609 306
610 306 611 306
613 306 615 306
616 306 617 306
619 306 620 306
621 306 623 305
627 306 629 306
630 306 631 306
633 306 635 306
635 306 637 306
641 306 642 306
644 306 645 307
548 309 545 305
551 309 548 305
554 309 551 305
559 309 558 307
562 309 561 307
565 309 564 307
568 309 568 306
571 309 571 306
573 309 574 306
576 309 577 306
579 309 580 306
582 309 583 307
585 309 585 306
588 309 589 307
590 309 591 307
593 309 594 308
596 309 597 309
599 309 600 308
604 309 606 309
607 309 609 309
610 309 612 308
613 309 615 309
616 309 617 309
619 309 620 309
621 309 625 309
624 309 628 309
630 309 632 309
633 309 634 309
635 309 637 309
638 309 639 309
641 309 642 309
542 312 543 310
545 312 545 310
559 312 558 310
562 312 561 310
565 312 565 308
568 312 568 309
571 312 571 309
573 312 574 309
576 312 577 309
579 312 580 310
582 312 583 310
585 312 585 310
588 312 589 310
590 312 591 310
593 312 594 310
602 312 603 311
604 312 606 312
607 312 609 312
610 312 611 311
613 312 614 312
616 312 617 312
619 312 620 311
621 312 625 312
624 312 628 312
630 312 632 312
633 312 634 312
635 312 636 312
644 312 645 312
548 315 549 313
551 315 551 313
554 315 554 313
562 315 562 312
565 315 565 315
568 315 568 315
571 315 571 313
573 315 574 313
576 315 576 313
579 315 580 313
582 315 583 313
585 315 586 313
588 315 588 313
590 315 591 313
593 315 594 313
604 315 599 315
607 315 602 315
610 315 612 314
613 315 614 315
616 315 617 314
619 315 620 314
624 315 626 315
627 315 629 315
630 315 631 315
633 315 634 315
635 315 637 315
638 315 639 315
641 315 642 315
644 315 645 315
