354 181 360 22
371 181 383 21
337 198 339 44
354 198 359 43
371 198 383 43
406 198 429 20
423 198 453 21
441 198 481 42
319 215 311 69
337 215 336 66
354 215 360 65
371 215 384 65
441 215 481 63
458 215 504 63
476 215 527 63
302 233 289 90
319 233 311 89
337 233 336 88
354 233 361 87
371 233 384 88
406 233 433 85
423 233 457 86
441 233 478 83
458 233 505 85
476 233 529 85
302 250 289 112
319 250 312 110
337 250 332 108
354 250 362 111
371 250 383 111
389 250 407 110
406 250 434 111
423 250 458 109
441 250 483 109
458 250 506 108
476 250 530 107
267 267 249 144
302 267 290 134
319 267 313 135
337 267 337 134
354 267 361 132
371 267 385 132
389 267 409 131
406 267 434 132
423 267 458 131
441 267 483 130
458 267 507 130
285 285 273 164
302 285 292 161
319 285 313 157
337 285 337 157
354 285 362 157
371 285 386 155
389 285 410 156
406 285 435 155
423 285 458 154
441 285 484 153
458 285 509 158
510 285 566 165
528 285 597 163
215 302 196 196
285 302 278 188
302 302 296 186
319 302 317 185
337 302 338 180
354 302 362 178
371 302 386 178
389 302 411 177
406 302 435 178
423 302 460 177
441 302 484 177
458 302 508 179
476 302 529 184
493 302 551 183
215 319 198 217
302 319 301 211
319 319 320 208
337 319 339 207
354 319 366 205
371 319 389 203
389 319 415 203
406 319 438 202
423 319 460 200
441 319 486 201
458 319 509 202
493 319 553 204
510 319 577 204
319 337 323 231
337 337 346 231
354 337 373 231
371 337 391 228
406 337 437 225
423 337 462 225
476 337 531 230
493 337 553 228
250 354 259 262
267 354 278 262
285 354 300 262
319 354 329 256
337 354 352 254
371 354 394 253
389 354 418 253
406 354 437 250
423 354 462 250
476 354 528 253
510 354 572 252
528 354 591 249
233 371 234 284
285 371 300 279
302 371 317 278
337 371 358 278
371 371 397 276
389 371 418 276
406 371 441 274
441 371 486 273
510 371 572 275
528 371 596 273
215 389 217 302
233 389 234 301
319 389 339 298
337 389 359 298
371 389 399 298
389 389 421 297
423 389 464 296
441 389 489 295
476 389 527 296
493 389 552 300
510 389 575 296
528 389 598 294
215 406 217 321
319 406 340 317
337 406 358 318
354 406 378 319
389 406 423 317
406 406 444 316
476 406 528 317
510 406 575 315
215 423 220 339
319 423 340 344
337 423 361 342
371 423 404 339
389 423 423 339
441 423 481 339
458 423 501 340
493 423 554 338
233 441 248 359
285 441 305 364
319 441 341 362
337 441 363 361
354 441 387 361
371 441 405 357
389 441 424 357
406 441 447 359
441 441 485 362
458 441 506 358
493 441 555 359
510 441 576 360
250 458 267 375
285 458 308 381
302 458 325 384
319 458 342 384
371 458 408 380
406 458 446 379
441 458 482 376
458 458 506 376
510 458 578 381
302 476 323 401
319 476 344 403
510 476 575 400
