354 181 338 36
371 181 361 35
441 181 458 14
337 198 316 55
354 198 338 55
371 198 361 56
406 198 408 36
441 198 453 60
319 215 293 76
337 215 314 76
354 215 339 77
371 215 361 77
441 215 455 80
458 215 478 82
476 215 499 84
302 233 268 96
319 233 290 96
337 233 315 96
354 233 339 97
371 233 363 101
389 233 387 101
406 233 409 100
424 233 431 99
441 233 457 102
458 233 478 103
476 233 500 103
285 250 244 119
302 250 267 118
319 250 290 117
337 250 318 120
354 250 340 120
371 250 364 121
389 250 388 121
406 250 410 123
424 250 433 122
441 250 456 123
458 250 479 124
545 250 583 139
250 267 207 147
267 267 227 148
285 267 245 142
302 267 268 140
319 267 290 140
337 267 316 140
354 267 340 140
371 267 363 142
389 267 386 142
406 267 410 144
424 267 433 143
441 267 457 143
458 267 479 144
528 267 563 155
285 285 248 169
302 285 270 165
319 285 291 163
337 285 316 164
354 285 341 164
371 285 365 164
389 285 388 165
406 285 411 165
424 285 435 165
441 285 457 165
458 285 480 170
510 285 532 178
198 302 146 201
215 302 165 199
233 302 193 196
285 302 250 194
302 302 272 190
319 302 295 186
337 302 317 187
354 302 340 185
371 302 365 186
389 302 388 186
406 302 411 185
424 302 436 187
441 302 458 188
458 302 480 191
476 302 498 197
493 302 518 196
250 319 219 222
285 319 250 217
302 319 276 215
319 319 296 213
337 319 319 213
354 319 342 211
371 319 366 210
389 319 388 209
406 319 414 209
424 319 436 209
441 319 458 210
458 319 480 212
493 319 519 216
510 319 542 216
250 337 225 247
267 337 245 244
302 337 280 241
319 337 298 236
337 337 319 236
354 337 341 235
371 337 365 235
389 337 389 235
406 337 417 232
424 337 437 233
476 337 499 240
493 337 518 240
250 354 225 265
267 354 246 266
285 354 266 267
319 354 300 261
337 354 324 260
354 354 347 260
371 354 368 259
389 354 391 260
406 354 412 258
424 354 436 258
476 354 495 262
510 354 539 262
528 354 557 263
285 371 265 282
302 371 285 285
354 371 348 284
371 371 368 283
389 371 390 282
406 371 412 280
476 371 495 284
510 371 539 284
528 371 561 282
215 389 182 306
285 389 265 305
302 389 286 304
319 389 306 304
337 389 328 305
354 389 350 306
371 389 370 305
389 389 391 305
424 389 435 302
441 389 458 301
510 389 540 303
528 389 560 302
215 406 179 324
302 406 289 323
354 406 352 329
371 406 372 326
406 406 411 324
476 406 494 324
493 406 519 327
528 406 563 322
215 424 183 343
302 424 286 352
319 424 303 349
337 424 331 349
354 424 349 347
389 424 392 346
406 424 412 347
458 424 472 347
493 424 519 344
528 424 562 345
250 441 231 367
319 441 305 370
337 441 333 370
354 441 352 367
389 441 394 363
406 441 412 369
441 441 456 366
458 441 475 366
493 441 520 364
233 458 212 386
250 458 233 385
267 458 253 384
371 458 373 385
406 458 411 385
441 458 456 384
510 458 543 385
250 476 233 404
337 476 336 406
510 476 544 403
