371 129 314 217
562 146 653 178
406 163 483 63
562 163 649 192
406 181 482 81
510 181 628 121
354 198 428 138
371 198 444 138
406 198 483 99
423 198 503 95
476 198 574 141
493 198 594 143
371 215 447 150
423 215 505 148
441 215 528 148
458 215 544 150
510 215 615 173
302 233 374 164
319 233 391 163
337 233 410 162
354 233 430 163
441 233 526 163
458 233 548 162
476 233 566 163
285 250 353 177
302 250 375 176
319 250 392 174
337 250 411 176
354 250 428 175
371 250 450 176
389 250 470 176
406 250 489 175
423 250 508 175
476 250 567 176
285 267 351 194
302 267 370 189
337 267 411 188
354 267 429 188
371 267 449 188
389 267 470 188
406 267 489 188
423 267 510 188
441 267 531 185
458 267 550 187
493 267 585 214
267 285 335 254
285 285 353 217
302 285 371 210
319 285 391 205
389 285 471 201
406 285 492 201
423 285 512 200
441 285 533 200
458 285 553 203
493 285 603 231
510 285 619 234
528 285 640 234
198 302 267 262
267 302 337 288
302 302 370 235
319 302 386 225
337 302 410 222
354 302 432 215
371 302 453 216
423 302 515 216
441 302 536 216
458 302 555 221
493 302 602 244
250 319 318 308
267 319 338 312
302 319 371 254
319 319 390 248
337 319 409 250
354 319 437 243
371 319 456 240
389 319 474 231
406 319 495 231
423 319 516 232
441 319 538 234
458 319 556 240
476 319 581 264
493 319 602 261
510 319 625 262
250 337 319 328
267 337 338 326
319 337 392 269
337 337 412 272
354 337 429 268
371 337 447 265
389 337 475 261
406 337 499 252
423 337 519 250
441 337 554 270
476 337 585 288
493 337 606 286
250 354 320 343
267 354 341 343
285 354 356 343
319 354 355 290
337 354 413 300
354 354 433 301
389 354 481 297
406 354 498 295
423 354 521 272
476 354 588 324
493 354 609 310
510 354 629 316
528 354 659 319
233 371 289 370
250 371 326 361
267 371 340 362
285 371 357 359
302 371 378 364
319 371 395 363
337 371 415 357
354 371 435 351
371 371 450 352
389 371 480 331
406 371 501 314
441 371 550 309
458 371 574 347
476 371 591 345
493 371 609 340
528 371 661 334
215 389 273 387
233 389 292 388
250 389 323 381
267 389 362 378
302 389 380 380
319 389 396 380
337 389 416 382
354 389 436 373
371 389 457 373
389 389 479 365
423 389 524 343
441 389 539 345
476 389 594 361
493 389 612 378
215 406 274 402
233 406 291 401
250 406 325 397
267 406 346 398
285 406 366 397
302 406 381 396
319 406 398 398
337 406 414 398
389 406 487 391
406 406 502 404
423 406 525 368
458 406 562 379
476 406 593 402
493 406 618 389
510 406 635 389
215 423 278 422
250 423 329 418
267 423 349 414
285 423 366 412
302 423 381 417
337 423 421 422
354 423 441 423
371 423 460 422
406 423 507 422
423 423 545 415
441 423 563 419
458 423 576 418
476 423 599 419
528 423 673 411
215 441 277 441
233 441 295 436
250 441 313 435
267 441 349 432
285 441 365 432
302 441 384 435
319 441 398 436
337 441 422 440
354 441 442 440
371 441 463 442
389 441 487 444
406 441 506 441
423 441 530 438
458 441 581 436
215 458 278 458
233 458 292 458
250 458 313 453
267 458 348 450
285 458 366 450
302 458 382 450
319 458 400 453
337 458 423 458
354 458 442 460
371 458 463 461
389 458 479 459
406 458 511 459
423 458 531 459
441 458 562 454
458 458 583 457
493 458 639 427
250 476 308 477
267 476 333 475
302 476 387 479
319 476 404 476
337 476 423 476
354 476 440 475
371 476 462 476
389 476 482 476
406 476 513 476
423 476 531 476
441 476 568 475
458 476 582 475
510 476 661 448
