554 205 549 212
556 205 561 214
596 222 600 220
537 227 536 227
593 230 596 229
596 230 599 226
573 233 573 217
593 233 596 231
596 233 598 228
604 233 604 235
537 236 538 236
585 236 579 248
540 239 540 239
604 239 614 232
607 239 616 232
540 242 540 242
599 242 604 242
604 242 613 235
610 242 618 235
537 244 537 244
540 244 539 245
545 244 544 245
607 244 616 237
610 244 618 237
537 247 537 247
590 247 597 244
593 247 600 244
602 247 610 239
604 247 614 239
607 247 616 239
610 247 618 240
579 250 583 239
593 250 600 246
599 250 607 242
602 250 610 242
604 250 613 242
607 250 615 242
610 250 618 243
545 253 540 252
548 253 543 251
551 253 545 251
596 253 604 245
602 253 610 244
604 253 612 244
607 253 615 245
610 253 617 245
534 256 575 257
545 256 539 254
559 256 605 296
576 256 582 243
596 256 603 247
602 256 610 248
604 256 612 248
607 256 615 248
610 256 617 248
576 258 582 245
588 258 597 247
590 258 600 254
596 258 603 250
599 258 606 251
604 258 613 251
607 258 615 251
613 258 620 255
588 261 597 249
590 261 599 250
599 261 606 254
602 261 609 253
613 261 620 259
562 264 570 281
596 264 603 256
604 264 611 255
607 264 614 255
542 267 559 262
568 267 571 262
588 267 596 261
599 267 606 257
602 267 608 257
604 267 611 257
607 267 614 258
616 267 620 261
619 267 622 261
588 270 596 264
596 270 602 259
602 270 608 260
604 270 611 261
607 270 613 261
613 270 617 261
616 270 620 263
619 270 622 264
537 273 553 265
542 273 559 265
588 273 596 267
593 273 601 265
596 273 604 268
599 273 604 262
604 273 611 263
619 273 622 266
624 273 632 274
627 273 628 268
633 273 634 271
531 275 541 269
548 275 563 268
551 275 566 268
593 275 601 271
602 275 607 269
604 275 610 269
607 275 613 269
613 275 617 267
616 275 620 268
627 275 628 271
537 278 553 267
599 278 604 274
613 278 617 270
624 278 626 273
627 278 628 274
633 278 634 276
534 281 534 278
537 281 553 270
604 281 612 278
610 281 613 273
616 281 619 274
619 281 622 274
621 281 624 275
627 281 628 276
630 281 631 277
635 281 636 278
638 281 640 281
579 284 562 274
585 284 565 274
596 284 598 280
599 284 600 281
613 284 616 278
624 284 625 279
630 284 631 280
633 284 633 280
635 284 636 281
638 284 639 283
599 287 600 283
607 287 606 281
613 287 615 281
616 287 618 281
624 287 627 282
630 287 631 282
633 287 633 283
635 287 636 283
641 287 641 286
644 287 645 287
579 290 562 277
582 290 564 277
599 290 600 286
602 290 603 284
607 290 606 283
613 290 612 284
621 290 624 285
627 290 628 285
633 290 633 285
635 290 636 286
638 290 638 287
641 290 642 290
644 290 644 289
647 290 647 290
585 292 595 286
602 292 602 286
607 292 606 287
613 292 612 287
621 292 624 288
624 292 627 288
633 292 633 288
635 292 636 288
638 292 638 290
644 292 645 292
647 292 647 292
551 295 550 297
554 295 554 297
568 295 558 279
571 295 569 290
579 295 585 285
599 295 600 290
616 295 618 290
621 295 623 290
565 298 567 292
571 298 572 296
573 298 575 295
602 298 600 292
613 298 614 294
616 298 617 294
647 298 645 295
551 301 551 301
554 301 554 301
556 301 556 301
571 301 573 299
579 301 580 299
582 301 587 291
590 301 589 304
593 301 592 294
599 301 605 301
607 301 605 292
616 301 616 296
621 301 622 297
627 301 626 295
630 301 629 295
635 301 631 296
641 301 638 296
644 301 644 299
647 301 647 300
554 304 554 304
556 304 556 304
562 304 563 298
565 304 566 298
568 304 569 299
573 304 575 299
576 304 578 300
607 304 611 300
610 304 613 300
616 304 617 299
621 304 620 298
627 304 625 298
630 304 629 298
635 304 635 298
638 304 638 301
641 304 641 301
644 304 644 302
556 306 557 307
562 306 563 301
565 306 568 301
568 306 571 303
576 306 578 302
579 306 581 303
582 306 583 303
613 306 614 302
635 306 635 302
647 306 646 302
559 309 559 310
582 309 583 306
585 309 586 306
588 309 589 307
593 309 595 306
599 309 599 307
602 309 601 307
633 309 632 304
635 309 635 304
638 309 638 305
641 309 640 305
644 309 643 305
647 309 646 304
579 312 582 312
585 312 585 312
588 312 589 310
596 312 598 310
607 312 610 311
619 312 622 312
621 312 625 313
630 312 631 307
633 312 634 307
638 312 637 307
641 312 640 307
644 312 643 307
647 312 646 307
565 315 571 315
568 315 574 315
571 315 577 315
573 315 579 315
585 315 585 315
588 315 588 315
593 315 595 313
602 315 600 314
607 315 609 314
610 315 612 314
630 315 634 316
647 315 646 315
