441 111 443 14
458 111 460 16
476 111 478 18
493 111 498 16
528 111 546 6
59 129 39 87
441 129 445 34
476 129 482 39
493 129 500 36
528 129 541 23
545 129 559 21
562 129 580 20
580 129 601 19
597 129 622 17
614 129 639 14
59 146 42 107
77 146 61 104
94 146 79 102
111 146 96 100
129 146 115 97
146 146 133 95
424 146 427 57
441 146 446 55
458 146 463 53
476 146 481 61
493 146 502 58
510 146 521 50
528 146 543 44
545 146 562 41
562 146 583 39
580 146 601 37
597 146 619 36
614 146 639 33
632 146 660 29
59 163 46 127
77 163 64 125
94 163 84 122
129 163 119 118
146 163 136 116
163 163 156 113
181 163 174 109
215 163 207 106
424 163 429 80
441 163 446 77
458 163 464 83
476 163 484 82
493 163 504 79
528 163 547 63
545 163 565 61
562 163 585 59
580 163 602 57
597 163 622 55
614 163 641 52
632 163 665 50
42 181 47 146
59 181 61 144
77 181 80 141
94 181 98 140
406 181 409 107
424 181 428 105
441 181 447 102
458 181 466 101
476 181 486 101
493 181 505 98
528 181 545 83
545 181 565 80
562 181 585 79
580 181 602 77
597 181 620 74
614 181 644 72
632 181 665 72
371 198 376 130
389 198 392 131
406 198 411 128
424 198 429 125
441 198 448 123
510 198 527 114
528 198 545 102
545 198 567 100
580 198 606 95
597 198 625 94
614 198 643 88
632 198 665 91
319 215 324 155
337 215 337 158
354 215 354 155
371 215 374 154
389 215 394 151
406 215 412 148
424 215 431 147
441 215 451 144
458 215 470 142
476 215 490 140
493 215 509 138
510 215 527 135
528 215 548 133
562 215 575 117
580 215 598 115
597 215 626 113
614 215 645 111
632 215 666 108
302 233 308 173
319 233 321 180
337 233 339 179
354 233 357 177
371 233 376 175
389 233 394 173
406 233 414 169
424 233 433 167
441 233 452 165
458 233 471 162
476 233 490 160
493 233 510 158
510 233 529 156
528 233 547 153
545 233 567 151
562 233 586 147
597 233 621 133
614 233 647 130
632 233 667 126
285 250 295 193
302 250 306 199
319 250 324 198
337 250 341 197
354 250 359 195
371 250 377 194
389 250 396 194
406 250 415 191
424 250 434 188
441 250 453 186
458 250 472 184
476 250 492 181
493 250 511 179
510 250 530 177
545 250 568 171
562 250 585 166
580 250 602 153
597 250 625 151
614 250 648 147
632 250 668 141
285 267 292 217
302 267 309 215
337 267 343 215
354 267 364 215
371 267 380 214
389 267 398 213
406 267 417 211
424 267 436 208
441 267 454 207
458 267 474 205
476 267 493 202
493 267 512 201
510 267 532 198
528 267 551 194
545 267 569 191
562 267 585 181
580 267 605 170
597 267 628 170
614 267 651 165
233 285 257 227
250 285 262 236
267 285 277 235
285 285 294 234
302 285 313 232
319 285 329 234
337 285 346 232
354 285 366 232
371 285 382 231
389 285 400 230
406 285 418 227
424 285 436 226
441 285 457 225
458 285 476 226
476 285 494 222
493 285 513 220
510 285 532 217
528 285 553 215
562 285 589 197
580 285 605 199
597 285 632 192
614 285 650 186
233 302 246 256
250 302 260 256
267 302 281 254
285 302 299 252
302 302 318 252
319 302 332 248
337 302 349 252
354 302 367 250
371 302 385 250
389 302 404 248
406 302 422 247
424 302 440 246
441 302 458 244
476 302 496 242
493 302 515 240
510 302 534 236
528 302 553 234
580 302 606 221
597 302 629 215
614 302 648 208
233 319 246 276
250 319 275 269
285 319 301 267
319 319 333 269
337 319 352 269
354 319 370 270
371 319 388 268
389 319 408 265
406 319 422 264
424 319 440 263
441 319 461 262
458 319 479 259
493 319 516 259
510 319 535 256
528 319 553 253
545 319 571 247
562 319 591 245
580 319 609 243
614 319 646 231
285 337 305 284
302 337 322 283
354 337 372 287
371 337 390 285
389 337 408 283
406 337 424 282
424 337 444 281
441 337 461 279
458 337 479 276
476 337 499 275
528 337 555 270
545 337 574 266
562 337 591 263
580 337 610 261
597 337 628 259
302 354 325 298
337 354 359 299
354 354 374 302
371 354 392 302
389 354 410 300
406 354 429 298
424 354 445 296
441 354 463 296
458 354 480 295
476 354 500 294
493 354 519 292
510 354 534 291
528 354 554 287
545 354 574 282
562 354 592 281
580 354 609 279
267 371 295 309
302 371 328 316
337 371 360 315
354 371 379 316
371 371 395 315
389 371 413 315
406 371 430 313
424 371 448 313
441 371 468 313
458 371 483 312
476 371 501 311
493 371 520 313
510 371 538 311
545 371 575 299
562 371 593 298
580 371 612 294
267 389 299 332
285 389 312 338
302 389 337 342
319 389 351 333
354 389 381 331
371 389 397 330
389 389 415 330
406 389 432 329
424 389 450 327
441 389 467 327
458 389 485 327
476 389 504 327
528 389 556 325
545 389 576 316
562 389 593 314
597 389 630 312
614 389 648 308
233 406 274 345
250 406 286 350
267 406 295 362
285 406 322 357
302 406 340 357
319 406 358 356
354 406 384 347
371 406 400 346
389 406 417 345
406 406 434 344
424 406 451 343
441 406 469 343
458 406 487 343
476 406 505 342
493 406 523 344
510 406 541 344
528 406 559 341
545 406 578 332
562 406 594 328
597 406 630 332
614 406 647 330
632 406 666 326
215 424 261 361
233 424 273 365
302 424 348 375
319 424 364 376
354 424 386 363
371 424 402 362
389 424 420 361
406 424 435 361
424 424 454 359
441 424 471 358
458 424 487 358
493 424 524 356
510 424 542 359
545 424 577 350
580 424 616 334
597 424 630 350
614 424 649 348
632 424 667 346
215 441 259 384
285 441 330 397
302 441 349 395
389 441 423 377
406 441 440 376
424 441 456 375
441 441 472 375
458 441 488 374
476 441 507 373
493 441 524 375
510 441 544 372
528 441 561 365
545 441 578 362
580 441 615 350
597 441 632 367
614 441 650 365
632 441 667 360
285 458 331 413
337 458 369 406
354 458 384 407
371 458 404 401
424 458 458 392
441 458 474 391
476 458 510 394
493 458 529 391
510 458 547 386
528 458 560 382
545 458 577 380
562 458 596 372
597 458 632 386
614 458 650 383
632 458 669 382
649 458 684 359
198 476 286 474
215 476 300 471
406 476 440 405
458 476 494 401
597 476 594 477
