493 77 504 9
493 94 499 28
528 94 546 26
441 111 454 57
476 111 484 51
493 111 501 46
528 111 549 44
545 111 566 42
562 111 583 40
580 111 603 38
129 129 154 112
441 129 454 75
476 129 487 67
493 129 503 64
528 129 550 65
545 129 567 63
562 129 584 60
580 129 604 57
597 129 618 54
614 129 642 54
424 146 439 96
441 146 455 92
476 146 487 85
493 146 505 84
510 146 523 84
528 146 550 83
545 146 573 82
562 146 587 80
580 146 604 77
597 146 622 75
614 146 641 74
632 146 658 72
77 163 108 151
111 163 144 148
163 163 192 141
181 163 211 138
424 163 440 112
458 163 472 106
476 163 488 104
493 163 506 102
528 163 554 102
545 163 572 100
562 163 590 97
580 163 606 96
614 163 641 92
632 163 658 89
42 181 89 170
59 181 101 169
77 181 118 167
111 181 146 163
146 181 179 160
389 181 410 133
406 181 424 130
424 181 440 129
458 181 474 125
476 181 491 121
493 181 508 120
510 181 529 121
545 181 570 118
562 181 589 116
580 181 610 113
597 181 627 112
614 181 645 108
371 198 391 151
389 198 406 150
406 198 424 148
441 198 458 144
476 198 492 141
493 198 510 139
510 198 529 137
528 198 555 138
545 198 572 136
562 198 590 135
580 198 613 130
597 198 630 128
632 198 657 124
319 215 342 175
337 215 358 171
354 215 373 168
371 215 391 167
389 215 408 166
424 215 442 163
441 215 459 161
458 215 477 159
476 215 494 157
493 215 511 155
510 215 531 154
545 215 566 151
562 215 583 148
580 215 600 147
597 215 631 146
632 215 659 144
302 233 328 192
319 233 342 190
337 233 359 187
354 233 375 186
371 233 392 184
389 233 409 183
406 233 427 181
441 233 460 178
458 233 478 176
476 233 495 174
493 233 513 172
510 233 531 171
528 233 549 169
545 233 566 168
562 233 585 166
580 233 601 166
597 233 624 165
614 233 640 164
632 233 658 164
285 250 315 211
302 250 329 209
319 250 345 208
337 250 361 205
354 250 377 203
371 250 394 201
389 250 411 199
424 250 444 196
441 250 462 194
458 250 478 192
476 250 496 191
493 250 514 189
510 250 531 188
545 250 568 185
562 250 587 184
580 250 606 184
597 250 627 184
614 250 641 182
285 267 314 227
302 267 331 226
337 267 361 221
354 267 379 220
371 267 397 217
406 267 428 214
424 267 444 211
441 267 463 211
458 267 480 210
476 267 497 209
493 267 514 206
510 267 531 204
528 267 549 203
545 267 569 203
562 267 589 206
580 267 610 203
597 267 625 201
614 267 642 200
250 285 281 251
267 285 299 247
302 285 333 242
319 285 350 241
337 285 364 238
354 285 382 236
441 285 464 227
458 285 481 226
493 285 514 222
510 285 532 221
528 285 550 221
562 285 592 223
580 285 610 221
597 285 627 216
614 285 643 216
215 302 258 269
250 302 284 264
267 302 302 263
285 302 319 261
302 302 335 261
319 302 352 258
354 302 383 253
406 302 431 247
424 302 449 246
476 302 499 241
528 302 551 237
580 302 608 233
597 302 627 233
614 302 644 234
215 319 262 286
233 319 278 283
267 319 304 281
285 319 322 279
337 319 368 271
389 319 415 265
406 319 433 265
424 319 450 263
441 319 467 262
458 319 484 260
476 319 500 258
493 319 517 257
510 319 535 255
545 319 572 254
562 319 590 253
580 319 607 251
597 319 625 250
319 337 356 291
337 337 369 287
354 337 386 285
389 337 417 282
406 337 434 280
424 337 451 279
441 337 468 278
458 337 485 276
476 337 501 274
493 337 519 273
510 337 537 273
528 337 555 272
580 337 609 267
597 337 627 267
267 354 310 313
285 354 326 311
302 354 343 309
319 354 358 308
337 354 373 305
354 354 388 302
389 354 419 299
406 354 437 298
424 354 455 297
441 354 471 295
458 354 488 293
476 354 504 291
493 354 520 289
510 354 538 288
528 354 557 289
545 354 576 288
562 354 593 287
580 354 610 286
267 371 312 328
285 371 327 327
302 371 343 326
337 371 376 322
354 371 391 320
371 371 408 318
389 371 423 316
424 371 456 313
441 371 474 312
458 371 489 310
476 371 505 308
493 371 522 307
510 371 540 305
528 371 558 307
545 371 578 305
562 371 594 304
267 389 313 344
285 389 328 342
302 389 345 342
319 389 362 341
337 389 377 338
354 389 393 337
371 389 410 335
389 389 426 333
424 389 458 329
441 389 474 328
458 389 491 326
476 389 507 325
493 389 524 324
510 389 540 322
528 389 557 321
545 389 576 322
562 389 595 320
580 389 613 320
233 406 285 361
267 406 314 360
285 406 330 356
302 406 348 358
319 406 362 357
337 406 379 353
354 406 395 353
371 406 412 351
389 406 427 350
424 406 460 346
441 406 476 345
458 406 493 343
476 406 509 342
493 406 526 340
510 406 542 338
528 406 557 337
545 406 579 338
562 406 597 337
597 406 632 334
614 406 648 333
632 406 667 337
215 424 269 380
233 424 290 379
285 424 329 374
302 424 350 374
319 424 363 373
337 424 381 370
354 424 398 369
371 424 414 368
389 424 430 366
424 424 462 363
441 424 478 362
458 424 495 361
493 424 528 356
510 424 543 353
528 424 565 357
545 424 581 356
562 424 598 353
580 424 613 351
597 424 632 351
614 424 648 349
215 441 273 397
302 441 350 392
319 441 364 392
337 441 386 386
354 441 401 383
371 441 415 383
389 441 432 381
424 441 464 379
441 441 479 378
458 441 496 377
476 441 514 376
493 441 529 372
510 441 546 372
528 441 568 372
545 441 582 371
562 441 598 370
580 441 614 367
597 441 630 365
614 441 649 364
632 441 667 362
198 458 261 413
215 458 278 419
319 458 368 410
371 458 421 402
389 458 435 398
406 458 451 397
441 458 482 395
458 458 498 394
476 458 515 393
493 458 531 390
510 458 550 390
528 458 569 390
545 458 583 388
562 458 600 386
580 458 614 383
614 458 647 378
649 458 684 379
198 476 301 475
215 476 317 474
441 476 483 410
458 476 500 411
528 476 570 405
545 476 584 405
562 476 601 404
