458 146 406 31
476 146 429 21
493 146 454 14
510 146 477 10
424 163 371 27
441 163 390 25
458 163 412 42
476 163 434 40
493 163 457 38
528 163 495 3
94 181 86 61
146 181 50 61
215 181 132 56
406 181 351 63
424 181 372 61
441 181 392 51
458 181 412 59
476 181 438 60
493 181 458 58
528 181 495 26
545 181 515 24
562 181 533 21
580 181 550 21
597 181 571 18
614 181 593 20
371 198 306 90
389 198 328 87
406 198 352 83
424 198 372 82
441 198 395 80
510 198 478 73
528 198 497 76
545 198 518 41
562 198 532 56
580 198 553 41
597 198 582 37
614 198 607 36
632 198 620 35
337 215 267 120
354 215 289 116
371 215 311 114
389 215 331 112
406 215 354 109
424 215 375 108
441 215 396 105
458 215 416 103
476 215 440 101
493 215 459 99
510 215 478 96
528 215 498 93
545 215 519 93
562 215 535 77
580 215 553 65
597 215 568 57
614 215 603 55
632 215 612 72
319 233 252 141
337 233 272 144
354 233 292 142
371 233 313 140
389 233 335 138
406 233 356 135
424 233 378 133
441 233 397 131
458 233 417 127
476 233 438 125
493 233 460 123
510 233 479 121
528 233 499 118
545 233 519 116
562 233 539 112
580 233 552 86
597 233 571 81
614 233 595 85
302 250 236 159
337 250 276 163
354 250 295 165
371 250 314 164
389 250 337 162
406 250 358 162
424 250 379 158
441 250 398 155
458 250 420 152
476 250 440 149
493 250 460 147
510 250 480 146
580 250 555 108
597 250 570 102
614 250 593 104
632 250 610 104
285 267 219 184
302 267 240 177
337 267 276 182
354 267 299 185
371 267 319 185
389 267 340 185
406 267 360 184
424 267 379 181
441 267 400 180
458 267 421 177
476 267 441 176
493 267 461 173
510 267 482 170
528 267 500 166
580 267 553 123
597 267 579 123
614 267 599 121
250 285 182 204
285 285 223 200
302 285 244 196
319 285 263 202
337 285 283 201
354 285 304 203
371 285 321 204
389 285 342 204
406 285 363 203
424 285 382 202
441 285 402 201
458 285 421 199
476 285 442 198
493 285 462 194
510 285 482 192
528 285 501 187
580 285 546 164
597 285 581 148
614 285 598 145
233 302 167 217
250 302 184 223
267 302 209 219
285 302 229 218
319 302 271 216
337 302 287 222
354 302 306 223
371 302 326 225
389 302 345 223
406 302 366 221
424 302 385 220
441 302 403 219
458 302 423 221
476 302 443 220
493 302 463 218
510 302 482 213
528 302 502 208
580 302 548 186
597 302 575 179
614 302 599 164
250 319 200 240
267 319 218 243
285 319 239 230
319 319 274 240
337 319 291 240
354 319 309 244
371 319 329 244
389 319 348 240
406 319 366 238
424 319 385 237
441 319 407 237
476 319 446 239
493 319 464 238
528 319 501 228
562 319 537 214
580 319 555 212
597 319 573 205
285 337 240 247
302 337 260 243
337 337 293 258
354 337 313 261
371 337 331 259
389 337 351 257
406 337 369 255
424 337 386 253
441 337 407 254
458 337 426 251
493 337 465 255
510 337 482 248
528 337 501 242
545 337 521 237
562 337 537 233
580 337 555 230
597 337 573 231
285 354 245 265
302 354 263 261
319 354 279 262
354 354 316 276
371 354 335 275
389 354 353 273
406 354 371 270
424 354 388 268
441 354 408 270
458 354 427 269
476 354 445 268
510 354 481 265
528 354 501 257
545 354 519 251
562 354 537 249
580 354 554 249
267 371 225 260
285 371 250 280
302 371 265 280
371 371 338 288
389 371 357 287
406 371 375 285
424 371 393 285
441 371 414 286
458 371 429 286
476 371 448 286
493 371 465 285
510 371 484 284
528 371 500 278
545 371 518 272
562 371 536 268
250 389 223 278
267 389 233 304
285 389 252 302
302 389 271 301
319 389 289 296
337 389 306 294
354 389 323 295
371 389 342 299
389 389 360 298
406 389 378 298
424 389 396 297
441 389 413 300
458 389 432 300
476 389 448 300
493 389 468 302
510 389 483 299
528 389 502 299
545 389 519 287
580 389 554 278
597 389 572 277
614 389 586 275
250 406 228 317
337 406 307 309
354 406 326 311
476 406 450 314
493 406 463 314
510 406 488 320
562 406 534 296
597 406 572 296
614 406 586 295
233 424 200 352
250 424 215 348
267 424 235 349
319 424 301 330
337 424 316 328
371 424 346 327
389 424 362 326
406 424 379 327
424 424 398 325
441 424 417 324
458 424 431 323
493 424 469 329
510 424 488 333
580 424 555 313
597 424 571 314
632 424 598 308
233 441 218 368
250 441 231 367
302 441 286 349
319 441 302 345
337 441 320 347
354 441 335 346
389 441 367 339
406 441 385 342
424 441 400 339
441 441 418 339
458 441 433 340
493 441 469 348
545 441 523 327
562 441 540 308
580 441 554 340
597 441 571 338
215 458 200 390
233 458 220 390
250 458 235 385
267 458 252 372
285 458 270 372
302 458 292 366
319 458 307 364
371 458 341 360
389 458 363 353
406 458 390 354
441 458 418 352
458 458 435 351
493 458 460 460
528 458 504 342
545 458 518 340
562 458 539 329
580 458 556 361
614 458 585 351
198 476 206 426
215 476 225 426
371 476 343 380
441 476 425 479
