582 199 587 199
568 202 574 200
573 202 579 201
579 202 584 201
588 202 593 201
590 202 595 200
565 205 571 203
568 205 574 203
573 205 578 203
576 205 581 203
582 205 586 203
593 205 598 203
596 205 601 203
542 208 542 208
579 208 583 204
585 208 590 204
554 211 560 207
562 211 567 206
568 211 571 207
579 211 583 207
582 211 586 207
585 211 589 207
588 211 592 207
590 211 595 207
593 211 598 208
596 211 600 208
540 213 545 208
542 213 548 208
545 213 551 208
548 213 554 208
554 213 559 209
565 213 569 209
568 213 571 209
571 213 574 208
576 213 580 209
579 213 583 209
582 213 586 209
585 213 589 209
588 213 592 209
590 213 595 210
593 213 597 210
596 213 600 209
540 216 545 210
542 216 548 211
548 216 553 210
551 216 556 211
568 216 572 211
576 216 580 211
579 216 583 211
582 216 585 212
585 216 589 212
588 216 591 212
590 216 594 212
593 216 597 212
596 216 600 212
545 219 551 212
582 219 585 215
585 219 588 215
588 219 591 214
590 219 594 215
593 219 597 215
596 219 600 215
599 219 603 219
540 222 543 215
542 222 546 215
545 222 551 215
556 222 561 215
559 222 563 215
571 222 580 214
573 222 572 217
576 222 574 217
585 222 586 218
590 222 592 218
593 222 597 218
537 225 540 217
540 225 543 217
542 225 545 217
548 225 552 217
551 225 555 218
554 225 557 218
556 225 560 218
559 225 563 218
568 225 565 220
571 225 568 220
573 225 571 220
576 225 574 220
579 225 579 221
582 225 582 221
585 225 586 221
590 225 592 221
593 225 594 221
602 225 602 224
540 227 543 220
542 227 545 220
548 227 548 220
556 227 559 221
573 227 570 223
576 227 573 223
588 227 589 221
593 227 594 224
596 227 597 224
534 230 536 219
537 230 539 219
548 230 548 222
551 230 551 223
554 230 554 223
556 230 557 224
565 230 563 226
571 230 568 223
585 230 585 224
588 230 589 224
590 230 591 224
593 230 594 226
596 230 597 227
599 230 600 227
602 230 603 227
604 230 604 230
528 233 531 222
531 233 533 223
534 233 536 223
537 233 539 223
542 233 544 224
548 233 548 225
554 233 554 225
568 233 565 226
571 233 568 226
576 233 573 229
585 233 585 226
593 233 593 229
596 233 596 230
528 236 530 225
531 236 533 226
534 236 536 226
537 236 539 226
548 236 548 228
551 236 550 228
559 236 557 228
568 236 565 229
576 236 574 232
593 236 591 232
596 236 596 232
602 236 600 233
607 236 602 236
610 236 605 235
528 239 528 230
531 239 531 230
540 239 539 230
582 239 582 232
596 239 594 236
599 239 596 236
604 239 599 238
607 239 602 238
610 239 604 238
613 239 607 238
528 242 528 233
534 242 533 232
537 242 535 232
542 242 545 232
556 242 554 231
559 242 557 231
593 242 591 239
596 242 593 239
604 242 599 242
607 242 602 241
610 242 604 241
613 242 607 242
528 244 528 237
531 244 530 234
534 244 533 234
537 244 535 234
540 244 538 234
542 244 545 234
548 244 548 233
551 244 550 234
554 244 553 240
556 244 556 240
582 244 582 241
585 244 585 242
593 244 591 241
596 244 593 242
604 244 599 245
607 244 602 244
610 244 605 244
613 244 608 244
616 244 610 245
528 247 528 239
534 247 533 240
537 247 535 237
571 247 568 243
579 247 579 240
596 247 593 244
599 247 594 247
602 247 596 248
604 247 599 248
607 247 603 247
610 247 605 247
613 247 608 247
616 247 611 248
531 250 530 242
534 250 533 242
548 250 550 248
551 250 553 246
556 250 556 245
588 250 579 252
607 250 603 250
610 250 606 250
613 250 609 250
528 253 528 252
534 253 533 245
537 253 537 252
540 253 539 253
542 253 542 253
548 253 550 252
596 253 592 249
610 253 606 253
613 253 610 253
528 256 528 255
531 256 531 254
534 256 534 255
537 256 536 255
548 256 550 255
559 256 558 255
610 256 607 256
613 256 610 256
616 256 614 256
528 258 528 257
531 258 531 257
542 258 542 258
548 258 549 258
556 258 556 258
559 258 558 258
579 258 574 252
582 258 578 250
590 258 585 258
602 258 596 253
610 258 607 259
613 258 610 259
616 258 614 259
531 261 531 259
540 261 538 260
542 261 541 260
545 261 544 260
559 261 558 261
576 261 571 255
588 261 584 255
593 261 588 255
599 261 597 261
604 261 602 262
607 261 605 262
610 261 608 262
613 261 610 261
616 261 614 261
534 264 533 260
537 264 535 260
545 264 543 263
551 264 551 261
554 264 553 261
562 264 564 264
565 264 567 264
582 264 578 259
593 264 588 264
596 264 593 264
599 264 597 264
604 264 602 264
607 264 605 264
610 264 608 264
613 264 611 264
619 264 616 262
621 264 619 262
624 264 622 262
545 267 543 266
573 267 570 264
579 267 575 261
582 267 578 261
588 267 582 261
593 267 590 266
596 267 593 267
599 267 598 267
604 267 602 267
607 267 604 267
613 267 611 267
616 267 613 266
619 267 616 265
621 267 619 265
624 267 622 265
534 270 533 265
537 270 535 265
545 270 542 265
548 270 548 265
551 270 550 265
565 270 561 266
571 270 566 267
573 270 569 267
576 270 573 267
579 270 576 267
582 270 579 267
585 270 581 267
604 270 602 270
610 270 608 269
616 270 616 270
619 270 616 268
621 270 619 268
624 270 625 269
627 270 628 269
537 273 535 268
554 273 553 267
576 273 573 269
579 273 576 269
588 273 584 270
593 273 590 271
607 273 605 271
610 273 608 271
613 273 610 271
624 273 625 272
627 273 628 271
638 273 639 271
551 275 550 269
556 275 553 270
559 275 556 269
562 275 558 270
565 275 561 270
571 275 570 272
576 275 572 272
579 275 575 272
585 275 582 273
588 275 584 273
610 275 607 274
613 275 610 274
616 275 615 274
619 275 618 274
621 275 621 274
624 275 625 274
630 275 631 274
635 275 636 273
534 278 533 271
537 278 535 272
542 278 539 272
545 278 541 272
548 278 544 272
551 278 547 272
554 278 550 272
556 278 553 272
559 278 555 272
562 278 558 273
565 278 561 273
568 278 565 273
593 278 593 276
596 278 596 276
599 278 599 275
602 278 602 276
610 278 610 276
613 278 612 276
616 278 616 277
619 278 618 277
621 278 621 276
624 278 624 276
627 278 626 276
633 278 633 276
638 278 638 275
641 278 641 275
542 281 539 274
545 281 541 274
548 281 544 274
551 281 546 274
554 281 550 274
556 281 552 274
576 281 578 277
579 281 581 277
582 281 584 278
588 281 588 279
590 281 590 279
593 281 593 278
596 281 596 279
599 281 599 279
602 281 602 278
604 281 605 278
610 281 610 279
613 281 612 279
616 281 615 279
619 281 618 279
621 281 621 279
624 281 624 279
627 281 626 279
633 281 633 279
638 281 638 278
641 281 641 278
551 284 546 277
562 284 564 280
565 284 567 280
568 284 570 281
571 284 572 281
576 284 576 281
579 284 580 281
582 284 584 281
588 284 588 282
590 284 591 282
593 284 593 282
596 284 595 281
602 284 601 281
604 284 604 281
607 284 607 281
610 284 609 281
613 284 613 282
616 284 616 282
621 284 621 282
624 284 624 281
630 284 630 281
635 284 635 281
638 284 638 281
641 284 641 281
545 287 541 278
559 287 561 283
562 287 564 284
565 287 567 284
571 287 572 284
573 287 575 284
579 287 581 284
582 287 584 284
588 287 588 285
593 287 593 285
596 287 596 285
599 287 599 284
602 287 602 284
604 287 604 285
613 287 612 284
616 287 616 284
619 287 618 284
621 287 621 284
624 287 624 284
627 287 628 284
630 287 630 284
638 287 639 284
641 287 641 283
551 290 553 286
554 290 556 286
556 290 558 286
559 290 561 286
562 290 564 287
568 290 570 286
573 290 574 287
582 290 583 287
590 290 590 284
607 290 607 285
610 290 609 286
616 290 616 287
624 290 624 287
627 290 627 287
633 290 633 286
638 290 638 286
641 290 641 286
644 290 644 286
647 290 647 289
548 292 549 292
551 292 551 292
556 292 558 289
559 292 561 289
562 292 564 289
571 292 572 289
588 292 587 287
590 292 590 287
593 292 593 288
596 292 595 291
599 292 599 288
602 292 601 288
604 292 604 288
607 292 606 288
610 292 609 288
616 292 616 290
630 292 629 289
633 292 632 289
635 292 635 289
638 292 638 289
641 292 641 289
644 292 644 289
548 295 548 295
551 295 551 295
562 295 560 293
565 295 563 293
573 295 573 293
582 295 583 293
588 295 587 290
590 295 590 293
593 295 593 293
596 295 595 293
599 295 599 291
602 295 601 291
604 295 604 291
607 295 606 291
627 295 627 292
635 295 635 292
638 295 638 292
641 295 641 292
647 295 647 292
548 298 548 298
551 298 551 298
559 298 557 296
568 298 565 295
571 298 569 295
573 298 573 295
576 298 575 295
579 298 580 295
582 298 583 295
588 298 587 293
593 298 593 296
596 298 596 296
599 298 599 294
602 298 601 294
604 298 604 294
607 298 606 294
613 298 612 294
616 298 615 294
633 298 633 295
635 298 635 295
638 298 638 295
641 298 641 295
644 298 645 296
647 298 647 296
548 301 548 301
551 301 552 300
559 301 558 298
562 301 560 298
568 301 565 297
571 301 569 298
573 301 573 298
576 301 575 298
582 301 581 298
590 301 590 298
599 301 599 297
602 301 601 297
604 301 604 296
607 301 607 297
610 301 609 297
613 301 612 297
616 301 615 299
619 301 618 300
621 301 621 297
624 301 626 297
627 301 629 297
633 301 633 298
635 301 635 297
638 301 638 297
641 301 641 298
644 301 644 298
647 301 647 298
548 304 548 303
551 304 552 303
554 304 554 300
559 304 558 301
562 304 560 301
565 304 563 300
568 304 566 300
571 304 569 301
576 304 575 301
585 304 584 300
588 304 587 299
593 304 593 301
596 304 596 299
599 304 598 300
602 304 601 300
604 304 604 300
607 304 607 300
610 304 610 300
613 304 612 300
635 304 635 300
638 304 638 300
641 304 641 301
644 304 644 301
647 304 647 303
548 306 548 306
551 306 551 306
556 306 555 304
559 306 558 304
568 306 566 303
582 306 581 304
585 306 584 302
588 306 587 302
590 306 590 302
596 306 596 302
599 306 599 302
602 306 601 303
604 306 604 303
610 306 610 303
613 306 612 303
616 306 615 303
619 306 617 303
638 306 639 303
641 306 641 303
644 306 644 303
548 309 548 309
551 309 551 309
554 309 554 306
556 309 557 306
568 309 569 307
571 309 571 307
573 309 574 304
582 309 582 306
590 309 590 305
593 309 593 305
599 309 599 305
602 309 601 305
604 309 604 306
619 309 618 306
624 309 624 306
633 309 632 306
638 309 638 306
641 309 641 306
644 309 644 306
647 309 647 306
554 312 554 312
556 312 557 309
562 312 563 312
565 312 566 311
568 312 569 310
571 312 571 310
573 312 574 310
579 312 580 307
588 312 585 310
590 312 590 308
593 312 593 310
599 312 599 308
602 312 601 308
604 312 604 308
607 312 607 309
610 312 610 309
613 312 613 308
619 312 619 309
621 312 621 309
624 312 623 309
627 312 627 309
630 312 630 309
633 312 632 309
635 312 635 309
638 312 638 309
641 312 641 309
644 312 644 309
647 312 647 309
554 315 556 315
556 315 558 312
559 315 560 312
565 315 566 315
568 315 569 315
571 315 571 313
576 315 577 310
582 315 583 310
585 315 583 313
588 315 586 313
602 315 601 311
604 315 604 311
610 315 610 311
613 315 613 311
619 315 623 315
621 315 626 315
635 315 635 311
638 315 638 312
644 315 643 316
647 315 647 312
