602 287 596 297
604 287 598 298
633 290 626 302
638 290 630 302
641 290 632 302
644 290 635 302
647 290 645 305
602 292 594 303
627 292 617 303
641 292 633 306
644 292 636 306
582 295 570 304
585 295 573 304
604 295 596 306
624 295 615 307
627 295 618 307
644 295 636 308
582 298 570 307
588 298 576 307
590 298 580 306
593 298 582 307
596 298 586 307
599 298 588 306
604 298 594 308
607 298 597 308
610 298 601 308
573 301 564 310
576 301 567 310
585 301 573 307
590 301 580 309
593 301 582 309
596 301 585 309
599 301 587 309
602 301 591 309
604 301 594 311
607 301 597 311
610 301 600 311
641 301 627 312
590 304 580 312
593 304 582 312
596 304 585 312
602 304 589 312
596 315 580 315
