458 42 572 195
458 59 574 208
476 59 585 205
545 111 657 248
371 129 514 257
389 129 530 259
441 129 569 260
493 129 608 259
545 146 657 268
562 146 673 270
319 163 478 277
337 163 489 275
371 163 513 276
389 163 526 277
424 163 548 277
441 163 564 277
545 163 654 278
319 181 477 292
493 181 601 284
510 181 616 283
528 181 633 285
354 198 496 295
371 198 510 294
389 198 522 291
424 198 547 292
441 198 562 293
458 198 574 293
493 198 600 293
528 198 634 296
319 215 475 318
354 215 496 309
371 215 508 308
389 215 522 306
510 215 614 303
319 233 475 332
337 233 487 329
371 233 508 323
389 233 521 325
424 233 544 317
441 233 558 315
458 233 575 317
493 233 599 312
510 233 613 314
528 233 634 318
545 233 651 324
562 233 687 341
580 233 702 342
597 233 720 340
424 250 546 333
441 250 560 333
458 250 574 330
493 250 597 327
528 250 636 334
562 250 686 358
580 250 705 357
371 267 508 351
389 267 522 352
424 267 549 353
441 267 563 352
458 267 574 350
476 267 591 352
562 267 698 378
580 267 714 376
371 285 508 366
389 285 521 368
406 285 542 372
441 285 563 369
458 285 579 368
476 285 591 365
493 285 611 369
510 285 616 355
285 302 449 419
371 302 517 404
406 302 543 402
458 302 579 385
476 302 596 383
493 302 612 385
285 319 447 429
319 319 471 434
337 319 488 438
371 319 518 423
406 319 544 424
424 319 558 422
441 319 574 422
354 337 501 453
424 337 559 441
441 337 576 442
458 337 591 441
250 354 415 449
458 354 595 461
