607 227 615 231
585 270 596 267
641 278 638 280
624 281 621 283
627 281 624 284
635 281 634 283
638 281 637 283
624 284 621 287
627 284 624 287
635 284 631 285
633 287 630 288
582 290 592 288
635 290 633 289
638 290 636 289
641 290 641 289
613 292 613 295
616 292 616 296
633 292 629 292
635 292 632 292
607 295 610 297
610 295 612 298
616 295 616 298
641 295 639 295
644 295 643 295
647 295 647 295
542 298 558 292
579 298 590 301
582 298 592 300
638 298 636 296
641 298 638 297
545 301 561 295
565 301 578 302
571 301 582 303
573 301 585 304
579 301 590 304
582 301 592 304
585 301 595 303
619 301 620 304
621 301 623 304
571 304 582 305
573 304 585 306
576 304 588 306
579 304 590 307
588 304 597 305
604 304 607 307
619 304 627 307
644 304 644 301
647 304 647 301
562 306 575 305
571 306 581 309
573 306 584 310
576 306 587 310
579 306 589 311
588 306 597 308
633 306 633 306
641 306 640 304
644 306 643 304
647 306 647 305
559 309 572 307
565 309 577 311
571 309 581 312
573 309 584 312
576 309 586 313
585 309 594 311
619 309 624 311
641 309 640 307
644 309 643 306
559 312 571 311
562 312 574 311
568 312 579 315
579 312 589 314
593 312 602 314
599 312 607 314
604 312 609 314
616 312 619 312
619 312 623 312
638 312 636 309
641 312 639 309
647 312 646 308
559 315 570 314
562 315 573 314
565 315 576 315
579 315 586 316
613 315 616 315
619 315 622 315
627 315 629 315
638 315 642 314
647 315 647 315
