559 211 555 213
562 211 558 213
537 216 541 220
588 219 588 241
540 222 557 233
542 222 560 233
545 222 563 233
540 225 558 238
542 225 561 237
610 225 609 231
551 227 566 236
588 227 559 228
599 227 599 232
607 227 607 232
537 230 554 241
545 230 561 239
548 230 564 239
551 230 567 239
528 233 534 245
531 233 534 248
540 233 551 243
542 233 558 243
573 233 576 219
528 236 528 253
542 236 558 246
576 236 592 246
573 239 581 235
616 239 612 237
537 242 571 241
559 242 572 250
562 242 575 249
613 242 610 241
616 242 612 240
554 244 565 251
579 244 593 252
619 244 620 243
621 244 623 242
607 247 615 252
621 247 623 245
548 250 558 267
556 250 583 271
619 250 623 248
548 253 558 270
551 253 560 270
613 253 619 255
619 253 624 254
621 256 628 254
624 256 630 253
621 258 629 258
624 258 631 256
627 258 633 256
542 261 545 267
545 261 563 258
582 261 588 256
585 261 590 254
596 261 596 254
599 261 600 254
602 261 603 255
604 261 605 254
619 261 626 261
621 261 629 260
624 261 632 259
627 261 634 259
531 264 533 270
537 264 537 270
540 264 541 270
542 264 544 270
545 264 548 269
559 264 573 272
596 264 597 257
599 264 600 257
607 264 610 259
613 264 619 264
616 264 622 264
619 264 625 263
621 264 628 263
624 264 632 262
627 264 634 261
630 264 636 261
635 264 641 260
531 267 533 273
537 267 538 274
540 267 541 273
542 267 544 273
545 267 548 272
551 267 556 272
599 267 600 261
602 267 603 261
610 267 616 263
624 267 632 264
627 267 635 264
630 267 637 264
528 270 529 276
534 270 535 277
537 270 538 276
542 270 544 276
554 270 559 274
559 270 560 256
585 270 596 273
599 270 600 263
604 270 611 268
607 270 613 268
610 270 616 268
613 270 620 267
619 270 626 267
528 273 529 279
537 273 537 278
540 273 540 278
542 273 544 278
545 273 547 279
596 273 598 262
602 273 607 271
604 273 610 271
607 273 614 271
610 273 617 271
613 273 620 271
616 273 623 271
619 273 626 270
624 273 631 269
627 273 634 269
630 273 638 269
534 275 535 281
537 275 537 282
540 275 541 281
542 275 544 281
576 275 584 286
588 275 599 279
599 275 601 266
604 275 610 274
607 275 614 273
610 275 617 273
613 275 620 274
616 275 623 273
619 275 626 273
624 275 630 272
627 275 634 272
630 275 638 271
534 278 536 285
537 278 538 285
540 278 541 285
559 278 572 285
565 278 572 290
588 278 600 281
590 278 602 281
599 278 602 273
610 278 618 275
613 278 620 276
616 278 623 275
619 278 626 275
624 278 630 275
627 278 632 274
630 278 635 274
633 278 639 274
635 278 642 274
531 281 533 289
534 281 536 289
537 281 539 289
542 281 544 285
545 281 547 284
548 281 550 283
613 281 620 278
616 281 623 278
621 281 628 278
624 281 631 277
627 281 633 277
630 281 636 276
633 281 639 277
635 281 642 276
638 281 645 276
540 284 542 288
542 284 545 288
545 284 547 287
562 284 575 290
568 284 581 289
571 284 584 289
602 284 609 280
607 284 615 280
610 284 618 280
621 284 628 280
627 284 633 280
630 284 636 279
633 284 640 280
635 284 642 280
638 284 645 279
537 287 539 291
540 287 541 291
542 287 545 290
545 287 548 290
548 287 550 290
556 287 561 292
562 287 575 293
568 287 581 292
602 287 609 284
604 287 612 283
607 287 615 283
610 287 618 283
613 287 620 282
616 287 623 283
624 287 631 282
633 287 640 282
635 287 642 283
638 287 645 282
531 290 530 292
540 290 541 294
542 290 544 294
545 290 547 293
548 290 550 292
554 290 555 292
556 290 561 295
559 290 564 294
604 290 612 286
607 290 615 286
610 290 618 285
613 290 620 285
616 290 623 286
621 290 628 285
624 290 631 285
627 290 634 285
630 290 636 285
559 292 564 298
562 292 574 296
565 292 577 297
602 292 609 290
604 292 612 289
607 292 615 289
610 292 618 289
613 292 621 288
619 292 625 288
621 292 628 288
624 292 631 288
627 292 633 288
635 292 641 287
540 295 542 297
548 295 550 298
554 295 558 299
556 295 561 299
593 295 598 290
602 295 610 294
607 295 615 292
616 295 623 290
619 295 625 290
635 295 641 290
638 295 644 290
641 295 646 290
537 298 533 298
542 298 543 299
545 298 547 300
548 298 549 302
551 298 553 300
562 298 565 301
565 298 568 301
568 298 570 299
571 298 573 299
573 298 576 299
576 298 579 298
579 298 582 298
582 298 586 296
585 298 589 295
588 298 592 294
590 298 595 294
596 298 600 291
599 298 607 297
607 298 616 295
613 298 619 294
616 298 623 294
619 298 626 293
621 298 629 293
630 298 636 293
635 298 641 293
638 298 644 293
641 298 646 293
534 301 534 301
540 301 540 301
551 301 553 303
562 301 565 303
565 301 567 303
568 301 570 302
571 301 573 302
573 301 576 302
582 301 583 301
585 301 589 298
588 301 592 297
590 301 595 296
593 301 598 295
596 301 601 295
599 301 607 299
602 301 610 299
604 301 614 299
610 301 617 298
613 301 619 297
616 301 622 297
619 301 625 296
621 301 629 296
633 301 639 296
635 301 641 296
638 301 644 296
641 301 646 296
534 304 534 304
537 304 541 304
551 304 553 305
554 304 555 305
556 304 559 305
559 304 562 304
576 304 578 305
582 304 584 304
588 304 592 301
590 304 594 299
593 304 598 298
596 304 601 298
599 304 608 302
602 304 611 302
619 304 626 299
624 304 629 299
633 304 639 299
635 304 641 298
638 304 644 298
641 304 647 298
537 306 537 307
542 306 544 307
545 306 548 307
548 306 551 306
551 306 553 308
554 306 555 308
556 306 558 308
559 306 561 308
562 306 564 308
585 306 587 304
593 306 599 306
596 306 601 301
599 306 611 308
602 306 614 307
627 306 635 304
635 306 642 301
641 306 645 302
537 309 540 310
542 309 544 310
545 309 547 309
548 309 550 309
551 309 554 311
554 309 557 311
556 309 559 310
559 309 562 310
562 309 565 310
565 309 568 310
571 309 573 309
573 309 575 310
576 309 578 310
579 309 581 310
582 309 584 308
585 309 587 308
588 309 590 306
590 309 593 306
599 309 611 310
610 309 614 304
616 309 624 307
635 309 639 304
638 309 642 304
641 309 645 304
545 312 545 312
548 312 548 312
551 312 557 314
556 312 559 313
559 312 562 313
562 312 565 313
565 312 568 313
571 312 573 313
573 312 575 313
576 312 578 313
579 312 581 313
585 312 587 311
593 312 596 310
596 312 599 310
599 312 602 309
621 312 627 308
624 312 631 309
633 312 637 307
635 312 639 308
638 312 642 308
641 312 645 307
647 312 646 310
548 315 548 315
559 315 562 316
562 315 565 315
565 315 568 315
571 315 573 315
573 315 575 315
576 315 578 316
582 315 584 315
585 315 587 315
588 315 590 314
590 315 592 314
593 315 596 314
596 315 599 313
599 315 603 313
621 315 630 311
624 315 634 314
633 315 636 311
635 315 639 311
638 315 642 311
644 315 643 314
647 315 646 313
