0.9982647895812988 -0.05537333339452744 0.02003150619566441 -0.2028864324092865 
0.05399520695209503 0.9965007901191711 0.06380289793014526 -0.06665360182523727 
-0.02349434420466423 -0.06261060386896133 0.9977614283561707 -0.528168797492981 
0 0 0 1 

0.9517062306404114 -0.1757442802190781 0.2517322897911072 -0.3059909045696259 
0.1527197808027267 0.9823054671287537 0.1084095686674118 -0.09042599052190781 
-0.266330361366272 -0.06472951173782349 0.9617058634757996 -0.4471341967582703 
0 0 0 1 

0.9391494393348694 -0.2617239356040955 0.222483292222023 -0.2812674939632416 
0.2231855839490891 0.9572563767433167 0.1839790642261505 -0.1425051242113113 
-0.2611253261566162 -0.1231287121772766 0.9574198722839355 -0.4385436773300171 
0 0 0 1 

0.9439756274223328 -0.3202482163906097 0.07969330996274948 -0.205597847700119 
0.2964241802692413 0.9289448857307434 0.2217970490455627 -0.1750333905220032 
-0.1450608819723129 -0.1857479512691498 0.9718307256698608 -0.4604254066944122 
0 0 0 1 

0.9628676772117615 -0.243899330496788 0.1157534345984459 -0.2226649224758148 
0.2275392264127731 0.9639024138450623 0.1382675915956497 -0.1206785291433334 
-0.1452984362840652 -0.1067948788404465 0.9836072325706482 -0.4666412472724915 
0 0 0 1 

0.9196172952651978 -0.3338559567928314 0.2069882303476334 -0.254374772310257 
0.3230248391628265 0.9425549507141113 0.0851176381111145 -0.1101091578602791 
-0.2235148251056671 -0.01141326781362295 0.9746336936950684 -0.4501795768737793 
0 0 0 1 

0.989458441734314 -0.122783362865448 0.07678648084402084 -0.2079446762800217 
0.118365541100502 0.9911754131317139 0.05967250838875771 -0.0586666539311409 
-0.08343569934368134 -0.04995454475283623 0.9952602386474609 -0.4749341309070587 
0 0 0 1 

0.9413385391235352 -0.2618743181228638 0.2128462642431259 -0.2469771206378937 
0.2684819102287292 0.9632821679115295 -0.002224819036200643 -0.05170998349785805 
-0.2044483870267868 0.0592397041618824 0.977083146572113 -0.4444608688354492 
0 0 0 1 

0.8877092003822327 -0.3902822732925415 0.2442377507686615 -0.255367636680603 
0.3248246908187866 0.9068575501441956 0.268511176109314 -0.1921226978302002 
-0.3262840509414673 -0.1590253263711929 0.9317991137504578 -0.3829046785831451 
0 0 0 1 

0.8975829482078552 -0.3708567321300507 0.2383475750684738 -0.2527578473091125 
0.2926612794399261 0.9056076407432556 0.3069586455821991 -0.2045912593603134 
-0.3296871781349182 -0.2057657390832901 0.9213939309120178 -0.3762798011302948 
0 0 0 1 

