337 42 363 50
354 42 380 50
389 42 416 29
406 42 432 30
424 42 450 29
319 59 346 66
337 59 363 65
354 59 380 66
389 59 412 48
406 59 433 50
424 59 450 50
285 77 314 82
302 77 331 82
319 77 346 81
337 77 363 80
354 77 380 80
424 77 451 73
441 77 468 77
458 77 485 76
267 94 296 99
285 94 312 97
302 94 329 96
319 94 347 96
337 94 364 96
354 94 382 94
371 94 399 94
441 94 470 92
458 94 487 92
476 94 505 91
233 111 261 116
250 111 280 115
267 111 296 114
285 111 314 113
302 111 330 113
319 111 348 112
337 111 365 110
354 111 383 111
371 111 400 111
389 111 417 110
424 111 453 108
441 111 471 108
458 111 488 107
476 111 506 107
493 111 525 108
233 129 262 131
250 129 280 130
285 129 315 130
302 129 332 130
319 129 347 128
337 129 365 127
354 129 383 127
371 129 400 127
389 129 417 126
406 129 438 126
424 129 454 125
441 129 471 123
458 129 490 124
476 129 508 123
493 129 526 123
198 146 229 154
215 146 246 154
233 146 263 149
267 146 296 145
337 146 366 143
354 146 383 143
371 146 402 143
389 146 419 142
406 146 438 142
424 146 455 140
441 146 472 138
458 146 490 138
476 146 509 139
198 163 230 174
215 163 246 172
267 163 297 162
285 163 315 161
302 163 331 161
319 163 349 160
441 163 475 155
458 163 493 155
181 181 213 194
198 181 231 193
215 181 245 193
250 181 281 185
267 181 297 185
285 181 314 177
302 181 333 176
319 181 350 176
337 181 368 175
354 181 386 174
371 181 403 173
389 181 421 174
406 181 440 174
424 181 457 173
458 181 495 173
476 181 511 174
545 181 581 178
163 198 195 216
181 198 211 212
233 198 262 207
250 198 280 203
267 198 297 203
285 198 314 197
302 198 333 195
319 198 350 193
337 198 368 192
354 198 387 191
371 198 405 190
389 198 422 190
406 198 439 191
424 198 459 189
441 198 477 189
458 198 496 191
476 198 513 193
493 198 530 197
510 198 549 196
545 198 583 197
129 215 162 231
146 215 177 230
163 215 193 231
250 215 281 221
267 215 298 219
285 215 316 216
302 215 334 213
319 215 352 213
337 215 371 211
354 215 387 210
371 215 404 208
389 215 424 207
406 215 442 208
424 215 460 206
441 215 477 206
458 215 496 208
476 215 514 211
493 215 531 213
510 215 550 213
528 215 568 212
146 233 177 246
250 233 280 241
267 233 298 236
285 233 316 235
302 233 334 234
319 233 352 232
337 233 371 233
354 233 389 231
371 233 406 228
389 233 423 227
406 233 441 224
424 233 461 224
441 233 480 224
493 233 532 231
510 233 550 230
528 233 568 230
285 250 317 253
302 250 335 253
319 250 353 252
337 250 373 253
354 250 388 251
371 250 405 249
389 250 424 248
406 250 442 246
424 250 461 245
476 250 515 250
493 250 531 249
510 250 550 249
215 267 249 287
233 267 266 287
250 267 282 285
302 267 336 272
319 267 353 273
337 267 370 272
354 267 391 272
371 267 407 270
389 267 425 268
406 267 441 266
424 267 461 267
441 267 482 264
493 267 533 270
528 267 572 269
545 267 588 270
198 285 232 305
215 285 247 305
233 285 263 304
250 285 286 303
285 285 317 296
319 285 353 295
337 285 371 294
354 285 390 292
389 285 425 288
406 285 444 286
424 285 464 285
441 285 485 285
528 285 574 286
545 285 592 287
181 302 217 320
198 302 232 320
215 302 249 321
233 302 264 320
250 302 286 321
267 302 302 320
319 302 353 316
337 302 372 315
354 302 389 314
371 302 409 312
406 302 447 307
424 302 463 304
441 302 483 302
458 302 502 302
528 302 574 303
545 302 593 304
562 302 608 301
181 319 219 338
285 319 317 332
302 319 335 335
319 319 353 337
337 319 373 334
354 319 389 333
371 319 408 332
424 319 464 326
493 319 535 327
528 319 576 321
545 319 595 323
163 337 202 356
198 337 231 353
319 337 358 352
337 337 371 353
354 337 391 354
371 337 410 353
406 337 448 349
441 337 483 344
458 337 503 346
476 337 521 347
528 337 578 340
233 354 265 371
337 354 377 371
354 354 393 373
371 354 413 373
389 354 426 372
406 354 444 371
476 354 521 367
528 354 577 359
302 371 342 394
319 371 362 389
337 371 376 388
354 371 392 392
371 371 410 391
389 371 429 390
476 371 526 385
510 371 562 376
285 389 324 414
319 389 358 404
337 389 374 404
406 389 449 401
424 389 467 399
441 389 483 408
458 389 505 397
476 389 525 405
181 406 220 435
302 406 344 426
319 406 359 423
337 406 373 421
354 406 391 420
389 406 430 421
406 406 452 419
458 406 506 423
476 406 524 423
198 424 239 454
215 424 255 454
250 424 290 454
285 424 325 444
302 424 341 444
319 424 359 442
354 424 393 448
371 424 413 436
476 424 525 444
233 441 272 470
285 441 323 460
354 441 395 468
