181 25 183 27
198 25 198 28
215 25 216 28
233 25 234 28
337 25 337 27
389 25 390 26
406 25 407 26
424 25 424 25
441 25 441 26
476 25 476 28
493 25 493 27
510 25 511 27
528 25 531 24
545 25 548 23
562 25 562 27
580 25 580 28
597 25 597 26
181 42 182 45
215 42 216 46
233 42 233 45
319 42 319 46
337 42 338 44
354 42 355 45
389 42 390 44
406 42 407 42
424 42 424 43
476 42 476 46
493 42 492 46
510 42 511 46
528 42 531 44
545 42 546 45
562 42 561 45
580 42 581 46
597 42 597 44
181 59 181 64
198 59 198 61
302 59 303 63
319 59 320 62
337 59 338 61
354 59 355 61
389 59 390 61
406 59 406 60
424 59 424 61
458 59 459 62
476 59 477 62
493 59 494 62
510 59 511 63
528 59 530 63
545 59 544 62
562 59 562 63
580 59 580 63
597 59 597 62
181 77 181 81
198 77 198 79
285 77 285 80
302 77 303 77
319 77 320 77
337 77 337 78
354 77 354 78
371 77 372 78
441 77 441 78
458 77 459 79
476 77 475 78
493 77 493 80
510 77 510 80
528 77 527 80
545 77 544 80
562 77 561 79
580 77 579 77
250 94 250 94
267 94 268 95
285 94 285 94
302 94 303 95
319 94 320 95
337 94 337 95
354 94 355 95
371 94 372 95
441 94 441 96
458 94 458 95
476 94 476 95
510 94 510 97
528 94 527 97
545 94 545 97
562 94 562 98
580 94 581 96
233 111 234 113
250 111 252 112
267 111 267 112
285 111 285 112
302 111 303 113
319 111 320 113
337 111 337 113
354 111 354 113
371 111 372 113
389 111 390 113
406 111 407 112
424 111 424 112
441 111 442 113
458 111 458 112
476 111 476 113
493 111 493 112
528 111 527 113
545 111 545 115
562 111 562 115
580 111 579 115
215 129 216 130
233 129 233 129
250 129 251 129
267 129 268 129
285 129 286 130
302 129 303 130
319 129 320 130
337 129 337 130
354 129 355 130
371 129 372 130
389 129 390 130
406 129 407 130
424 129 424 130
441 129 441 129
458 129 459 130
476 129 477 131
493 129 494 130
510 129 510 131
528 129 527 132
545 129 545 133
562 129 562 133
580 129 579 133
198 146 199 147
215 146 216 148
233 146 234 148
250 146 252 146
267 146 268 147
285 146 285 147
302 146 303 147
319 146 320 147
337 146 338 147
354 146 355 147
371 146 373 147
389 146 390 147
406 146 407 147
424 146 424 147
441 146 441 147
458 146 459 147
476 146 476 147
510 146 510 148
528 146 527 148
545 146 545 150
562 146 563 149
163 163 163 166
181 163 182 165
198 163 199 164
215 163 216 164
233 163 233 165
250 163 253 164
267 163 270 164
285 163 286 164
302 163 302 164
319 163 320 164
337 163 338 165
354 163 354 164
371 163 372 164
389 163 390 165
406 163 407 165
424 163 424 164
441 163 442 165
458 163 459 164
476 163 476 164
510 163 509 166
528 163 526 166
545 163 544 168
562 163 562 165
146 181 147 182
163 181 166 181
181 181 181 181
198 181 200 182
215 181 217 182
233 181 233 182
250 181 251 181
267 181 267 181
285 181 286 181
302 181 303 181
319 181 320 181
337 181 337 181
354 181 355 181
371 181 372 181
389 181 390 182
406 181 407 181
424 181 424 182
441 181 442 182
458 181 459 183
476 181 476 182
493 181 493 182
510 181 509 182
528 181 526 183
545 181 544 185
111 198 112 201
129 198 130 199
146 198 145 200
163 198 164 198
181 198 181 199
198 198 197 200
215 198 216 200
233 198 233 199
250 198 249 198
267 198 268 199
285 198 286 198
302 198 302 199
319 198 320 198
337 198 337 199
354 198 354 198
371 198 372 198
389 198 389 199
406 198 407 199
424 198 424 199
441 198 442 199
458 198 459 200
476 198 476 199
493 198 494 200
528 198 527 201
545 198 545 201
111 215 112 216
129 215 127 215
146 215 144 216
163 215 163 217
181 215 181 217
215 215 216 218
250 215 250 216
267 215 267 216
285 215 285 216
302 215 303 216
319 215 320 216
337 215 339 216
354 215 355 216
371 215 372 216
389 215 390 216
406 215 406 216
424 215 424 216
441 215 441 217
458 215 459 217
476 215 476 217
493 215 493 216
510 215 511 217
528 215 528 217
129 233 129 234
146 233 145 234
163 233 164 235
181 233 180 235
198 233 199 236
215 233 216 236
233 233 233 236
250 233 250 235
267 233 267 233
285 233 285 234
302 233 304 234
319 233 321 234
337 233 339 234
354 233 356 234
371 233 372 234
389 233 389 234
406 233 406 233
424 233 424 233
441 233 442 234
458 233 459 234
476 233 476 235
493 233 494 234
510 233 511 234
528 233 528 234
198 250 198 253
215 250 215 253
233 250 234 251
267 250 267 252
285 250 285 251
302 250 302 251
319 250 320 251
337 250 338 251
354 250 355 252
371 250 372 251
389 250 389 252
406 250 407 251
424 250 425 251
476 250 477 251
493 250 493 251
510 250 511 252
198 267 198 269
215 267 215 270
233 267 234 267
250 267 250 266
267 267 267 268
285 267 285 268
302 267 303 268
319 267 320 270
337 267 338 269
354 267 354 268
371 267 371 268
389 267 390 268
406 267 407 269
424 267 424 268
441 267 441 268
476 267 477 269
493 267 495 269
510 267 511 269
528 267 528 270
545 267 545 269
181 285 180 288
198 285 197 287
215 285 213 289
250 285 248 284
285 285 285 286
319 285 320 287
337 285 337 287
354 285 355 287
371 285 372 286
389 285 390 286
406 285 407 286
424 285 424 286
441 285 442 286
476 285 476 286
493 285 494 286
510 285 510 288
528 285 528 288
545 285 545 287
562 285 563 286
181 302 179 304
198 302 197 304
233 302 217 305
250 302 249 301
267 302 266 303
285 302 284 303
302 302 303 304
319 302 320 304
337 302 337 304
354 302 354 305
371 302 372 303
406 302 407 303
424 302 423 303
441 302 441 304
458 302 459 304
476 302 477 304
493 302 493 305
510 302 511 305
528 302 527 305
545 302 546 304
562 302 563 304
163 319 161 323
198 319 178 326
215 319 198 324
233 319 213 324
250 319 249 317
267 319 267 320
285 319 286 323
302 319 302 322
319 319 320 322
337 319 337 322
354 319 354 322
371 319 372 322
389 319 390 321
406 319 406 321
424 319 425 320
441 319 442 321
458 319 459 322
476 319 476 322
493 319 493 323
510 319 511 321
528 319 528 321
545 319 546 322
562 319 563 322
146 337 146 341
163 337 165 343
233 337 235 334
250 337 247 340
267 337 263 341
285 337 283 341
302 337 299 340
319 337 317 337
337 337 335 338
354 337 355 340
371 337 372 339
406 337 406 340
424 337 425 338
441 337 441 339
458 337 458 338
476 337 477 339
510 337 511 340
528 337 528 338
545 337 545 339
562 337 563 339
146 354 146 358
163 354 168 359
181 354 181 359
198 354 195 359
233 354 232 357
250 354 248 356
267 354 265 356
285 354 281 358
302 354 301 355
319 354 323 352
337 354 340 356
354 354 355 358
371 354 372 356
389 354 389 356
406 354 408 355
424 354 426 354
441 354 441 355
458 354 459 354
476 354 477 357
493 354 493 356
510 354 511 356
528 354 529 357
545 354 546 357
562 354 563 357
146 371 145 374
163 371 163 374
181 371 184 376
198 371 198 375
233 371 234 372
250 371 245 374
267 371 264 374
285 371 283 374
302 371 305 372
319 371 323 372
337 371 338 373
354 371 355 373
371 371 373 374
389 371 389 373
406 371 407 371
424 371 426 370
441 371 442 372
458 371 461 373
476 371 479 372
510 371 512 373
528 371 530 374
545 371 546 374
562 371 563 374
163 389 162 391
181 389 179 389
198 389 195 392
215 389 218 405
250 389 249 389
267 389 264 392
285 389 283 392
302 389 304 391
319 389 321 391
337 389 337 390
354 389 354 392
371 389 373 391
389 389 391 389
406 389 409 385
424 389 426 385
441 389 443 387
458 389 460 389
476 389 478 389
493 389 494 392
510 389 511 390
528 389 530 391
545 389 546 391
181 406 178 407
198 406 194 405
233 406 229 406
250 406 250 409
267 406 270 411
285 406 284 412
302 406 303 410
319 406 321 410
337 406 338 408
354 406 354 409
371 406 372 410
389 406 394 405
406 406 411 402
424 406 426 405
441 406 441 407
458 406 458 406
476 406 477 408
510 406 512 408
528 406 529 409
545 406 546 408
42 424 39 421
59 424 57 425
77 424 74 426
198 424 198 426
215 424 214 427
233 424 229 423
250 424 249 426
267 424 271 430
285 424 287 430
302 424 303 429
319 424 321 427
337 424 337 427
354 424 354 428
371 424 372 428
389 424 390 427
406 424 409 422
424 424 425 421
441 424 443 421
458 424 459 423
476 424 476 426
42 441 39 440
59 441 57 441
77 441 75 442
94 441 92 445
111 441 111 444
233 441 232 444
250 441 248 443
267 441 270 443
285 441 286 443
302 441 305 447
319 441 321 445
337 441 338 445
354 441 354 446
371 441 373 444
389 441 391 443
406 441 409 443
424 441 423 440
441 441 441 439
458 441 460 440
42 458 40 461
59 458 58 462
77 458 75 461
94 458 92 464
111 458 110 459
129 458 128 460
146 458 145 461
250 458 250 462
267 458 270 463
285 458 285 462
302 458 305 462
319 458 321 462
337 458 337 461
354 458 353 461
371 458 374 459
389 458 390 457
406 458 410 459
424 458 424 458
441 458 441 460
458 458 459 461
42 476 39 476
59 476 58 477
77 476 75 478
111 476 109 477
129 476 127 476
146 476 146 477
163 476 162 478
181 476 179 477
285 476 283 477
302 476 298 477
319 476 318 477
337 476 340 478
354 476 355 477
371 476 374 476
389 476 389 477
406 476 409 473
424 476 424 477
441 476 442 476
458 476 460 476
