0.9838672876358032 -0.1756141632795334 -0.03412951901555061 -0.07508596032857895 
0.1776539236307144 0.9815472960472107 0.07073855400085449 -0.05399515852332115 
0.02107704617083073 -0.0756605863571167 0.9969108700752258 -0.7817213535308838 
0 0 0 1 

0.9759354591369629 -0.1990918666124344 -0.0889514833688736 -0.0391603410243988 
0.2078202813863754 0.972737193107605 0.1029223501682281 -0.0642932802438736 
0.06603536754846573 -0.1189315170049667 0.9907040596008301 -0.7631285190582275 
0 0 0 1 

0.9623407125473022 -0.2457917034626007 -0.1161320433020592 -0.04443047940731049 
0.2551381886005402 0.9640875458717346 0.07375344634056091 -0.06166951358318329 
0.09383343905210495 -0.1006057113409042 0.9904916882514954 -0.7394424676895142 
0 0 0 1 

0.9533997178077698 -0.2482870221138 -0.1714134365320206 0.02143366076052189 
0.2724363207817078 0.9525853395462036 0.1354977488517761 -0.09002631157636642 
0.129643589258194 -0.1758827567100525 0.9758369922637939 -0.69123774766922 
0 0 0 1 

0.9507854580879211 -0.3070194125175476 -0.04178550839424133 0.005753726232796907 
0.3073606491088867 0.9174719452857971 0.2525363862514496 -0.1334855556488037 
-0.03919656574726105 -0.2529511749744415 0.9666846990585327 -0.6571688652038574 
0 0 0 1 

0.9405645132064819 -0.3360632359981537 -0.04898741841316223 0.0003610019048210233 
0.3314997255802155 0.8771440982818604 0.3474564254283905 -0.1508083790540695 
-0.07379839569330215 -0.3430444896221161 0.9364156126976013 -0.63232421875 
0 0 0 1 

0.9825658798217773 -0.1670335680246353 -0.08163373172283173 0.008511156775057316 
0.1857321709394455 0.9013650417327881 0.3912089765071869 -0.1503382921218872 
0.00823669508099556 -0.399550586938858 0.9166740775108337 -0.598860502243042 
0 0 0 1 

0.9808868169784546 -0.1870066523551941 0.05375402048230171 -0.05875717848539352 
0.1622732579708099 0.9386378526687622 0.3043456375598907 -0.1467972099781036 
-0.1073702648282051 -0.2898057997226715 0.9510437250137329 -0.6117146611213684 
0 0 0 1 

0.9704446792602539 -0.2289954870939255 0.07614577561616898 -0.06768370419740677 
0.1921145766973495 0.92404705286026 0.3304978907108307 -0.1719334274530411 
-0.1460448801517487 -0.3061011731624603 0.9407299757003784 -0.6037548184394836 
0 0 0 1 

0.963287353515625 -0.2425811439752579 0.1150289177894592 -0.1067723035812378 
0.1824028939008713 0.9057363867759705 0.3825841546058655 -0.2203220278024673 
-0.1969937086105347 -0.3475568890571594 0.9167320728302002 -0.5837665200233459 
0 0 0 1 

