441 25 424 108
476 25 451 85
510 25 477 83
545 25 529 107
562 25 542 108
580 25 557 108
597 25 575 106
632 25 593 99
666 25 612 95
441 42 425 125
545 42 529 121
562 42 543 121
580 42 558 122
597 42 572 122
632 42 594 124
666 42 615 118
458 59 440 108
476 59 452 108
493 59 466 107
562 59 542 137
580 59 558 137
614 59 581 138
632 59 598 135
666 59 615 133
458 77 441 123
476 77 453 121
493 77 467 120
562 77 545 154
580 77 562 153
614 77 579 155
649 77 600 151
666 77 613 152
25 94 75 165
42 94 92 166
59 94 108 165
424 94 416 146
458 94 442 142
476 94 456 138
493 94 470 137
580 94 565 168
597 94 580 168
649 94 599 168
666 94 613 188
42 111 90 177
59 111 108 177
77 111 124 176
389 111 387 157
406 111 400 157
441 111 427 156
649 111 601 187
25 129 69 194
42 129 86 193
59 129 109 192
77 129 128 193
510 129 487 168
580 129 545 167
354 146 357 178
371 146 370 179
389 146 384 178
406 146 400 178
441 146 428 179
458 146 443 179
476 146 457 179
493 146 472 178
545 146 513 178
562 146 529 178
580 146 545 181
319 163 329 193
354 163 357 190
371 163 370 190
389 163 383 190
406 163 398 191
441 163 427 189
458 163 443 191
476 163 457 191
493 163 471 190
528 163 498 187
562 163 528 190
302 181 313 212
337 181 341 205
562 181 531 206
580 181 549 214
285 198 298 228
302 198 313 226
354 198 354 216
371 198 370 214
389 198 384 213
424 198 411 211
441 198 426 211
458 198 441 211
476 198 454 212
493 198 470 212
528 198 498 212
545 198 513 213
580 198 566 229
285 215 297 244
302 215 311 243
337 215 341 235
354 215 354 232
371 215 369 228
389 215 384 227
424 215 412 226
441 215 426 225
458 215 441 223
476 215 455 224
493 215 469 223
528 215 498 224
545 215 514 225
632 215 600 246
250 233 266 263
267 233 281 263
285 233 297 262
319 233 324 262
337 233 341 251
354 233 355 248
371 233 368 243
389 233 384 242
424 233 412 240
441 233 427 239
458 233 441 239
476 233 455 236
493 233 470 235
528 233 498 236
545 233 514 238
562 233 529 241
632 233 600 262
233 250 251 276
250 250 265 279
267 250 280 276
285 250 295 277
319 250 322 281
337 250 341 266
354 250 355 262
371 250 370 259
389 250 386 259
406 250 400 259
441 250 426 255
458 250 441 255
476 250 455 253
562 250 533 260
580 250 550 264
597 250 565 264
614 250 581 263
285 267 295 295
319 267 323 303
337 267 339 281
354 267 355 279
371 267 369 274
389 267 384 275
406 267 400 276
441 267 427 274
458 267 442 271
476 267 456 270
510 267 484 265
528 267 499 263
545 267 523 274
580 267 550 280
597 267 567 280
614 267 583 279
302 285 310 316
319 285 325 321
337 285 340 318
371 285 368 291
389 285 384 291
406 285 399 292
441 285 429 290
458 285 444 289
476 285 459 288
493 285 473 287
528 285 500 278
562 285 543 297
597 285 570 295
302 302 308 335
319 302 323 335
337 302 341 334
354 302 356 327
389 302 386 312
406 302 402 311
441 302 430 309
458 302 444 307
493 302 473 302
510 302 489 301
545 302 515 293
562 302 543 313
580 302 559 315
614 302 583 334
285 319 289 351
302 319 306 349
319 319 321 352
337 319 340 350
354 319 354 349
371 319 370 338
389 319 386 337
406 319 402 335
441 319 432 331
458 319 447 328
476 319 461 325
493 319 476 320
510 319 491 318
545 319 517 310
580 319 561 331
614 319 583 349
285 337 288 367
319 337 320 367
337 337 338 365
354 337 355 365
389 337 387 357
406 337 403 356
424 337 419 352
458 337 448 349
476 337 463 345
493 337 480 343
510 337 491 334
545 337 517 325
580 337 566 349
632 337 603 345
649 337 620 346
666 337 636 342
319 354 336 387
337 354 353 388
371 354 371 379
389 354 387 376
406 354 403 374
424 354 418 371
458 354 449 368
476 354 465 365
510 354 494 351
562 354 549 373
580 354 566 371
614 354 584 366
250 371 265 383
319 371 326 404
424 371 417 390
441 371 433 388
458 371 451 388
476 371 467 385
493 371 493 385
545 371 535 389
562 371 552 389
580 371 567 390
614 371 584 380
632 371 600 364
649 371 617 364
666 371 636 362
250 389 253 406
267 389 272 407
285 389 290 404
302 389 310 425
319 389 325 422
354 389 356 405
371 389 369 406
389 389 387 406
424 389 414 407
441 389 434 410
458 389 452 410
476 389 471 406
493 389 494 405
545 389 536 405
562 389 552 403
580 389 567 404
632 389 600 379
649 389 620 377
666 389 634 378
250 406 252 421
267 406 267 422
319 406 324 437
337 406 355 420
371 406 373 419
389 406 390 421
406 406 407 426
424 406 423 424
458 406 450 424
476 406 465 424
493 406 479 425
510 406 500 422
528 406 518 419
545 406 536 420
562 406 551 420
580 406 568 418
632 406 621 395
250 424 254 442
267 424 267 436
285 424 286 436
302 424 305 438
337 424 339 438
354 424 355 436
389 424 388 436
424 424 417 438
458 424 451 438
476 424 464 436
493 424 480 438
510 424 499 436
528 424 518 433
545 424 536 432
562 424 553 433
580 424 566 435
597 424 585 435
614 424 603 413
666 424 635 402
250 441 253 457
267 441 267 456
302 441 306 453
319 441 326 453
406 441 404 453
441 441 433 452
458 441 450 454
476 441 464 456
493 441 479 456
510 441 495 454
528 441 519 448
545 441 537 446
562 441 552 447
580 441 568 450
597 441 585 449
614 441 601 433
649 441 618 416
666 441 633 416
285 458 284 463
371 458 360 461
389 458 374 460
458 458 449 468
476 458 462 471
493 458 481 470
510 458 496 472
528 458 514 470
545 458 533 466
562 458 553 464
580 458 568 465
597 458 588 467
649 458 618 431
666 458 633 433
285 476 273 479
302 476 287 478
319 476 326 477
371 476 357 476
389 476 373 477
406 476 396 477
424 476 416 478
441 476 431 477
