441 163 493 107
371 181 424 150
389 181 442 149
337 198 395 159
441 198 495 160
458 198 513 161
476 198 532 160
493 198 549 160
510 198 567 161
337 215 391 169
354 215 409 170
371 215 425 171
389 215 444 172
406 215 460 172
423 215 478 172
510 215 569 174
302 233 355 184
319 233 374 183
337 233 391 183
354 233 408 183
371 233 426 183
389 233 445 183
406 233 464 184
423 233 480 184
441 233 498 184
458 233 515 183
476 233 534 182
493 233 552 183
302 250 354 203
319 250 373 198
441 250 502 196
458 250 521 194
476 250 538 195
302 267 355 225
354 267 411 207
371 267 428 205
389 267 447 206
406 267 467 207
476 267 541 211
215 285 268 265
233 285 282 266
250 285 298 268
319 285 372 240
337 285 390 234
354 285 411 225
371 285 428 225
389 285 446 222
406 285 467 220
423 285 487 221
441 285 503 223
458 285 523 222
476 285 542 226
528 285 599 250
267 302 317 310
285 302 334 310
337 302 392 253
354 302 408 254
371 302 427 252
406 302 472 238
423 302 489 235
441 302 505 236
458 302 525 237
476 302 543 245
510 302 579 268
267 319 315 328
285 319 334 326
337 319 391 271
354 319 410 274
371 319 428 275
389 319 445 270
406 319 461 270
441 319 509 252
510 319 581 289
528 319 602 288
267 337 309 346
389 337 447 305
423 337 490 292
441 337 510 289
458 337 527 272
510 337 586 322
319 354 371 361
337 354 388 363
389 354 445 345
423 354 483 326
441 354 510 311
510 354 585 354
562 354 651 333
337 371 390 378
371 371 426 380
406 371 466 365
423 371 484 361
476 371 551 319
354 389 410 395
371 389 426 398
389 389 444 398
406 389 467 396
285 406 328 415
354 406 414 412
371 406 430 417
389 406 451 418
406 406 468 416
493 406 572 412
510 406 592 413
337 423 395 432
354 423 413 432
371 423 430 433
389 423 449 434
423 423 488 433
493 423 575 431
354 441 414 449
371 441 430 450
389 441 447 450
406 441 467 452
423 441 485 452
493 441 578 447
319 458 364 470
354 458 412 468
423 458 488 468
476 458 557 464
