458 42 623 153
528 59 752 166
545 59 770 166
562 59 801 167
458 77 626 180
476 77 642 179
493 77 698 179
528 77 752 187
545 77 766 183
562 77 780 180
580 77 801 181
458 94 626 195
476 94 644 193
545 94 772 207
562 94 783 202
580 94 799 200
441 111 610 211
458 111 626 210
476 111 644 210
562 111 786 224
580 111 804 225
597 111 813 221
441 129 608 225
458 129 625 225
476 129 643 226
580 129 800 243
597 129 813 244
406 146 581 247
424 146 597 247
441 146 613 247
458 146 635 245
476 146 649 244
510 146 728 256
562 146 798 262
597 146 818 257
389 163 564 261
406 163 579 261
424 163 597 261
441 163 615 261
458 163 632 261
493 163 669 261
510 163 694 262
528 163 711 264
545 163 739 267
562 163 796 277
580 163 813 278
337 181 512 273
354 181 529 272
371 181 546 273
389 181 560 273
406 181 576 274
545 181 732 280
319 198 498 289
337 198 512 285
354 198 528 286
441 198 606 288
493 198 663 288
510 198 683 290
528 198 706 292
319 215 497 303
337 215 511 303
371 215 539 299
406 215 570 300
424 215 586 299
441 215 603 301
458 215 620 301
476 215 639 302
493 215 658 304
510 215 682 306
528 215 708 309
545 215 741 317
285 233 471 327
354 233 525 316
371 233 539 315
406 233 567 314
424 233 584 315
441 233 602 315
458 233 619 317
476 233 637 317
493 233 655 319
510 233 679 320
528 233 704 326
545 233 742 335
302 250 484 334
337 250 511 332
354 250 524 332
371 250 538 331
406 250 567 334
424 250 586 333
441 250 601 333
458 250 619 334
476 250 636 332
493 250 655 333
510 250 681 339
528 250 703 342
545 250 739 353
562 250 757 353
580 250 786 356
233 267 435 364
267 267 456 348
285 267 471 347
302 267 485 349
337 267 510 347
354 267 523 346
371 267 537 347
406 267 567 348
441 267 602 351
458 267 619 351
493 267 654 350
510 267 681 359
528 267 708 361
545 267 737 373
562 267 759 372
580 267 783 375
267 285 456 359
285 285 470 360
302 285 483 360
337 285 507 364
354 285 522 363
371 285 536 365
389 285 553 365
406 285 571 366
424 285 589 368
441 285 606 371
458 285 623 371
476 285 640 371
493 285 659 370
510 285 677 371
545 285 741 392
562 285 768 395
580 285 790 397
302 302 483 375
337 302 506 381
371 302 538 381
389 302 556 384
406 302 573 386
424 302 589 390
441 302 607 391
458 302 624 391
476 302 641 391
493 302 660 391
510 302 680 391
545 302 749 409
562 302 766 413
354 319 525 405
371 319 540 404
389 319 556 406
406 319 574 408
424 319 591 409
441 319 606 410
458 319 625 411
476 319 643 410
493 319 659 410
510 319 678 411
545 319 749 444
562 319 770 433
302 337 479 423
319 337 499 422
354 337 525 422
371 337 541 425
389 337 558 428
406 337 574 428
424 337 591 432
441 337 608 434
458 337 627 434
476 337 645 431
493 337 662 428
545 337 752 465
562 337 772 453
285 354 465 434
302 354 479 436
337 354 507 439
354 354 523 440
371 354 541 442
389 354 557 444
406 354 575 452
441 354 610 452
458 354 629 454
476 354 648 459
493 354 663 457
267 371 427 463
302 371 468 452
319 371 484 449
354 371 523 461
389 371 557 463
424 371 593 461
441 371 610 474
406 389 574 478
597 458 804 471
