1 0 0 -0.04922165349125862 
0 1 0 -0.0675094872713089 
0 0 1 -0.5077975988388062 
0 0 0 1 

0.9961228966712952 -0.06128630042076111 -0.06311210989952087 -0.05342597141861916 
0.06440465152263641 0.9967387318611145 0.0486195832490921 -0.09655825048685074 
0.05992653593420982 -0.05249582976102829 0.996821403503418 -0.5103603601455688 
0 0 0 1 

0.9963053464889526 -0.05837859585881233 -0.06298741698265076 -0.05409609526395798 
0.0613061897456646 0.9970771670341492 0.04559095576405525 -0.09608239680528641 
0.06014171242713928 -0.04928411915898323 0.996972382068634 -0.5117658972740173 
0 0 0 1 

0.9963335394859314 -0.06033620610833168 -0.06065557152032852 -0.04344800114631653 
0.06445702910423279 0.9955702424049377 0.06844890862703323 -0.1089902892708778 
0.0562569759786129 -0.07210759073495865 0.9958090782165527 -0.5070863366127014 
0 0 0 1 

0.9810934066772461 -0.1702471524477005 -0.09204157441854477 -0.02956559881567955 
0.1760702580213547 0.9825897216796875 0.05930206179618835 -0.1167677342891693 
0.08034308254718781 -0.07438665628433228 0.9939877390861511 -0.518018364906311 
0 0 0 1 

0.9764379262924194 -0.1952674090862274 -0.09186707437038422 -0.02706115879118443 
0.2030005156993866 0.9755646586418152 0.08404959738254547 -0.1307339370250702 
0.07321009039878845 -0.1007183045148849 0.9922177791595459 -0.5144964456558228 
0 0 0 1 

0.9571095108985901 -0.2642917335033417 -0.118706189095974 -0.01234948821365833 
0.2765253484249115 0.9555715322494507 0.1020619794726372 -0.1396994590759277 
0.08645804971456528 -0.1305098086595535 0.9876700639724731 -0.5094487071037292 
0 0 0 1 

0.947868824005127 -0.3077908754348755 -0.08251892030239105 -0.020408870652318 
0.3133010864257812 0.9474319219589233 0.06492358446121216 -0.1234920099377632 
0.05819815397262573 -0.08739233016967773 0.9944725036621094 -0.5192329883575439 
0 0 0 1 

0.9474823474884033 -0.3090665638446808 -0.08218858391046524 -0.01859858259558678 
0.3151349723339081 0.9460518956184387 0.07533633708953857 -0.1303296685218811 
0.05447068437933922 -0.09728036820888519 0.9937652945518494 -0.5190836191177368 
0 0 0 1 

0.700705349445343 -0.63633131980896 -0.3226363658905029 0.09605392813682556 
0.7132605314254761 0.6143587231636047 0.3373759090900421 -0.2419481128454208 
-0.01646849513053894 -0.4665249288082123 0.8843546509742737 -0.5235243439674377 
0 0 0 1 

