394 225 461 237
400 228 473 237
403 228 475 237
403 230 473 240
392 233 428 257
403 233 473 241
389 236 425 260
392 236 428 260
394 236 431 259
416 258 482 277
411 261 438 277
408 266 439 288
411 266 438 283
389 269 478 271
414 269 441 287
416 269 445 287
408 272 437 296
425 272 399 294
386 277 454 281
386 280 456 275
425 280 448 287
427 280 451 287
435 280 491 278
386 282 456 280
389 282 459 280
397 282 464 280
400 282 409 310
422 282 444 290
435 282 465 292
394 285 462 283
397 285 465 283
416 285 408 298
422 285 445 293
433 285 460 296
435 285 466 295
394 288 489 299
383 293 415 316
378 302 377 319
427 304 467 318
378 307 378 328
381 307 380 328
378 310 378 330
441 310 423 306
378 313 378 333
381 313 381 330
403 313 436 328
446 315 430 318
419 318 410 325
403 329 416 330
405 329 418 330
425 332 459 333
405 335 410 334
427 335 463 335
433 335 465 333
