394 228 454 232
397 228 457 232
403 228 462 232
392 230 394 259
403 230 460 234
383 233 445 236
389 233 451 236
394 236 451 239
397 236 454 239
400 236 457 238
383 239 446 240
394 239 452 241
397 239 454 241
400 239 457 241
405 239 461 241
408 239 466 240
405 241 461 243
405 247 464 246
403 250 456 247
405 250 458 247
389 252 454 284
400 252 454 251
403 252 456 251
405 252 459 251
389 255 454 286
397 255 451 256
403 255 456 255
408 261 460 261
414 261 464 262
419 261 472 260
411 263 460 265
414 263 464 265
425 263 395 289
427 263 397 289
405 266 434 297
411 266 461 268
414 266 464 268
419 266 465 252
408 269 458 267
411 269 461 271
414 269 464 271
392 274 442 263
392 277 442 266
394 277 445 265
397 277 448 265
394 280 445 268
427 280 445 284
397 282 449 269
400 282 451 268
392 285 445 273
394 285 447 272
397 285 449 271
400 285 452 271
435 285 453 280
441 291 400 310
433 293 470 272
441 293 400 313
381 302 428 289
383 302 430 288
419 302 429 300
425 304 458 301
422 307 456 304
425 307 458 304
378 310 378 327
405 310 414 313
408 310 421 313
444 310 441 305
378 313 378 330
408 313 421 316
422 313 426 307
378 315 378 333
430 318 433 315
444 318 442 317
435 321 466 320
438 321 470 321
444 321 443 320
435 324 467 323
438 324 437 323
405 326 408 330
435 326 435 327
438 326 438 326
433 329 462 329
435 329 435 330
438 329 438 332
441 329 441 332
435 332 435 333
435 335 435 335
438 335 438 336
441 335 442 335
383 337 385 337
