562 208 560 208
565 208 564 208
568 208 571 208
579 208 585 207
554 211 553 208
596 211 595 207
548 213 545 210
551 213 549 211
554 213 552 211
562 213 568 216
565 213 572 214
571 213 578 216
607 213 608 232
610 213 613 231
548 216 545 213
551 216 547 214
554 216 550 215
582 216 596 218
621 216 617 230
559 219 570 222
568 219 577 219
542 222 540 226
559 222 572 225
537 225 535 227
559 225 572 228
554 227 572 250
559 227 575 254
573 227 586 251
540 230 538 232
554 230 560 264
542 233 540 237
542 242 541 243
545 244 544 234
537 247 540 247
534 250 537 250
537 250 540 250
562 253 564 276
576 253 611 285
619 253 612 259
621 253 621 261
616 256 611 262
619 256 618 263
616 258 610 265
619 258 617 267
621 261 620 269
613 264 620 300
619 264 618 271
627 264 626 269
613 267 615 273
627 267 629 273
630 267 630 271
610 270 612 275
613 270 614 276
616 270 618 277
627 270 631 279
630 270 634 279
633 270 637 280
613 273 612 279
627 273 627 281
562 275 600 272
627 275 626 283
633 275 636 283
568 278 604 274
571 278 608 274
638 278 637 277
627 281 627 291
633 281 635 287
568 284 602 277
633 284 636 294
537 287 553 278
568 287 598 282
644 287 643 286
641 290 642 290
644 290 645 290
647 290 647 290
540 292 555 284
556 292 557 274
562 292 568 284
531 295 544 287
540 295 554 287
644 295 644 293
647 295 647 294
534 298 546 291
540 298 553 290
554 298 556 280
556 298 559 281
627 298 629 304
540 301 551 294
542 301 554 295
545 301 558 295
554 301 565 295
556 301 568 295
559 301 572 295
624 301 626 305
627 301 629 306
647 301 647 296
537 304 550 297
542 304 554 298
545 304 558 298
554 304 565 298
638 304 640 306
545 306 556 301
551 306 564 300
554 306 567 301
556 306 571 300
559 306 573 300
573 306 588 304
576 306 590 305
582 306 595 303
542 309 555 305
548 309 562 303
556 309 570 303
559 309 573 304
562 309 576 304
565 309 579 305
568 309 582 306
573 309 588 307
576 309 590 308
579 309 593 308
585 309 598 309
588 309 600 308
590 309 603 309
621 309 617 309
633 309 639 308
635 309 642 309
638 309 645 312
559 312 572 308
562 312 575 308
565 312 579 309
568 312 582 309
573 312 587 310
582 312 595 311
588 312 600 311
590 312 603 313
619 312 617 313
621 312 621 314
627 312 635 311
630 312 638 312
635 312 641 313
556 315 571 310
562 315 575 311
565 315 578 311
568 315 581 313
571 315 583 314
573 315 586 314
579 315 592 314
585 315 595 315
607 315 616 316
613 315 612 316
621 315 634 315
630 315 637 315
644 315 648 315
