602 211 601 235
554 213 546 207
556 213 550 207
562 213 561 205
602 213 601 238
559 219 555 237
562 219 559 238
596 242 542 221
607 242 570 215
596 244 542 225
621 244 622 243
599 247 553 226
619 247 627 253
621 247 630 253
537 250 530 251
540 250 534 251
562 250 532 236
565 250 541 233
596 250 550 229
599 250 553 229
602 250 548 231
604 250 550 232
621 250 630 255
528 253 528 253
542 253 539 258
562 253 538 242
568 253 543 237
571 253 547 237
616 253 623 261
619 253 626 261
537 256 531 256
596 264 586 265
616 264 627 271
531 267 532 263
534 267 536 264
613 267 626 273
621 267 635 272
624 267 637 272
528 270 529 268
599 270 596 262
621 270 637 274
630 270 634 263
599 273 596 265
602 273 601 265
604 273 605 266
619 273 633 277
621 273 636 278
627 273 640 276
635 273 632 256
638 273 643 265
573 275 554 265
602 275 602 269
607 275 624 279
619 275 634 280
604 278 621 282
630 278 642 281
633 278 646 281
551 281 584 284
607 281 622 286
630 281 642 286
534 284 553 277
537 284 555 277
624 284 635 292
630 284 644 287
630 287 644 290
582 290 583 267
630 290 644 293
585 292 589 270
613 292 627 295
630 292 644 297
579 295 577 275
593 295 598 273
613 295 627 298
624 295 639 298
627 295 642 299
556 298 567 288
593 298 583 286
613 298 626 301
616 298 629 301
621 298 634 301
624 298 638 301
627 298 641 302
630 298 644 302
537 301 551 294
542 301 555 291
554 301 565 292
559 301 573 291
562 301 559 277
610 301 619 300
627 301 641 305
630 301 643 305
545 304 560 298
548 304 563 295
554 304 566 295
556 304 569 295
590 304 599 298
593 304 602 299
610 304 620 303
616 304 628 306
621 304 634 305
627 304 640 308
545 306 560 300
548 306 563 299
551 306 566 299
556 306 572 296
559 306 574 299
562 306 577 299
588 306 605 301
610 306 622 308
613 306 625 309
616 306 628 309
619 306 631 310
624 306 638 311
627 306 640 311
548 309 562 302
551 309 566 302
554 309 568 302
556 309 571 302
559 309 574 302
562 309 578 302
565 309 580 303
571 309 587 303
573 309 589 307
576 309 592 307
579 309 596 306
585 309 602 307
588 309 605 305
590 309 608 305
610 309 622 312
613 309 625 312
616 309 628 313
619 309 631 313
621 309 634 313
624 309 638 313
627 309 640 314
551 312 565 308
556 312 571 305
559 312 575 305
562 312 577 305
565 312 580 306
568 312 583 306
573 312 589 310
576 312 592 309
579 312 595 310
582 312 599 308
585 312 601 310
588 312 605 310
590 312 608 312
599 312 617 308
559 315 575 307
573 315 588 315
576 315 591 315
585 315 601 314
588 315 604 314
604 315 619 315
607 315 624 316
