427 239 417 241
430 239 420 240
433 239 422 240
435 239 425 240
438 239 429 239
441 239 431 239
444 239 434 239
446 239 437 239
449 239 442 239
419 241 409 244
422 241 412 244
425 241 414 244
427 241 417 243
433 241 423 243
435 241 425 243
438 241 428 242
441 241 432 242
444 241 434 241
446 241 437 241
449 241 439 241
419 244 410 247
422 244 412 247
425 244 415 247
427 244 417 247
430 244 420 246
433 244 423 246
441 244 431 246
444 244 434 246
446 244 437 246
452 244 443 246
455 244 445 245
457 244 448 245
463 244 453 245
466 244 456 245
468 244 459 244
419 247 410 250
422 247 412 250
425 247 415 250
438 247 429 250
455 247 445 248
457 247 448 248
460 247 451 248
463 247 453 248
466 247 456 248
468 247 459 247
471 247 462 247
474 247 464 247
477 247 467 247
419 250 410 253
422 250 412 252
425 250 415 252
427 250 417 253
430 250 420 253
433 250 423 252
435 250 426 252
438 250 429 253
455 250 445 251
457 250 448 251
460 250 451 251
463 250 454 251
471 250 462 250
474 250 465 250
477 250 468 249
416 252 408 258
419 252 410 255
425 252 416 255
427 252 418 255
433 252 423 255
435 252 432 256
438 252 434 256
449 252 445 254
452 252 447 254
455 252 452 253
457 252 454 253
460 252 456 253
466 252 460 253
468 252 462 253
474 252 465 252
427 255 420 257
433 255 423 257
438 255 435 259
444 255 440 258
446 255 443 258
449 255 446 257
452 255 449 256
455 255 452 256
457 255 455 256
460 255 457 256
466 255 466 255
479 255 469 253
427 258 418 259
430 258 421 259
449 258 447 259
452 258 449 259
455 258 452 259
457 258 455 259
463 258 457 259
466 258 459 259
414 261 406 258
425 261 415 263
433 261 432 265
435 261 434 263
449 261 448 263
452 261 451 262
457 261 455 262
463 261 456 262
468 261 460 261
471 261 462 261
383 263 387 273
414 263 406 261
416 263 409 261
444 263 443 268
446 263 445 267
457 263 455 264
463 263 457 264
468 263 460 264
471 263 463 264
474 263 465 264
477 263 469 258
383 266 387 276
414 266 406 264
416 266 409 264
419 266 411 266
463 266 457 267
414 269 406 269
422 269 416 275
427 269 421 281
430 269 421 272
474 269 466 267
477 269 469 264
414 272 406 272
471 272 461 273
477 272 469 267
479 272 471 270
416 274 409 275
419 274 412 274
474 274 466 270
477 274 469 270
386 277 386 278
416 277 409 277
471 277 464 281
474 277 467 272
477 277 469 272
416 280 409 280
419 280 412 264
452 280 441 279
471 280 464 284
474 280 466 283
477 280 469 278
416 282 409 283
457 282 445 285
460 282 447 285
468 282 461 287
471 282 464 286
474 282 467 286
477 282 469 281
419 285 412 288
425 285 416 289
427 285 419 288
446 285 433 288
455 285 445 296
457 285 447 296
471 285 464 289
477 285 469 284
479 285 473 284
414 288 407 286
416 288 410 286
425 288 416 291
427 288 419 291
457 288 447 298
477 288 470 287
479 288 473 287
485 288 481 287
408 291 402 290
416 291 410 292
427 291 419 294
430 291 422 294
474 291 467 290
482 291 478 290
485 291 480 289
488 291 483 289
408 293 400 295
411 293 403 295
416 293 410 295
419 293 413 295
422 293 416 294
446 293 447 294
466 293 456 304
468 293 459 304
471 293 464 293
474 293 467 293
479 293 473 293
493 293 486 289
394 296 393 295
403 296 395 298
405 296 397 298
408 296 401 297
411 296 404 298
416 296 410 298
419 296 413 297
422 296 417 297
466 296 456 307
468 296 458 306
477 296 472 295
389 299 385 299
392 299 388 298
394 299 390 298
403 299 394 301
405 299 397 300
408 299 401 300
411 299 404 300
414 299 407 300
419 299 414 300
425 299 419 297
427 299 421 297
479 299 481 303
392 302 388 301
394 302 390 300
411 302 405 302
414 302 407 302
425 302 419 300
427 302 423 300
441 302 442 304
444 302 444 304
466 302 468 306
468 302 471 306
474 302 476 306
477 302 479 306
479 302 481 306
482 302 484 306
485 302 487 305
386 304 383 305
392 304 388 304
394 304 391 303
400 304 394 304
411 304 405 305
414 304 408 305
446 304 445 307
455 304 454 308
460 304 462 309
463 304 465 309
466 304 468 308
468 304 471 308
474 304 476 308
477 304 479 309
479 304 481 309
482 304 484 308
389 307 386 307
392 307 388 307
397 307 392 307
400 307 395 306
403 307 396 307
405 307 399 307
408 307 402 307
446 307 445 310
452 307 453 311
457 307 460 310
463 307 466 311
381 310 380 307
386 310 383 309
392 310 386 310
394 310 389 309
397 310 392 309
400 310 395 309
403 310 397 310
408 310 403 310
414 310 408 310
422 310 419 308
427 310 422 313
444 310 445 312
446 310 447 313
452 310 454 313
455 310 457 313
457 310 460 313
460 310 462 313
463 310 466 314
488 310 484 300
493 310 493 300
378 313 378 310
381 313 380 309
386 313 382 312
392 313 386 313
394 313 389 312
397 313 391 312
411 313 406 313
416 313 411 313
419 313 414 315
433 313 431 316
446 313 447 315
455 313 457 315
460 313 462 316
463 313 466 317
378 315 378 312
381 315 380 313
389 315 384 316
392 315 386 315
394 315 389 315
397 315 391 315
411 315 407 315
414 315 409 316
416 315 412 317
419 315 414 317
422 315 417 317
425 315 420 317
430 315 425 317
438 315 436 318
441 315 442 316
446 315 446 318
449 315 450 318
457 315 459 318
460 315 462 319
488 315 473 311
490 315 487 314
493 315 490 314
378 318 378 315
389 318 384 318
392 318 386 318
394 318 389 318
397 318 392 318
411 318 407 319
414 318 410 319
416 318 412 319
419 318 414 320
422 318 417 320
425 318 421 320
427 318 423 320
430 318 428 320
433 318 432 320
449 318 451 320
457 318 459 322
460 318 462 321
463 318 465 321
466 318 468 321
468 318 471 321
482 318 482 317
493 318 490 317
378 321 377 319
389 321 384 321
392 321 386 321
397 321 392 321
427 321 427 322
430 321 429 322
433 321 432 322
441 321 442 323
444 321 445 322
446 321 448 323
449 321 451 324
457 321 457 324
460 321 462 324
479 321 479 320
482 321 481 319
488 321 486 319
493 321 493 322
378 324 377 321
383 324 381 322
389 324 386 323
392 324 388 323
394 324 391 323
397 324 394 323
400 324 397 323
408 324 406 323
411 324 409 323
414 324 411 323
425 324 424 324
427 324 427 324
430 324 430 325
433 324 433 325
435 324 436 325
441 324 442 325
444 324 445 325
449 324 451 327
452 324 453 326
455 324 456 326
457 324 459 326
479 324 479 323
482 324 481 322
485 324 484 323
488 324 487 323
493 324 493 324
378 326 377 324
383 326 380 325
386 326 383 326
389 326 386 326
392 326 389 326
397 326 393 326
400 326 396 326
403 326 400 326
405 326 403 326
408 326 406 326
414 326 412 326
419 326 419 327
425 326 424 327
427 326 427 327
430 326 430 327
435 326 436 328
438 326 439 328
441 326 442 328
463 326 473 320
479 326 479 326
482 326 483 326
485 326 485 326
488 326 487 326
490 326 490 326
378 329 378 327
381 329 380 327
386 329 383 328
389 329 386 328
408 329 407 329
411 329 410 329
414 329 413 329
430 329 430 330
433 329 432 330
435 329 436 331
438 329 439 330
463 329 465 329
479 329 480 331
482 329 482 330
488 329 486 328
493 329 493 329
378 332 377 330
381 332 380 330
389 332 387 331
392 332 390 331
394 332 393 331
397 332 396 331
400 332 399 331
403 332 402 331
405 332 405 332
411 332 410 332
414 332 413 332
416 332 416 332
419 332 419 332
422 332 421 332
425 332 424 332
427 332 427 332
433 332 433 333
438 332 438 333
441 332 443 332
460 332 460 332
463 332 463 332
468 332 469 331
488 332 486 330
490 332 488 330
378 335 378 332
381 335 380 332
386 335 384 334
389 335 387 334
392 335 390 334
394 335 393 334
397 335 396 334
400 335 399 334
403 335 402 334
405 335 405 334
408 335 408 334
414 335 413 335
416 335 416 335
422 335 421 335
425 335 423 334
427 335 426 334
430 335 431 336
435 335 436 336
438 335 438 336
455 335 454 334
457 335 457 334
460 335 459 334
463 335 463 335
466 335 465 334
468 335 468 335
471 335 471 335
474 335 474 335
477 335 477 335
479 335 480 335
482 335 482 334
485 335 485 334
488 335 488 334
490 335 491 334
381 337 381 337
383 337 384 337
389 337 387 337
394 337 393 337
397 337 396 337
400 337 399 337
403 337 402 337
405 337 404 337
408 337 407 337
411 337 410 337
414 337 413 337
416 337 416 337
422 337 421 337
425 337 424 337
444 337 452 337
455 337 454 337
457 337 457 337
460 337 460 337
463 337 463 337
466 337 465 337
468 337 468 337
471 337 471 337
474 337 474 337
477 337 477 337
479 337 480 337
482 337 483 337
485 337 485 337
488 337 488 337
490 337 491 337
