476 77 492 74
476 94 488 97
510 111 520 103
458 129 466 133
493 129 501 133
458 146 466 150
476 146 484 151
59 163 57 139
77 163 74 139
476 163 483 169
94 181 91 160
111 181 109 160
163 181 162 160
181 181 179 160
198 181 199 160
406 181 411 176
424 181 429 177
476 181 481 186
354 198 357 199
371 198 375 199
389 198 393 197
406 198 411 198
424 198 429 199
319 215 320 218
337 215 339 220
354 215 356 219
371 215 375 220
389 215 392 220
406 215 411 220
424 215 427 220
441 215 446 219
458 215 463 220
476 215 481 219
493 215 499 220
510 215 517 221
528 215 534 219
545 215 552 219
302 233 303 235
337 233 339 238
354 233 356 240
371 233 373 241
389 233 392 241
406 233 410 241
424 233 427 240
441 233 445 241
458 233 463 241
476 233 481 240
493 233 499 242
510 233 516 241
528 233 534 240
285 250 285 250
302 250 303 251
319 250 320 254
337 250 338 255
354 250 356 257
371 250 374 259
389 250 391 261
406 250 409 262
424 250 426 262
441 250 445 261
458 250 462 262
476 250 480 262
493 250 498 262
510 250 515 262
267 267 269 260
285 267 284 266
302 267 303 268
319 267 321 271
337 267 338 273
354 267 356 276
371 267 374 278
389 267 391 277
406 267 408 279
424 267 426 281
441 267 444 281
458 267 462 282
476 267 479 282
493 267 497 282
510 267 514 281
528 267 532 278
319 285 320 287
337 285 338 290
354 285 355 294
371 285 373 295
389 285 390 295
406 285 408 297
424 285 425 298
441 285 444 299
458 285 461 301
476 285 479 301
493 285 497 301
510 285 514 300
528 285 532 297
580 285 581 283
215 302 213 293
233 302 229 296
267 302 266 300
319 302 319 304
337 302 337 308
354 302 355 312
371 302 372 311
389 302 391 312
406 302 408 313
424 302 426 315
441 302 443 315
458 302 460 317
476 302 478 319
493 302 495 319
510 302 513 318
528 302 531 315
545 302 548 311
562 302 566 311
597 302 601 304
285 319 284 311
319 319 319 322
337 319 336 325
354 319 354 328
371 319 372 328
389 319 390 328
406 319 407 329
424 319 424 330
441 319 441 332
458 319 460 333
476 319 477 335
493 319 495 336
545 319 548 329
562 319 565 330
267 337 267 324
285 337 285 327
354 337 354 345
371 337 371 345
389 337 389 345
406 337 406 346
424 337 424 347
441 337 442 348
458 337 460 350
476 337 477 352
493 337 493 352
510 337 510 353
545 337 545 345
562 337 564 346
580 337 579 347
285 354 285 343
302 354 304 344
319 354 318 349
389 354 389 360
424 354 423 362
441 354 441 364
458 354 458 366
476 354 476 367
493 354 493 369
510 354 511 372
528 354 526 363
545 354 544 362
562 354 561 364
302 371 302 362
319 371 318 366
337 371 337 367
406 371 405 375
424 371 423 377
441 371 440 379
458 371 457 380
476 371 475 382
493 371 493 387
510 371 510 389
528 371 526 388
285 389 284 381
302 389 302 382
319 389 320 381
337 389 337 386
354 389 353 386
371 389 370 387
389 389 388 390
424 389 423 393
441 389 440 395
476 389 473 398
493 389 492 402
510 389 509 405
545 389 544 394
302 406 301 399
319 406 319 400
337 406 337 400
371 406 370 404
389 406 387 405
406 406 404 407
458 406 456 411
476 406 470 411
545 406 541 408
302 424 299 418
337 424 336 419
354 424 352 419
371 424 370 420
406 424 404 423
424 424 422 424
441 424 438 425
545 424 541 425
597 424 592 437
614 424 610 438
319 441 317 436
337 441 333 436
354 441 351 436
371 441 370 436
389 441 387 436
406 441 404 439
424 441 421 440
441 441 437 441
476 441 471 440
528 441 524 441
545 441 539 442
597 441 592 457
632 441 626 459
198 458 200 445
389 458 384 452
406 458 402 453
424 458 420 455
458 458 454 455
476 458 469 457
510 458 506 458
528 458 524 455
545 458 540 458
198 476 200 466
319 476 310 473
406 476 398 474
424 476 419 473
441 476 436 472
476 476 466 476
493 476 485 477
562 476 555 477
