503 246 499 277
494 249 491 288
477 252 461 266
480 255 463 269
508 255 487 250
480 257 458 272
483 257 464 272
483 260 464 275
486 260 467 275
483 263 463 277
469 266 443 280
477 269 467 272
441 271 441 282
475 271 451 287
494 271 471 282
497 271 473 282
494 274 471 285
497 274 473 285
500 274 492 301
469 277 447 287
497 277 474 289
447 280 451 296
477 280 478 264
480 280 467 277
494 280 472 292
497 280 474 292
461 283 444 288
486 283 471 294
458 285 441 287
491 291 474 300
447 297 427 295
503 299 464 312
483 302 458 315
480 305 464 317
500 305 470 314
503 305 481 314
477 308 453 273
483 308 459 320
500 311 499 316
483 313 469 309
486 313 462 324
500 313 499 310
505 313 497 325
486 316 472 312
489 316 475 311
511 316 501 327
500 319 485 333
508 319 497 330
511 319 500 330
497 322 481 336
511 322 501 333
483 325 475 344
489 325 483 339
491 325 486 336
489 327 484 343
486 330 481 349
455 333 455 348
486 333 481 351
486 336 484 354
