328 154 324 152
338 154 328 152
338 160 350 153
343 160 355 154
354 160 360 152
375 160 356 149
307 165 313 157
338 165 351 158
343 165 355 158
349 165 360 159
354 165 365 159
359 165 371 160
281 170 271 177
302 170 281 184
307 170 297 174
354 170 366 165
359 170 370 165
375 170 386 176
385 170 392 166
312 175 285 189
349 175 353 174
390 175 398 171
297 180 308 168
302 180 313 168
338 180 344 179
349 180 350 180
385 180 393 180
390 180 398 180
385 191 366 190
271 196 265 199
297 196 308 189
323 196 312 196
385 196 365 195
271 201 265 205
276 201 271 200
297 201 307 195
380 201 348 202
390 201 391 191
395 201 412 217
401 201 417 202
312 206 307 204
375 206 344 212
380 206 348 208
395 206 412 223
271 212 264 209
302 212 296 211
312 212 306 216
323 212 312 217
359 212 323 222
380 212 349 216
390 212 407 228
395 212 412 228
401 212 418 228
276 217 270 214
312 217 306 223
359 217 317 227
369 217 327 228
385 217 400 235
390 217 406 235
395 217 413 233
281 222 290 253
349 222 306 233
354 222 310 233
364 222 316 234
385 222 399 239
390 222 406 239
395 222 412 239
271 227 269 226
276 227 275 227
281 227 284 226
354 227 310 238
390 227 404 244
291 232 291 242
343 232 301 243
349 232 305 243
359 232 315 247
375 232 337 244
385 232 395 244
380 238 389 249
385 238 354 248
390 238 384 240
354 243 311 252
380 243 347 253
390 243 385 244
302 248 373 259
359 248 316 259
369 248 326 261
375 248 337 258
390 248 384 250
354 253 310 266
369 253 326 266
390 253 380 256
369 258 325 271
375 258 331 271
333 264 293 274
343 264 301 276
369 264 325 279
323 269 370 254
349 269 306 280
297 274 288 280
349 274 306 285
359 274 310 286
364 274 315 287
395 274 396 272
349 279 305 290
364 279 316 291
369 279 322 291
395 279 396 277
349 284 305 294
354 284 310 295
354 290 310 299
390 290 396 290
312 295 294 290
385 295 390 293
395 295 401 295
380 300 383 303
385 300 388 303
395 300 400 301
401 300 405 301
375 305 378 306
380 305 382 307
385 305 388 307
390 305 394 306
395 305 400 306
401 305 405 306
406 305 410 306
411 305 415 305
364 310 358 311
375 310 377 312
380 310 382 312
385 310 387 312
390 310 394 312
395 310 399 312
401 310 405 312
406 310 410 312
411 310 416 312
416 310 421 311
432 310 432 311
437 310 436 310
442 310 442 310
359 316 351 318
364 316 364 318
369 316 375 313
375 316 376 318
380 316 382 318
385 316 387 318
390 316 393 318
395 316 399 318
401 316 404 318
406 316 409 318
411 316 414 318
416 316 420 318
421 316 425 317
432 316 433 316
437 316 436 315
442 316 442 316
312 321 320 321
343 321 346 321
364 321 364 323
369 321 370 324
375 321 375 324
380 321 382 323
385 321 387 324
390 321 393 324
395 321 398 324
401 321 403 323
406 321 408 324
411 321 414 324
416 321 419 323
437 321 436 319
442 321 443 320
312 326 319 327
317 326 323 327
323 326 329 327
333 326 340 328
343 326 346 326
349 326 352 327
354 326 356 327
364 326 364 329
375 326 375 330
380 326 382 329
385 326 387 329
390 326 392 329
395 326 398 329
401 326 403 330
406 326 408 330
411 326 413 330
421 326 422 329
442 326 443 325
307 331 313 332
312 331 319 332
317 331 324 333
323 331 329 331
333 331 341 332
338 331 346 332
349 331 351 332
354 331 355 333
364 331 364 334
369 331 369 334
375 331 375 334
380 331 381 335
385 331 387 334
390 331 392 334
395 331 398 335
401 331 403 335
406 331 407 335
411 331 413 335
421 331 422 334
427 331 426 333
302 336 308 336
307 336 313 337
312 336 319 337
317 336 323 337
323 336 328 337
328 336 335 337
359 336 358 339
364 336 363 339
369 336 368 339
375 336 375 339
380 336 381 339
385 336 386 340
390 336 392 340
395 336 397 340
406 336 408 340
421 336 421 339
432 336 431 336
