1 0 0 0.1308821737766266 
0 1 0 -0.01119700819253922 
0 0 1 -0.7505143880844116 
0 0 0 1 

0.9981743097305298 0.0148272467777133 0.05855017527937889 0.08161087334156036 
-0.01361661311239004 0.9996863007545471 -0.02102139964699745 0.002446550643071532 
-0.05884350836277008 0.02018574252724648 0.9980630278587341 -0.7585015296936035 
0 0 0 1 

0.9894673824310303 0.01122032292187214 0.1443203091621399 0.01808078959584236 
-0.004884002730250359 0.9990114569664001 -0.04418398067355156 0.02062968537211418 
-0.1446733921766281 0.04301374033093452 0.9885440468788147 -0.7641915082931519 
0 0 0 1 

0.9535763263702393 0.01734587363898754 0.3006512522697449 -0.1014551818370819 
0.01155438181012869 0.995497465133667 -0.09408152103424072 0.06057421863079071 
-0.3009294867515564 0.09318774938583374 0.9490823745727539 -0.7596157193183899 
0 0 0 1 

0.9034202098846436 0.01624762080609798 0.4284481108188629 -0.2030535489320755 
0.04272016510367393 0.990898072719574 -0.1276559382677078 0.09053730964660645 
-0.4266225099563599 0.1336303204298019 0.8945032358169556 -0.7410827279090881 
0 0 0 1 

0.86649090051651 0.02453495748341084 0.4985893964767456 -0.2601941525936127 
0.05625858530402184 0.9876287579536438 -0.1463707834482193 0.107450008392334 
-0.496012419462204 0.1548788994550705 0.8543910384178162 -0.7245473265647888 
0 0 0 1 

0.8297373056411743 0.03523662686347961 0.5570405125617981 -0.3092730641365051 
0.07025166600942612 0.9834756255149841 -0.1668544709682465 0.1247681751847267 
-0.5537151694297791 0.1775784194469452 0.8135509490966797 -0.7046381831169128 
0 0 0 1 

0.78296959400177 0.06271413713693619 0.6188903450965881 -0.3660297393798828 
0.07470133155584335 0.9782260060310364 -0.193632647395134 0.1452606022357941 
-0.6175581216812134 0.1978404074907303 0.7612363696098328 -0.6773858666419983 
0 0 0 1 

