476 94 465 62
597 129 594 82
458 146 452 114
476 146 470 111
614 146 613 98
42 163 74 172
77 163 106 168
458 163 455 130
476 163 472 127
77 181 107 185
111 181 140 181
389 181 392 153
406 181 410 151
337 198 346 175
354 198 361 174
371 198 377 172
389 198 394 170
406 198 410 168
441 198 442 165
510 198 511 158
614 198 614 147
319 215 330 194
337 215 346 192
354 215 363 191
371 215 378 188
389 215 394 186
406 215 410 184
441 215 444 182
458 215 459 180
476 215 477 178
510 215 510 174
528 215 527 172
545 215 545 170
562 215 567 169
597 215 599 164
302 233 317 211
319 233 332 209
337 233 348 208
354 233 364 205
371 233 378 204
389 233 396 202
406 233 411 200
493 233 493 193
510 233 510 191
528 233 528 189
562 233 571 187
267 250 290 232
319 250 335 225
337 250 349 223
354 250 365 222
371 250 380 221
389 250 397 218
424 250 427 214
441 250 444 214
458 250 461 211
476 250 478 211
493 250 494 210
510 250 511 207
319 267 336 241
337 267 353 241
441 267 445 230
476 267 478 227
528 267 530 223
545 267 548 222
597 267 603 222
198 285 229 271
250 285 275 264
354 285 369 254
371 285 385 251
389 285 401 251
424 285 431 247
458 285 463 244
493 285 495 241
510 285 512 239
215 302 248 282
233 302 261 280
337 302 354 272
354 302 370 269
371 302 386 268
389 302 403 267
424 302 432 263
441 302 448 261
458 302 463 259
476 302 480 258
493 302 496 257
510 302 516 255
528 302 532 256
545 302 551 254
562 302 567 253
580 302 584 251
597 302 606 248
319 319 340 289
337 319 357 287
354 319 372 285
371 319 387 284
389 319 404 282
424 319 435 279
441 319 449 277
458 319 466 276
476 319 482 275
493 319 498 274
510 319 516 273
545 319 552 269
562 319 567 268
580 319 584 267
267 337 298 313
285 337 314 310
319 337 345 306
354 337 374 301
371 337 390 300
389 337 407 298
424 337 435 295
441 337 452 293
458 337 469 292
476 337 483 291
493 337 499 290
510 337 518 291
545 337 553 287
562 337 570 285
267 354 301 328
285 354 315 325
319 354 345 322
337 354 362 320
354 354 377 318
371 354 393 316
389 354 408 315
406 354 424 314
441 354 455 309
458 354 470 308
476 354 485 308
510 354 517 304
545 354 556 303
562 354 571 302
285 371 318 341
319 371 348 338
337 371 363 336
354 371 379 334
371 371 395 333
389 371 410 330
406 371 427 328
424 371 442 327
458 371 472 324
476 371 488 323
493 371 504 322
510 371 518 319
545 371 556 320
562 371 573 316
580 371 590 314
597 371 611 316
614 371 626 315
250 389 287 361
267 389 304 359
285 389 320 358
319 389 350 353
337 389 365 351
354 389 381 350
371 389 397 349
389 389 412 347
406 389 428 345
424 389 443 344
476 389 490 338
493 389 504 338
545 389 559 334
597 389 609 332
233 406 272 377
337 406 367 367
354 406 383 365
389 406 413 363
406 406 430 361
441 406 460 358
493 406 506 353
528 406 544 353
545 406 560 350
614 406 622 347
632 406 639 342
406 424 433 377
441 424 462 375
545 424 562 367
614 424 619 359
632 424 639 358
337 441 368 398
354 441 384 398
371 441 402 396
389 441 418 394
493 441 511 391
510 441 528 389
580 441 588 381
354 458 383 412
389 458 421 409
406 458 435 409
424 458 453 407
476 458 495 405
597 458 603 390
614 458 619 389
632 458 636 387
580 476 589 407
