540 287 556 278
571 298 585 294
579 298 592 294
582 298 594 292
585 298 597 293
562 301 578 295
571 301 584 296
576 301 588 297
579 301 591 297
582 301 594 297
585 301 597 296
588 301 599 296
633 301 641 300
571 304 584 299
573 304 586 300
576 304 589 301
582 304 594 300
585 304 596 299
588 304 599 299
551 306 568 297
559 306 574 300
562 306 577 301
565 306 579 302
571 306 583 303
573 306 587 303
576 306 590 303
579 306 592 304
582 306 595 304
585 306 596 302
588 306 599 302
607 306 609 303
548 309 565 299
556 309 571 300
559 309 574 304
562 309 576 305
571 309 583 305
573 309 587 306
576 309 589 307
579 309 591 307
582 309 594 308
588 309 599 305
590 309 601 305
593 309 604 305
551 312 564 302
559 312 573 307
562 312 575 308
573 312 586 308
576 312 589 309
579 312 591 310
582 312 594 310
593 312 604 308
562 315 575 310
565 315 578 311
568 315 580 312
576 315 588 313
579 315 591 314
582 315 593 314
588 315 597 315
616 315 626 315
647 315 646 316
