573 205 574 204
576 205 576 205
576 208 595 207
568 211 540 215
579 211 555 220
582 211 558 221
588 211 564 225
576 216 548 225
579 219 550 227
540 222 566 206
542 222 570 207
602 222 604 219
542 225 566 210
545 225 569 211
576 225 549 233
579 225 554 247
534 227 582 208
537 227 585 209
562 227 593 221
565 227 597 221
579 227 553 250
542 242 577 220
540 244 574 221
542 244 576 224
582 244 564 244
542 250 576 228
604 253 615 267
610 256 614 256
613 256 619 258
610 258 612 259
613 258 616 260
593 261 553 272
610 261 611 262
613 261 615 263
610 264 608 265
613 264 612 266
554 267 572 249
619 267 620 267
621 267 625 264
624 267 628 264
554 270 572 252
556 270 576 252
610 270 603 254
619 270 620 270
624 270 628 267
627 270 631 267
554 273 574 244
610 273 614 272
616 273 616 273
619 273 623 273
621 273 626 273
551 275 571 246
610 275 614 274
616 275 620 275
619 275 622 277
621 275 625 277
633 275 636 272
540 278 547 255
590 278 628 284
593 278 634 285
562 281 579 266
568 281 583 267
540 287 556 278
562 287 582 270
607 287 597 275
638 287 644 287
542 290 558 280
582 290 593 281
604 290 593 278
633 290 639 292
635 290 642 292
641 290 647 290
537 292 552 281
542 292 559 282
545 292 563 283
593 292 590 287
610 292 602 286
613 292 605 284
638 292 646 293
537 295 554 285
542 295 559 285
545 295 563 286
554 295 567 284
556 295 569 284
559 295 573 285
562 295 576 285
616 295 607 287
635 295 642 295
534 298 550 287
537 298 554 288
554 298 567 287
556 298 570 287
559 298 573 288
571 298 585 294
579 298 592 294
582 298 594 292
585 298 597 293
590 298 602 293
593 298 604 293
638 298 645 296
644 298 648 297
531 301 551 291
534 301 553 291
548 301 565 292
554 301 569 291
556 301 571 291
559 301 575 291
562 301 578 295
571 301 584 296
576 301 588 297
579 301 591 297
582 301 594 297
585 301 597 296
588 301 599 296
602 301 603 299
619 301 621 302
633 301 641 300
556 304 572 294
559 304 575 295
571 304 584 299
573 304 586 300
576 304 589 301
582 304 594 300
585 304 596 299
588 304 599 299
537 306 555 295
551 306 568 297
559 306 574 300
562 306 577 301
565 306 579 302
571 306 583 303
573 306 587 303
576 306 590 303
579 306 592 304
582 306 595 304
585 306 596 302
588 306 599 302
607 306 609 303
616 306 621 305
644 306 644 300
647 306 648 300
548 309 565 299
556 309 571 300
559 309 574 304
562 309 576 305
571 309 583 305
573 309 587 306
576 309 589 307
579 309 591 307
582 309 594 308
588 309 599 305
590 309 601 305
593 309 604 305
644 309 645 312
647 309 648 303
551 312 564 302
559 312 573 307
562 312 575 308
573 312 586 308
576 312 589 309
579 312 591 310
582 312 594 310
593 312 604 308
602 312 600 311
607 312 604 312
613 312 624 312
616 312 627 312
619 312 620 307
621 312 623 308
638 312 638 302
559 315 576 314
562 315 575 310
565 315 578 311
568 315 580 312
576 315 588 313
579 315 591 314
582 315 593 314
588 315 597 315
616 315 626 315
619 315 629 315
633 315 638 315
638 315 642 315
647 315 646 316
