573 202 573 202
576 202 576 202
579 202 578 202
571 205 571 205
573 205 574 205
576 205 576 205
579 205 578 205
565 208 566 207
568 208 568 207
571 208 571 207
573 208 574 207
576 208 576 207
579 208 578 208
545 211 546 210
548 211 548 210
551 211 550 211
554 211 553 211
556 211 556 210
565 211 566 210
568 211 568 209
571 211 571 209
573 211 574 209
576 211 576 210
579 211 578 210
542 213 543 213
545 213 545 213
548 213 547 213
551 213 550 213
554 213 553 213
556 213 556 213
562 213 562 213
565 213 565 213
568 213 569 212
571 213 571 212
573 213 574 212
576 213 576 213
579 213 579 213
582 213 581 214
588 213 587 214
542 216 542 216
545 216 545 216
548 216 547 216
551 216 550 216
554 216 553 216
559 216 557 217
565 216 565 216
568 216 569 215
571 216 571 216
573 216 574 216
576 216 576 216
579 216 579 216
582 216 582 216
588 216 587 217
534 219 534 219
537 219 537 219
540 219 539 219
542 219 542 219
545 219 544 219
548 219 547 219
551 219 550 219
554 219 553 219
562 219 561 220
571 219 571 219
573 219 574 219
576 219 576 219
579 219 579 219
582 219 582 219
585 219 584 219
588 219 587 219
531 222 531 222
534 222 533 222
537 222 536 222
540 222 538 222
542 222 541 222
545 222 544 222
548 222 548 221
551 222 550 221
565 222 564 222
573 222 573 222
576 222 576 222
588 222 587 221
590 222 589 222
596 222 594 221
528 225 528 225
531 225 531 225
534 225 533 225
537 225 536 225
540 225 538 225
542 225 542 224
545 225 544 224
548 225 548 224
551 225 551 224
554 225 553 224
556 225 556 224
559 225 559 225
562 225 562 224
565 225 565 225
568 225 567 225
573 225 573 224
576 225 576 224
590 225 589 224
596 225 594 224
599 225 599 225
528 227 528 227
531 227 531 227
534 227 533 227
537 227 536 227
540 227 539 227
542 227 542 227
548 227 547 227
556 227 556 227
562 227 562 228
565 227 565 227
568 227 568 228
571 227 570 228
576 227 576 227
579 227 580 225
599 227 599 228
602 227 602 228
604 227 604 228
607 227 607 228
528 230 528 230
531 230 530 230
534 230 533 230
537 230 537 230
540 230 540 229
542 230 542 229
551 230 548 230
562 230 563 230
568 230 568 230
571 230 571 230
573 230 573 230
579 230 579 227
588 230 588 234
599 230 599 230
602 230 601 231
604 230 604 231
607 230 607 231
528 233 528 233
531 233 531 233
548 233 548 233
551 233 551 233
568 233 568 233
571 233 571 233
573 233 573 233
590 233 589 233
602 233 602 233
528 236 528 236
540 236 540 234
571 236 571 237
573 236 573 237
588 236 585 236
590 236 588 236
596 236 595 235
537 239 540 236
545 239 545 236
556 239 551 236
562 239 562 243
568 239 568 239
571 239 571 241
573 239 574 241
576 239 576 240
579 239 579 240
588 239 587 239
590 239 589 238
593 239 592 238
596 239 595 238
545 242 545 238
562 242 562 245
565 242 565 243
568 242 568 243
571 242 571 244
573 242 574 244
579 242 579 242
582 242 582 241
588 242 588 241
590 242 590 241
593 242 593 241
596 242 595 241
599 242 598 241
562 244 562 247
565 244 565 247
568 244 568 246
571 244 571 246
573 244 574 246
579 244 579 246
588 244 587 244
590 244 591 244
593 244 593 244
596 244 595 244
599 244 598 244
571 247 571 251
579 247 579 248
582 247 581 248
588 247 587 247
590 247 590 247
593 247 593 247
596 247 595 247
599 247 598 246
610 247 610 247
562 250 562 252
582 250 582 250
585 250 584 250
588 250 587 249
590 250 590 249
593 250 593 249
596 250 595 249
599 250 599 249
602 250 601 250
604 250 604 249
576 253 577 253
579 253 579 253
582 253 582 253
585 253 584 252
588 253 587 252
590 253 590 252
593 253 593 252
596 253 595 252
599 253 598 252
602 253 601 252
604 253 604 252
607 253 606 252
528 256 528 256
537 256 537 253
585 256 584 255
588 256 587 255
590 256 590 255
593 256 592 255
596 256 595 255
602 256 601 255
604 256 604 255
607 256 607 255
528 258 528 259
531 258 531 259
534 258 534 258
568 258 570 255
576 258 576 259
585 258 584 258
588 258 587 258
590 258 590 258
593 258 592 258
596 258 595 258
602 258 599 259
604 258 602 259
607 258 607 258
528 261 528 262
531 261 531 261
534 261 534 261
545 261 548 267
576 261 576 261
582 261 579 262
585 261 585 261
588 261 587 261
590 261 589 261
593 261 593 261
596 261 595 261
599 261 598 261
604 261 602 261
607 261 607 260
610 261 609 261
528 264 528 264
531 264 531 264
534 264 534 264
537 264 536 264
545 264 548 270
562 264 559 261
573 264 577 267
585 264 585 264
590 264 590 264
593 264 593 263
596 264 595 264
599 264 598 264
602 264 601 264
604 264 604 264
607 264 607 263
610 264 609 264
624 264 624 264
528 267 528 267
531 267 531 266
534 267 534 266
537 267 537 266
540 267 540 267
590 267 590 266
593 267 593 266
596 267 596 266
599 267 598 267
602 267 601 266
604 267 604 266
607 267 607 266
610 267 610 266
613 267 612 266
616 267 615 266
528 270 528 269
531 270 531 270
534 270 534 270
537 270 537 269
540 270 540 270
542 270 542 270
554 270 556 275
579 270 579 270
593 270 593 269
596 270 596 270
599 270 599 270
602 270 601 270
604 270 604 269
607 270 606 269
610 270 609 269
613 270 612 269
616 270 615 269
619 270 618 269
531 273 531 273
534 273 534 272
537 273 537 272
540 273 540 272
542 273 542 273
545 273 545 273
568 273 571 276
579 273 579 273
582 273 582 273
585 273 585 273
593 273 593 272
596 273 596 273
599 273 599 273
602 273 601 273
604 273 604 272
607 273 607 272
610 273 609 272
613 273 612 272
616 273 615 272
619 273 618 272
621 273 621 273
528 275 528 275
534 275 534 275
537 275 537 275
540 275 540 275
542 275 543 276
579 275 579 276
582 275 582 276
585 275 584 275
593 275 593 275
596 275 596 275
599 275 599 276
602 275 601 276
604 275 604 275
607 275 607 275
610 275 610 275
613 275 612 275
616 275 615 275
619 275 618 275
621 275 621 276
624 275 623 275
528 278 528 278
531 278 531 278
537 278 537 278
540 278 540 278
542 278 543 278
545 278 546 279
548 278 548 279
562 278 554 278
571 278 576 276
573 278 573 278
579 278 579 278
582 278 582 278
588 278 587 278
590 278 590 278
593 278 593 278
596 278 596 278
599 278 599 278
602 278 601 278
604 278 604 278
607 278 607 278
610 278 610 278
613 278 613 278
616 278 615 278
619 278 618 278
621 278 621 278
624 278 624 278
635 278 635 278
528 281 528 281
534 281 534 282
537 281 537 282
540 281 539 281
542 281 542 280
551 281 550 281
565 281 565 281
568 281 568 281
573 281 573 281
576 281 575 281
579 281 578 281
585 281 584 281
588 281 587 281
590 281 590 281
593 281 593 281
596 281 596 281
599 281 599 281
602 281 602 281
604 281 604 281
607 281 607 281
610 281 610 281
613 281 612 281
616 281 615 281
619 281 618 281
621 281 621 281
624 281 624 281
627 281 627 281
630 281 629 281
633 281 632 281
635 281 635 281
528 284 528 284
531 284 532 284
534 284 534 284
537 284 537 284
540 284 540 284
542 284 542 283
565 284 565 283
568 284 568 283
571 284 570 284
582 284 581 284
585 284 584 284
588 284 587 284
590 284 590 284
593 284 593 284
596 284 596 284
599 284 599 284
602 284 601 284
604 284 604 284
607 284 607 284
610 284 610 284
613 284 613 284
616 284 615 284
619 284 618 284
621 284 621 284
624 284 624 284
627 284 626 283
633 284 633 284
635 284 635 284
528 287 529 287
531 287 532 286
534 287 534 286
537 287 537 286
540 287 540 286
545 287 548 284
548 287 556 284
551 287 559 284
562 287 563 286
568 287 569 286
571 287 571 287
582 287 582 287
585 287 585 287
588 287 587 287
590 287 590 287
593 287 593 287
596 287 596 287
599 287 599 287
602 287 601 287
604 287 604 287
607 287 607 287
610 287 610 286
613 287 613 286
616 287 615 287
619 287 618 287
621 287 621 287
624 287 624 287
627 287 626 286
630 287 629 287
633 287 632 287
635 287 636 287
644 287 644 287
528 290 529 290
531 290 531 289
537 290 537 289
540 290 539 289
542 290 542 289
545 290 545 289
548 290 548 289
556 290 554 289
559 290 560 289
565 290 565 289
576 290 576 289
579 290 579 290
582 290 582 290
585 290 584 289
588 290 587 289
590 290 590 289
593 290 593 290
596 290 596 289
599 290 599 289
602 290 602 289
604 290 604 290
607 290 607 289
610 290 610 289
613 290 613 289
616 290 615 289
619 290 618 290
621 290 621 290
624 290 624 290
627 290 627 290
630 290 629 290
635 290 635 289
638 290 638 289
641 290 641 290
644 290 644 290
531 292 531 292
534 292 534 292
537 292 537 292
540 292 540 292
542 292 542 292
545 292 545 292
551 292 551 292
554 292 553 292
559 292 559 292
562 292 562 292
565 292 564 292
568 292 568 292
571 292 570 292
573 292 573 291
576 292 576 292
579 292 579 292
582 292 582 292
585 292 584 292
588 292 587 292
590 292 590 292
593 292 593 292
596 292 596 292
599 292 599 292
602 292 601 292
604 292 604 292
607 292 607 292
610 292 609 292
613 292 613 292
616 292 615 293
624 292 624 293
627 292 627 292
630 292 629 292
633 292 632 292
635 292 636 292
638 292 638 292
641 292 641 292
644 292 644 292
528 295 528 295
531 295 531 295
534 295 534 295
537 295 537 295
540 295 540 295
542 295 543 294
545 295 545 295
548 295 549 295
551 295 551 295
554 295 554 295
556 295 556 295
559 295 559 295
562 295 561 295
565 295 565 295
568 295 568 295
571 295 570 295
573 295 573 295
576 295 576 294
579 295 579 295
582 295 582 295
588 295 588 295
590 295 590 295
593 295 593 295
596 295 596 295
599 295 599 295
602 295 601 295
604 295 604 295
607 295 607 295
610 295 610 295
613 295 612 295
616 295 615 295
619 295 618 296
624 295 622 295
627 295 627 295
630 295 629 295
633 295 632 295
638 295 639 295
641 295 641 295
528 298 528 298
531 298 531 297
534 298 534 297
537 298 537 298
540 298 539 298
542 298 543 297
545 298 545 297
548 298 548 297
551 298 551 297
554 298 554 297
556 298 556 298
559 298 559 298
562 298 562 298
565 298 565 298
568 298 568 298
571 298 570 298
573 298 573 298
576 298 576 297
579 298 579 298
582 298 582 298
585 298 585 298
588 298 588 297
590 298 590 298
593 298 593 298
596 298 596 298
599 298 599 298
602 298 601 298
604 298 604 298
607 298 607 298
610 298 610 298
613 298 613 298
616 298 615 298
619 298 619 298
621 298 622 298
624 298 624 298
627 298 627 297
630 298 630 298
633 298 632 298
635 298 635 298
638 298 639 298
641 298 641 298
644 298 644 298
528 301 528 301
531 301 531 301
534 301 534 301
537 301 537 301
540 301 540 300
542 301 543 300
545 301 545 300
548 301 548 300
551 301 551 300
554 301 554 300
556 301 557 301
559 301 559 300
562 301 562 301
565 301 565 301
568 301 568 301
571 301 571 301
573 301 574 301
576 301 576 301
579 301 579 301
582 301 582 301
585 301 585 301
588 301 587 300
590 301 590 300
593 301 593 300
596 301 596 300
599 301 599 301
602 301 601 301
604 301 604 300
607 301 608 301
610 301 610 301
613 301 613 300
616 301 615 301
619 301 618 300
621 301 622 300
624 301 624 301
627 301 627 301
630 301 630 301
633 301 632 301
635 301 635 300
638 301 638 301
641 301 641 301
644 301 643 301
647 301 647 301
531 304 531 303
534 304 534 304
537 304 537 304
540 304 539 304
542 304 543 304
545 304 545 304
548 304 548 303
551 304 551 303
554 304 554 304
556 304 556 303
559 304 559 303
562 304 562 304
565 304 565 304
568 304 568 303
571 304 571 303
573 304 574 304
576 304 576 304
579 304 579 304
582 304 582 304
585 304 584 303
588 304 587 303
590 304 590 303
593 304 593 303
596 304 596 303
599 304 599 303
602 304 602 304
604 304 604 304
607 304 607 303
610 304 610 303
613 304 613 304
616 304 615 304
619 304 618 304
621 304 622 303
624 304 624 303
627 304 627 304
630 304 630 304
633 304 632 304
635 304 635 303
638 304 638 304
641 304 641 304
644 304 643 304
647 304 647 304
531 306 531 306
534 306 534 306
540 306 540 306
545 306 545 306
548 306 548 307
551 306 551 307
554 306 554 306
556 306 557 306
559 306 559 306
562 306 562 306
565 306 565 306
568 306 568 306
571 306 571 307
573 306 574 307
576 306 576 307
579 306 579 307
582 306 582 307
585 306 585 306
588 306 587 306
590 306 590 306
593 306 593 306
596 306 596 306
599 306 599 306
602 306 601 306
604 306 604 306
607 306 607 306
613 306 613 306
616 306 615 307
619 306 618 307
621 306 621 306
624 306 624 306
627 306 627 306
630 306 629 306
633 306 632 306
638 306 638 306
641 306 640 306
644 306 643 307
647 306 647 307
534 309 534 309
537 309 537 310
540 309 540 309
542 309 542 309
545 309 545 309
548 309 548 310
551 309 551 309
554 309 554 309
556 309 557 309
559 309 559 309
562 309 562 309
565 309 565 309
568 309 568 309
571 309 570 310
573 309 573 309
576 309 576 309
579 309 579 309
585 309 585 310
588 309 588 310
590 309 590 309
593 309 593 309
596 309 596 309
599 309 599 309
602 309 602 309
604 309 605 309
607 309 607 309
610 309 610 309
616 309 615 309
619 309 618 310
621 309 621 309
624 309 624 309
627 309 627 309
630 309 630 310
633 309 632 309
635 309 635 309
638 309 638 310
641 309 640 310
644 309 644 309
647 309 647 309
534 312 534 312
537 312 537 312
542 312 542 312
545 312 548 313
551 312 551 312
554 312 554 312
556 312 557 312
559 312 559 312
562 312 562 312
565 312 565 312
568 312 568 312
571 312 570 313
573 312 573 312
576 312 576 311
579 312 579 312
585 312 585 312
588 312 588 312
590 312 591 312
593 312 593 312
596 312 595 312
599 312 598 312
604 312 604 312
607 312 607 312
616 312 615 312
619 312 619 312
621 312 621 312
624 312 624 312
627 312 626 312
630 312 630 312
633 312 633 312
635 312 636 312
638 312 638 312
641 312 641 312
644 312 644 312
647 312 647 312
551 315 551 315
554 315 554 315
556 315 557 315
559 315 560 314
562 315 562 315
565 315 565 315
568 315 568 315
571 315 570 315
573 315 573 315
576 315 576 315
579 315 579 315
582 315 582 315
585 315 585 315
588 315 587 315
590 315 590 315
593 315 594 315
596 315 596 315
599 315 599 315
602 315 601 315
604 315 604 315
607 315 607 315
610 315 610 315
613 315 613 315
616 315 616 315
619 315 619 315
621 315 622 315
624 315 624 315
627 315 627 315
630 315 632 315
635 315 636 315
638 315 639 315
641 315 641 315
644 315 644 315
647 315 647 315
