1 0 0 -0.04922165349125862 
0 1 0 -0.0675094872713089 
0 0 1 -0.5077975988388062 
0 0 0 1 

0.9981845021247864 0.01967793516814709 -0.05692450329661369 -0.05870287492871284 
-0.017078822478652 0.998805046081543 0.04578965902328491 -0.09109672904014587 
0.05775754526257515 -0.04473430663347244 0.9973278045654297 -0.5111116766929626 
0 0 0 1 

0.9979740977287292 -0.0219397097826004 -0.05971894040703773 -0.05581631883978844 
0.02474565804004669 0.9986042976379395 0.04665854200720787 -0.09420449286699295 
0.0586119033396244 -0.04804181680083275 0.9971241354942322 -0.5117411613464355 
0 0 0 1 

0.9980401396751404 -0.02493962831795216 -0.05739214271306992 -0.04572869464755058 
0.02892990224063396 0.9971427917480469 0.06978004425764084 -0.1082757711410522 
0.05548786744475365 -0.07130364328622818 0.9959100484848022 -0.50710529088974 
0 0 0 1 

0.9978466629981995 0.0445416122674942 -0.04814731329679489 -0.05571950599551201 
-0.04313468188047409 0.9986224770545959 0.02987642213702202 -0.08953891694545746 
0.04941172525286674 -0.02773528546094894 0.9983933568000793 -0.514160692691803 
0 0 0 1 

0.9817209839820862 -0.1724518686532974 -0.08052372932434082 -0.029904805123806 
0.1766776293516159 0.9830662608146667 0.04863801971077919 -0.1131480932235718 
0.07077240198850632 -0.06197575852274895 0.9955652952194214 -0.5198978781700134 
0 0 0 1 

0.9743300080299377 -0.2119811922311783 -0.07579527795314789 -0.02990437671542168 
0.2174355834722519 0.9733522534370422 0.07284918427467346 -0.1281082332134247 
0.05833280831575394 -0.08745977282524109 0.9944586753845215 -0.5163137912750244 
0 0 0 1 

0.9538115859031677 -0.28728386759758 -0.0878143385052681 -0.01886254362761974 
0.2945886552333832 0.9517339468002319 0.08613923192024231 -0.1365413665771484 
0.05882944911718369 -0.1080297231674194 0.9924054741859436 -0.5129982829093933 
0 0 0 1 

0.959389865398407 -0.2745215892791748 -0.06487667560577393 -0.02870049141347408 
0.2781460285186768 0.9589319825172424 0.05553535744547844 -0.1200757697224617 
0.04696665331721306 -0.07132525742053986 0.9963467717170715 -0.5212481617927551 
0 0 0 1 

-0.6913826465606689 -0.7220548987388611 -0.02502963691949844 -0.02104479447007179 
0.7177280783653259 -0.690385103225708 0.0907437652349472 -0.04342805221676826 
-0.08280207961797714 0.04477420076727867 0.9955596923828125 -0.5139478445053101 
0 0 0 1 

