666 163 654 183
666 181 654 200
701 181 693 200
718 181 709 201
736 181 725 202
649 215 638 234
805 215 791 237
666 233 653 250
684 233 670 251
684 250 669 267
805 250 788 271
597 267 585 283
614 267 603 283
632 267 620 283
701 267 688 285
805 267 789 288
562 285 553 298
580 285 570 299
597 285 586 299
614 285 604 300
632 285 620 300
649 285 637 301
666 285 653 301
684 285 670 301
701 285 687 302
718 285 703 302
736 285 720 303
770 285 753 304
545 302 535 315
562 302 552 315
580 302 569 316
597 302 586 316
614 302 602 316
649 302 636 317
666 302 654 319
684 302 669 318
718 302 702 319
753 302 735 319
788 302 769 321
545 319 534 331
562 319 551 332
580 319 568 333
597 319 586 333
614 319 601 333
632 319 618 333
649 319 636 335
666 319 651 334
684 319 668 334
701 319 685 335
718 319 702 335
736 319 717 335
753 319 734 336
770 319 752 337
788 319 769 337
510 337 502 349
545 337 534 347
562 337 550 350
580 337 568 350
614 337 600 349
632 337 618 350
649 337 634 350
684 337 667 351
701 337 685 351
718 337 701 351
736 337 718 352
753 337 734 353
770 337 751 354
788 337 768 354
528 354 519 366
562 354 550 366
580 354 567 366
597 354 591 371
614 354 606 370
649 354 634 367
666 354 651 367
684 354 667 368
718 354 701 369
736 354 718 370
493 371 484 382
562 371 550 383
580 371 566 383
597 371 582 383
632 371 625 387
666 371 650 384
684 371 667 385
718 371 701 386
736 371 717 387
753 371 734 387
510 389 500 399
580 389 570 401
614 389 599 400
632 389 614 401
649 389 631 400
666 389 650 402
684 389 667 404
736 389 718 404
753 389 734 404
788 389 768 405
493 406 482 418
510 406 500 419
528 406 516 418
580 406 567 418
597 406 583 418
614 406 601 418
632 406 618 419
649 406 634 420
666 406 651 420
684 406 668 419
753 406 734 422
788 406 768 422
94 424 83 426
510 424 498 435
545 424 533 435
580 424 568 436
614 424 601 436
632 424 617 436
649 424 634 436
666 424 650 435
684 424 668 438
718 424 699 436
736 424 716 437
753 424 735 438
59 441 48 443
510 441 499 452
528 441 516 451
562 441 551 453
580 441 567 453
614 441 600 453
632 441 617 454
649 441 633 453
684 441 665 454
701 441 683 455
753 441 734 456
77 458 65 460
94 458 82 461
111 458 101 459
129 458 119 459
163 458 152 461
632 458 616 470
666 458 650 468
59 476 47 476
77 476 64 476
94 476 82 476
129 476 119 476
146 476 137 476
