548 199 570 201
542 202 563 204
571 211 574 218
590 211 591 211
571 213 574 221
602 222 601 235
604 227 603 242
593 233 588 233
593 236 587 236
604 239 592 243
534 242 530 262
537 242 532 262
616 242 627 264
551 244 573 250
593 244 589 246
551 247 575 253
621 247 619 258
624 247 622 257
534 250 531 271
545 250 568 256
548 250 571 256
551 250 574 257
607 250 564 242
619 250 615 262
621 250 618 261
624 250 622 261
627 250 625 261
545 253 568 259
548 253 570 260
551 253 573 259
616 253 614 265
621 253 617 266
624 253 621 266
633 253 633 267
528 256 528 255
551 256 572 262
596 256 602 269
604 256 608 265
607 256 612 265
630 256 616 259
633 256 633 271
545 258 566 264
554 258 574 265
565 258 547 229
573 258 560 229
585 258 583 284
588 258 586 284
590 258 590 285
596 258 593 282
604 258 607 272
607 258 613 274
635 258 641 281
638 258 644 282
542 261 563 267
545 261 566 268
554 261 574 268
562 261 544 233
565 261 547 233
588 261 586 287
596 261 592 285
602 261 606 280
604 261 609 280
607 261 613 279
630 261 627 284
633 261 634 285
635 261 640 286
638 261 644 286
641 261 647 286
551 264 571 268
599 264 593 287
602 264 608 287
607 264 616 285
610 264 618 285
613 264 621 285
638 264 643 290
641 264 647 289
554 267 575 285
607 267 615 288
633 267 636 291
602 270 605 292
554 273 576 288
602 273 604 296
590 275 594 294
599 275 600 299
604 275 610 296
610 275 614 297
604 278 608 299
647 278 647 299
548 281 571 303
576 281 581 296
590 284 593 298
599 287 599 301
602 287 602 302
604 287 605 303
548 290 599 266
565 290 575 295
599 290 599 305
602 290 602 304
604 290 605 306
616 290 617 310
619 290 621 311
551 292 553 291
554 292 556 291
559 292 560 292
593 292 594 304
596 292 597 305
604 292 605 309
607 292 608 311
619 292 621 314
624 292 624 312
559 295 562 295
585 295 587 304
588 295 589 304
593 295 593 307
596 295 596 307
599 295 599 307
610 295 611 316
633 295 633 315
641 295 636 313
562 298 566 300
573 298 578 304
596 298 595 311
599 298 598 310
633 298 623 314
571 301 574 307
573 301 577 307
576 301 580 308
596 301 595 313
571 304 573 311
573 304 576 311
590 304 589 313
576 315 572 315
588 315 575 314
590 315 578 315
599 315 588 314
