630 264 635 282
619 267 624 284
624 267 630 284
633 267 638 284
621 270 627 287
624 270 629 287
630 270 635 286
647 278 647 298
616 281 618 292
619 281 621 295
621 281 624 295
647 281 647 301
610 284 612 300
613 284 615 300
604 287 604 300
607 287 607 301
610 287 612 303
613 287 615 303
616 287 618 304
635 287 636 300
638 287 638 300
610 290 612 305
613 290 615 306
638 290 638 303
641 290 641 303
644 290 644 302
647 290 647 303
559 292 557 298
562 292 559 299
565 292 562 300
568 292 565 301
573 292 570 300
588 292 584 300
590 292 587 300
593 292 590 300
602 292 600 304
604 292 602 304
610 292 608 306
644 292 643 306
647 292 646 305
568 295 564 303
571 295 567 301
582 295 576 303
585 295 579 303
588 295 582 303
593 295 588 303
596 295 592 303
604 295 601 306
607 295 604 307
630 295 630 312
635 295 632 311
641 295 638 312
568 298 565 306
571 298 567 304
576 298 571 305
579 298 573 306
585 298 579 306
588 298 582 306
590 298 585 306
593 298 588 306
602 298 598 308
627 298 621 312
641 298 639 314
644 298 641 315
647 298 644 315
571 301 567 308
579 301 573 308
582 301 576 308
585 301 579 308
590 301 584 310
593 301 587 309
602 301 599 311
607 301 602 311
610 301 605 312
571 304 568 312
596 304 590 312
599 304 593 309
582 306 577 312
588 306 582 311
585 309 579 314
588 309 582 314
590 309 584 314
576 315 566 315
