613 258 617 273
627 258 628 276
633 258 632 275
635 258 639 276
633 261 631 279
621 264 619 280
624 270 617 286
635 270 630 288
638 270 633 288
590 273 585 289
593 273 587 289
599 273 594 289
602 273 597 289
604 273 601 290
633 273 627 288
635 273 629 291
590 275 583 292
593 275 587 292
596 275 590 294
633 275 627 291
644 275 642 293
607 278 602 296
619 278 613 290
604 281 596 296
604 284 595 298
607 284 599 299
610 284 602 300
613 284 605 300
616 284 608 299
619 284 609 295
624 284 618 298
627 284 621 298
562 287 553 290
604 287 594 305
607 287 598 305
613 287 604 303
621 287 612 301
559 290 551 292
571 290 561 293
573 290 564 293
576 290 567 293
593 290 584 296
613 290 607 309
627 290 614 304
630 290 618 302
554 292 548 297
565 292 555 294
568 292 557 295
571 292 561 296
573 292 563 296
576 292 566 297
582 292 571 297
588 292 577 298
590 292 579 299
593 292 583 300
596 292 587 299
602 292 591 304
635 292 623 307
638 292 631 307
568 295 557 298
571 295 560 298
573 295 563 299
576 295 566 300
582 295 570 300
585 295 574 300
588 295 576 300
590 295 579 302
593 295 582 302
633 295 619 309
635 295 623 310
638 295 630 311
571 298 560 301
573 298 563 301
576 298 565 303
582 298 570 303
585 298 572 303
588 298 576 303
590 298 577 305
633 298 618 312
635 298 622 312
641 298 632 314
573 301 562 305
576 301 565 305
585 301 572 306
604 301 591 310
607 301 594 310
610 301 597 311
630 301 615 315
602 304 590 313
576 306 564 308
585 306 571 311
579 315 564 315
582 315 567 315
585 315 570 316
