0.9963971376419067 -0.08201786130666733 0.0215844064950943 -0.2015013247728348 
0.08041181415319443 0.9945095777511597 0.06696799397468567 -0.07335694134235382 
-0.02695843391120434 -0.06499108672142029 0.9975216388702393 -0.5277523398399353 
0 0 0 1 

0.9774795174598694 -0.1914316266775131 -0.08881274610757828 -0.1305938512086868 
0.2034607082605362 0.9666008353233337 0.1558416038751602 -0.1319116503000259 
0.05601347610354424 -0.1704018861055374 0.9837813377380371 -0.515619695186615 
0 0 0 1 

0.93558269739151 -0.2777680158615112 0.2180134057998657 -0.2774211466312408 
0.2376828193664551 0.9519906044006348 0.1929265558719635 -0.1490582674741745 
-0.2611355781555176 -0.1286806464195251 0.9566866755485535 -0.4383784830570221 
0 0 0 1 

0.9343892335891724 -0.3485173583030701 0.07383908331394196 -0.1992954164743423 
0.3252042531967163 0.9190583229064941 0.2226518094539642 -0.1804177463054657 
-0.1454605460166931 -0.1840306222438812 0.9720976948738098 -0.4605103433132172 
0 0 0 1 

0.9580778479576111 -0.2613987624645233 0.1172919124364853 -0.2215491384267807 
0.2453964501619339 0.9599828124046326 0.1349572241306305 -0.1222189217805862 
-0.1478759199380875 -0.1005164459347725 0.9838846921920776 -0.4663815498352051 
0 0 0 1 

0.9096544981002808 -0.3668976426124573 0.1947165727615356 -0.2452303320169449 
0.3546386957168579 0.9300858378410339 0.09576795995235443 -0.1203199252486229 
-0.2162401974201202 -0.01806161925196648 0.9761731028556824 -0.4520747065544128 
0 0 0 1 

0.9855093955993652 -0.1462569981813431 0.08590627461671829 -0.2104357928037643 
0.1414323598146439 0.9881385564804077 0.05982380360364914 -0.06273423135280609 
-0.09363700449466705 -0.04680690914392471 0.9945054650306702 -0.4731404781341553 
0 0 0 1 

0.9537240862846375 -0.2560257315635681 0.1576736122369766 -0.2192846536636353 
0.2633935809135437 0.9642993807792664 -0.02739404514431953 -0.03914449363946915 
-0.1450309455394745 0.06765665113925934 0.9871112108230591 -0.4584713280200958 
0 0 0 1 

0.9325615167617798 -0.2946115136146545 0.20864537358284 -0.2427612394094467 
0.3014711737632751 0.9534745812416077 -0.001130291726440191 -0.05720074847340584 
-0.1986050456762314 0.06395470350980759 0.9779906868934631 -0.4462449848651886 
0 0 0 1 

0.9141606092453003 -0.3303721249103546 0.2348735779523849 -0.2562902867794037 
0.2918902039527893 0.9385660290718079 0.1841042190790176 -0.1268689334392548 
-0.2812671959400177 -0.09974336624145508 0.9544320702552795 -0.3923923075199127 
0 0 0 1 

