519 217 514 217
525 217 530 216
533 217 532 216
535 217 535 216
538 217 538 216
443 219 442 220
445 219 448 222
467 219 469 219
482 219 485 219
522 219 517 219
525 219 519 219
535 219 535 219
538 219 538 219
432 222 432 222
435 222 435 221
437 222 441 222
503 222 506 220
506 222 508 220
511 222 514 220
519 222 524 221
522 222 527 221
527 222 522 221
430 224 429 225
432 224 432 225
435 224 434 225
437 224 441 226
440 224 443 227
493 224 492 224
501 224 504 221
503 224 506 221
538 224 538 223
430 227 429 227
432 227 432 227
435 227 435 227
459 227 470 230
461 227 472 230
490 227 490 227
498 227 499 225
503 227 506 224
519 227 517 225
522 227 519 225
538 227 538 225
440 230 441 232
453 230 464 233
456 230 467 232
459 230 470 233
461 230 472 232
482 230 485 227
509 230 509 227
511 230 512 227
514 230 514 227
519 230 517 227
522 230 519 227
525 230 522 227
538 230 538 228
459 232 470 236
474 232 472 235
482 232 485 229
490 232 491 230
498 232 499 230
503 232 501 230
514 232 511 230
527 232 525 230
533 232 534 231
538 232 538 231
459 235 467 235
474 235 469 238
477 235 474 238
482 235 484 232
503 235 501 232
519 235 517 233
522 235 520 233
525 235 523 233
527 235 527 233
530 235 529 233
535 235 536 233
538 235 538 233
445 238 451 232
451 238 456 235
453 238 464 243
472 238 466 241
480 238 481 235
496 238 493 236
498 238 495 236
506 238 506 235
511 238 509 236
514 238 511 236
517 238 514 235
519 238 517 235
522 238 519 235
527 238 526 236
530 238 528 235
538 238 538 236
453 240 464 237
480 240 480 237
488 240 485 238
490 240 488 238
493 240 490 238
496 240 493 238
498 240 495 238
501 240 498 238
503 240 503 238
506 240 506 237
511 240 509 238
514 240 512 238
517 240 514 238
519 240 517 237
522 240 519 238
527 240 525 238
530 240 528 238
533 240 530 238
477 243 477 240
485 243 483 240
488 243 485 240
490 243 487 240
493 243 491 241
496 243 493 241
498 243 496 240
501 243 499 241
506 243 504 241
509 243 506 241
511 243 509 240
514 243 512 240
517 243 515 240
519 243 517 240
522 243 519 240
525 243 522 240
527 243 525 240
530 243 528 240
533 243 530 240
535 243 534 240
459 246 466 243
472 246 467 246
482 246 480 243
485 246 483 243
488 246 485 243
490 246 488 243
496 246 493 243
498 246 496 243
501 246 499 243
506 246 503 242
509 246 506 242
511 246 509 242
514 246 512 243
517 246 515 243
519 246 517 243
522 246 519 243
525 246 522 243
527 246 525 243
530 246 528 243
533 246 531 242
535 246 533 243
472 248 467 248
477 248 475 246
485 248 483 246
488 248 485 246
490 248 488 246
496 248 493 246
498 248 496 246
501 248 499 246
503 248 501 246
506 248 503 245
511 248 509 245
514 248 512 245
517 248 515 245
519 248 516 246
522 248 519 245
525 248 522 245
527 248 524 246
530 248 528 246
535 248 533 245
453 251 456 253
477 251 474 249
480 251 480 249
485 251 483 250
490 251 488 249
493 251 491 248
496 251 493 248
498 251 496 248
501 251 499 248
503 251 501 248
506 251 504 248
511 251 509 248
514 251 512 248
517 251 515 248
519 251 516 249
522 251 519 248
525 251 523 248
527 251 525 249
530 251 528 249
533 251 531 249
535 251 533 248
538 251 538 248
453 254 456 256
482 254 481 253
488 254 485 251
490 254 488 251
496 254 493 250
498 254 496 250
501 254 499 251
503 254 501 250
506 254 503 250
511 254 509 251
514 254 512 250
517 254 516 251
522 254 520 251
525 254 523 251
527 254 525 251
530 254 528 251
533 254 531 251
535 254 533 251
538 254 538 251
432 256 432 264
459 256 459 257
461 256 461 256
480 256 477 254
485 256 483 254
488 256 485 254
501 256 499 253
503 256 501 253
506 256 504 253
509 256 506 253
522 256 520 253
525 256 523 253
527 256 525 254
533 256 530 253
535 256 533 254
453 259 443 262
456 259 445 261
459 259 459 260
485 259 483 257
488 259 485 256
490 259 490 256
498 259 495 254
503 259 501 256
506 259 504 256
509 259 506 256
511 259 509 256
514 259 512 256
517 259 515 256
519 259 517 256
522 259 520 256
525 259 523 256
530 259 527 256
533 259 530 256
535 259 533 256
538 259 538 257
480 261 477 259
485 261 483 259
498 261 496 255
501 261 498 256
506 261 504 259
514 261 512 259
517 261 514 259
519 261 517 259
522 261 519 259
525 261 522 258
527 261 525 259
530 261 528 259
533 261 529 259
535 261 532 259
538 261 538 259
482 264 479 262
485 264 483 262
488 264 486 262
490 264 488 262
498 264 496 258
514 264 514 262
522 264 519 261
525 264 522 261
527 264 525 261
530 264 527 261
533 264 530 261
535 264 533 262
538 264 538 262
477 267 472 265
480 267 476 264
482 267 479 264
485 267 482 265
488 267 486 265
490 267 489 265
496 267 496 264
506 267 504 262
514 267 511 267
527 267 522 264
533 267 527 264
535 267 532 264
453 269 456 266
480 269 475 267
482 269 479 267
485 269 483 267
488 269 486 267
490 269 488 267
493 269 491 267
501 269 499 267
503 269 501 267
506 269 503 267
514 269 511 269
527 269 530 275
533 269 535 274
535 269 532 267
538 269 538 267
453 272 455 269
467 272 467 275
482 272 480 269
485 272 483 269
488 272 485 269
490 272 488 270
493 272 491 269
501 272 499 269
503 272 501 269
530 272 533 277
533 272 535 277
538 272 538 275
432 275 433 256
451 275 453 269
485 275 482 271
488 275 485 271
490 275 488 272
493 275 490 272
498 275 498 275
503 275 501 272
538 275 538 277
432 277 432 277
437 277 438 278
488 277 485 274
490 277 488 274
493 277 490 274
503 277 504 275
527 277 523 277
535 277 536 280
538 277 538 280
435 280 435 279
493 280 490 277
498 280 496 278
509 280 509 278
535 280 536 283
461 283 456 288
496 283 493 280
498 283 496 280
501 283 499 280
509 283 509 280
530 283 525 280
535 283 531 280
464 285 451 277
474 285 469 288
485 285 491 288
490 285 490 283
498 285 496 283
501 285 498 282
509 285 509 282
511 285 512 282
522 285 520 285
430 288 429 293
461 288 451 283
474 288 469 290
490 288 490 286
493 288 493 286
498 288 496 285
501 288 499 285
509 288 509 285
530 288 527 284
533 288 529 285
535 288 532 285
432 290 432 296
496 290 493 288
498 290 496 287
503 290 501 288
511 290 512 287
514 290 514 287
517 290 517 288
533 290 530 287
535 290 533 288
538 290 538 287
453 293 477 293
474 293 475 293
501 293 499 290
503 293 501 291
511 293 506 285
514 293 515 290
517 293 517 290
522 293 522 288
527 293 525 289
530 293 527 288
480 296 479 299
482 296 481 299
498 296 496 291
501 296 499 293
503 296 501 293
506 296 503 293
511 296 512 293
517 296 519 293
522 296 522 292
525 296 525 293
530 296 528 293
538 296 538 292
467 298 464 296
469 298 467 295
472 298 472 295
477 298 474 304
480 298 480 301
482 298 482 301
506 298 503 295
509 298 509 296
511 298 512 295
522 298 522 295
430 301 430 284
469 301 467 298
482 301 482 304
503 301 501 299
511 301 512 298
514 301 514 298
527 301 525 298
530 301 528 297
435 304 435 315
456 304 456 304
469 304 466 300
509 304 509 301
511 304 512 300
514 304 514 300
527 304 524 300
530 304 527 300
533 304 530 300
538 304 538 298
530 306 528 303
533 306 530 303
538 306 538 306
430 309 429 304
467 309 448 307
480 309 483 296
514 309 519 304
533 309 533 309
538 309 538 309
430 312 429 306
448 312 459 309
451 312 461 309
467 312 448 309
514 312 519 307
525 312 524 306
533 312 533 312
538 312 538 312
514 314 509 312
535 314 536 315
538 314 538 314
430 317 430 317
432 317 433 317
469 317 445 316
472 317 448 316
480 317 456 319
482 317 459 319
511 317 490 316
519 317 511 314
535 317 536 319
538 317 538 319
432 320 434 317
435 320 438 317
437 320 440 317
443 320 440 323
461 320 472 322
467 320 487 320
480 320 456 322
482 320 458 322
498 320 522 320
509 320 499 320
519 320 511 316
535 320 535 322
538 320 538 322
430 322 429 323
440 322 437 325
443 322 440 325
464 322 475 323
467 322 477 323
469 322 491 322
480 322 464 324
509 322 498 322
538 322 538 324
430 325 429 325
467 325 478 326
469 325 491 325
472 325 493 325
477 325 519 325
503 325 503 325
506 325 495 325
509 325 498 325
511 325 501 325
535 325 535 325
430 327 429 328
435 327 435 328
437 327 437 328
469 327 466 328
472 327 492 327
503 327 503 328
509 327 498 327
525 327 530 327
533 327 532 328
535 327 535 328
538 327 538 328
