599 202 603 204
599 205 604 206
602 205 606 207
593 208 600 207
602 208 607 209
579 211 583 206
593 211 600 209
599 211 604 210
588 213 594 210
590 213 597 209
528 216 528 216
585 216 591 212
590 216 597 212
576 219 575 214
593 219 594 218
596 219 601 215
599 219 604 219
540 222 543 213
542 222 545 213
556 222 560 214
593 222 594 221
599 222 603 221
604 222 606 222
540 225 542 215
542 225 545 216
545 225 548 216
599 225 603 224
545 227 547 218
548 227 550 219
551 227 554 219
556 227 560 217
604 227 606 230
556 230 560 220
562 230 563 222
585 230 582 231
554 233 557 222
565 233 566 226
571 233 577 232
554 236 556 224
596 236 594 235
593 239 592 236
596 239 593 238
559 242 562 241
582 242 585 237
585 242 588 237
593 242 591 239
599 242 596 241
551 244 550 234
559 244 561 243
593 244 591 241
596 244 594 241
599 244 596 244
593 247 591 244
528 250 529 250
545 250 544 251
596 250 594 250
599 250 597 248
604 253 603 252
607 253 606 252
559 256 558 254
565 256 561 254
573 256 576 252
576 256 578 252
582 256 582 252
588 256 587 250
590 256 590 250
599 256 598 255
607 256 606 255
610 256 608 254
616 256 616 256
556 258 555 258
573 258 575 254
576 258 578 255
582 258 582 256
588 258 587 253
610 258 609 257
613 258 612 257
562 261 559 257
568 261 565 260
582 261 582 258
585 261 584 259
588 261 587 255
593 261 593 262
596 261 595 262
602 261 599 261
610 261 608 260
613 261 612 260
619 261 617 259
565 264 561 260
573 264 576 261
585 264 585 261
593 264 593 264
596 264 596 264
599 264 598 264
602 264 601 264
604 264 604 263
613 264 611 263
619 264 617 262
627 264 627 263
630 264 631 263
534 267 532 260
537 267 535 260
562 267 558 262
582 267 581 267
585 267 584 267
588 267 586 267
596 267 596 267
599 267 599 267
607 267 607 266
613 267 611 265
616 267 614 265
619 267 618 265
624 267 625 266
627 267 628 266
630 267 630 266
633 267 636 266
534 270 532 262
537 270 535 262
548 270 544 263
559 270 556 264
568 270 561 264
588 270 587 269
593 270 593 269
596 270 596 269
599 270 599 270
602 270 602 270
604 270 604 269
610 270 608 268
613 270 610 267
616 270 613 267
619 270 617 268
624 270 624 268
627 270 627 268
630 270 630 268
633 270 633 268
565 273 561 269
576 273 578 270
582 273 582 271
585 273 584 271
604 273 604 271
613 273 610 271
621 273 620 271
624 273 624 271
627 273 627 271
630 273 630 270
633 273 633 270
635 273 636 271
638 273 639 272
604 275 605 274
610 275 610 274
619 275 618 274
624 275 624 273
627 275 627 273
633 275 633 274
638 275 639 275
641 275 642 275
562 278 558 274
565 278 560 274
588 278 587 276
590 278 592 277
593 278 595 277
604 278 604 276
607 278 607 277
610 278 610 277
613 278 613 277
616 278 616 276
619 278 618 276
621 278 621 276
624 278 625 276
627 278 627 276
630 278 630 276
635 278 636 275
641 278 642 277
576 281 575 279
588 281 587 279
590 281 591 279
602 281 602 279
604 281 604 279
607 281 607 280
610 281 610 279
613 281 613 279
633 281 633 278
635 281 636 278
638 281 639 279
576 284 575 282
590 284 591 281
596 284 596 281
607 284 607 283
621 284 621 281
624 284 624 281
627 284 626 281
630 284 630 281
633 284 633 281
635 284 636 281
638 284 639 281
641 284 642 282
573 287 572 284
576 287 575 284
593 287 593 284
596 287 596 284
602 287 601 285
610 287 610 283
613 287 612 283
616 287 616 284
619 287 618 283
621 287 621 283
624 287 624 283
627 287 627 284
630 287 630 284
633 287 633 284
635 287 636 284
638 287 639 284
641 287 642 284
647 287 647 286
562 290 557 287
576 290 574 287
582 290 583 287
585 290 586 287
593 290 593 287
596 290 595 287
604 290 604 287
607 290 607 286
610 290 609 286
613 290 612 286
616 290 616 286
619 290 619 286
621 290 622 286
624 290 624 286
627 290 627 286
630 290 630 287
633 290 633 287
635 290 636 287
638 290 639 286
641 290 641 287
644 290 644 287
568 292 566 290
573 292 572 290
579 292 580 290
582 292 582 290
588 292 588 290
599 292 600 290
610 292 609 289
613 292 612 288
619 292 619 289
621 292 621 289
624 292 624 289
627 292 627 289
630 292 632 290
635 292 636 290
638 292 638 289
641 292 641 290
644 292 643 290
647 292 647 290
545 295 545 295
565 295 563 292
568 295 566 292
582 295 583 292
585 295 586 293
588 295 588 293
604 295 604 292
607 295 608 294
610 295 609 291
613 295 612 291
621 295 621 292
624 295 624 292
627 295 630 292
630 295 633 292
635 295 636 292
638 295 639 292
641 295 641 292
644 295 644 292
647 295 647 293
545 298 545 297
568 298 569 295
579 298 580 293
585 298 586 295
588 298 589 295
590 298 591 296
593 298 594 294
599 298 600 295
602 298 603 296
604 298 604 294
613 298 612 294
624 298 624 295
627 298 630 294
630 298 633 295
633 298 635 295
638 298 639 295
641 298 641 295
644 298 645 295
647 298 647 296
568 301 569 298
585 301 584 298
588 301 588 298
596 301 597 298
610 301 609 297
613 301 614 299
616 301 617 300
624 301 624 298
627 301 629 298
630 301 632 298
633 301 634 298
638 301 639 298
641 301 641 298
644 301 645 298
647 301 647 298
590 304 591 300
593 304 594 300
599 304 600 300
607 304 609 302
610 304 612 302
613 304 615 303
616 304 618 302
621 304 621 300
624 304 624 300
627 304 627 300
630 304 630 301
633 304 632 301
635 304 635 301
638 304 639 301
641 304 641 301
644 304 644 301
647 304 647 301
573 306 574 301
576 306 577 302
579 306 580 302
588 306 588 303
590 306 591 303
596 306 597 303
599 306 600 303
602 306 602 303
604 306 605 303
610 306 612 305
613 306 615 305
621 306 621 303
627 306 629 303
630 306 632 304
633 306 635 304
635 306 638 304
641 306 641 304
644 306 644 303
647 306 647 304
565 309 565 304
573 309 574 304
576 309 577 304
579 309 580 305
585 309 586 306
588 309 588 306
593 309 594 306
596 309 597 305
599 309 600 305
602 309 602 305
604 309 605 306
607 309 608 306
619 309 617 305
624 309 625 306
630 309 631 306
633 309 634 306
638 309 638 306
641 309 641 306
644 309 644 306
647 309 647 306
562 312 559 304
573 312 574 307
576 312 577 307
582 312 583 308
585 312 586 308
588 312 588 308
590 312 592 308
593 312 594 309
596 312 597 308
599 312 600 309
602 312 602 308
604 312 605 309
610 312 611 309
613 312 614 309
616 312 617 310
621 312 621 308
624 312 626 310
630 312 629 309
633 312 633 309
638 312 638 309
641 312 641 309
644 312 644 309
647 312 647 309
565 315 563 309
568 315 567 312
571 315 570 310
573 315 573 310
576 315 576 313
579 315 579 313
582 315 583 311
585 315 585 311
588 315 588 311
590 315 591 310
593 315 594 311
596 315 597 310
599 315 600 311
610 315 611 311
613 315 614 311
616 315 617 312
633 315 632 311
635 315 637 312
638 315 640 312
644 315 644 312
647 315 647 312
