424 42 467 83
458 42 497 83
406 59 447 126
458 59 497 97
441 77 480 111
458 77 496 115
371 94 419 144
406 94 447 143
337 111 392 153
354 111 404 155
371 111 419 155
406 111 448 155
424 111 464 155
441 111 478 156
476 111 509 158
493 111 524 159
510 111 542 159
545 111 569 161
562 111 583 163
545 129 571 172
302 146 359 172
319 146 374 172
337 146 389 173
354 146 403 173
371 146 420 175
406 146 447 175
424 146 465 176
441 146 481 177
458 146 496 178
476 146 510 178
493 146 525 177
510 146 542 179
302 163 358 184
319 163 374 183
371 163 420 186
476 163 512 189
528 163 559 191
285 181 338 211
337 181 390 194
354 181 405 195
441 181 480 197
458 181 497 198
493 181 529 198
510 181 545 200
337 198 388 208
354 198 406 207
371 198 420 206
389 198 438 205
406 198 452 206
441 198 481 209
458 198 498 210
476 198 514 210
493 198 530 211
510 198 546 215
614 198 638 246
319 215 368 228
337 215 385 227
354 215 404 219
371 215 419 220
389 215 437 221
406 215 452 218
476 215 515 223
493 215 531 224
510 215 546 228
562 215 595 250
337 233 384 247
354 233 401 243
371 233 419 240
389 233 436 240
406 233 452 238
441 233 482 232
458 233 499 234
510 233 546 242
528 233 563 247
545 233 578 265
580 233 612 265
337 250 383 264
371 250 412 261
389 250 429 261
406 250 447 263
441 250 481 246
458 250 500 248
476 250 517 248
545 250 580 284
562 250 594 284
580 250 614 282
371 267 411 280
389 267 428 283
406 267 442 283
424 267 464 280
441 267 479 279
545 267 583 302
597 267 632 312
424 285 460 310
458 285 496 298
545 285 583 332
562 285 599 332
354 302 386 363
389 302 422 348
406 302 440 346
545 302 581 354
319 319 351 368
354 319 386 377
424 319 457 370
441 319 476 366
250 337 277 383
319 337 350 385
337 337 369 388
389 337 419 395
406 337 435 397
424 337 453 398
389 354 422 414
406 354 438 416
424 354 459 417
441 354 475 416
458 354 491 418
476 354 509 419
371 371 403 420
441 371 476 435
458 371 495 437
371 389 399 439
389 389 419 442
406 389 437 443
424 389 456 441
458 389 491 454
389 406 419 456
406 406 436 459
