250 25 183 7
267 25 200 6
285 25 219 9
302 25 233 13
406 25 355 16
545 25 481 55
597 25 521 55
614 25 538 57
632 25 550 57
649 25 589 55
215 42 110 17
233 42 167 19
250 42 181 22
267 42 201 26
406 42 360 27
424 42 388 11
441 42 409 12
458 42 425 15
476 42 443 17
562 42 537 18
580 42 556 19
614 42 540 75
632 42 553 74
649 42 586 74
267 59 197 57
389 59 342 41
406 59 360 44
424 59 391 31
441 59 407 31
458 59 425 32
476 59 443 32
614 59 539 92
649 59 586 87
406 77 361 58
424 77 391 53
441 77 405 51
458 77 422 51
476 77 434 65
493 77 452 71
510 77 466 72
528 77 484 73
649 77 586 107
354 94 305 70
371 94 324 71
389 94 341 73
476 94 435 82
493 94 449 84
510 94 467 86
528 94 482 88
545 94 499 90
319 111 248 96
337 111 286 84
354 111 305 86
371 111 324 87
389 111 342 90
406 111 362 91
476 111 433 98
493 111 449 99
510 111 467 101
528 111 483 104
545 111 499 105
562 111 515 107
614 111 548 145
319 129 265 98
337 129 285 99
354 129 305 102
371 129 324 104
389 129 343 105
406 129 360 108
424 129 378 108
441 129 397 109
458 129 413 112
476 129 433 114
493 129 449 115
510 129 466 117
528 129 484 119
545 129 500 120
597 129 533 138
632 129 580 123
285 146 199 145
302 146 246 113
319 146 267 115
337 146 286 116
354 146 304 118
371 146 324 120
389 146 343 122
406 146 361 124
424 146 379 125
510 146 468 132
528 146 485 134
545 146 499 137
597 146 548 122
614 146 554 162
302 163 245 132
319 163 266 133
337 163 286 134
354 163 305 137
371 163 325 138
389 163 344 139
406 163 363 140
424 163 381 141
441 163 398 142
458 163 415 143
528 163 486 151
580 163 513 171
597 163 537 170
614 163 562 162
632 163 569 174
267 181 195 163
285 181 222 159
302 181 245 151
319 181 267 152
337 181 286 152
354 181 306 153
371 181 324 155
389 181 344 155
406 181 363 157
424 181 382 159
458 181 418 161
476 181 437 162
267 198 197 177
285 198 217 179
302 198 242 174
319 198 266 173
337 198 285 172
354 198 306 171
371 198 325 172
389 198 345 172
406 198 363 174
424 198 382 175
441 198 400 177
458 198 418 177
476 198 435 178
493 198 454 180
528 198 483 186
545 198 497 193
562 198 514 194
597 198 544 196
614 198 560 196
215 215 111 214
233 215 149 200
250 215 173 199
267 215 195 199
285 215 214 201
302 215 235 200
319 215 262 194
337 215 283 192
354 215 304 190
371 215 324 190
389 215 344 191
406 215 364 191
424 215 383 192
441 215 402 193
458 215 419 195
476 215 438 196
493 215 454 198
528 215 484 204
545 215 499 209
562 215 515 210
580 215 531 210
215 233 129 215
233 233 149 216
250 233 171 218
267 233 192 218
285 233 212 222
302 233 231 222
319 233 261 211
337 233 280 212
354 233 302 211
371 233 322 211
389 233 341 211
406 233 361 211
424 233 381 211
441 233 401 211
458 233 420 212
476 233 437 213
493 233 454 214
528 233 484 222
545 233 499 227
562 233 514 226
580 233 530 227
233 250 147 236
250 250 164 237
267 250 189 236
285 250 211 243
302 250 229 242
319 250 258 233
337 250 280 233
354 250 302 229
371 250 318 230
389 250 336 231
406 250 358 232
424 250 378 231
441 250 397 230
458 250 420 230
476 250 437 231
493 250 454 233
545 250 498 245
562 250 513 245
580 250 529 247
285 267 208 267
302 267 227 266
319 267 250 256
337 267 279 255
354 267 299 253
371 267 320 253
389 267 337 253
406 267 358 254
424 267 381 255
441 267 399 255
458 267 416 250
476 267 436 249
528 267 477 262
545 267 494 263
562 267 511 264
580 267 528 265
597 267 544 267
614 267 562 270
267 285 176 297
285 285 207 283
302 285 225 286
319 285 247 288
337 285 264 281
354 285 296 275
406 285 352 277
424 285 372 275
441 285 392 275
458 285 413 273
493 285 454 271
545 285 493 283
562 285 510 283
580 285 528 282
597 285 544 282
614 285 561 283
632 285 577 295
267 302 177 313
285 302 211 307
319 302 245 309
337 302 278 308
354 302 291 306
389 302 329 301
406 302 348 299
424 302 369 298
458 302 410 294
476 302 430 292
493 302 451 290
510 302 470 292
545 302 495 301
562 302 509 301
580 302 529 299
597 302 545 299
614 302 562 299
632 302 578 314
250 319 153 338
267 319 180 324
285 319 211 325
302 319 227 324
319 319 263 309
354 319 295 323
371 319 308 324
389 319 327 324
406 319 346 321
424 319 366 320
441 319 387 319
458 319 406 317
476 319 427 314
493 319 449 310
510 319 469 309
545 319 491 322
580 319 531 314
597 319 547 315
614 319 565 319
267 337 180 344
285 337 208 340
302 337 227 341
319 337 239 340
337 337 260 342
354 337 294 339
371 337 314 341
389 337 328 342
406 337 347 342
424 337 364 342
441 337 383 340
458 337 404 338
476 337 426 334
510 337 460 333
528 337 475 338
545 337 491 339
580 337 532 333
597 337 548 332
614 337 566 333
632 337 580 335
250 354 159 362
267 354 176 359
285 354 193 361
302 354 225 359
319 354 240 358
337 354 256 357
354 354 275 357
371 354 299 362
389 354 332 361
406 354 347 360
424 354 366 361
441 354 382 360
458 354 399 360
476 354 423 355
493 354 442 354
510 354 456 354
528 354 472 356
545 354 489 357
562 354 514 350
580 354 531 350
597 354 547 350
614 354 563 352
632 354 580 355
250 371 156 380
267 371 175 380
285 371 210 381
302 371 227 378
337 371 260 375
354 371 276 375
371 371 301 377
389 371 331 377
406 371 348 378
424 371 366 380
441 371 384 379
458 371 399 380
476 371 418 372
493 371 440 371
510 371 460 371
528 371 477 369
545 371 494 368
562 371 515 366
580 371 532 365
597 371 543 370
614 371 562 371
267 389 172 397
285 389 190 396
302 389 224 400
319 389 245 397
337 389 263 394
354 389 280 398
371 389 302 395
389 389 328 398
406 389 346 398
424 389 364 398
441 389 381 397
458 389 399 398
493 389 438 386
510 389 460 385
528 389 474 388
545 389 492 387
562 389 515 384
597 389 547 386
614 389 565 389
267 406 191 429
285 406 188 416
302 406 211 418
319 406 228 418
354 406 282 419
371 406 299 419
389 406 327 416
406 406 347 418
424 406 363 415
441 406 381 414
458 406 400 416
476 406 419 416
493 406 437 405
510 406 456 406
528 406 474 409
545 406 492 410
562 406 519 400
597 406 548 398
614 406 567 401
302 424 205 431
319 424 227 433
337 424 260 439
354 424 278 438
371 424 296 435
389 424 328 435
406 424 347 436
424 424 366 437
441 424 384 435
458 424 399 435
476 424 416 436
493 424 435 436
510 424 453 435
528 424 471 434
545 424 492 422
580 424 539 418
614 424 566 418
319 441 223 446
337 441 243 451
354 441 276 457
371 441 295 454
389 441 317 452
406 441 348 452
424 441 367 453
441 441 384 453
458 441 399 452
476 441 416 455
493 441 435 455
510 441 451 456
528 441 470 456
354 458 262 468
371 458 292 471
389 458 311 469
406 458 347 469
424 458 365 469
441 458 382 466
458 458 402 465
476 476 420 478
493 476 433 478
510 476 457 478
