573 199 586 215
542 205 564 212
588 205 596 212
540 208 562 212
545 208 564 215
576 213 591 225
548 222 558 217
593 222 598 223
556 225 565 219
559 225 567 219
593 225 598 226
534 230 587 280
548 230 560 223
579 230 576 228
599 233 600 229
607 233 608 230
599 236 600 232
602 236 602 232
604 236 605 233
607 236 609 233
610 236 611 233
537 239 546 238
556 239 565 262
602 239 602 234
604 239 605 235
537 242 546 241
602 242 602 238
604 242 605 238
610 242 609 236
613 242 612 236
616 242 614 237
542 244 551 245
565 244 566 255
602 244 602 242
610 244 608 239
613 244 611 243
616 244 614 243
528 247 544 254
565 247 566 258
602 247 601 245
604 247 604 245
610 247 608 245
613 247 610 246
616 247 613 246
540 250 548 250
573 250 582 254
604 250 603 247
610 250 607 248
613 250 610 248
616 250 613 250
619 250 615 249
621 250 619 250
548 253 556 255
554 253 552 264
559 253 556 264
565 253 565 265
571 253 570 263
604 253 603 250
610 253 607 251
613 253 610 252
616 253 612 252
621 253 617 252
624 253 621 253
548 256 554 251
556 256 552 266
559 256 556 266
565 256 565 267
604 256 603 253
607 256 606 254
613 256 610 254
619 256 613 255
621 256 616 255
624 256 619 256
621 258 615 258
554 264 555 276
607 264 608 273
619 264 612 261
568 267 566 274
602 267 598 274
624 267 614 265
630 270 617 271
633 270 620 271
568 273 566 280
579 273 578 282
607 273 601 279
610 273 603 279
630 273 617 268
562 275 562 287
585 275 581 285
607 275 597 281
562 278 562 290
565 278 564 290
571 278 569 290
573 278 575 285
593 278 587 286
610 278 600 282
621 278 609 279
624 278 612 280
633 278 622 282
635 278 625 282
641 278 628 282
644 278 631 282
562 281 562 292
565 281 564 292
571 281 568 293
573 281 571 291
579 281 578 288
585 281 580 288
590 281 583 289
610 281 600 285
619 281 606 283
621 281 609 282
627 281 612 283
635 281 625 284
638 281 627 284
644 281 631 285
647 281 647 305
562 284 561 295
565 284 564 295
571 284 568 295
573 284 571 294
582 284 577 291
585 284 580 291
588 284 583 292
593 284 587 292
596 284 589 293
619 284 606 285
627 284 612 287
630 284 615 286
554 287 555 295
573 287 571 298
579 287 574 294
582 287 577 294
585 287 580 294
588 287 583 294
627 287 614 290
638 287 627 288
565 290 564 299
573 290 571 300
576 290 574 300
579 290 576 297
588 290 583 297
590 290 586 296
596 290 590 296
613 290 603 291
616 290 605 291
644 290 631 291
548 292 546 294
551 292 548 294
556 292 552 294
571 292 567 302
573 292 570 302
582 292 579 300
590 292 585 298
593 292 588 298
613 292 604 294
559 295 557 301
568 295 566 305
571 295 569 305
579 295 576 304
582 295 579 304
588 295 582 301
590 295 585 301
593 295 588 302
596 295 590 301
607 295 601 300
613 295 604 297
616 295 610 304
633 295 620 296
568 298 566 309
571 298 569 309
579 298 576 307
582 298 578 307
585 298 581 307
593 298 588 305
596 298 590 304
610 298 603 307
613 298 604 300
565 301 564 308
573 301 572 310
582 301 578 310
585 301 581 310
588 301 584 308
593 301 588 308
596 301 591 308
624 301 618 308
568 304 566 311
573 304 571 313
582 304 578 313
585 304 580 313
593 304 588 311
596 304 591 311
599 304 593 309
602 304 596 309
604 304 599 309
607 304 603 309
616 304 609 307
565 306 562 311
588 306 583 314
599 306 593 312
602 306 595 313
604 306 599 312
633 306 622 310
638 306 628 309
593 309 590 315
610 309 602 312
630 309 619 312
633 309 622 312
635 309 624 313
638 309 627 312
641 309 631 312
644 309 633 311
647 309 636 311
571 312 565 315
616 312 608 314
621 312 612 314
624 312 614 314
630 312 619 314
633 312 622 314
635 312 624 315
582 315 572 315
607 315 603 315
616 315 597 315
638 315 627 316
641 315 631 316
