571 202 585 201
571 205 585 203
562 208 577 204
562 211 575 206
573 227 572 227
576 227 575 227
573 230 573 229
559 242 564 241
576 250 578 252
593 304 588 305
599 304 594 303
596 306 591 307
599 306 594 307
602 306 597 307
647 306 646 302
593 309 588 310
596 309 591 309
599 309 594 309
602 309 596 309
604 309 599 309
633 309 625 311
647 309 646 307
588 312 583 313
590 312 586 313
596 312 589 312
599 312 592 312
630 312 623 314
647 312 646 310
585 315 580 316
588 315 583 316
590 315 586 315
596 315 589 315
599 315 591 315
602 315 594 315
604 315 597 315
607 315 600 315
