1 0 0 -0.04922165349125862 
0 1 0 -0.0675094872713089 
0 0 1 -0.5077975988388062 
0 0 0 1 

0.9984754920005798 -0.02576548233628273 -0.04881234094500542 -0.06175684556365013 
0.02739872969686985 0.9990767240524292 0.03308988735079765 -0.08794748038053513 
0.04791467264294624 -0.03437687829136848 0.9982596039772034 -0.5123623609542847 
0 0 0 1 

0.9975633025169373 -0.04650289937853813 -0.05200827866792679 -0.05976419895887375 
0.04822009429335594 0.9983155131340027 0.03226460888981819 -0.08934095501899719 
0.05042026564478874 -0.03469384089112282 0.9981252551078796 -0.5134398937225342 
0 0 0 1 

0.9979965090751648 -0.04267899319529533 -0.04670631885528564 -0.05151507630944252 
0.0452248826622963 0.9974681735038757 0.05488062277436256 -0.1026461869478226 
0.04424576461315155 -0.05688299611210823 0.9973998665809631 -0.5091110467910767 
0 0 0 1 

0.998389720916748 -0.02950918301939964 -0.04844532161951065 -0.0519058033823967 
0.03087751008570194 0.9991380572319031 0.02774248085916042 -0.0912088006734848 
0.04758487269282341 -0.02919374033808708 0.9984403848648071 -0.5141420364379883 
0 0 0 1 

0.9889729022979736 -0.1195128485560417 -0.08745989948511124 -0.03591115400195122 
0.1243023574352264 0.9909060597419739 0.05151676014065742 -0.1109208762645721 
0.08050762861967087 -0.06182016804814339 0.9948350787162781 -0.5198510885238647 
0 0 0 1 

0.9817193150520325 -0.171255812048912 -0.08305830508470535 -0.03353292122483253 
0.1775039583444595 0.9812759757041931 0.07476458698511124 -0.1254944801330566 
0.0686991959810257 -0.0881410613656044 0.9937361478805542 -0.5162560939788818 
0 0 0 1 

0.9589787125587463 -0.2598389983177185 -0.1133290901780128 -0.01470594853162766 
0.2704043686389923 0.9584792256355286 0.09054825454950333 -0.1333610862493515 
0.08509556204080582 -0.1174785792827606 0.9894228577613831 -0.5113832950592041 
0 0 0 1 

0.9535347819328308 -0.293626993894577 -0.06748760491609573 -0.03068814054131508 
0.2977458536624908 0.9526176452636719 0.06218547746539116 -0.1219414621591568 
0.04603053256869316 -0.07939017564058304 0.9957802891731262 -0.5201358795166016 
0 0 0 1 

0.8621900081634521 -0.5057449340820312 -0.02915237843990326 -0.03036455623805523 
0.506412148475647 0.8589661717414856 0.07565511763095856 -0.1278569102287292 
-0.01322131138294935 -0.07999220490455627 0.9967077970504761 -0.5207934975624084 
0 0 0 1 

