489 248 473 260
483 251 471 263
495 251 483 256
483 253 471 266
492 253 478 261
481 256 469 265
483 256 472 269
492 256 479 264
495 256 482 263
478 262 463 272
483 262 473 272
442 265 427 302
481 268 453 288
501 271 477 285
495 274 472 291
498 274 476 290
501 274 479 289
504 274 481 288
501 277 479 293
504 277 482 292
486 280 474 258
492 283 455 308
501 283 481 295
492 286 459 310
495 286 465 307
486 289 465 335
528 289 475 294
533 289 471 299
460 292 433 294
495 292 478 302
498 292 473 308
457 295 430 298
460 295 434 298
478 298 418 309
489 298 454 328
513 303 483 317
478 306 463 298
483 309 476 336
486 309 481 335
510 309 488 319
475 327 467 328
498 327 490 336
475 330 468 332
478 330 471 331
504 330 485 330
