458 59 626 171
458 111 626 214
476 111 645 215
389 163 566 264
424 163 597 265
441 163 615 265
476 163 650 265
493 163 670 265
528 163 713 266
354 181 529 276
371 181 546 276
389 181 560 277
406 181 576 278
441 181 612 279
458 181 630 280
476 181 648 279
493 181 666 279
528 181 708 281
337 198 513 291
354 198 527 289
371 198 541 289
389 198 557 290
493 198 663 293
510 198 683 294
528 198 708 298
302 215 487 306
337 215 511 306
354 215 527 304
476 215 639 306
493 215 658 307
302 233 486 323
337 233 512 321
371 233 540 319
389 233 556 319
424 233 585 319
441 233 603 321
458 233 620 320
476 233 638 321
493 233 656 322
510 233 681 325
302 250 487 340
319 250 501 340
354 250 525 335
371 250 539 335
389 250 555 335
424 250 586 337
441 250 602 337
458 250 619 338
476 250 635 337
493 250 656 337
510 250 683 343
528 250 704 347
562 250 759 358
354 267 524 351
371 267 538 351
406 267 567 351
424 267 589 355
458 267 625 357
493 267 655 355
562 267 760 378
580 267 784 381
354 285 523 367
371 285 537 368
389 285 553 369
406 285 572 372
424 285 590 373
441 285 608 375
458 285 623 375
476 285 642 375
493 285 660 371
510 285 677 374
545 285 740 395
562 285 767 399
580 285 794 403
441 302 608 398
458 302 626 394
476 302 643 395
371 319 542 408
389 319 558 408
406 319 575 415
424 319 592 416
441 319 608 417
458 319 627 417
476 319 644 413
545 319 752 447
562 319 773 446
389 337 559 432
406 337 576 435
424 337 592 436
441 337 611 439
458 337 630 438
493 337 662 440
545 337 754 468
337 354 513 450
406 354 576 456
424 354 593 454
441 354 612 456
458 354 631 458
285 371 464 455
371 371 542 472
389 371 557 473
424 371 592 476
267 389 445 469
