548 227 568 226
548 239 563 238
579 244 590 246
579 250 590 249
593 256 599 252
604 264 620 259
596 270 611 265
576 273 587 264
596 273 611 268
616 273 629 265
616 275 629 269
621 275 635 270
590 278 605 269
599 278 615 272
604 278 618 272
619 278 632 273
621 278 635 273
604 281 618 274
607 281 620 274
610 281 623 275
616 281 629 276
619 281 632 276
621 281 635 276
604 284 618 277
607 284 621 277
610 284 624 279
613 284 626 279
616 284 630 280
619 284 632 280
590 287 604 281
593 287 607 281
602 287 615 281
604 287 618 281
616 287 627 282
619 287 630 282
621 287 633 283
630 287 641 282
590 290 604 284
616 290 627 285
619 290 629 285
624 290 634 285
582 292 596 287
585 292 599 288
619 292 628 288
621 292 631 288
624 292 634 288
633 292 646 292
579 295 593 290
582 295 596 291
585 295 599 290
602 295 615 289
619 295 628 291
621 295 630 291
624 295 633 291
627 295 636 291
531 298 553 287
573 298 589 291
582 298 596 294
585 298 599 293
588 298 601 293
596 298 610 292
599 298 613 292
602 298 615 292
616 298 625 294
621 298 629 294
624 298 631 294
627 298 636 294
579 301 593 299
582 301 596 298
585 301 599 298
590 301 604 298
599 301 612 295
616 301 625 297
619 301 627 297
624 301 631 297
627 301 634 297
630 301 636 297
573 304 587 302
576 304 590 299
579 304 593 301
582 304 596 302
590 304 604 301
616 304 625 299
619 304 627 299
621 304 630 299
627 304 634 299
565 306 581 300
571 306 584 306
573 306 587 305
576 306 590 303
579 306 593 304
582 306 596 304
588 306 601 303
604 306 616 300
619 306 628 302
565 309 581 302
571 309 584 308
573 309 587 308
576 309 589 308
579 309 593 307
588 309 601 307
610 309 623 305
568 312 581 309
582 312 593 311
585 312 597 311
590 312 602 309
568 315 580 312
573 315 585 314
576 315 587 315
582 315 594 315
585 315 597 316
588 315 600 315
590 315 603 314
593 315 605 315
596 315 612 315
627 315 634 309
