364 149 380 153
317 154 333 153
333 154 346 154
369 154 385 159
286 160 292 169
312 160 317 159
333 160 345 159
343 160 359 161
349 160 364 161
307 165 313 163
333 165 344 164
338 165 348 165
364 165 380 164
333 170 345 169
343 170 354 169
364 170 380 170
281 175 297 168
297 175 302 174
265 180 275 174
271 180 281 173
297 180 344 174
302 180 349 174
307 180 312 180
312 180 360 175
317 180 366 175
333 180 377 180
338 180 382 181
354 180 370 176
395 180 396 175
401 180 402 181
271 186 281 178
307 186 311 191
333 186 376 186
338 186 381 186
343 186 387 185
406 186 408 187
276 191 291 185
281 191 296 185
333 191 376 190
338 191 381 190
343 191 386 190
349 191 391 191
255 196 261 207
286 196 296 201
317 196 360 196
323 196 365 196
328 196 369 197
333 196 376 195
338 196 382 194
343 196 386 195
286 201 302 201
328 201 369 201
333 201 376 200
338 201 381 200
343 201 386 200
406 201 407 197
411 201 412 197
276 206 290 206
297 206 323 206
317 206 360 201
323 206 366 202
328 206 370 205
333 206 375 207
359 206 389 206
406 206 407 203
411 206 411 202
265 212 275 212
286 212 297 212
312 212 353 207
323 212 365 207
333 212 355 189
364 212 395 211
401 212 405 208
411 212 411 207
260 217 265 216
265 217 274 216
271 217 280 217
276 217 285 217
281 217 292 216
286 217 311 216
312 217 354 212
323 217 364 213
328 217 369 213
354 217 386 213
401 217 405 213
416 217 412 217
260 222 264 221
265 222 269 220
271 222 279 221
276 222 285 221
281 222 291 220
286 222 311 221
291 222 316 221
312 222 353 218
317 222 358 218
364 222 392 219
416 222 411 223
265 227 269 226
276 227 287 225
281 227 292 225
286 227 295 227
291 227 333 223
307 227 348 223
312 227 353 223
317 227 358 223
328 227 365 223
364 227 393 226
380 227 401 223
411 227 406 229
276 232 286 230
281 232 292 231
291 232 334 229
307 232 348 227
312 232 354 228
323 232 359 228
333 232 370 233
411 232 408 222
276 238 287 236
281 238 291 237
291 238 334 233
297 238 338 234
307 238 349 234
312 238 355 234
338 238 375 234
349 238 381 234
364 238 391 235
369 238 396 235
375 238 400 235
411 238 407 234
281 243 291 241
302 243 344 239
307 243 349 239
312 243 354 239
317 243 359 238
323 243 364 239
359 243 386 242
364 243 391 240
281 248 290 246
307 248 348 244
312 248 354 245
317 248 359 244
323 248 363 244
338 248 375 245
343 248 379 245
364 248 391 246
369 248 396 246
307 253 349 249
312 253 355 250
323 253 365 249
328 253 369 249
338 253 375 249
343 253 378 250
354 253 384 251
369 253 395 251
297 258 333 255
312 258 354 255
317 258 359 254
333 258 371 255
338 258 374 255
354 258 384 256
395 258 394 260
401 258 407 239
291 264 326 262
297 264 333 260
307 264 349 260
323 264 364 259
328 264 368 259
333 264 370 264
349 264 381 260
354 264 384 261
364 264 390 261
390 264 390 265
395 264 401 248
416 264 417 249
286 269 320 268
291 269 326 268
297 269 332 265
312 269 355 266
317 269 359 266
323 269 364 265
359 269 386 266
390 269 389 269
276 274 306 274
286 274 321 274
291 274 325 273
297 274 332 273
302 274 342 274
312 274 354 270
317 274 359 271
323 274 363 270
328 274 367 271
338 274 374 272
349 274 379 271
359 274 385 270
395 274 395 271
286 279 316 279
291 279 325 278
297 279 333 278
302 279 342 279
312 279 354 275
317 279 358 276
385 279 388 280
286 284 317 284
291 284 326 284
297 284 333 284
307 284 342 285
317 284 357 281
375 284 385 285
385 284 389 285
390 284 394 286
401 284 416 270
411 284 410 285
291 290 322 290
297 290 332 290
302 290 337 289
307 290 343 290
312 290 349 289
323 290 360 290
385 290 390 291
390 290 395 291
395 290 399 292
401 290 416 275
297 295 327 296
307 295 343 296
312 295 348 296
317 295 354 295
380 295 385 296
385 295 390 295
390 295 394 296
395 295 399 296
406 295 406 295
411 295 410 295
416 295 415 295
317 300 352 301
359 300 373 298
375 300 380 302
380 300 385 301
385 300 390 301
390 300 395 300
395 300 400 300
401 300 404 300
411 300 411 300
416 300 417 300
291 305 305 307
302 305 317 307
343 305 358 306
359 305 368 307
375 305 380 307
380 305 385 307
385 305 390 306
390 305 395 306
395 305 400 306
401 305 405 307
411 305 415 306
291 310 306 311
333 310 343 315
338 310 347 317
343 310 352 317
369 310 375 312
375 310 380 311
380 310 386 312
385 310 390 312
390 310 395 311
395 310 400 311
401 310 405 311
406 310 410 311
411 310 415 311
416 310 419 311
421 310 425 311
442 310 442 311
338 316 348 321
354 316 357 322
369 316 376 316
375 316 380 317
380 316 385 317
385 316 390 317
390 316 395 317
395 316 400 317
401 316 405 317
406 316 411 317
411 316 415 316
416 316 420 316
307 321 309 322
317 321 319 321
343 321 353 323
354 321 363 320
359 321 368 319
369 321 375 321
375 321 381 322
380 321 385 323
385 321 390 322
390 321 395 321
395 321 400 321
401 321 406 322
406 321 411 322
411 321 416 322
416 321 421 322
437 321 438 320
442 321 443 320
307 326 310 326
312 326 314 327
317 326 320 326
323 326 326 325
328 326 331 325
333 326 336 326
343 326 352 327
349 326 357 326
359 326 368 324
369 326 375 328
375 326 380 327
380 326 385 327
385 326 390 327
390 326 396 326
395 326 400 326
401 326 405 326
406 326 411 327
411 326 416 327
421 326 426 328
427 326 431 327
442 326 443 324
307 331 305 332
312 331 314 332
328 331 330 332
338 331 341 331
349 331 356 332
364 331 370 332
369 331 375 332
375 331 380 332
385 331 390 332
390 331 395 332
395 331 401 332
401 331 405 332
406 331 411 332
416 331 421 332
421 331 425 332
427 331 431 332
432 331 437 332
442 331 443 329
302 336 300 337
307 336 306 337
312 336 315 336
323 336 326 332
328 336 329 338
333 336 335 338
354 336 360 337
369 336 375 337
375 336 380 337
380 336 385 337
390 336 395 337
401 336 405 337
411 336 417 337
416 336 422 337
427 336 432 338
432 336 437 337
437 336 441 337
