312 212 365 206
323 212 376 207
317 217 371 210
323 217 374 212
307 227 364 217
333 238 378 227
333 243 380 237
323 248 374 239
364 248 394 244
333 258 381 247
359 258 391 254
286 264 333 257
297 269 353 262
312 269 370 263
297 274 353 267
302 274 360 268
307 274 365 265
312 274 370 268
291 279 343 272
302 279 360 272
307 279 365 271
323 279 374 264
328 279 380 265
291 284 347 279
297 284 353 278
302 284 358 278
312 284 365 278
323 284 374 269
291 290 344 285
302 290 354 284
307 290 360 284
312 290 365 284
317 290 369 284
297 295 348 290
302 295 354 290
307 295 360 291
