463 236 464 245
460 239 460 247
414 241 413 241
441 241 436 244
474 241 463 252
414 244 412 246
422 244 422 244
425 244 422 248
430 244 427 249
463 244 458 252
466 244 461 253
477 244 467 253
411 247 410 248
416 247 414 249
425 247 422 251
427 247 425 251
430 247 428 251
452 247 444 266
414 250 412 251
419 250 417 252
414 252 411 254
416 252 414 254
419 252 419 254
422 252 425 255
427 252 425 259
457 252 458 258
427 255 422 257
416 258 414 263
419 258 417 262
471 258 458 266
468 261 454 269
436 263 433 266
438 263 436 265
444 263 438 272
452 263 444 274
455 263 446 274
482 263 469 261
386 266 406 251
436 266 433 268
452 266 444 277
430 272 425 280
444 272 449 271
485 272 471 278
383 274 385 273
389 274 408 270
433 274 427 288
479 274 465 283
383 277 385 276
389 277 408 273
479 277 465 286
488 277 481 284
490 277 485 284
381 280 382 278
389 280 408 276
433 280 422 266
479 280 465 289
381 282 382 282
433 282 422 268
436 282 425 269
422 285 411 282
433 285 422 271
436 285 425 271
381 288 380 288
383 288 383 288
389 288 396 290
427 288 415 274
433 288 422 274
436 288 425 274
383 291 383 290
430 291 418 276
436 291 427 296
381 293 380 293
383 293 383 294
427 293 416 279
433 293 423 298
436 293 426 302
438 293 430 302
468 293 475 289
381 296 380 297
383 296 382 297
411 299 379 314
493 302 493 292
394 304 393 301
427 304 416 287
436 304 424 288
468 304 488 303
471 304 491 303
425 307 410 293
468 307 488 305
452 310 459 299
466 310 482 297
468 310 460 308
471 310 463 308
403 313 393 312
468 313 488 297
471 313 487 311
474 313 494 309
441 315 432 308
400 318 415 331
419 318 404 309
422 318 407 309
427 318 413 310
430 318 416 310
433 318 418 310
378 321 378 332
416 321 393 318
433 321 418 315
436 321 421 314
441 321 429 315
436 324 420 316
438 324 423 316
449 324 431 319
452 324 435 319
436 326 418 321
438 326 423 319
441 326 426 319
444 326 446 319
446 326 448 319
449 326 432 321
455 329 449 325
457 329 451 325
460 329 454 325
419 332 404 318
460 332 454 328
427 335 477 334
452 335 437 333
474 335 482 333
405 337 379 337
452 337 437 337
493 337 493 337
