383 233 440 242
389 233 457 241
414 233 472 241
416 233 476 241
411 236 470 242
389 239 449 247
414 239 473 247
386 241 446 250
392 241 452 249
378 247 378 259
381 255 448 271
378 261 378 250
386 261 453 277
405 261 430 292
378 263 378 253
383 263 450 280
386 263 453 279
411 266 437 294
414 269 439 297
416 269 439 287
427 272 481 288
416 274 432 279
425 274 437 279
400 280 458 276
422 280 438 280
397 282 461 273
394 285 457 280
397 285 459 279
400 285 460 282
405 285 465 280
433 285 454 285
400 288 462 283
400 291 460 288
403 291 463 285
405 291 466 284
378 293 378 313
392 293 454 289
397 293 458 291
400 293 461 290
405 293 466 289
392 307 387 327
446 310 478 315
452 310 481 314
427 313 432 303
452 313 482 317
452 315 482 321
378 318 378 331
386 318 387 329
433 318 464 323
438 318 471 326
441 318 474 325
444 318 476 324
378 321 378 334
383 321 385 333
438 321 471 329
441 321 474 328
455 324 436 314
405 326 418 329
408 326 420 329
411 326 423 328
427 329 459 330
430 329 462 330
430 332 462 333
405 335 426 335
444 335 477 330
