408 225 458 226
411 225 461 226
408 228 458 229
411 228 461 229
411 230 456 233
414 230 459 232
416 230 465 232
381 233 433 234
383 233 436 234
392 233 417 243
411 233 433 240
414 233 459 235
383 236 437 236
392 236 444 237
397 236 448 236
400 236 451 236
405 236 453 237
408 236 456 237
416 236 463 238
419 236 465 236
389 239 417 246
394 239 448 239
400 239 450 239
405 239 454 240
408 239 457 239
394 241 422 249
405 241 454 242
414 241 459 245
386 244 442 242
389 244 445 243
414 244 460 247
416 244 462 247
422 244 468 244
389 247 445 245
392 247 448 245
414 247 460 250
416 247 462 250
392 250 448 248
416 250 463 252
425 250 398 281
411 252 460 256
394 255 448 256
430 255 402 284
389 258 424 271
430 258 402 287
378 261 378 257
394 261 452 268
430 261 398 279
433 261 402 279
394 263 452 270
397 263 455 270
400 263 395 282
433 263 402 281
394 266 452 273
397 266 454 273
400 266 396 284
386 272 450 276
389 272 452 276
392 272 454 276
389 274 453 279
392 274 455 279
397 274 447 271
405 274 458 279
397 277 459 282
444 277 405 295
383 280 445 288
386 280 447 288
419 280 461 264
425 280 466 266
444 280 404 297
383 282 445 290
383 285 445 293
403 285 435 260
405 285 437 260
400 288 432 263
403 288 435 263
405 288 438 262
446 288 406 305
403 291 434 266
441 291 484 282
386 293 449 305
397 293 481 281
408 293 438 268
411 293 441 265
441 293 484 285
378 307 377 322
441 307 446 316
392 313 406 321
392 315 406 323
427 315 423 317
430 315 464 298
430 318 465 301
435 318 468 301
449 318 479 303
378 321 378 313
392 329 420 328
427 329 424 334
452 329 469 326
405 335 430 334
