466 211 494 281
448 221 455 273
451 221 457 273
478 224 497 284
451 227 476 265
466 233 482 274
441 236 447 294
448 242 459 291
475 242 455 308
478 242 457 308
423 245 444 282
417 248 438 285
420 248 441 285
423 248 444 285
491 248 470 305
448 251 476 295
484 251 465 308
491 251 470 308
494 251 472 308
435 254 466 295
438 254 457 309
484 254 466 310
491 254 470 311
494 254 472 311
497 254 475 311
451 258 460 320
441 261 432 300
454 261 462 322
460 261 484 305
451 264 475 307
475 264 488 305
457 267 480 311
423 270 459 310
426 270 453 319
429 270 456 319
460 270 480 314
463 270 483 314
411 273 447 319
414 273 450 319
460 273 480 317
429 276 456 323
460 276 481 320
429 279 456 326
438 279 466 319
429 282 456 329
441 282 469 322
454 282 471 327
444 285 468 326
429 288 491 327
457 307 449 335
