1 0 0 -0.04922165349125862 
0 1 0 -0.0675094872713089 
0 0 1 -0.5077975988388062 
0 0 0 1 

0.9983592629432678 0.05411514267325401 -0.01871615834534168 -0.07862302660942078 
-0.05315334722399712 0.9974055886268616 0.04854604974389076 -0.09236521273851395 
0.02129472233355045 -0.0474715493619442 0.998645544052124 -0.5093932151794434 
0 0 0 1 

0.9982919096946716 0.05467115715146065 -0.02059927396476269 -0.07827798277139664 
-0.0537993498146534 0.9977205991744995 0.04073400795459747 -0.08895646780729294 
0.02277927473187447 -0.03955621272325516 0.9989576935768127 -0.5113674998283386 
0 0 0 1 

0.9969933032989502 0.07362121343612671 -0.02417121082544327 -0.06619063019752502 
-0.07282461225986481 0.9968205690383911 0.03233132883906364 -0.08947509527206421 
0.02647465094923973 -0.03047384507954121 0.9991849064826965 -0.5128211975097656 
0 0 0 1 

0.9845612645149231 -0.1733032315969467 -0.02459640428423882 -0.05911945551633835 
0.1745076030492783 0.982778787612915 0.06076870113611221 -0.120641328394413 
0.01364138722419739 -0.06412278115749359 0.9978487491607666 -0.5181086659431458 
0 0 0 1 

0.9850683212280273 -0.1679794788360596 -0.03772565722465515 -0.05294030532240868 
0.1705450713634491 0.9820684790611267 0.08034838736057281 -0.1304340958595276 
0.02355229109525681 -0.08558258414268494 0.9960526823997498 -0.5152578949928284 
0 0 0 1 

0.9825429320335388 -0.1830117404460907 -0.03340581804513931 -0.05023482069373131 
0.1847493648529053 0.980968713760376 0.05973133072257042 -0.1198904737830162 
0.02183846570551395 -0.06486032903194427 0.9976553320884705 -0.5210002660751343 
0 0 0 1 

0.9857329130172729 -0.1656922250986099 -0.02960856072604656 -0.05148200318217278 
0.1671869605779648 0.9841963052749634 0.0583617277443409 -0.1207285076379776 
0.01947051472961903 -0.06247925385832787 0.9978563189506531 -0.5231183171272278 
0 0 0 1 

0.960778534412384 -0.2758976519107819 -0.02801661565899849 -0.08144282549619675 
0.2771128118038177 0.951289176940918 0.1351191997528076 -0.1984608024358749 
-0.01062724739313126 -0.1375834047794342 0.9904331564903259 -0.5404237508773804 
0 0 0 1 

0.9562171101570129 -0.1929335743188858 -0.2200586199760437 0.1385629177093506 
0.2138252407312393 0.9739722013473511 0.07521442323923111 -0.09845928847789764 
0.1998194009065628 -0.1189753487706184 0.9725829362869263 -0.8148190975189209 
0 0 0 1 

