1 0 0 -0.2022774517536163 
0 1 0 -0.02555054239928722 
0 0 1 -0.5562111139297485 
0 0 0 1 

0.9986028075218201 -0.0504462942481041 0.01573708839714527 -0.2008586823940277 
0.04929016530513763 0.9965494871139526 0.06678096950054169 -0.06731574237346649 
-0.01905161328613758 -0.06591197848320007 0.9976435899734497 -0.5289279818534851 
0 0 0 1 

0.9920592904090881 -0.07304480671882629 -0.1023851484060287 -0.1342930942773819 
0.08213652670383453 0.9927645325660706 0.08759050071239471 -0.07822157442569733 
0.09524627029895782 -0.09530457854270935 0.9908809661865234 -0.5443636775016785 
0 0 0 1 

0.9475033283233643 -0.184366911649704 0.261239618062973 -0.3097968995571136 
0.161650538444519 0.9811257123947144 0.1061196476221085 -0.09135521948337555 
-0.2758738696575165 -0.05831912532448769 0.9594229459762573 -0.4440315663814545 
0 0 0 1 

0.9347484111785889 -0.2733295857906342 0.2270157635211945 -0.2825700342655182 
0.2354463040828705 0.9550029635429382 0.1803726702928543 -0.1433039307594299 
-0.2661019563674927 -0.1151529625058174 0.9570420384407043 -0.4374458789825439 
0 0 0 1 

0.9408066272735596 -0.3288302719593048 0.08217953145503998 -0.2058890610933304 
0.304485410451889 0.9264565110206604 0.2212844341993332 -0.1765689998865128 
-0.1489008516073227 -0.1831633597612381 0.9717405438423157 -0.4594314992427826 
0 0 0 1 

0.9614641070365906 -0.245505228638649 0.1237487196922302 -0.2266542911529541 
0.229046031832695 0.9642347693443298 0.1333758234977722 -0.1190862730145454 
-0.1520673334598541 -0.09989185631275177 0.983309268951416 -0.4651379883289337 
0 0 0 1 

0.9173486828804016 -0.3378433585166931 0.2105541825294495 -0.2562716901302338 
0.3281131386756897 0.9411895871162415 0.08064651489257812 -0.1094507947564125 
-0.2254173010587692 -0.004895308054983616 0.9742499589920044 -0.4493089616298676 
0 0 0 1 

0.9888501763343811 -0.1269919723272324 0.07777028530836105 -0.2082908451557159 
0.1226482689380646 0.9907357692718506 0.05830894038081169 -0.05915912985801697 
-0.08445460349321365 -0.04812036082148552 0.9952647089958191 -0.474707692861557 
0 0 0 1 

0.9863842129707336 -0.1208948194980621 0.111491784453392 -0.2225499898195267 
0.1128974407911301 0.9907360672950745 0.0754723995923996 -0.06395047903060913 
-0.1195832043886185 -0.06185756623744965 0.9908952713012695 -0.4639948606491089 
0 0 0 1 

