493 25 601 144
528 42 654 161
458 94 570 198
476 94 586 198
476 111 587 212
441 146 565 246
389 163 512 257
406 163 530 260
424 163 547 261
441 163 562 260
458 163 581 260
493 163 613 260
371 198 493 282
389 198 509 283
406 198 524 282
424 198 540 282
441 198 556 283
458 198 572 282
493 198 602 282
510 198 620 283
528 198 640 284
354 215 481 299
371 215 494 297
389 215 509 297
406 215 524 295
441 215 556 296
458 215 575 298
493 215 600 296
510 215 620 296
528 215 640 298
319 233 456 320
354 233 482 315
371 233 494 311
389 233 509 312
406 233 522 311
424 233 537 309
441 233 555 311
458 233 573 311
510 233 625 312
528 233 641 313
371 250 492 327
389 250 507 327
406 250 524 328
424 250 536 325
441 250 554 325
458 250 571 326
476 250 589 327
493 250 599 323
510 250 617 324
528 250 641 329
562 250 691 341
597 250 727 341
354 267 479 346
371 267 494 342
389 267 509 343
406 267 526 344
424 267 540 344
441 267 556 344
458 267 571 344
476 267 588 344
562 267 697 361
580 267 712 360
597 267 732 360
371 285 494 359
389 285 508 360
406 285 524 361
424 285 541 362
441 285 559 363
458 285 573 362
476 285 589 363
510 285 618 357
545 285 679 385
562 285 700 379
580 285 715 379
424 302 543 381
441 302 560 382
458 302 576 382
476 302 592 380
493 302 608 381
562 302 702 402
580 302 719 405
354 319 486 407
389 319 513 403
424 319 547 404
441 319 561 404
458 319 577 403
476 319 593 401
493 319 610 401
510 319 625 401
319 337 454 423
354 337 484 426
371 337 499 422
389 337 516 424
424 337 547 425
441 337 563 424
458 337 580 423
476 337 597 423
493 337 610 421
562 337 710 445
302 354 439 437
319 354 452 437
337 354 469 438
354 354 483 443
371 354 499 443
406 354 531 444
441 354 564 445
458 354 581 446
476 354 598 444
302 371 435 451
371 371 494 460
389 371 516 463
458 371 582 464
476 371 600 464
