430 217 430 217
432 217 432 216
456 217 453 216
459 217 463 217
461 217 468 217
485 217 517 217
430 219 430 220
435 219 438 221
448 219 449 221
456 219 454 221
459 219 454 219
464 219 474 220
469 219 481 219
506 219 515 219
435 222 438 224
448 222 447 224
451 222 449 224
467 222 476 225
469 222 482 222
477 222 476 220
530 222 518 222
443 224 440 229
451 224 449 227
453 224 451 227
456 224 454 226
430 227 430 229
474 227 473 247
485 227 492 242
498 227 494 247
501 227 497 248
503 227 499 248
514 227 505 246
517 227 508 245
474 230 472 250
477 230 475 250
496 230 492 251
501 230 497 250
503 230 499 250
514 230 505 249
519 230 511 251
445 232 446 246
474 232 472 253
480 232 477 252
482 232 480 252
490 232 486 253
496 232 492 253
503 232 499 254
506 232 502 254
514 232 505 252
517 232 508 253
535 232 530 258
538 232 538 250
437 235 459 242
451 235 451 247
477 235 474 255
480 235 477 255
485 235 482 255
490 235 486 255
493 235 489 256
496 235 492 256
498 235 494 256
503 235 499 257
509 235 505 257
511 235 508 258
517 235 510 257
519 235 513 257
522 235 519 258
525 235 522 258
535 235 529 261
538 235 538 253
437 238 434 256
467 238 463 257
469 238 466 257
472 238 468 257
474 238 471 258
477 238 474 258
480 238 477 258
482 238 479 257
488 238 484 259
490 238 487 259
493 238 489 259
496 238 492 259
498 238 494 259
501 238 497 259
503 238 499 259
506 238 502 259
511 238 507 260
514 238 510 260
519 238 513 259
522 238 515 259
525 238 521 261
538 238 538 255
437 240 434 258
440 240 436 258
453 240 448 260
464 240 461 260
467 240 464 260
469 240 466 260
472 240 469 260
474 240 472 260
477 240 474 260
480 240 477 260
482 240 479 260
485 240 482 261
488 240 484 261
493 240 489 261
496 240 491 261
498 240 494 261
501 240 496 262
503 240 499 262
506 240 501 262
509 240 504 262
517 240 510 262
519 240 513 262
522 240 516 262
527 240 527 260
440 243 436 262
443 243 439 262
451 243 447 262
474 243 471 262
477 243 474 263
480 243 476 263
482 243 479 263
485 243 482 263
490 243 486 264
493 243 489 263
496 243 491 263
498 243 493 264
501 243 496 264
503 243 499 264
506 243 501 264
509 243 504 264
522 243 516 265
525 243 518 265
533 243 530 265
535 243 532 266
432 246 432 281
443 246 439 265
459 246 455 265
461 246 457 266
469 246 465 263
474 246 471 266
477 246 474 266
480 246 477 266
482 246 479 266
490 246 486 266
493 246 489 266
496 246 491 266
498 246 493 266
501 246 496 267
503 246 499 267
506 246 501 267
509 246 504 267
517 246 511 268
525 246 519 268
533 246 530 285
430 248 430 283
432 248 432 283
459 248 454 268
461 248 457 268
480 248 476 268
485 248 481 268
490 248 486 268
493 248 488 269
496 248 491 269
498 248 494 269
501 248 496 269
503 248 499 269
506 248 501 269
509 248 504 269
511 248 507 268
517 248 512 270
525 248 518 271
527 248 523 271
530 248 526 270
533 248 529 269
432 251 432 286
459 251 454 271
467 251 463 268
496 251 491 271
498 251 494 271
501 251 496 272
503 251 498 272
509 251 503 272
511 251 507 272
514 251 509 272
519 251 513 274
527 251 521 274
430 254 430 289
432 254 432 289
453 254 447 272
459 254 454 273
461 254 457 274
469 254 465 271
477 254 473 272
480 254 476 272
490 254 486 273
498 254 493 274
501 254 496 274
503 254 498 274
506 254 501 274
509 254 504 275
511 254 506 275
517 254 510 275
522 254 516 276
430 256 430 292
443 256 443 289
461 256 457 276
480 256 474 277
482 256 479 274
493 256 488 276
496 256 491 277
498 256 494 277
501 256 496 277
506 256 501 277
509 256 503 277
514 256 509 277
525 256 521 277
527 256 523 276
448 259 441 276
464 259 460 279
493 259 490 280
514 259 506 280
517 259 511 280
519 259 514 280
525 259 521 280
530 259 523 282
533 259 531 296
501 261 495 284
503 261 497 283
514 261 509 282
517 261 511 282
459 264 454 281
461 264 456 281
472 264 466 282
501 264 495 289
525 264 517 285
538 264 538 305
461 267 457 285
464 267 459 285
467 267 462 285
472 267 466 284
488 267 481 294
490 267 484 294
432 269 435 302
435 269 437 303
461 269 457 288
464 269 460 288
467 269 462 288
482 269 481 289
488 269 481 297
514 269 507 290
538 269 538 296
430 272 430 295
432 272 433 295
443 272 443 297
459 272 451 286
464 272 460 291
467 272 462 290
472 272 466 290
474 272 468 290
477 272 471 290
485 272 484 291
514 272 506 293
538 272 538 299
430 275 430 297
464 275 456 290
469 275 464 292
474 275 468 293
477 275 471 293
480 275 473 294
538 275 538 302
453 277 448 292
464 277 456 293
469 277 464 295
474 277 468 296
477 277 470 297
480 277 473 296
496 277 489 294
498 277 492 294
522 277 514 301
525 277 517 300
453 280 448 295
456 280 451 295
459 280 453 295
469 280 464 299
474 280 468 299
477 280 470 299
480 280 472 299
501 280 491 303
503 280 494 303
506 280 497 304
509 280 500 303
522 280 514 303
525 280 516 303
459 283 453 298
464 283 459 298
469 283 464 301
474 283 468 301
477 283 471 301
480 283 473 301
488 283 478 299
490 283 481 300
501 283 491 305
509 283 500 306
527 283 522 304
535 283 533 293
435 285 434 311
461 285 456 301
469 285 464 304
503 285 498 298
535 285 533 296
432 288 431 297
435 288 434 298
469 288 464 307
474 288 467 304
477 288 470 305
480 288 472 305
511 288 502 309
514 288 505 309
522 288 514 306
525 288 517 306
527 288 525 293
430 290 429 299
432 290 432 299
435 290 434 300
469 290 464 310
474 290 467 307
477 290 469 307
480 290 472 307
485 290 477 308
488 290 480 308
490 290 485 310
493 290 488 310
496 290 491 311
517 290 508 307
519 290 510 307
522 290 513 309
525 290 516 309
527 290 523 295
432 293 431 302
456 293 455 311
467 293 453 306
477 293 474 313
480 293 477 313
482 293 474 310
485 293 477 311
493 293 488 312
501 293 494 311
503 293 497 312
506 293 500 311
511 293 503 312
514 293 505 312
522 293 513 311
527 293 522 298
464 296 450 308
467 296 453 309
477 296 469 312
480 296 476 316
496 296 491 315
501 296 494 315
503 296 497 315
506 296 499 315
511 296 502 315
514 296 504 314
517 296 508 311
519 296 511 312
469 298 452 312
482 298 480 319
493 298 488 317
496 298 491 317
501 298 494 317
503 298 497 317
514 298 505 317
517 298 508 314
519 298 510 315
440 301 440 311
467 301 450 315
472 301 464 316
474 301 466 316
490 301 485 319
496 301 491 319
501 301 494 319
503 301 497 319
506 301 499 320
509 301 502 320
517 301 508 317
519 301 510 318
522 301 513 317
530 301 530 308
432 304 431 311
472 304 464 318
506 304 499 322
519 304 510 320
530 304 530 310
538 309 538 321
511 314 513 315
430 317 430 322
430 320 429 325
477 320 468 323
517 320 515 317
522 320 521 318
525 320 524 318
538 320 538 316
432 322 436 319
435 322 439 319
496 322 474 324
506 322 505 323
509 322 508 323
511 322 511 323
514 322 513 323
527 322 527 320
530 322 529 321
538 322 538 319
435 325 439 322
437 325 458 323
498 325 496 324
503 325 502 325
506 325 504 325
509 325 508 325
511 325 511 325
514 325 512 325
517 325 515 325
519 325 518 326
533 325 532 324
440 327 444 327
498 327 497 327
501 327 499 327
503 327 502 327
506 327 504 328
509 327 507 328
511 327 510 328
514 327 512 328
517 327 514 327
519 327 518 328
522 327 521 328
530 327 528 327
533 327 531 327
535 327 534 327
538 327 538 328
