323 160 328 158
328 160 333 158
364 160 369 157
369 160 374 157
312 165 316 163
317 165 323 164
323 165 328 164
328 165 334 163
333 165 339 163
338 165 344 163
364 165 370 163
369 165 375 163
375 165 379 163
380 165 384 163
291 170 295 169
302 170 305 168
307 170 311 169
312 170 317 169
317 170 324 169
323 170 329 169
328 170 334 169
333 170 339 169
338 170 345 169
343 170 350 169
349 170 354 169
354 170 359 168
359 170 365 168
364 170 370 168
369 170 375 168
375 170 380 168
380 170 384 169
385 170 390 169
286 175 289 174
291 175 295 174
297 175 301 174
302 175 307 174
307 175 313 174
312 175 318 174
317 175 324 174
323 175 330 174
328 175 335 174
333 175 340 174
338 175 345 174
343 175 350 175
349 175 355 174
354 175 361 174
364 175 371 174
369 175 375 174
375 175 381 174
380 175 385 175
276 180 280 180
281 180 285 179
286 180 290 179
297 180 302 180
302 180 308 180
307 180 314 180
317 180 324 179
323 180 330 179
328 180 335 180
333 180 341 180
349 180 356 179
364 180 371 180
369 180 376 179
375 180 380 179
380 180 385 179
276 186 280 185
281 186 285 185
291 186 297 185
297 186 302 185
302 186 308 185
307 186 314 184
312 186 319 185
317 186 325 185
323 186 330 185
328 186 335 185
354 186 360 185
364 186 371 185
375 186 380 184
385 186 390 184
390 186 395 184
395 186 399 184
276 191 280 191
281 191 285 190
302 191 308 189
307 191 314 190
323 191 330 190
328 191 337 190
338 191 345 191
359 191 366 190
364 191 371 190
369 191 376 189
375 191 381 189
380 191 386 190
385 191 390 189
390 191 395 189
281 196 286 196
291 196 296 194
297 196 303 195
302 196 308 196
307 196 314 196
312 196 319 195
317 196 325 195
323 196 330 195
328 196 337 195
343 196 350 195
349 196 355 195
354 196 361 195
359 196 365 196
364 196 370 195
369 196 376 195
375 196 381 195
380 196 385 195
385 196 390 194
390 196 395 195
395 196 400 195
276 201 280 201
281 201 285 201
286 201 291 201
297 201 303 201
312 201 318 201
317 201 324 201
328 201 334 201
338 201 344 201
343 201 350 201
349 201 355 201
354 201 360 201
359 201 365 201
364 201 371 200
369 201 375 200
375 201 380 200
380 201 385 200
385 201 390 201
390 201 396 201
395 201 400 200
276 206 280 206
281 206 285 207
286 206 290 206
297 206 301 206
323 206 329 206
328 206 335 206
333 206 339 206
343 206 350 205
349 206 355 205
354 206 360 206
359 206 365 206
364 206 371 205
369 206 376 205
375 206 381 206
380 206 385 206
385 206 390 205
390 206 396 206
276 212 279 211
281 212 284 211
286 212 289 211
291 212 295 212
302 212 307 213
307 212 312 211
323 212 330 211
328 212 335 211
333 212 339 211
338 212 345 211
343 212 350 210
349 212 355 210
354 212 361 211
359 212 365 211
364 212 371 211
375 212 381 211
380 212 385 211
385 212 390 210
390 212 395 211
271 217 275 217
286 217 289 217
291 217 295 217
297 217 300 216
307 217 312 216
312 217 318 215
328 217 334 217
333 217 340 216
338 217 345 216
343 217 350 215
349 217 355 215
354 217 361 216
359 217 365 216
364 217 371 216
369 217 376 216
375 217 381 216
385 217 390 215
390 217 395 215
271 222 276 222
297 222 302 222
307 222 311 223
317 222 324 222
323 222 329 222
328 222 334 221
333 222 340 221
338 222 345 221
343 222 350 221
349 222 355 221
354 222 360 221
359 222 366 222
364 222 371 222
369 222 376 221
375 222 380 221
380 222 385 220
385 222 390 221
390 222 394 221
281 227 281 226
286 227 291 227
297 227 302 227
302 227 308 227
307 227 313 227
312 227 319 226
323 227 329 227
328 227 334 227
333 227 338 227
338 227 345 227
354 227 361 227
359 227 365 227
364 227 371 227
369 227 375 226
375 227 380 226
380 227 385 226
286 232 291 233
291 232 296 233
302 232 308 232
307 232 313 232
312 232 319 232
317 232 324 233
323 232 331 232
333 232 341 232
338 232 347 232
359 232 365 232
364 232 370 231
369 232 375 231
375 232 380 231
385 232 390 230
286 238 291 238
291 238 297 238
297 238 302 238
302 238 307 237
307 238 313 237
312 238 319 237
317 238 324 238
323 238 331 238
333 238 339 238
338 238 345 238
354 238 361 237
359 238 365 237
364 238 370 237
375 238 380 236
380 238 385 236
385 238 390 236
297 243 302 243
302 243 308 243
307 243 313 243
312 243 318 243
323 243 331 243
328 243 335 243
338 243 347 242
349 243 356 242
354 243 361 242
359 243 366 242
364 243 371 242
375 243 381 242
385 243 390 241
286 248 292 249
297 248 302 248
302 248 307 248
307 248 314 248
333 248 340 247
343 248 350 248
349 248 356 247
359 248 365 248
375 248 381 247
380 248 385 247
385 248 390 246
390 248 395 246
297 253 302 253
307 253 313 254
323 253 331 253
338 253 346 253
349 253 357 253
354 253 362 253
375 253 381 253
385 253 390 252
286 258 291 259
291 258 296 259
297 258 301 259
323 258 331 259
338 258 347 259
343 258 351 258
349 258 357 258
354 258 362 258
359 258 367 258
375 258 381 259
380 258 385 256
286 264 291 263
302 264 310 265
323 264 331 264
328 264 336 264
338 264 347 264
343 264 352 263
354 264 363 263
359 264 367 263
375 264 380 264
380 264 385 264
385 264 389 262
297 269 304 269
302 269 310 269
307 269 316 270
328 269 336 269
333 269 341 269
338 269 347 269
349 269 357 268
354 269 363 268
364 269 370 269
375 269 380 270
380 269 385 270
385 269 389 268
297 274 302 275
302 274 310 275
307 274 315 275
323 274 331 274
328 274 337 274
333 274 342 274
338 274 347 273
349 274 357 273
359 274 366 273
364 274 372 274
380 274 385 275
385 274 389 274
291 279 294 280
297 279 302 281
302 279 309 280
307 279 315 280
317 279 326 280
323 279 331 279
328 279 337 279
338 279 347 279
343 279 352 279
349 279 358 279
354 279 362 279
359 279 367 279
364 279 372 279
380 279 384 280
385 279 389 279
307 284 315 285
323 284 331 285
328 284 336 285
333 284 342 285
338 284 346 285
343 284 352 284
354 284 362 285
375 284 379 286
297 290 301 290
307 290 315 290
312 290 321 291
317 290 326 290
323 290 331 290
328 290 336 290
333 290 341 290
338 290 347 289
343 290 352 290
349 290 357 290
354 290 362 290
359 290 367 290
312 295 320 296
317 295 325 296
323 295 331 295
328 295 336 295
333 295 341 295
338 295 347 295
343 295 352 295
375 295 379 296
380 295 384 295
307 300 312 300
317 300 325 301
323 300 331 301
328 300 336 300
338 300 347 300
343 300 352 300
349 300 357 299
369 300 373 301
375 300 379 300
385 300 389 300
390 300 394 300
312 305 319 306
317 305 325 306
323 305 331 306
333 305 341 305
338 305 347 305
343 305 352 305
354 305 359 305
359 305 364 305
390 305 394 305
395 305 400 305
307 310 310 310
312 310 320 311
328 310 336 310
349 310 352 312
354 310 358 310
369 310 374 308
375 310 379 309
380 310 384 310
395 310 399 311
401 310 405 310
437 310 437 311
442 310 442 310
333 316 337 317
343 316 348 316
349 316 353 316
354 316 359 315
359 316 363 316
364 316 367 316
369 316 374 314
375 316 378 314
385 316 389 316
390 316 395 314
395 316 399 316
401 316 405 315
411 316 415 315
333 321 337 322
343 321 348 321
349 321 353 321
354 321 358 321
364 321 367 321
369 321 373 322
375 321 378 318
380 321 384 318
385 321 389 321
390 321 394 320
401 321 405 321
411 321 415 321
432 321 435 320
442 321 443 319
317 326 319 327
323 326 325 327
333 326 337 327
343 326 347 326
349 326 353 325
364 326 368 325
369 326 374 326
375 326 378 327
380 326 383 327
385 326 389 326
395 326 399 326
406 326 410 325
411 326 415 326
442 326 443 324
307 331 310 330
338 331 342 332
349 331 352 331
375 331 377 332
385 331 388 331
390 331 394 330
401 331 404 330
406 331 410 331
411 331 415 331
416 331 419 331
427 331 430 332
432 331 436 332
307 336 310 335
312 336 315 335
317 336 320 336
354 336 357 336
359 336 362 336
364 336 367 334
369 336 373 335
380 336 383 336
385 336 388 336
390 336 394 336
395 336 399 336
401 336 404 336
427 336 431 338
432 336 436 338
