323 154 334 154
333 154 338 153
338 154 343 153
354 154 375 160
307 160 312 160
317 160 322 160
323 160 328 159
375 160 380 160
328 165 344 165
333 165 349 165
380 165 384 165
297 170 291 175
302 170 318 165
307 170 323 165
364 170 364 163
369 170 375 170
375 170 378 170
385 170 391 180
297 175 312 170
312 175 344 169
369 175 375 174
375 175 379 175
276 180 280 180
286 180 291 184
302 180 317 175
307 180 328 176
317 180 353 174
323 180 358 174
364 180 374 181
369 180 379 181
286 186 290 189
291 186 296 186
307 186 327 181
323 186 358 180
328 186 364 179
359 186 369 187
364 186 374 186
369 186 379 187
395 186 395 186
271 191 275 191
281 191 286 193
297 191 302 191
302 191 307 191
323 191 318 197
359 191 369 191
364 191 374 191
369 191 380 192
401 191 395 190
406 191 399 190
276 196 277 195
286 196 292 198
297 196 323 193
302 196 328 192
312 196 343 190
323 196 359 189
354 196 374 196
364 196 380 197
369 196 386 197
401 196 395 196
281 201 286 202
297 201 292 212
323 201 342 201
354 201 376 202
364 201 380 202
369 201 385 202
385 201 389 203
401 201 396 201
271 206 271 206
312 206 334 202
317 206 338 201
349 206 374 206
359 206 379 206
395 206 395 206
271 212 271 211
276 212 276 210
302 212 328 207
359 212 380 210
369 212 385 211
390 212 390 212
406 212 400 202
271 217 271 217
276 217 275 217
297 217 316 211
307 217 333 210
312 217 339 210
328 217 352 211
349 217 375 212
369 217 385 216
390 217 391 216
395 217 395 216
271 222 269 222
276 222 274 222
307 222 337 215
317 222 348 215
343 222 370 217
390 222 392 221
401 222 399 206
406 222 401 214
312 227 344 222
317 227 350 221
323 227 355 221
328 227 359 221
338 227 364 222
349 227 375 221
385 227 389 226
291 232 312 227
297 232 323 227
302 232 328 226
307 232 332 226
317 232 349 226
323 232 355 227
328 232 360 226
338 232 365 226
343 232 369 225
349 232 374 226
359 232 380 229
385 232 390 232
291 238 312 232
302 238 329 231
307 238 334 232
312 238 343 231
317 238 348 231
323 238 354 231
328 238 359 230
338 238 365 230
343 238 369 230
349 238 374 231
359 238 380 233
369 238 384 232
385 238 390 237
401 238 396 238
297 243 317 237
302 243 328 236
307 243 334 237
312 243 342 235
317 243 348 236
323 243 354 236
333 243 359 236
343 243 369 236
349 243 374 238
369 243 386 238
385 243 390 243
395 243 396 243
297 248 316 242
302 248 322 242
312 248 343 241
317 248 349 241
328 248 360 241
343 248 370 243
369 248 386 243
385 248 390 247
395 248 396 248
302 253 322 248
307 253 338 248
317 253 350 247
323 253 353 246
349 253 374 249
359 253 380 249
385 253 390 252
395 253 396 253
312 258 345 253
328 258 359 252
343 258 369 253
349 258 373 253
385 258 391 257
307 264 344 257
312 264 348 258
328 264 359 257
333 264 364 257
343 264 370 258
349 264 375 258
359 264 386 257
390 264 396 259
395 264 401 258
291 269 302 268
297 269 307 268
307 269 345 262
312 269 349 262
328 269 360 262
333 269 364 262
338 269 368 262
349 269 376 263
354 269 380 263
359 269 385 262
390 269 396 263
297 274 328 269
302 274 334 269
307 274 344 267
312 274 349 267
328 274 360 267
333 274 364 267
338 274 369 267
354 274 380 268
302 279 329 276
307 279 339 274
312 279 347 272
317 279 352 272
328 279 360 272
333 279 365 272
338 279 369 272
343 279 374 272
354 279 380 273
364 279 384 273
395 279 400 264
302 284 331 280
307 284 338 279
312 284 345 279
317 284 353 278
323 284 358 278
338 284 370 278
349 284 376 279
354 284 380 279
359 284 384 279
380 284 384 285
385 284 394 227
297 290 306 285
307 290 337 285
312 290 343 284
317 290 349 284
323 290 355 283
328 290 360 283
338 290 369 283
349 290 376 283
354 290 379 283
375 290 380 289
385 290 387 288
390 290 391 288
395 290 395 289
302 295 308 288
312 295 343 290
317 295 349 289
323 295 354 289
328 295 360 288
333 295 364 288
338 295 368 288
349 295 375 289
375 295 380 295
385 295 387 293
390 295 391 293
395 295 397 294
302 300 307 294
312 300 340 297
317 300 348 296
323 300 352 295
328 300 357 294
333 300 363 294
338 300 368 294
354 300 375 293
380 300 381 299
385 300 386 299
390 300 391 300
395 300 397 299
401 300 401 299
317 305 345 301
323 305 352 300
328 305 358 300
333 305 363 300
375 305 376 305
380 305 381 305
385 305 386 304
390 305 391 304
395 305 397 304
401 305 402 304
411 305 411 305
354 310 358 315
375 310 375 310
380 310 380 311
385 310 385 310
390 310 391 310
395 310 397 309
401 310 402 309
406 310 406 309
411 310 412 310
421 310 421 310
437 310 436 310
442 310 443 310
369 316 370 315
375 316 376 315
380 316 380 316
385 316 386 315
390 316 391 314
395 316 396 314
401 316 402 314
411 316 412 314
416 316 417 314
432 316 431 315
437 316 438 315
442 316 444 315
312 321 311 320
317 321 317 319
323 321 321 320
328 321 326 321
364 321 365 320
369 321 371 320
375 321 376 321
380 321 381 320
385 321 386 320
390 321 392 319
395 321 397 318
401 321 402 319
406 321 407 319
411 321 412 319
416 321 417 319
421 321 422 320
427 321 427 319
442 321 443 321
302 326 300 326
307 326 306 325
312 326 310 326
317 326 316 326
323 326 321 326
333 326 332 325
338 326 337 325
343 326 344 325
349 326 348 325
369 326 371 325
375 326 376 325
380 326 381 325
385 326 386 325
390 326 391 324
395 326 397 324
401 326 402 324
406 326 407 325
411 326 412 324
416 326 417 324
421 326 422 325
427 326 428 325
437 326 438 326
442 326 443 325
307 331 306 330
312 331 311 331
317 331 316 332
323 331 321 332
333 331 331 332
338 331 337 330
343 331 344 331
349 331 349 331
375 331 377 329
380 331 381 329
385 331 386 330
390 331 391 329
395 331 397 330
401 331 402 330
406 331 407 329
411 331 412 329
416 331 417 329
421 331 422 330
432 331 433 330
302 336 300 336
307 336 306 335
312 336 311 336
317 336 317 336
323 336 321 337
333 336 330 335
349 336 349 336
354 336 354 336
359 336 361 334
364 336 366 334
369 336 371 335
375 336 376 334
380 336 381 334
385 336 386 335
390 336 391 335
395 336 397 335
401 336 402 335
406 336 407 335
411 336 413 335
416 336 418 336
421 336 423 336
427 336 428 336
432 336 434 336
437 336 438 335
442 336 443 335
