0.8582637310028076 -0.196418970823288 0.4741336405277252 0.048617884516716 
0.007288322318345308 0.9284331798553467 0.3714278340339661 -0.2704132497310638 
-0.5131568908691406 -0.3153273463249207 0.7982720732688904 -0.5855249762535095 
0 0 0 1 

0.8773884177207947 -0.2112956792116165 0.430747777223587 0.05790272355079651 
-0.004398477263748646 0.894221305847168 0.4476034343242645 -0.2982091009616852 
-0.4797605276107788 -0.3946166932582855 0.7836499810218811 -0.5336645245552063 
0 0 0 1 

0.8616504073143005 -0.2590893805027008 0.4363841414451599 0.08616829663515091 
-0.01407687738537788 0.8473343849182129 0.5308728814125061 -0.3144682347774506 
-0.5073068737983704 -0.4635697305202484 0.7264589071273804 -0.4734136760234833 
0 0 0 1 

0.8341633677482605 -0.2968609035015106 0.4648063778877258 0.1017068699002266 
-0.04615866020321846 0.8022422194480896 0.5952115058898926 -0.3201738893985748 
-0.549582302570343 -0.517958402633667 0.6554983854293823 -0.4479074776172638 
0 0 0 1 

0.804559051990509 -0.3194644451141357 0.5006266236305237 0.1077249422669411 
-0.09266389906406403 0.7651305198669434 0.6371723413467407 -0.3309108912944794 
-0.5865986347198486 -0.5590327978134155 0.5859898924827576 -0.4386744797229767 
0 0 0 1 

0.7846086025238037 -0.3217163980007172 0.5299885272979736 0.1109532415866852 
-0.1539290547370911 0.726984441280365 0.6691781282424927 -0.3554516732692719 
-0.6005789637565613 -0.6066235303878784 0.5208767056465149 -0.4319605529308319 
0 0 0 1 

0.8109236359596252 -0.340652197599411 0.4757718741893768 0.1278255581855774 
-0.1534905880689621 0.6607707142829895 0.7347261309623718 -0.4003849923610687 
-0.5646622180938721 -0.668833315372467 0.48354771733284 -0.428265392780304 
0 0 0 1 

0.8415175676345825 -0.3728671073913574 0.3909197449684143 0.1485898047685623 
-0.07303625345230103 0.6384508609771729 0.7661892771720886 -0.394605815410614 
-0.5352698564529419 -0.6733130812644958 0.5100347995758057 -0.4222524464130402 
0 0 0 1 

0.8594978451728821 -0.3720473945140839 0.3504912555217743 0.1501669734716415 
-0.004171659704297781 0.680577278137207 0.7326642870903015 -0.4089029133319855 
-0.5111222863197327 -0.6311854720115662 0.583402693271637 -0.4273377358913422 
0 0 0 1 

0.8562326431274414 -0.3761246502399445 0.3541127443313599 0.1494116187095642 
-0.004306519404053688 0.6802600026130676 0.7329581379890442 -0.4147906005382538 
-0.5165724158287048 -0.629107654094696 0.580841064453125 -0.4376898407936096 
0 0 0 1 

