510 146 649 185
528 146 667 186
510 163 648 202
528 163 664 202
510 181 643 219
545 181 683 225
510 198 640 237
528 198 659 239
545 215 678 260
458 250 573 284
476 250 594 286
493 250 614 288
528 250 654 293
545 250 673 296
562 250 693 299
580 250 714 302
597 250 737 306
614 250 757 308
441 267 551 297
458 267 576 300
476 267 593 301
493 267 613 304
510 267 631 307
528 267 650 311
562 267 689 316
580 267 710 319
597 267 732 323
614 267 755 327
424 285 538 310
510 285 627 323
528 285 646 326
545 285 665 330
562 285 686 334
580 285 707 336
597 285 729 342
614 285 753 346
406 302 518 324
441 302 552 329
458 302 570 331
476 302 588 335
493 302 607 339
510 302 625 342
528 302 645 345
562 302 683 351
580 302 704 354
597 302 726 360
614 302 749 366
649 302 799 376
406 319 516 342
424 319 532 344
441 319 550 345
458 319 569 349
476 319 587 352
510 319 626 364
545 319 661 365
562 319 680 370
580 319 701 373
597 319 722 378
632 319 771 389
406 337 514 358
441 337 547 363
458 337 565 367
528 337 640 383
545 337 659 381
580 337 698 392
371 354 478 369
424 354 527 378
441 354 544 381
458 354 564 384
493 354 595 390
510 354 611 392
528 354 639 402
545 354 656 404
562 354 675 410
580 354 696 413
614 354 744 427
632 354 769 430
354 371 460 382
458 371 560 402
510 371 619 417
528 371 637 420
545 371 655 422
580 371 692 432
597 371 713 434
649 371 788 452
441 389 541 418
458 389 558 420
476 389 575 424
528 389 633 437
562 389 670 445
580 389 690 450
441 406 539 436
458 406 556 438
476 406 573 442
510 406 610 450
545 406 649 457
562 406 666 465
580 406 689 471
441 424 536 452
458 424 554 456
493 424 590 467
510 424 608 468
441 441 533 471
