616 247 620 248
613 250 618 250
616 250 620 251
613 253 617 252
616 253 620 253
613 258 615 256
619 258 620 257
621 258 622 258
613 261 615 259
619 261 619 260
616 264 616 262
619 264 618 263
602 267 608 268
621 270 620 269
602 273 601 276
619 273 617 272
621 273 619 272
627 273 623 273
633 273 629 275
635 273 632 275
616 275 616 276
621 275 619 275
627 275 623 276
630 275 626 276
616 278 616 279
624 278 622 279
630 278 626 279
633 278 629 280
641 278 638 282
621 281 619 282
627 281 625 282
630 281 627 282
613 284 612 285
619 284 621 286
621 284 618 285
624 284 624 286
635 284 631 285
638 284 634 285
582 287 586 287
590 287 592 288
593 287 595 288
596 287 598 288
616 287 615 288
624 287 620 288
630 287 627 287
635 287 631 287
585 290 589 290
593 290 595 292
596 290 598 291
602 290 604 292
607 290 608 293
613 290 613 292
624 290 620 291
556 292 565 299
590 292 594 295
599 292 600 292
613 292 614 294
624 292 620 294
635 292 632 293
638 292 635 293
604 295 606 296
607 295 609 297
641 295 638 297
647 295 643 295
593 298 598 304
604 298 606 299
610 298 612 300
644 298 641 298
647 298 644 299
565 301 574 305
568 301 577 304
582 301 589 309
590 301 595 307
593 301 598 307
599 301 603 306
602 301 605 305
607 301 609 303
610 301 611 303
647 301 644 301
565 304 574 308
568 304 576 308
590 304 596 310
593 304 598 310
599 304 602 307
607 304 609 306
610 304 611 306
627 304 621 304
633 304 629 299
568 306 576 311
573 306 579 312
576 306 583 312
582 306 589 312
585 306 592 313
596 306 601 312
604 306 608 309
616 306 620 311
627 306 630 309
638 306 637 306
647 306 644 305
573 309 579 314
593 309 598 315
596 309 601 315
616 309 617 311
630 309 627 309
644 309 644 308
647 309 647 308
576 312 586 315
579 312 588 315
613 312 614 314
616 312 617 314
619 312 620 314
641 312 639 311
644 312 643 311
647 312 646 311
610 315 611 316
613 315 613 316
616 315 616 316
624 315 623 315
627 315 626 315
630 315 629 315
633 315 633 315
641 315 639 314
