579 205 589 207
576 208 586 209
565 211 574 215
571 213 583 215
571 216 583 217
573 219 586 221
548 222 557 227
573 222 587 224
582 222 589 217
548 225 560 227
573 225 587 227
576 225 589 226
585 225 595 229
588 225 597 229
548 227 560 230
551 227 563 230
588 227 595 227
548 230 561 233
548 233 563 236
540 236 553 239
534 239 543 236
531 242 540 238
633 267 636 262
633 270 637 265
635 270 640 265
582 275 588 271
593 281 606 278
602 281 614 283
633 281 644 280
562 284 570 280
590 284 603 279
604 284 617 286
610 284 623 284
613 284 626 283
633 284 644 282
635 284 647 283
590 287 603 282
593 287 606 282
610 287 624 286
613 287 626 286
619 287 632 285
624 287 637 284
545 290 557 286
562 290 572 285
602 290 615 290
621 290 634 287
624 290 637 287
542 292 550 288
545 292 557 289
559 292 569 288
562 292 572 288
621 292 634 290
545 295 557 291
559 295 570 292
562 295 572 293
565 295 575 291
571 295 583 293
596 295 607 295
599 295 610 295
602 295 612 295
551 298 563 295
554 298 566 297
562 298 572 296
565 298 576 293
568 298 579 297
571 298 583 296
579 298 591 299
590 298 601 299
593 298 604 299
602 298 613 298
604 298 615 297
607 298 618 296
562 301 572 299
565 301 575 300
568 301 579 300
573 301 585 299
576 301 588 298
579 301 591 302
585 301 597 302
590 301 601 302
593 301 604 302
602 301 613 301
604 301 616 301
607 301 618 301
635 301 644 291
568 304 578 302
571 304 581 302
576 304 588 301
590 304 602 304
593 304 604 304
596 304 607 304
604 304 616 304
647 304 647 292
571 306 581 305
573 306 584 305
576 306 587 308
579 306 592 304
585 306 596 307
590 306 602 306
593 306 604 306
596 306 607 307
599 306 610 307
602 306 613 307
568 309 578 308
571 309 581 309
573 309 584 310
579 309 589 311
582 309 593 310
590 309 602 309
593 309 604 309
596 309 607 309
599 309 610 310
602 309 613 310
604 309 615 309
610 309 621 309
647 309 647 303
571 312 581 312
573 312 584 313
582 312 593 313
585 312 596 313
593 312 604 312
596 312 607 312
599 312 610 313
602 312 613 313
604 312 615 312
607 312 618 313
610 312 621 312
613 312 624 311
616 312 627 311
621 312 630 310
630 312 638 311
633 312 642 311
647 312 647 306
571 315 581 315
576 315 586 316
585 315 596 315
588 315 599 315
590 315 601 315
599 315 610 315
602 315 612 315
604 315 615 315
607 315 618 315
610 315 620 315
613 315 624 315
616 315 627 315
619 315 630 314
621 315 630 313
624 315 633 313
630 315 639 314
633 315 641 314
