556 205 565 203
562 205 571 203
571 205 579 202
576 205 584 203
579 205 586 203
545 208 555 206
551 208 561 206
554 208 563 206
545 211 554 209
548 211 557 209
554 211 560 209
556 211 563 208
571 211 579 207
540 213 544 212
548 213 556 211
556 213 563 211
559 213 566 211
562 213 569 211
565 213 575 209
568 213 578 209
571 213 579 209
573 213 582 209
531 216 531 217
540 216 548 214
565 216 570 212
571 216 578 212
573 216 580 212
556 219 562 215
559 219 566 215
562 219 569 215
565 219 570 215
568 219 573 215
571 219 577 215
573 219 580 215
585 219 591 216
528 222 528 222
545 222 553 218
548 222 557 218
551 222 560 218
556 222 565 218
562 222 568 218
565 222 570 218
568 222 573 218
571 222 576 218
534 225 534 224
542 225 550 221
554 225 563 220
556 225 565 220
559 225 568 221
568 225 573 221
573 225 580 218
582 225 586 218
590 225 596 221
582 227 586 221
528 230 533 228
548 230 557 229
593 230 599 226
599 230 603 227
596 233 602 230
599 233 604 230
602 233 609 231
540 236 547 240
590 236 596 230
593 236 599 230
596 236 602 233
604 236 611 233
585 239 594 232
590 239 596 232
593 239 599 232
596 239 602 235
599 239 605 235
604 239 611 235
585 242 594 235
588 242 596 235
534 244 539 238
537 244 542 238
540 244 545 237
596 244 602 238
599 244 606 239
602 244 608 239
604 244 611 239
607 244 613 239
531 247 536 240
534 247 539 240
537 247 542 240
540 247 545 240
590 247 598 238
599 247 606 242
602 247 609 242
604 247 611 242
607 247 613 241
610 247 616 241
534 250 539 243
588 250 599 247
593 250 602 245
596 250 605 245
599 250 607 244
602 250 610 245
607 250 614 244
610 250 617 244
596 253 605 247
599 253 607 247
602 253 610 247
604 253 613 248
610 253 617 247
613 253 620 247
616 253 622 247
596 256 605 250
599 256 607 250
602 256 610 249
610 256 616 250
613 256 619 250
616 256 622 250
619 256 624 250
596 258 605 253
599 258 608 253
602 258 610 253
604 258 613 252
607 258 616 253
613 258 620 252
616 258 622 253
619 258 625 254
621 258 627 253
599 261 608 256
602 261 610 255
604 261 613 255
610 261 616 255
613 261 620 256
619 261 625 256
621 261 627 256
633 261 636 261
582 264 589 261
599 264 608 259
602 264 610 258
604 264 612 258
607 264 615 258
619 264 624 259
621 264 626 259
627 264 632 262
633 264 636 262
582 267 588 264
585 267 590 264
602 267 610 261
604 267 613 262
616 267 621 262
619 267 624 262
585 270 590 267
588 270 592 267
596 270 604 267
602 270 608 268
604 270 610 267
610 270 616 264
613 270 619 264
616 270 622 264
627 270 631 266
579 273 582 269
582 273 586 270
585 273 590 270
588 273 593 270
596 273 598 272
599 273 601 272
613 273 617 268
616 273 621 268
627 273 631 269
635 273 639 271
579 275 583 272
582 275 586 272
602 275 601 276
613 275 617 271
616 275 619 271
619 275 622 271
627 275 630 272
635 275 639 274
576 278 580 275
599 278 598 278
613 278 616 275
616 278 619 274
619 278 622 274
621 278 625 274
624 278 628 274
627 278 630 274
630 278 633 275
576 281 580 278
604 281 607 279
610 281 613 278
619 281 621 277
621 281 624 277
624 281 627 277
627 281 630 277
630 281 632 277
633 281 635 278
635 281 638 278
638 281 641 279
596 284 597 284
599 284 600 282
602 284 604 282
607 284 609 282
610 284 615 282
621 284 624 280
624 284 626 280
627 284 629 280
633 284 635 281
635 284 638 282
638 284 641 283
576 287 577 287
579 287 580 286
582 287 583 286
602 287 604 285
604 287 607 285
613 287 615 284
616 287 618 284
621 287 624 283
624 287 626 283
627 287 630 283
630 287 632 284
633 287 635 284
635 287 638 285
638 287 640 285
582 290 583 289
585 290 586 290
610 290 613 287
613 290 616 287
621 290 621 286
624 290 626 285
633 290 635 287
635 290 638 287
641 290 644 289
647 290 647 289
579 292 580 289
593 292 594 293
596 292 597 293
610 292 612 291
619 292 618 288
633 292 634 290
641 292 643 291
647 292 647 292
590 295 591 296
593 295 594 295
596 295 597 295
599 295 600 295
602 295 601 292
610 295 612 293
621 295 623 291
630 295 630 291
641 295 643 294
647 295 647 294
579 298 578 296
582 298 581 296
590 298 591 298
593 298 594 298
596 298 597 298
599 298 600 298
602 298 603 298
610 298 612 296
624 298 626 294
635 298 635 294
638 298 638 296
647 298 647 296
576 301 575 298
582 301 581 298
585 301 584 299
590 301 591 301
593 301 594 301
596 301 597 301
613 301 615 298
616 301 619 298
630 301 629 297
633 301 632 297
635 301 635 299
641 301 641 299
644 301 643 297
582 304 581 301
585 304 586 301
596 304 597 304
604 304 608 305
607 304 607 302
610 304 609 301
613 304 615 301
616 304 617 302
619 304 626 302
630 304 630 300
635 304 636 301
638 304 638 301
644 304 644 302
647 304 647 302
576 306 575 304
579 306 577 304
582 306 580 304
585 306 584 304
588 306 589 303
593 306 592 305
596 306 595 304
604 306 608 308
613 306 615 304
616 306 617 304
641 306 641 304
647 306 647 304
576 309 574 307
579 309 577 306
582 309 580 306
585 309 583 307
588 309 586 307
593 309 592 307
596 309 595 307
604 309 606 310
613 309 614 308
633 309 633 306
635 309 636 306
644 309 644 307
647 309 647 307
579 312 577 309
582 312 580 312
585 312 583 312
588 312 589 313
590 312 592 313
593 312 592 310
596 312 595 310
599 312 598 310
602 312 601 310
610 312 612 311
613 312 615 311
616 312 618 310
630 312 635 311
638 312 640 310
644 312 644 310
647 312 647 310
571 315 571 315
573 315 575 315
576 315 574 312
585 315 584 315
599 315 604 315
604 315 604 313
607 315 607 314
610 315 609 313
613 315 615 313
616 315 617 313
621 315 626 313
624 315 629 313
630 315 634 314
641 315 641 313
644 315 645 313
