554 205 563 203
556 205 565 203
559 205 568 203
562 205 571 203
571 205 579 202
576 205 584 203
579 205 586 203
545 208 555 206
548 208 557 206
551 208 561 206
554 208 563 206
545 211 554 209
548 211 557 209
554 211 560 209
556 211 563 208
571 211 579 207
537 213 541 212
540 213 544 212
542 213 552 212
545 213 554 211
548 213 556 211
556 213 563 211
559 213 566 211
562 213 569 211
565 213 575 209
568 213 578 209
571 213 579 209
573 213 582 209
582 213 588 209
528 216 528 217
531 216 531 217
540 216 548 214
542 216 550 214
565 216 570 212
571 216 578 212
573 216 580 212
528 219 528 220
534 219 542 217
537 219 545 216
548 219 557 215
551 219 559 215
556 219 562 215
559 219 566 215
562 219 569 215
565 219 570 215
568 219 573 215
571 219 577 215
573 219 580 215
576 219 583 215
579 219 590 224
585 219 591 216
528 222 528 222
534 222 542 219
545 222 553 218
548 222 557 218
551 222 560 218
556 222 565 218
562 222 568 218
565 222 570 218
568 222 573 218
571 222 576 218
588 222 593 218
534 225 534 224
537 225 536 225
540 225 548 221
542 225 550 221
554 225 563 220
556 225 565 220
559 225 568 221
568 225 573 221
573 225 580 218
582 225 586 218
588 225 594 221
590 225 596 221
582 227 586 221
590 227 596 224
596 227 600 224
599 227 603 224
602 227 605 225
604 227 604 222
607 227 607 222
528 230 533 228
548 230 557 229
588 230 591 221
590 230 597 226
593 230 599 226
599 230 603 227
602 230 605 227
596 233 602 230
599 233 604 230
602 233 609 231
540 236 547 240
590 236 596 230
593 236 599 230
596 236 602 233
599 236 605 232
602 236 608 233
604 236 611 233
548 239 568 252
585 239 594 232
590 239 596 232
593 239 599 232
596 239 602 235
599 239 605 235
602 239 608 235
604 239 611 235
607 239 614 235
585 242 594 235
588 242 596 235
534 244 539 238
537 244 542 238
540 244 545 237
596 244 602 238
599 244 606 239
602 244 608 239
604 244 611 239
607 244 613 239
610 244 616 239
613 244 619 238
528 247 528 234
531 247 536 240
534 247 539 240
537 247 542 240
540 247 545 240
579 247 590 252
590 247 598 238
599 247 606 242
602 247 609 242
604 247 611 242
607 247 613 241
610 247 616 241
613 247 619 241
528 250 528 237
534 250 539 243
542 250 558 261
548 250 567 261
588 250 599 247
590 250 599 241
593 250 602 245
596 250 605 245
599 250 607 244
602 250 610 245
607 250 614 244
610 250 617 244
613 250 619 244
616 250 622 244
528 253 528 239
540 253 549 257
548 253 567 264
596 253 605 247
599 253 607 247
602 253 610 247
604 253 613 248
610 253 617 247
613 253 620 247
616 253 622 247
534 256 539 249
565 256 542 252
596 256 605 250
599 256 607 250
602 256 610 249
604 256 614 250
610 256 616 250
613 256 619 250
616 256 622 250
619 256 624 250
537 258 558 264
559 258 536 254
568 258 547 257
593 258 605 256
596 258 605 253
599 258 608 253
602 258 610 253
604 258 613 252
607 258 616 253
613 258 620 252
616 258 622 253
619 258 625 254
621 258 627 253
534 261 548 263
562 261 538 257
565 261 544 259
599 261 608 256
602 261 610 255
604 261 613 255
610 261 616 255
613 261 620 256
616 261 622 257
619 261 625 256
621 261 627 256
633 261 636 261
534 264 547 265
582 264 589 261
599 264 608 259
602 264 610 258
604 264 612 258
607 264 615 258
613 264 619 259
616 264 622 259
619 264 624 259
621 264 626 259
627 264 632 262
633 264 636 262
531 267 533 248
534 267 547 268
537 267 550 268
559 267 541 265
582 267 588 264
585 267 590 264
602 267 610 261
604 267 613 262
607 267 615 262
613 267 619 262
616 267 621 262
619 267 624 262
621 267 627 262
633 267 636 265
534 270 547 271
537 270 549 271
556 270 536 266
585 270 590 267
588 270 592 267
596 270 604 267
602 270 608 268
604 270 610 267
607 270 613 267
610 270 616 264
613 270 619 264
616 270 622 264
619 270 624 265
621 270 626 265
627 270 631 266
534 273 547 274
537 273 549 274
540 273 552 274
579 273 582 269
582 273 586 270
585 273 590 270
588 273 593 270
596 273 598 272
599 273 601 272
602 273 607 271
604 273 610 270
607 273 612 270
613 273 617 268
616 273 621 268
619 273 624 268
621 273 626 268
627 273 631 269
630 273 633 269
635 273 639 271
540 275 552 277
579 275 583 272
582 275 586 272
585 275 590 273
602 275 601 276
604 275 609 273
607 275 612 272
613 275 617 271
616 275 619 271
619 275 622 271
621 275 626 271
627 275 630 272
630 275 633 272
635 275 639 274
638 275 641 274
568 278 567 278
576 278 580 275
579 278 583 275
582 278 586 275
599 278 598 278
602 278 602 278
607 278 610 277
610 278 613 275
613 278 616 275
616 278 619 274
619 278 622 274
621 278 625 274
624 278 628 274
627 278 630 274
630 278 633 275
633 278 636 276
635 278 638 276
638 278 641 276
548 281 535 274
551 281 538 274
576 281 580 278
579 281 584 278
604 281 607 279
607 281 610 279
610 281 613 278
619 281 621 277
621 281 624 277
624 281 627 277
627 281 630 277
630 281 632 277
633 281 635 278
635 281 638 278
638 281 641 279
571 284 569 283
596 284 597 284
599 284 600 282
602 284 604 282
607 284 609 282
610 284 615 282
616 284 618 281
621 284 624 280
624 284 626 280
627 284 629 280
633 284 635 281
635 284 638 282
638 284 641 283
556 287 546 282
559 287 549 282
562 287 553 282
565 287 561 286
568 287 563 286
571 287 569 286
573 287 572 286
576 287 577 287
579 287 580 286
582 287 583 286
602 287 604 285
604 287 607 285
613 287 615 284
616 287 618 284
621 287 624 283
624 287 626 283
627 287 630 283
630 287 632 284
633 287 635 284
635 287 638 285
638 287 640 285
641 287 643 285
528 290 538 286
556 290 546 285
559 290 549 285
565 290 561 289
568 290 564 289
571 290 569 289
573 290 571 289
582 290 583 289
585 290 586 290
593 290 595 287
596 290 597 288
599 290 600 288
610 290 613 287
613 290 616 287
621 290 621 286
624 290 626 285
633 290 635 287
635 290 638 287
638 290 640 287
641 290 644 289
647 290 647 289
531 292 535 283
548 292 541 288
551 292 544 288
556 292 546 288
559 292 550 288
568 292 566 292
576 292 578 289
579 292 580 289
593 292 594 293
596 292 597 293
602 292 601 290
610 292 612 291
619 292 618 288
633 292 634 290
638 292 640 290
641 292 643 291
647 292 647 292
551 295 544 291
559 295 552 290
562 295 555 291
568 295 566 295
590 295 591 296
593 295 594 295
596 295 597 295
599 295 600 295
602 295 601 292
610 295 612 293
621 295 623 291
630 295 630 291
641 295 643 294
647 295 647 294
556 298 549 292
565 298 561 295
576 298 574 295
579 298 578 296
582 298 581 296
590 298 591 298
593 298 594 298
596 298 597 298
599 298 600 298
602 298 603 298
610 298 612 296
624 298 626 294
630 298 629 294
633 298 632 294
635 298 635 294
638 298 638 296
647 298 647 296
559 301 552 295
562 301 555 295
565 301 561 297
568 301 563 298
573 301 571 298
576 301 575 298
582 301 581 298
585 301 584 299
590 301 591 301
593 301 594 301
596 301 597 301
613 301 615 298
616 301 619 298
630 301 629 297
633 301 632 297
635 301 635 299
641 301 641 299
644 301 643 297
554 304 552 303
565 304 560 300
568 304 563 301
571 304 566 301
573 304 572 303
582 304 581 301
585 304 586 301
596 304 597 304
604 304 608 305
607 304 607 302
610 304 609 301
613 304 615 301
616 304 617 302
619 304 626 302
630 304 630 300
635 304 636 301
638 304 638 301
644 304 644 302
647 304 647 302
551 306 555 309
556 306 557 306
565 306 561 303
568 306 563 304
576 306 575 304
579 306 577 304
582 306 580 304
585 306 584 304
588 306 589 303
593 306 592 305
596 306 595 304
604 306 608 308
613 306 615 304
616 306 617 304
641 306 641 304
647 306 647 304
565 309 560 305
568 309 564 306
571 309 567 307
576 309 574 307
579 309 577 306
582 309 580 306
585 309 583 307
588 309 586 307
593 309 592 307
596 309 595 307
604 309 606 310
613 309 614 308
633 309 633 306
635 309 636 306
644 309 644 307
647 309 647 307
559 312 559 311
562 312 563 311
565 312 565 312
576 312 574 310
579 312 577 309
582 312 580 312
585 312 583 312
588 312 589 313
590 312 592 313
593 312 592 310
596 312 595 310
599 312 598 310
602 312 601 310
610 312 612 311
613 312 615 311
616 312 618 310
630 312 635 311
638 312 640 310
644 312 644 310
647 312 647 310
559 315 559 314
562 315 562 314
565 315 565 315
568 315 568 315
571 315 571 315
573 315 575 315
576 315 574 312
582 315 581 315
585 315 584 315
599 315 604 315
604 315 604 313
607 315 607 314
610 315 609 313
613 315 615 313
616 315 617 313
621 315 626 313
624 315 629 313
630 315 634 314
641 315 641 313
644 315 645 313
