1 0 0 -0.04922165349125862 
0 1 0 -0.0675094872713089 
0 0 1 -0.5077975988388062 
0 0 0 1 

0.9976430535316467 0.06851859390735626 -0.003668106161057949 -0.08735168725252151 
-0.06838944554328918 0.9972643256187439 0.02804639935493469 -0.0802488699555397 
0.005579826887696981 -0.02772940881550312 0.999599814414978 -0.5105069875717163 
0 0 0 1 

0.9977422952651978 0.06710530817508698 -0.002680383156985044 -0.08936874568462372 
-0.06701605767011642 0.9974290728569031 0.02537915110588074 -0.07972709834575653 
0.00437656044960022 -0.02514222636818886 0.9996743202209473 -0.5118069648742676 
0 0 0 1 

0.9972400665283203 0.07371646910905838 -0.008838175795972347 -0.07368413358926773 
-0.07358694076538086 0.9971879720687866 0.01418056711554527 -0.07944654673337936 
0.009858684614300728 -0.01349104288965464 0.999860405921936 -0.5138925313949585 
0 0 0 1 

0.9880768060684204 -0.1535497605800629 -0.01124690845608711 -0.06807340681552887 
0.1538891196250916 0.987209677696228 0.04165356606245041 -0.109244167804718 
0.004707117564976215 -0.04288771003484726 0.9990687370300293 -0.5200077295303345 
0 0 0 1 

0.9831858277320862 -0.1808205395936966 -0.02548395842313766 -0.05480135977268219 
0.1819562762975693 0.9818681478500366 0.05316636338829994 -0.1168711930513382 
0.01540826726704836 -0.05690940469503403 0.9982604384422302 -0.521626353263855 
0 0 0 1 

0.9870693683624268 -0.1591556966304779 -0.01906093396246433 -0.05800570175051689 
0.1599589735269547 0.9856964349746704 0.05306106805801392 -0.1184047982096672 
0.01034326478838921 -0.05542394891381264 0.9984093308448792 -0.5233204364776611 
0 0 0 1 

0.971538245677948 -0.2357115149497986 -0.02352405153214931 -0.08626041561365128 
0.2367543131113052 0.9629468321800232 0.1291534751653671 -0.1931197941303253 
-0.007790627889335155 -0.1310469806194305 0.9913455247879028 -0.5416754484176636 
0 0 0 1 

0.9620108604431152 -0.2677677869796753 -0.05324843898415565 -0.0227080937474966 
0.2685870230197906 0.963215708732605 0.008742094971239567 -0.03314212709665298 
0.04894886165857315 -0.02271190471947193 0.9985429644584656 -0.821611762046814 
0 0 0 1 

0.9283931851387024 -0.3587225079536438 -0.09697567671537399 0.002447681501507759 
0.3592336773872375 0.9331606030464172 -0.01274555735290051 -0.02477561682462692 
0.09506602585315704 -0.02300416119396687 0.9952052235603333 -0.8198913335800171 
0 0 0 1 

