354 149 342 151
297 154 284 170
302 154 289 171
323 154 336 153
349 154 373 162
364 154 369 158
317 160 317 162
307 165 305 170
312 165 311 169
317 165 315 169
323 165 321 164
328 165 325 164
343 165 364 173
349 165 369 173
312 170 301 186
317 170 306 185
328 170 326 170
343 170 341 174
359 170 348 174
317 175 306 190
375 180 370 178
323 186 354 184
395 186 390 179
271 191 284 191
395 191 390 184
406 191 395 183
297 196 322 191
302 196 327 191
338 196 379 195
395 196 390 189
406 196 395 188
411 196 399 188
265 201 279 203
276 201 289 203
307 201 342 196
338 201 379 200
401 201 395 192
411 201 400 193
260 206 275 208
297 206 322 206
333 206 375 205
338 206 379 205
395 206 397 205
291 212 311 211
395 212 396 210
265 217 273 218
271 217 279 218
281 217 317 250
333 217 376 210
338 217 379 211
411 217 397 199
271 222 275 222
297 222 311 218
328 222 371 215
333 222 375 215
297 227 343 221
416 227 397 258
291 232 324 265
307 232 312 228
312 232 316 227
375 232 392 229
406 232 396 214
297 238 349 228
302 238 354 227
312 238 359 227
317 238 364 226
338 238 380 231
354 238 385 225
401 238 391 219
281 243 291 245
297 243 348 232
307 243 355 232
317 243 364 231
328 243 370 232
375 243 391 238
286 248 296 244
307 248 355 236
312 248 359 236
323 248 370 238
328 248 370 241
307 253 355 243
312 253 360 243
343 253 381 247
375 253 392 248
406 253 391 269
302 258 349 247
307 258 355 248
312 258 361 248
328 258 370 252
333 258 375 251
343 258 382 253
375 258 392 252
297 264 344 254
302 264 349 253
307 264 355 252
312 264 361 252
343 264 382 258
349 264 386 258
401 264 397 263
286 269 328 263
291 269 333 263
297 269 344 259
302 269 350 258
307 269 356 258
317 269 372 259
333 269 375 258
395 269 401 263
286 274 328 268
291 274 334 268
307 274 356 263
312 274 365 264
323 274 370 263
328 274 377 267
354 274 387 263
281 279 297 272
291 279 334 273
297 279 339 273
302 279 354 269
307 279 360 270
312 279 366 270
317 279 370 270
338 279 383 268
385 279 387 280
302 284 355 276
323 284 372 275
328 284 376 274
385 284 387 284
286 290 302 280
302 290 355 281
307 290 360 281
323 290 371 280
333 290 375 285
401 290 403 290
317 295 366 285
323 295 371 284
364 295 377 290
395 295 396 294
302 300 350 295
390 300 391 299
395 300 396 299
401 300 401 300
349 305 356 310
380 305 382 302
385 305 386 304
406 305 406 305
411 305 410 305
354 310 362 312
364 310 367 311
369 310 372 309
375 310 378 307
380 310 381 309
385 310 386 309
390 310 391 309
406 310 406 309
411 310 410 310
416 310 416 310
421 310 421 310
432 310 435 311
349 316 350 317
354 316 358 316
369 316 371 314
375 316 376 314
380 316 382 314
390 316 390 314
395 316 395 315
401 316 400 314
411 316 412 315
416 316 419 316
427 316 426 315
432 316 435 316
437 316 440 316
312 321 316 319
343 321 345 322
349 321 350 321
359 321 362 318
364 321 367 318
375 321 376 320
380 321 381 319
395 321 395 319
401 321 401 319
406 321 406 319
411 321 411 319
416 321 416 319
432 321 434 321
442 321 441 320
317 326 318 322
323 326 323 324
328 326 329 323
349 326 356 322
359 326 362 323
364 326 366 323
369 326 372 324
390 326 391 324
401 326 401 324
406 326 407 324
411 326 411 324
416 326 417 324
427 326 427 325
442 326 442 325
307 331 307 329
312 331 312 329
323 331 323 329
338 331 334 332
343 331 339 332
349 331 351 329
354 331 356 329
364 331 366 328
369 331 371 329
375 331 377 329
380 331 382 329
385 331 386 329
401 331 401 330
411 331 412 329
427 331 427 329
432 331 432 329
323 336 323 334
338 336 334 338
349 336 351 333
354 336 356 333
359 336 361 333
364 336 366 333
369 336 371 333
375 336 376 333
385 336 385 335
390 336 391 335
395 336 397 335
416 336 417 333
421 336 422 335
427 336 426 336
432 336 433 335
437 336 437 334
442 336 442 334
