129 77 126 75
441 77 432 90
458 77 448 90
42 94 40 89
94 94 92 90
111 94 110 91
129 94 127 93
146 94 143 92
406 94 405 102
441 94 431 107
458 94 446 107
476 94 461 107
493 94 478 109
510 94 494 108
25 111 24 106
42 111 39 107
59 111 58 108
77 111 73 110
94 111 91 109
129 111 126 109
389 111 387 117
406 111 404 118
424 111 421 121
458 111 444 121
476 111 457 122
493 111 478 123
510 111 498 124
528 111 514 126
545 111 527 125
25 129 23 125
42 129 39 126
59 129 59 125
77 129 75 125
94 129 91 125
111 129 110 126
129 129 126 127
146 129 145 127
163 129 161 129
389 129 388 131
406 129 402 140
424 129 422 135
441 129 434 149
476 129 463 137
493 129 482 139
545 129 532 137
562 129 545 142
42 146 40 142
59 146 59 142
77 146 76 143
94 146 93 144
111 146 107 145
129 146 129 145
163 146 158 145
181 146 179 145
389 146 386 150
406 146 402 156
476 146 467 149
510 146 499 148
528 146 516 148
562 146 548 152
580 146 562 156
42 163 40 160
59 163 55 161
77 163 71 160
371 163 367 164
441 163 433 181
493 163 484 162
510 163 498 164
528 163 517 165
545 163 534 166
562 163 549 169
580 163 565 171
371 181 366 189
424 181 416 195
458 181 449 196
476 181 463 186
493 181 482 180
510 181 500 181
528 181 516 183
545 181 534 183
580 181 566 187
354 198 349 206
371 198 365 208
389 198 382 208
406 198 399 211
424 198 416 212
441 198 433 213
476 198 462 207
493 198 482 202
510 198 499 198
528 198 517 199
545 198 533 200
562 198 551 200
580 198 566 205
337 215 331 224
354 215 349 224
371 215 364 224
389 215 382 226
424 215 417 228
458 215 448 226
476 215 464 227
493 215 480 226
510 215 497 221
528 215 516 216
545 215 533 220
562 215 550 221
319 233 315 241
337 233 331 241
354 233 349 241
371 233 366 242
389 233 381 241
406 233 398 242
441 233 431 243
458 233 447 243
476 233 463 243
493 233 480 244
528 233 514 235
562 233 547 240
285 250 281 257
302 250 298 257
319 250 315 258
337 250 333 259
354 250 348 259
371 250 364 260
389 250 381 260
406 250 398 260
441 250 431 261
458 250 447 260
476 250 463 261
493 250 479 260
510 250 498 257
528 250 515 251
545 250 532 251
562 250 547 257
250 267 246 269
267 267 264 272
302 267 299 275
319 267 315 275
337 267 332 276
354 267 348 276
371 267 365 277
389 267 381 277
406 267 397 277
441 267 430 277
458 267 447 278
476 267 462 278
493 267 479 278
510 267 498 273
528 267 515 273
545 267 530 273
233 285 228 285
267 285 265 288
285 285 281 288
302 285 300 290
319 285 316 291
337 285 332 291
354 285 348 293
371 285 365 293
389 285 381 294
406 285 397 294
441 285 429 293
458 285 446 294
476 285 462 293
510 285 496 291
528 285 512 291
545 285 529 292
215 302 213 303
233 302 228 303
250 302 246 303
267 302 263 303
302 302 297 306
319 302 314 306
337 302 332 308
354 302 348 309
371 302 364 310
389 302 380 310
406 302 397 310
424 302 413 310
458 302 445 311
476 302 461 310
493 302 478 310
510 302 495 310
198 319 190 312
233 319 229 320
250 319 244 321
267 319 262 320
302 319 297 321
319 319 313 323
337 319 329 325
354 319 346 325
371 319 364 325
389 319 380 326
406 319 397 327
424 319 413 327
458 319 445 328
476 319 461 327
493 319 478 327
510 319 493 326
528 319 510 326
215 337 207 332
250 337 243 338
267 337 260 337
302 337 296 339
319 337 313 340
337 337 331 341
354 337 346 341
371 337 364 342
389 337 380 343
406 337 397 342
424 337 413 344
458 337 444 344
476 337 460 344
493 337 478 342
285 354 281 352
302 354 295 356
319 354 312 356
337 354 330 356
354 354 346 357
371 354 362 356
389 354 379 358
441 354 430 359
476 354 460 360
510 354 494 357
528 354 512 356
545 354 525 358
250 371 243 368
267 371 259 368
285 371 276 368
302 371 294 376
424 371 411 374
493 371 477 373
510 371 494 372
528 371 510 374
545 371 524 375
562 371 541 374
233 389 226 385
250 389 240 384
285 389 274 398
302 389 291 398
319 389 313 387
337 389 328 387
354 389 344 388
371 389 361 388
389 389 377 388
424 389 410 390
441 389 426 391
458 389 443 392
476 389 459 390
493 389 477 389
528 389 508 392
545 389 524 391
562 389 540 391
215 406 207 400
233 406 224 401
250 406 245 399
267 406 256 397
319 406 314 400
337 406 329 403
354 406 345 404
371 406 360 404
389 406 377 405
406 406 393 405
458 406 442 407
493 406 474 406
528 406 508 407
545 406 524 407
562 406 541 404
215 424 210 416
267 424 259 416
285 424 275 416
302 424 292 416
319 424 309 418
337 424 331 420
354 424 348 421
371 424 363 420
389 424 379 421
424 424 408 421
441 424 426 422
476 424 459 423
493 424 475 422
510 424 491 423
528 424 507 424
545 424 524 424
562 424 540 420
215 441 209 434
233 441 227 434
267 441 260 433
285 441 276 433
302 441 295 432
319 441 311 431
337 441 328 433
354 441 345 435
371 441 360 438
389 441 376 436
424 441 408 437
441 441 425 436
458 441 442 438
476 441 458 440
493 441 474 439
510 441 491 438
528 441 507 440
545 441 522 440
562 441 540 438
215 458 208 450
233 458 227 453
250 458 246 455
285 458 280 452
302 458 297 451
319 458 309 447
337 458 328 452
354 458 343 452
371 458 359 454
389 458 376 455
406 458 394 454
441 458 425 452
458 458 439 455
476 458 455 460
493 458 474 456
510 458 490 456
528 458 506 456
545 458 522 457
233 476 237 478
250 476 253 478
267 476 271 475
302 476 297 472
319 476 311 472
337 476 329 473
354 476 343 471
371 476 359 473
389 476 378 474
406 476 395 473
441 476 421 475
458 476 436 476
476 476 455 477
493 476 472 474
510 476 490 474
528 476 506 474
545 476 522 474
