146 77 130 23
493 77 503 8
510 77 523 8
146 94 129 41
406 94 406 31
424 94 423 29
493 94 503 25
510 94 522 23
545 94 559 26
42 111 29 64
111 111 97 60
129 111 116 60
146 111 135 59
163 111 153 59
424 111 423 50
458 111 456 47
510 111 525 46
528 111 541 46
545 111 559 41
580 111 597 43
59 129 37 83
389 129 390 70
406 129 406 69
441 129 438 68
458 129 457 70
493 129 505 65
545 129 560 63
562 129 580 62
580 129 598 60
597 129 617 60
406 146 405 89
458 146 459 89
493 146 506 84
510 146 527 84
545 146 562 82
562 146 580 81
580 146 599 79
597 146 619 80
389 163 387 108
406 163 406 108
424 163 420 107
493 163 507 103
510 163 527 103
528 163 546 103
545 163 562 100
562 163 582 100
371 181 368 127
389 181 387 128
406 181 405 126
424 181 421 128
441 181 440 127
493 181 506 123
510 181 526 123
528 181 544 122
545 181 562 121
562 181 581 120
580 181 600 119
597 181 618 119
354 198 350 147
371 198 369 147
389 198 386 147
406 198 405 146
424 198 422 146
441 198 442 145
476 198 482 144
528 198 543 141
545 198 562 140
562 198 581 139
597 198 618 137
319 215 315 171
337 215 331 169
354 215 348 169
371 215 369 168
389 215 387 167
406 215 406 167
458 215 462 165
476 215 481 162
493 215 501 163
510 215 520 160
528 215 541 159
545 215 562 157
562 215 580 157
580 215 599 164
319 233 313 189
337 233 331 189
354 233 350 187
371 233 369 186
389 233 388 186
406 233 407 185
424 233 426 185
441 233 444 185
458 233 463 185
476 233 484 185
493 233 502 183
510 233 521 181
285 250 279 209
302 250 295 208
319 250 313 207
337 250 333 208
354 250 349 206
371 250 367 204
389 250 387 204
406 250 405 204
424 250 426 205
441 250 444 203
458 250 463 203
476 250 481 202
510 250 518 200
267 267 264 226
285 267 282 227
319 267 314 228
337 267 332 226
354 267 350 225
371 267 369 224
389 267 388 225
406 267 406 223
424 267 426 224
441 267 444 222
458 267 463 221
476 267 481 221
493 267 501 221
545 267 561 216
233 285 231 244
250 285 245 245
302 285 298 243
319 285 317 244
337 285 333 245
354 285 351 244
371 285 369 243
389 285 388 243
406 285 406 243
424 285 425 242
441 285 444 242
458 285 462 241
476 285 481 240
493 285 501 238
545 285 561 234
562 285 579 233
215 302 215 263
233 302 232 262
250 302 250 261
302 302 300 261
319 302 317 262
337 302 335 262
354 302 351 262
371 302 370 262
389 302 389 262
406 302 407 261
424 302 425 261
441 302 445 260
458 302 463 260
476 302 481 259
493 302 501 258
215 319 216 281
267 319 271 276
302 319 302 280
319 319 318 279
337 319 334 281
354 319 353 281
371 319 370 280
389 319 388 279
406 319 407 279
424 319 425 280
441 319 444 279
458 319 463 278
476 319 481 277
493 319 501 276
528 319 538 274
545 319 558 274
285 337 291 295
337 337 336 299
354 337 354 298
371 337 370 297
389 337 391 298
406 337 409 297
424 337 427 297
441 337 443 297
510 337 519 291
528 337 538 293
267 354 275 312
285 354 291 314
337 354 339 316
354 354 357 313
371 354 374 313
389 354 392 313
406 354 408 313
424 354 429 314
441 354 445 313
458 354 463 315
493 354 502 311
510 354 519 310
545 354 556 308
389 371 395 329
406 371 412 330
424 371 429 330
441 371 447 330
458 371 463 332
510 371 519 326
545 371 558 326
562 371 575 326
389 389 396 345
476 389 482 348
545 389 557 345
562 389 575 344
337 406 342 363
406 406 415 362
493 406 503 361
510 406 522 359
528 406 538 361
545 406 557 363
371 424 378 381
389 424 395 379
424 424 433 378
441 424 449 381
458 424 467 382
476 424 484 380
528 424 538 380
545 424 555 380
354 441 361 401
371 441 377 396
389 441 398 396
406 441 416 397
441 441 449 397
458 441 466 399
476 441 484 398
493 441 503 396
354 458 362 414
389 458 398 414
406 458 415 413
458 458 464 417
493 458 503 416
528 458 537 416
545 458 555 416
562 458 572 414
493 476 501 431
