111 111 32 20
129 111 48 21
146 111 68 21
181 111 106 19
111 129 35 38
129 129 51 40
146 129 70 40
215 129 159 41
545 129 535 53
562 129 554 50
111 146 35 59
129 146 52 60
146 146 70 61
389 146 372 27
562 146 556 71
580 146 575 74
389 163 370 45
562 163 557 94
580 163 581 90
371 181 348 62
389 181 369 62
406 181 390 62
424 181 415 35
441 181 437 31
458 181 461 29
493 181 504 69
580 181 580 115
354 198 328 81
371 198 350 80
389 198 372 80
406 198 394 80
441 198 435 57
476 198 478 80
510 198 520 87
319 215 290 99
337 215 306 99
354 215 327 99
371 215 351 98
389 215 374 98
406 215 395 98
424 215 417 98
441 215 437 98
458 215 461 98
476 215 481 96
493 215 503 98
510 215 523 99
528 215 542 102
302 233 265 118
319 233 286 117
337 233 306 117
354 233 329 116
371 233 352 117
389 233 375 117
406 233 398 117
441 233 439 117
458 233 462 116
476 233 483 116
493 233 504 116
510 233 526 117
285 250 243 146
302 250 266 138
319 250 287 137
337 250 309 136
354 250 329 135
371 250 352 135
389 250 376 136
406 250 397 135
424 250 420 136
458 250 463 133
476 250 484 134
493 250 506 134
510 250 527 137
545 250 564 135
562 250 583 148
267 267 226 175
285 267 246 172
319 267 286 157
337 267 309 155
354 267 331 155
371 267 354 153
389 267 378 153
406 267 400 154
424 267 422 153
441 267 445 153
458 267 466 153
476 267 488 151
493 267 508 153
528 267 544 177
545 267 564 173
562 267 583 170
215 285 170 211
233 285 189 208
250 285 206 204
267 285 228 201
285 285 248 196
302 285 271 188
319 285 290 183
337 285 309 178
354 285 334 175
371 285 355 173
389 285 379 172
406 285 402 172
424 285 424 172
441 285 447 172
458 285 469 171
476 285 490 171
493 285 509 175
528 285 549 189
545 285 566 189
562 285 583 189
215 302 168 228
233 302 188 225
250 302 207 224
267 302 231 225
285 302 257 222
302 302 271 212
319 302 292 209
337 302 312 201
354 302 335 196
371 302 359 196
389 302 381 194
406 302 404 193
424 302 427 193
441 302 448 192
458 302 469 191
476 302 492 193
493 302 511 198
510 302 529 204
528 302 547 203
562 302 584 208
215 319 172 248
233 319 190 244
250 319 212 243
267 319 233 247
285 319 259 256
302 319 273 237
319 319 294 230
337 319 315 226
354 319 338 224
371 319 358 220
389 319 381 218
406 319 404 215
424 319 426 213
441 319 450 212
458 319 470 212
476 319 493 214
493 319 512 220
510 319 531 224
528 319 550 223
545 319 571 221
267 337 241 276
285 337 262 275
319 337 296 255
337 337 316 249
354 337 337 247
371 337 365 249
389 337 385 247
406 337 405 241
424 337 429 245
441 337 451 233
458 337 472 233
510 337 531 246
528 337 550 244
250 354 225 295
267 354 242 297
285 354 261 295
302 354 283 292
319 354 300 282
337 354 318 273
354 354 341 273
371 354 364 272
389 354 385 269
406 354 406 267
424 354 429 264
441 354 449 260
458 354 474 258
493 354 512 275
510 354 529 267
528 354 547 276
545 354 570 267
562 354 588 267
250 371 226 314
267 371 245 312
285 371 261 316
302 371 284 312
319 371 302 309
337 371 324 307
354 371 344 303
371 371 366 302
389 371 386 296
406 371 407 292
424 371 429 288
441 371 452 285
458 371 476 280
476 371 497 280
510 371 529 293
528 371 548 294
545 371 573 288
562 371 592 286
580 371 614 308
233 389 201 337
250 389 234 333
267 389 248 332
285 389 263 332
302 389 287 333
319 389 306 330
337 389 325 328
354 389 345 327
371 389 367 325
389 389 387 321
406 389 409 318
441 389 452 308
476 389 498 300
510 389 529 316
528 389 553 311
545 389 575 307
562 389 595 305
215 406 179 367
233 406 215 351
250 406 233 350
267 406 248 351
285 406 269 347
302 406 289 351
319 406 308 349
337 406 327 346
354 406 345 346
371 406 365 345
389 406 388 343
406 406 410 341
424 406 431 337
476 406 500 321
493 406 512 336
510 406 529 335
528 406 556 331
545 406 576 324
562 406 597 325
215 424 185 390
233 424 214 393
250 424 235 390
354 424 346 367
371 424 360 366
389 424 393 365
406 424 410 363
424 424 432 361
441 424 452 359
458 424 478 350
476 424 499 352
493 424 516 354
510 424 532 352
528 424 559 348
545 424 579 343
562 424 598 343
580 424 615 348
215 441 189 407
302 441 288 400
319 441 309 386
337 441 325 389
354 441 346 387
371 441 374 384
389 441 391 384
406 441 411 383
424 441 432 382
441 441 451 378
458 441 469 376
493 441 518 374
510 441 536 371
528 441 560 364
545 441 578 363
562 441 597 365
215 458 201 428
233 458 217 423
250 458 236 419
285 458 272 424
302 458 291 422
354 458 348 399
371 458 374 400
389 458 394 402
406 458 413 400
424 458 433 398
441 458 453 396
458 458 472 393
493 458 519 389
528 458 563 382
545 458 579 384
233 476 273 476
250 476 294 473
