129 111 48 21
146 111 68 22
389 163 369 46
371 181 347 64
389 181 369 63
406 181 390 63
424 181 415 38
441 181 437 34
458 181 461 30
354 198 327 81
371 198 350 83
389 198 371 80
406 198 393 81
476 198 477 81
493 198 499 82
337 215 306 100
354 215 328 99
371 215 350 99
389 215 373 99
424 215 417 99
476 215 481 97
493 215 501 98
510 215 523 100
528 215 543 103
302 233 265 119
319 233 285 118
337 233 307 118
354 233 330 118
371 233 352 119
389 233 375 118
406 233 397 117
424 233 418 118
441 233 440 117
458 233 459 116
476 233 482 117
493 233 504 116
510 233 526 118
285 250 243 146
302 250 266 140
319 250 286 138
337 250 309 137
354 250 330 136
371 250 352 136
389 250 376 138
424 250 419 136
441 250 441 135
458 250 463 134
476 250 483 134
493 250 505 134
285 267 246 173
302 267 268 164
319 267 287 157
337 267 309 155
354 267 332 156
371 267 354 155
389 267 378 156
406 267 399 155
424 267 421 154
441 267 443 153
458 267 466 153
476 267 487 152
493 267 508 154
562 267 584 166
233 285 186 208
250 285 208 206
302 285 271 191
319 285 290 183
337 285 309 178
354 285 334 176
371 285 356 174
389 285 380 173
406 285 401 173
424 285 424 173
441 285 446 173
458 285 468 172
476 285 489 172
493 285 510 176
545 285 565 187
215 302 168 229
319 302 292 210
337 302 312 201
354 302 335 198
371 302 359 198
389 302 382 196
406 302 404 193
424 302 426 193
441 302 448 194
458 302 469 192
476 302 492 193
493 302 511 198
215 319 172 248
250 319 213 243
302 319 273 238
319 319 294 231
337 319 316 227
354 319 337 224
371 319 357 222
389 319 383 218
406 319 404 216
424 319 427 214
441 319 450 213
458 319 471 212
493 319 511 221
510 319 530 225
528 319 550 223
545 319 570 221
285 337 261 274
319 337 296 255
337 337 317 249
354 337 338 247
371 337 364 248
389 337 384 247
406 337 406 247
441 337 452 235
510 337 530 246
528 337 550 244
267 354 242 297
285 354 263 296
302 354 283 292
337 354 319 275
371 354 364 273
389 354 385 270
406 354 406 267
424 354 429 265
441 354 449 261
458 354 474 258
510 354 530 267
545 354 567 272
562 354 588 267
250 371 227 313
285 371 263 315
319 371 304 311
337 371 324 308
354 371 344 303
371 371 366 302
389 371 386 296
406 371 407 292
424 371 429 289
441 371 451 285
476 371 497 281
562 371 592 286
233 389 199 338
267 389 248 328
285 389 266 327
319 389 305 330
337 389 325 329
371 389 367 324
389 389 387 321
406 389 409 319
441 389 452 307
476 389 497 300
545 389 574 307
562 389 594 305
319 406 304 351
337 406 329 348
354 406 352 347
371 406 369 346
389 406 388 343
406 406 410 341
476 406 500 321
510 406 527 336
545 406 576 325
562 406 597 324
580 406 615 326
267 424 246 372
285 424 269 369
319 424 306 370
337 424 328 367
354 424 356 364
371 424 373 363
389 424 391 363
406 424 410 363
424 424 431 361
441 424 451 357
493 424 515 353
528 424 559 347
545 424 577 344
233 441 202 394
267 441 250 393
319 441 305 389
337 441 325 386
354 441 357 383
371 441 376 382
389 441 392 383
406 441 412 381
441 441 452 377
476 441 498 372
493 441 516 373
510 441 535 370
528 441 560 364
545 441 578 363
354 458 350 403
371 458 374 401
389 458 394 401
406 458 414 401
424 458 433 400
441 458 452 396
458 458 473 391
493 458 519 388
528 458 562 381
545 458 580 384
