537 301 545 296
602 304 613 302
545 306 556 303
548 306 559 304
596 306 608 305
599 306 611 305
602 306 613 306
604 306 616 306
607 306 619 307
613 306 622 306
616 306 625 307
559 309 568 301
562 309 571 301
571 309 580 302
588 309 601 305
602 309 613 309
604 309 616 309
607 309 618 310
610 309 621 310
559 312 568 304
562 312 571 304
588 312 601 308
590 312 604 308
599 312 612 312
604 312 616 312
607 312 619 313
610 312 621 313
613 312 624 313
619 312 628 313
556 315 570 313
571 315 582 308
596 315 609 314
599 315 612 315
602 315 615 315
607 315 619 315
610 315 621 315
613 315 624 315
624 315 631 316
647 315 648 315
