319 25 305 17
337 25 323 16
406 25 393 18
424 25 409 21
528 25 517 16
545 25 538 17
562 25 556 15
597 25 590 17
614 25 606 18
632 25 625 18
649 25 643 17
684 25 678 21
59 42 39 28
77 42 59 28
94 42 76 28
111 42 92 29
129 42 109 29
146 42 128 30
163 42 147 30
181 42 163 31
198 42 180 32
215 42 199 31
233 42 218 32
250 42 234 32
267 42 253 32
285 42 273 32
302 42 291 32
441 42 431 29
476 42 467 30
493 42 484 30
528 42 521 33
545 42 537 33
562 42 557 34
580 42 574 33
597 42 591 34
614 42 608 34
632 42 624 33
649 42 644 33
666 42 660 28
684 42 676 35
59 59 41 45
77 59 56 44
94 59 74 46
111 59 93 48
129 59 112 48
146 59 130 49
198 59 180 49
215 59 200 49
233 59 220 49
250 59 237 49
285 59 273 49
458 59 450 48
476 59 467 47
493 59 484 48
528 59 520 51
545 59 537 52
562 59 557 50
580 59 576 50
597 59 593 51
614 59 608 52
632 59 623 51
649 59 641 51
666 59 661 45
77 77 58 65
94 77 76 65
111 77 108 63
146 77 129 67
389 77 377 68
406 77 396 67
424 77 413 66
441 77 432 67
458 77 450 67
510 77 502 67
528 77 520 68
545 77 537 68
562 77 554 68
580 77 574 68
597 77 592 67
614 77 607 68
632 77 624 67
649 77 641 70
666 77 662 60
371 94 359 85
493 94 482 84
510 94 502 85
528 94 519 84
562 94 555 85
580 94 572 85
597 94 590 85
614 94 607 85
632 94 624 85
649 94 643 86
354 111 340 103
389 111 379 101
406 111 397 102
424 111 412 100
510 111 502 101
528 111 519 101
545 111 537 102
562 111 553 101
597 111 588 102
614 111 606 102
666 111 656 105
337 129 324 120
371 129 361 119
389 129 378 119
441 129 432 120
458 129 450 119
493 129 484 120
510 129 502 120
528 129 519 119
545 129 537 120
562 129 555 120
597 129 590 122
614 129 607 123
649 129 638 125
337 146 324 137
354 146 343 136
389 146 378 136
406 146 397 137
424 146 415 138
458 146 446 137
476 146 467 138
493 146 484 138
510 146 502 137
528 146 519 137
545 146 537 137
580 146 569 139
597 146 589 139
614 146 608 139
649 146 639 140
319 163 307 154
371 163 364 156
389 163 380 155
406 163 395 153
424 163 415 155
441 163 432 154
458 163 450 155
476 163 467 154
510 163 502 155
528 163 520 156
545 163 537 154
580 163 573 157
597 163 589 156
614 163 606 155
649 163 639 155
285 181 272 173
319 181 311 172
389 181 380 172
406 181 397 172
424 181 415 172
441 181 432 172
458 181 450 173
476 181 467 173
510 181 502 172
528 181 519 172
545 181 536 172
562 181 554 173
580 181 572 173
597 181 591 173
267 198 254 191
285 198 273 191
302 198 291 190
337 198 329 190
354 198 346 190
389 198 380 189
406 198 397 189
424 198 414 191
441 198 432 191
458 198 450 190
476 198 467 191
493 198 485 190
510 198 502 189
528 198 520 190
545 198 536 189
580 198 573 189
597 198 593 189
632 198 627 181
250 215 237 205
267 215 254 208
319 215 311 210
354 215 342 208
371 215 363 208
406 215 396 207
424 215 416 209
441 215 432 209
458 215 449 208
476 215 467 208
493 215 484 207
510 215 503 208
528 215 520 208
545 215 536 207
562 215 554 207
580 215 572 208
597 215 589 207
267 233 256 225
285 233 272 226
319 233 308 225
354 233 342 225
371 233 362 224
389 233 378 224
406 233 396 225
458 233 449 224
476 233 467 225
493 233 485 225
510 233 503 225
528 233 519 225
562 233 555 225
580 233 571 225
597 233 589 226
215 250 204 244
233 250 225 245
267 250 255 243
302 250 291 243
337 250 327 244
354 250 345 244
389 250 377 241
406 250 395 242
424 250 413 241
441 250 431 243
458 250 448 242
476 250 467 243
493 250 485 243
528 250 518 243
562 250 556 244
580 250 573 242
285 267 274 260
302 267 291 261
337 267 326 261
354 267 344 260
371 267 360 261
389 267 377 260
406 267 396 261
424 267 413 260
441 267 432 261
458 267 449 260
476 267 467 260
493 267 486 260
528 267 518 260
545 267 536 261
562 267 555 260
614 267 606 260
302 285 292 279
319 285 309 279
337 285 329 280
371 285 361 278
389 285 377 278
424 285 416 278
441 285 433 278
458 285 451 279
476 285 467 278
493 285 485 277
510 285 502 278
545 285 535 278
580 285 569 277
597 285 588 277
614 285 606 276
632 285 624 277
285 302 275 296
302 302 295 297
319 302 319 297
337 302 336 296
354 302 348 297
371 302 363 296
389 302 381 296
406 302 399 295
424 302 416 296
441 302 433 295
458 302 451 296
476 302 467 296
493 302 485 296
510 302 502 296
545 302 533 295
562 302 551 295
580 302 570 294
597 302 587 295
614 302 604 294
632 302 624 295
267 319 257 312
285 319 280 316
302 319 298 316
319 319 316 314
354 319 342 315
371 319 361 313
389 319 380 312
406 319 398 313
424 319 415 313
441 319 432 313
458 319 450 312
476 319 467 313
493 319 485 313
528 319 518 311
580 319 571 312
597 319 588 312
614 319 605 313
632 319 623 313
267 337 256 331
285 337 281 335
319 337 318 332
337 337 333 333
354 337 350 335
371 337 366 334
389 337 384 332
406 337 399 330
424 337 416 330
441 337 433 330
510 337 501 330
528 337 516 330
562 337 552 330
597 337 588 331
614 337 605 330
632 337 622 329
649 337 640 328
250 354 241 349
267 354 253 349
285 354 283 354
302 354 301 350
319 354 319 350
337 354 333 348
354 354 352 350
371 354 369 351
389 354 388 349
406 354 402 348
424 354 419 347
441 354 434 348
458 354 451 347
493 354 482 349
510 354 501 347
528 354 516 348
545 354 533 347
562 354 551 348
597 354 588 347
614 354 605 346
632 354 622 346
250 371 239 365
267 371 260 369
285 371 281 371
302 371 301 370
319 371 317 367
337 371 333 366
354 371 352 370
371 371 368 366
389 371 387 366
424 371 412 366
441 371 427 366
458 371 444 365
476 371 463 366
493 371 480 370
510 371 498 370
528 371 517 364
545 371 533 365
580 371 571 364
614 371 605 364
632 371 623 363
649 371 639 362
267 389 261 387
285 389 281 389
302 389 302 388
319 389 317 386
337 389 336 387
354 389 353 387
389 389 383 385
406 389 405 384
424 389 418 385
458 389 448 382
493 389 480 388
510 389 497 388
545 389 540 374
580 389 571 381
597 389 589 380
632 389 621 381
649 389 640 381
285 406 280 404
337 406 336 403
354 406 354 402
371 406 368 403
389 406 385 404
406 406 401 402
424 406 417 401
441 406 435 400
510 406 507 388
528 406 525 390
545 406 540 401
580 406 570 398
614 406 605 398
632 406 622 398
302 424 291 417
319 424 320 423
337 424 334 421
354 424 351 421
371 424 369 418
389 424 385 417
406 424 401 419
424 424 417 418
441 424 437 417
458 424 454 410
476 424 472 407
493 424 492 408
510 424 496 422
528 424 515 422
545 424 535 414
562 424 553 414
580 424 572 415
614 424 603 414
632 424 622 414
319 441 313 436
337 441 334 438
354 441 350 437
371 441 369 436
389 441 384 434
406 441 402 438
424 441 417 436
441 441 436 435
458 441 455 433
493 441 477 439
510 441 494 440
528 441 513 438
545 441 533 433
562 441 553 432
614 441 604 432
632 441 622 431
337 458 330 453
354 458 349 453
371 458 370 454
389 458 388 454
406 458 409 457
424 458 422 457
441 458 440 454
458 458 458 454
493 458 476 456
510 458 496 456
528 458 513 453
545 458 533 454
389 476 391 474
406 476 409 475
424 476 428 475
441 476 440 476
458 476 461 476
493 476 478 475
510 476 496 475
528 476 513 474
545 476 532 472
