0.8582627773284912 -0.1964198499917984 0.4741350412368774 0.04861840605735779 
0.007287987973541021 0.9284327030181885 0.3714289665222168 -0.2704125046730042 
-0.5131585001945496 -0.3153281211853027 0.7982707619667053 -0.5855259895324707 
0 0 0 1 

0.8773876428604126 -0.2112965881824493 0.4307488203048706 0.05790390819311142 
-0.004398833960294724 0.8942207098007202 0.4476046860218048 -0.2982081770896912 
-0.4797618687152863 -0.3946175873279572 0.7836487293243408 -0.5336641669273376 
0 0 0 1 

0.861649751663208 -0.2590902149677277 0.436384916305542 0.08616966754198074 
-0.01407722942531109 0.8473337888717651 0.5308738946914673 -0.3144667446613312 
-0.5073079466819763 -0.4635703861713409 0.7264576554298401 -0.4734132885932922 
0 0 0 1 

0.8341642618179321 -0.2968596816062927 0.4648055136203766 0.1017083674669266 
-0.04615796729922295 0.8022432923316956 0.5952100157737732 -0.3201723098754883 
-0.549580991268158 -0.5179573893547058 0.6555002927780151 -0.4479067325592041 
0 0 0 1 

0.804559051990509 -0.3194644749164581 0.5006266236305237 0.1077255308628082 
-0.09266392886638641 0.7651304602622986 0.6371723413467407 -0.3309100866317749 
-0.5865986347198486 -0.5590327978134155 0.5859898328781128 -0.4386747777462006 
0 0 0 1 

0.7846088409423828 -0.3217161297798157 0.5299882888793945 0.1109536290168762 
-0.1539288461208344 0.7269846200942993 0.6691779494285583 -0.3554511070251465 
-0.6005787253379822 -0.6066233515739441 0.5208771824836731 -0.4319608509540558 
0 0 0 1 

0.8109236359596252 -0.3406521677970886 0.4757718741893768 0.1278264373540878 
-0.1534905731678009 0.6607707738876343 0.7347261309623718 -0.4003839790821075 
-0.5646622180938721 -0.668833315372467 0.4835477471351624 -0.4282655119895935 
0 0 0 1 

0.8415175676345825 -0.3728671073913574 0.3909197449684143 0.1485897153615952 
-0.07303625345230103 0.6384508609771729 0.7661892771720886 -0.3946059942245483 
-0.5352698564529419 -0.6733130812644958 0.5100347995758057 -0.4222531914710999 
0 0 0 1 

0.8594978451728821 -0.3720473349094391 0.3504912555217743 0.1501673609018326 
-0.004171644803136587 0.6805773377418518 0.7326642870903015 -0.4089019000530243 
-0.5111222267150879 -0.6311854720115662 0.583402693271637 -0.427338033914566 
0 0 0 1 

0.8672611117362976 -0.3623965382575989 0.3413609862327576 0.1468993723392487 
0.006151164881885052 0.6934131383895874 0.7205139994621277 -0.4129180014133453 
-0.497815728187561 -0.6227739453315735 0.6035991311073303 -0.4295673370361328 
0 0 0 1 

