0.8582628965377808 -0.1964197754859924 0.4741348922252655 0.04861834272742271 
0.007288019638508558 0.9284327626228333 0.3714288473129272 -0.2704125940799713 
-0.51315838098526 -0.315328061580658 0.7982708811759949 -0.5855258703231812 
0 0 0 1 

0.8773877024650574 -0.2112965136766434 0.4307487308979034 0.05790376290678978 
-0.00439880508929491 0.8942207098007202 0.4476045668125153 -0.2982082962989807 
-0.4797617495059967 -0.3946175277233124 0.7836488485336304 -0.5336642265319824 
0 0 0 1 

0.8616498112678528 -0.2590901255607605 0.4363848567008972 0.08616957068443298 
-0.01407720055431128 0.8473338484764099 0.5308737754821777 -0.3144668936729431 
-0.5073078870773315 -0.4635703265666962 0.7264577746391296 -0.4734132885932922 
0 0 0 1 

0.8341642022132874 -0.2968597412109375 0.4648055136203766 0.1017082184553146 
-0.04615802690386772 0.8022432327270508 0.595210075378418 -0.3201724588871002 
-0.5495810508728027 -0.5179574489593506 0.6555001735687256 -0.4479067921638489 
0 0 0 1 

0.8045589923858643 -0.3194645941257477 0.5006266832351685 0.1077254563570023 
-0.09266400337219238 0.765130341053009 0.6371724605560303 -0.3309102058410645 
-0.5865987539291382 -0.5590329170227051 0.5859896540641785 -0.4386748075485229 
0 0 0 1 

0.7846087217330933 -0.3217162489891052 0.5299884080886841 0.1109535843133926 
-0.1539289504289627 0.7269845604896545 0.6691780686378479 -0.3554511666297913 
-0.6005788445472717 -0.6066234707832336 0.520876944065094 -0.4319608211517334 
0 0 0 1 

0.8109236359596252 -0.340652197599411 0.4757718741893768 0.1278263479471207 
-0.1534905880689621 0.6607707142829895 0.7347261309623718 -0.4003840386867523 
-0.5646622180938721 -0.668833315372467 0.48354771733284 -0.4282655417919159 
0 0 0 1 

0.8415175676345825 -0.3728671073913574 0.3909197449684143 0.1485897153615952 
-0.07303625345230103 0.6384508609771729 0.7661892771720886 -0.394605964422226 
-0.5352698564529419 -0.6733130812644958 0.5100347995758057 -0.4222531020641327 
0 0 0 1 

0.8594978451728821 -0.3720473945140839 0.3504912555217743 0.1501673310995102 
-0.004171659704297781 0.680577278137207 0.7326642870903015 -0.4089020192623138 
-0.5111222863197327 -0.6311854720115662 0.583402693271637 -0.427338033914566 
0 0 0 1 

0.8669937252998352 -0.3628802895545959 0.34152552485466 0.1467728018760681 
0.006747035309672356 0.6938407421112061 0.7200967669487 -0.4129249155521393 
-0.4982732832431793 -0.6220150589942932 0.6040039658546448 -0.4293213784694672 
0 0 0 1 

