129 77 169 77
146 77 186 76
111 94 152 96
129 94 170 95
146 94 186 93
163 94 204 94
42 111 80 110
111 111 150 108
129 111 170 107
146 111 187 107
181 111 220 106
198 111 238 106
215 111 255 106
441 129 499 14
389 146 437 93
354 181 399 119
371 181 417 120
389 181 438 119
424 181 480 86
441 181 500 85
476 181 537 120
337 198 380 133
354 198 399 134
371 198 419 134
389 198 439 132
458 198 520 131
510 198 580 136
319 215 362 148
337 215 379 146
354 215 399 146
371 215 420 147
389 215 440 147
406 215 460 147
441 215 500 145
458 215 520 147
476 215 541 147
493 215 560 146
302 233 341 163
319 233 361 162
337 233 380 162
354 233 401 162
371 233 420 162
389 233 441 161
406 233 461 162
424 233 483 162
441 233 501 162
458 233 522 160
476 233 542 160
493 233 563 162
302 250 342 179
319 250 361 178
337 250 379 177
354 250 401 177
389 250 443 176
406 250 462 177
424 250 484 177
441 250 503 177
458 250 526 174
545 250 621 208
267 267 301 224
302 267 346 205
319 267 364 196
337 267 383 195
371 267 423 190
406 267 463 192
424 267 486 192
441 267 507 192
458 267 528 191
476 267 548 192
267 285 300 253
319 285 363 218
354 285 404 209
371 285 425 207
389 285 445 206
424 285 488 207
441 285 508 207
458 285 530 208
510 285 586 232
528 285 607 231
215 302 245 267
319 302 363 244
337 302 383 237
354 302 407 234
371 302 426 232
389 302 447 228
406 302 469 227
424 302 489 225
441 302 511 225
458 302 532 227
476 302 551 231
493 302 571 249
285 319 325 308
337 319 382 260
354 319 405 260
371 319 425 259
389 319 446 255
406 319 466 252
424 319 492 243
441 319 513 243
458 319 534 246
510 319 589 269
528 319 615 267
285 337 323 325
337 337 384 287
371 337 425 287
389 337 450 286
406 337 466 283
424 337 494 282
441 337 517 264
510 337 592 296
267 354 303 345
285 354 322 345
424 354 492 305
441 354 515 301
458 354 537 289
510 354 591 330
528 354 615 322
545 354 639 318
562 354 662 319
267 371 304 367
406 371 468 345
441 371 515 323
458 371 540 320
562 371 665 336
250 389 289 384
337 389 388 380
354 389 405 380
389 389 446 377
406 389 466 374
493 389 574 376
510 389 593 376
545 389 647 356
250 406 286 403
267 406 304 405
371 406 430 401
389 406 447 403
406 406 468 402
250 424 284 424
267 424 306 420
285 424 324 420
354 424 412 418
389 424 448 419
406 424 467 419
424 424 488 424
476 424 555 420
493 424 576 423
354 441 410 438
371 441 428 438
389 441 447 437
406 441 470 444
424 441 488 445
441 441 519 443
458 441 538 441
528 441 634 416
267 458 304 459
337 458 382 457
354 458 405 454
389 458 450 461
424 458 489 461
441 458 521 459
458 458 539 458
476 458 562 458
493 458 582 459
528 458 642 435
302 476 347 476
319 476 366 475
337 476 393 474
528 476 645 458
