111 59 151 70
129 77 169 77
146 77 186 76
510 77 645 48
77 94 114 94
94 94 136 95
111 94 152 96
129 94 170 95
146 94 186 93
163 94 204 94
25 111 62 111
42 111 80 110
59 111 98 109
77 111 113 107
111 111 150 108
129 111 170 107
146 111 187 107
181 111 220 106
198 111 238 106
215 111 255 106
42 129 63 127
59 129 82 124
94 129 117 123
129 129 149 124
424 129 480 18
441 129 499 14
59 146 65 146
389 146 437 93
580 146 634 155
424 163 483 68
458 163 540 104
562 163 610 176
580 163 635 174
354 181 399 119
371 181 417 120
389 181 438 119
406 181 457 112
424 181 480 86
441 181 500 85
476 181 537 120
493 181 563 121
562 181 612 197
319 198 364 133
337 198 380 133
354 198 399 134
371 198 419 134
389 198 439 132
406 198 458 131
458 198 520 131
510 198 580 136
319 215 362 148
337 215 379 146
354 215 399 146
371 215 420 147
389 215 440 147
406 215 460 147
424 215 478 146
441 215 500 145
458 215 520 147
476 215 541 147
493 215 560 146
302 233 341 163
319 233 361 162
337 233 380 162
354 233 401 162
371 233 420 162
389 233 441 161
406 233 461 162
424 233 483 162
441 233 501 162
458 233 522 160
476 233 542 160
493 233 563 162
562 233 639 194
250 250 261 233
285 250 316 203
302 250 342 179
319 250 361 178
337 250 379 177
354 250 401 177
389 250 443 176
406 250 462 177
424 250 484 177
441 250 503 177
458 250 526 174
476 250 546 175
493 250 566 178
545 250 621 208
562 250 640 211
267 267 301 224
302 267 346 205
319 267 364 196
337 267 383 195
371 267 423 190
406 267 463 192
424 267 486 192
441 267 507 192
458 267 528 191
476 267 548 192
562 267 641 227
233 285 266 249
250 285 284 249
267 285 300 253
302 285 346 223
319 285 363 218
354 285 404 209
371 285 425 207
389 285 445 206
424 285 488 207
441 285 508 207
458 285 530 208
476 285 550 212
510 285 586 232
528 285 607 231
215 302 245 267
233 302 264 267
267 302 302 279
285 302 324 289
319 302 363 244
337 302 383 237
354 302 407 234
371 302 426 232
389 302 447 228
406 302 469 227
424 302 489 225
441 302 511 225
458 302 532 227
476 302 551 231
493 302 571 249
510 302 589 249
528 302 612 248
267 319 304 308
285 319 325 308
319 319 365 263
337 319 382 260
354 319 405 260
371 319 425 259
389 319 446 255
406 319 466 252
424 319 492 243
441 319 513 243
458 319 534 246
476 319 553 253
493 319 570 266
510 319 589 269
528 319 615 267
267 337 303 326
285 337 323 325
302 337 343 318
337 337 384 287
354 337 405 274
371 337 425 287
389 337 450 286
406 337 466 283
424 337 494 282
441 337 517 264
458 337 534 267
493 337 572 301
510 337 592 296
545 337 635 302
250 354 280 350
267 354 303 345
285 354 322 345
302 354 352 345
319 354 352 332
354 354 406 310
371 354 426 311
406 354 467 318
424 354 492 305
441 354 515 301
458 354 537 289
493 354 572 318
510 354 591 330
528 354 615 322
545 354 639 318
562 354 662 319
250 371 287 369
267 371 304 367
285 371 340 365
302 371 357 362
319 371 370 364
354 371 403 362
371 371 425 350
389 371 446 354
406 371 468 345
424 371 486 340
441 371 515 323
458 371 540 320
493 371 571 354
510 371 591 356
528 371 622 334
545 371 643 336
562 371 665 336
233 389 271 370
250 389 289 384
267 389 308 386
285 389 339 383
302 389 358 382
319 389 379 381
337 389 388 380
354 389 405 380
371 389 425 382
389 389 446 377
406 389 466 374
458 389 534 353
493 389 574 376
510 389 593 376
528 389 625 368
545 389 647 356
562 389 674 366
233 406 270 404
250 406 286 403
267 406 304 405
285 406 340 401
302 406 357 400
319 406 379 397
337 406 397 399
354 406 416 399
371 406 430 401
389 406 447 403
406 406 468 402
424 406 496 397
441 406 520 391
458 406 538 372
476 406 557 394
493 406 575 396
528 406 626 382
545 406 648 389
562 406 675 382
250 424 284 424
267 424 306 420
285 424 324 420
302 424 360 420
319 424 380 414
337 424 397 419
354 424 412 418
371 424 431 419
389 424 448 419
406 424 467 419
424 424 488 424
441 424 520 412
458 424 537 413
476 424 555 420
493 424 576 423
510 424 611 400
528 424 630 402
545 424 648 401
562 424 680 403
233 441 257 438
250 441 275 438
285 441 311 435
302 441 327 439
319 441 346 439
337 441 376 438
354 441 410 438
371 441 428 438
389 441 447 437
406 441 470 444
424 441 488 445
441 441 519 443
458 441 538 441
510 441 613 420
528 441 634 416
545 441 645 421
250 458 272 456
267 458 304 459
302 458 361 457
337 458 382 457
354 458 405 454
389 458 450 461
406 458 471 461
424 458 489 461
441 458 521 459
458 458 539 458
476 458 562 458
493 458 582 459
510 458 617 440
528 458 642 435
545 458 665 438
562 458 681 460
250 476 273 474
267 476 289 475
285 476 309 474
302 476 347 476
319 476 366 475
337 476 393 474
354 476 411 475
389 476 448 477
406 476 470 477
424 476 488 476
441 476 522 476
458 476 542 475
476 476 561 474
493 476 589 475
528 476 645 458
545 476 669 460
