389 146 360 29
371 163 337 47
389 163 360 49
424 163 407 16
441 163 433 18
354 181 316 65
371 181 338 64
389 181 360 66
424 181 407 41
458 181 447 73
337 198 294 83
354 198 316 83
371 198 340 83
389 198 362 85
458 198 446 88
476 198 468 91
493 198 488 93
562 198 563 106
319 215 273 100
337 215 295 100
354 215 317 100
371 215 340 102
389 215 363 103
406 215 385 105
424 215 406 104
441 215 428 106
458 215 446 106
476 215 469 109
493 215 490 110
285 233 225 119
302 233 249 118
319 233 272 118
337 233 295 119
354 233 318 120
371 233 340 122
389 233 363 123
406 233 387 124
424 233 408 124
441 233 428 125
458 233 450 126
476 233 470 127
493 233 490 128
562 233 565 138
302 250 250 139
319 250 272 139
337 250 294 139
354 250 318 141
371 250 342 140
389 250 365 141
406 250 386 142
424 250 408 144
441 250 429 144
458 250 452 144
476 250 473 145
562 250 563 170
267 267 205 178
302 267 251 164
319 267 272 160
337 267 297 160
354 267 319 160
371 267 343 160
389 267 365 160
406 267 388 161
424 267 410 162
441 267 432 163
458 267 453 163
476 267 473 163
562 267 561 191
233 285 163 203
267 285 209 201
302 285 251 191
319 285 271 182
337 285 296 182
354 285 321 180
371 285 342 179
389 285 367 180
406 285 389 181
424 285 411 181
441 285 432 182
458 285 454 183
510 285 508 198
528 285 527 198
302 302 253 215
319 302 276 211
337 302 298 208
354 302 320 207
371 302 343 205
389 302 368 202
406 302 389 200
424 302 412 202
441 302 434 203
458 302 455 203
476 302 475 207
528 302 531 217
267 319 211 252
285 319 233 253
302 319 252 241
319 319 277 234
337 319 296 232
354 319 320 231
371 319 343 231
389 319 366 228
406 319 390 226
424 319 415 224
441 319 436 224
458 319 455 225
510 319 511 239
267 337 210 276
285 337 236 278
319 337 278 262
337 337 300 258
354 337 323 257
371 337 342 254
389 337 368 257
406 337 390 252
424 337 416 247
441 337 437 244
493 337 487 264
510 337 508 261
250 354 190 298
371 354 341 285
389 354 366 281
406 354 388 278
424 354 410 276
441 354 434 270
510 354 506 284
528 354 525 285
545 354 546 282
562 354 566 282
267 371 212 314
285 371 230 314
319 371 283 315
337 371 299 315
354 371 321 314
371 371 343 310
406 371 386 306
424 371 409 300
441 371 431 295
458 371 457 292
545 371 550 300
562 371 569 299
250 389 195 334
267 389 214 335
285 389 232 334
302 389 251 333
337 389 300 334
354 389 321 332
371 389 342 333
389 389 362 330
406 389 385 329
458 389 456 316
510 389 500 327
250 406 197 354
267 406 215 356
285 406 234 356
337 406 306 352
354 406 325 349
371 406 339 353
389 406 360 352
406 406 384 351
476 406 466 345
493 406 482 348
267 424 217 376
285 424 234 378
337 424 301 377
354 424 323 373
389 424 366 373
406 424 385 371
424 424 404 371
441 424 426 366
458 424 444 365
476 424 465 369
493 424 490 368
267 441 216 394
285 441 233 396
337 441 296 393
354 441 323 393
371 441 343 390
389 441 363 390
406 441 385 390
424 441 404 390
441 441 424 389
458 441 445 385
476 441 464 382
267 458 218 420
285 458 234 420
354 458 325 409
371 458 344 410
493 458 490 402
528 458 533 391
545 458 555 396
