129 59 123 20
146 59 144 20
59 77 52 40
406 77 415 30
424 77 433 28
476 77 496 33
42 94 35 58
94 94 88 56
111 94 106 57
129 94 124 56
146 94 143 56
163 94 160 55
441 94 453 40
42 111 37 75
94 111 91 74
129 111 129 75
163 111 163 75
597 111 626 70
42 129 38 93
59 129 58 94
77 129 76 94
181 129 183 94
441 129 453 77
42 146 40 113
77 146 80 113
389 146 395 103
424 146 434 98
389 163 396 122
424 163 431 118
354 181 358 140
371 181 378 140
389 181 396 140
424 181 433 136
441 181 452 136
458 181 471 140
476 181 490 140
510 181 525 148
319 198 323 161
337 198 340 160
354 198 358 159
371 198 378 159
458 198 471 157
476 198 490 157
493 198 509 157
510 198 527 158
580 198 602 166
319 215 322 178
337 215 340 177
354 215 358 176
371 215 378 176
389 215 398 176
406 215 416 177
424 215 434 177
441 215 453 176
458 215 472 177
476 215 490 177
493 215 510 177
510 215 528 177
528 215 544 183
562 215 582 185
580 215 601 183
285 233 286 196
302 233 303 195
319 233 322 196
337 233 341 196
354 233 359 195
371 233 377 195
389 233 398 195
406 233 416 195
424 233 434 195
441 233 452 196
458 233 471 195
476 233 491 195
493 233 509 195
510 233 527 196
545 233 562 202
267 250 268 217
302 250 304 215
319 250 321 214
337 250 340 214
354 250 359 214
371 250 377 212
389 250 397 213
406 250 415 214
424 250 435 214
441 250 453 213
458 250 471 213
476 250 491 213
562 250 582 218
267 267 269 235
302 267 305 234
319 267 323 233
337 267 340 232
354 267 358 232
371 267 378 231
389 267 396 232
406 267 416 232
424 267 434 232
441 267 453 232
458 267 471 231
476 267 490 231
215 285 218 254
233 285 236 252
302 285 304 251
319 285 322 249
337 285 341 250
354 285 359 250
371 285 379 249
389 285 397 250
406 285 416 250
424 285 435 250
441 285 453 250
458 285 472 250
493 285 509 252
510 285 527 251
545 285 564 253
215 302 217 272
302 302 306 271
319 302 323 270
337 302 341 269
354 302 359 269
371 302 379 269
389 302 398 269
406 302 416 268
424 302 434 269
441 302 453 269
458 302 472 269
476 302 490 269
528 302 546 269
267 319 273 288
285 319 291 290
302 319 307 289
319 319 324 288
337 319 342 288
354 319 360 288
371 319 378 288
389 319 398 288
406 319 416 288
424 319 436 288
441 319 453 287
458 319 472 288
476 319 491 287
493 319 509 288
510 319 528 288
528 319 546 288
267 337 273 308
285 337 290 308
302 337 309 307
319 337 324 307
337 337 343 307
354 337 361 306
371 337 378 306
389 337 399 306
406 337 417 305
424 337 436 305
441 337 454 305
458 337 472 306
493 337 509 306
510 337 528 306
545 337 563 307
406 354 418 324
424 354 434 324
441 354 454 325
493 354 509 324
510 354 527 324
528 354 545 328
545 354 564 325
337 371 346 343
354 371 364 343
371 371 382 343
406 371 416 343
441 371 454 343
458 371 472 342
510 371 528 342
528 371 545 345
545 371 566 343
562 371 584 344
215 389 226 359
302 389 315 360
371 389 384 363
389 389 400 362
406 389 418 361
458 389 472 360
510 389 527 363
528 389 546 362
545 389 564 362
562 389 584 362
406 406 419 379
441 406 455 380
476 406 491 378
528 406 546 379
562 406 583 380
389 424 401 398
406 424 419 398
424 424 436 399
493 424 511 397
528 424 546 398
545 424 563 398
319 441 335 417
354 441 365 415
371 441 385 415
389 441 401 415
424 441 434 417
441 441 454 417
458 441 474 421
476 441 490 422
493 441 508 420
528 441 546 416
319 458 331 438
337 458 352 437
354 458 367 435
371 458 385 435
389 458 403 436
424 458 436 434
441 458 455 439
476 458 491 440
493 458 509 434
528 458 546 433
545 458 565 434
528 476 544 451
545 476 564 452
