427 239 424 241
430 239 427 241
433 239 432 241
436 239 435 240
441 239 441 240
444 239 443 240
411 241 408 244
419 241 417 244
427 241 427 244
430 241 430 244
433 241 433 244
436 241 435 244
438 241 437 244
441 241 441 243
444 241 443 244
408 244 407 247
411 244 410 247
414 244 413 246
416 244 416 246
419 244 418 247
422 244 422 246
425 244 424 246
427 244 427 246
430 244 430 246
433 244 432 246
436 244 435 246
438 244 437 247
441 244 440 246
444 244 443 246
449 244 449 246
452 244 451 246
455 244 454 247
460 244 460 247
466 244 465 247
468 244 468 247
381 247 381 250
408 247 407 249
411 247 410 249
414 247 413 249
416 247 415 249
419 247 418 249
422 247 421 250
433 247 432 250
436 247 435 250
438 247 437 250
441 247 440 250
446 247 445 250
449 247 448 249
460 247 460 250
463 247 462 250
466 247 465 250
468 247 468 249
471 247 470 250
403 250 402 252
408 250 407 252
411 250 411 252
414 250 413 252
416 250 416 252
422 250 421 252
425 250 424 252
430 250 429 252
438 250 438 253
441 250 440 252
444 250 443 253
446 250 446 252
452 250 451 253
455 250 454 253
457 250 457 253
460 250 459 252
463 250 462 253
466 250 465 252
468 250 468 252
471 250 470 252
381 252 381 254
400 252 400 255
408 252 407 255
411 252 410 255
414 252 413 254
416 252 416 255
419 252 419 255
422 252 422 255
425 252 424 255
427 252 427 255
430 252 429 255
433 252 432 255
436 252 435 255
446 252 446 255
449 252 449 255
452 252 451 255
455 252 454 255
457 252 457 255
460 252 460 255
463 252 463 255
466 252 465 255
468 252 468 255
403 255 402 257
405 255 405 255
411 255 410 257
425 255 421 257
427 255 425 257
433 255 432 258
436 255 435 258
438 255 439 258
441 255 442 258
444 255 444 258
446 255 447 258
449 255 449 258
452 255 452 258
455 255 454 258
457 255 457 257
460 255 460 258
463 255 463 258
468 255 468 257
411 258 410 260
414 258 413 260
419 258 416 261
422 258 418 260
425 258 422 260
430 258 429 260
433 258 432 261
436 258 435 263
438 258 439 260
441 258 442 261
444 258 444 261
449 258 450 260
455 258 455 261
457 258 457 260
463 258 463 261
466 258 465 263
381 261 381 263
411 261 411 263
414 261 413 263
422 261 422 262
427 261 424 263
430 261 427 263
433 261 432 266
436 261 435 266
438 261 440 263
446 261 449 263
452 261 454 264
381 263 381 265
414 263 413 265
419 263 419 265
422 263 421 265
425 263 424 265
430 263 429 268
433 263 432 268
436 263 435 269
438 263 440 266
444 263 446 266
446 263 449 266
452 263 454 268
455 263 457 268
457 263 459 269
460 263 462 268
408 266 408 269
414 266 413 268
416 266 416 268
422 266 422 269
425 266 425 269
430 266 429 271
433 266 433 271
436 266 436 271
438 266 440 271
444 266 446 269
446 266 449 269
449 266 451 269
455 266 457 274
457 266 459 274
416 269 416 271
419 269 421 271
425 269 425 272
441 269 443 274
444 269 446 273
455 269 457 277
457 269 459 277
468 269 468 269
405 272 405 276
425 272 424 283
436 272 435 276
444 272 446 282
466 272 465 269
471 272 470 272
408 274 408 280
449 274 451 285
466 274 465 272
468 274 468 274
471 274 470 275
381 277 380 279
383 277 383 279
411 277 410 284
419 277 418 295
436 277 435 281
466 277 465 276
468 277 468 277
471 277 470 277
378 280 378 281
408 280 408 287
411 280 411 287
422 280 421 278
430 280 431 274
433 280 433 274
436 280 435 274
449 280 451 289
452 280 454 277
466 280 465 279
468 280 468 279
408 282 408 290
411 282 411 290
430 282 432 277
449 282 451 291
452 282 455 290
466 282 465 282
468 282 467 282
471 282 470 282
378 285 378 285
430 285 430 280
433 285 430 294
441 285 443 279
444 285 446 279
446 285 449 280
449 285 452 294
452 285 454 294
468 285 467 285
471 285 470 285
477 285 477 286
482 285 479 287
485 285 483 287
378 288 378 288
433 288 430 297
446 288 449 283
449 288 452 282
452 288 454 296
466 288 465 287
468 288 467 288
474 288 474 288
477 288 477 289
485 288 483 290
419 291 419 288
422 291 421 288
452 291 454 282
463 291 463 290
466 291 465 290
474 291 473 291
479 291 477 293
482 291 480 293
490 291 490 291
493 291 493 291
400 293 405 296
403 293 407 296
438 293 440 299
446 293 449 299
449 293 452 299
452 293 454 285
466 293 465 293
468 293 467 294
474 293 473 294
477 293 474 295
479 293 477 295
482 293 480 296
485 293 484 294
488 293 487 294
490 293 490 294
493 293 493 294
378 296 378 298
411 296 410 296
441 296 443 301
452 296 455 288
466 296 465 299
479 296 477 299
482 296 479 299
485 296 485 297
488 296 488 297
490 296 491 297
493 296 493 297
386 299 385 300
389 299 389 301
397 299 402 300
403 299 405 299
405 299 407 298
425 299 424 301
455 299 454 305
460 299 460 305
474 299 473 299
477 299 474 301
479 299 477 301
482 299 479 301
485 299 485 300
488 299 487 301
493 299 493 302
378 302 378 304
403 302 405 302
422 302 421 304
425 302 424 304
436 302 436 306
452 302 455 306
460 302 460 308
463 302 463 307
466 302 465 306
479 302 477 304
482 302 479 304
378 304 378 307
381 304 380 306
383 304 383 306
386 304 386 306
392 304 396 305
403 304 405 305
405 304 408 305
414 304 413 303
416 304 416 304
419 304 418 304
441 304 441 307
444 304 446 307
446 304 449 307
460 304 459 309
463 304 462 309
474 304 471 307
477 304 476 309
479 304 479 309
485 304 485 310
488 304 487 310
490 304 489 310
381 307 381 309
400 307 403 308
403 307 405 308
405 307 407 308
411 307 411 307
414 307 414 307
416 307 416 307
422 307 421 307
427 307 426 309
433 307 432 310
436 307 436 310
444 307 446 310
446 307 449 310
457 307 457 312
460 307 459 312
463 307 462 312
477 307 477 312
482 307 482 313
485 307 485 313
488 307 487 313
490 307 489 313
493 307 493 312
383 310 386 309
386 310 388 310
403 310 404 310
408 310 408 310
411 310 411 311
414 310 413 310
425 310 424 310
427 310 426 312
430 310 430 313
433 310 433 313
436 310 436 312
438 310 440 312
441 310 443 312
444 310 446 312
446 310 449 313
449 310 451 313
460 310 460 315
463 310 462 315
474 310 476 316
477 310 478 316
482 310 482 315
485 310 485 315
488 310 487 316
490 310 490 316
378 313 377 314
381 313 381 313
383 313 385 313
386 313 388 313
403 313 403 312
411 313 410 314
414 313 413 314
425 313 424 315
427 313 427 315
430 313 430 316
433 313 433 316
436 313 437 315
441 313 444 315
444 313 447 315
446 313 449 315
449 313 451 315
455 313 457 316
460 313 460 317
463 313 465 317
466 313 468 317
468 313 470 318
471 313 473 319
474 313 475 318
477 313 478 318
482 313 482 318
485 313 485 318
378 315 377 317
386 315 385 315
392 315 394 315
400 315 401 315
405 315 406 315
411 315 410 317
414 315 413 317
416 315 416 317
422 315 421 317
425 315 424 317
427 315 427 318
430 315 429 318
433 315 433 317
436 315 437 317
438 315 440 318
441 315 444 318
444 315 447 318
446 315 449 318
449 315 452 318
455 315 456 319
463 315 465 320
466 315 468 320
468 315 470 320
471 315 473 321
474 315 476 321
477 315 479 320
493 315 493 316
383 318 383 318
389 318 388 318
392 318 393 317
394 318 396 317
397 318 399 318
400 318 402 318
405 318 406 318
408 318 408 318
416 318 416 320
419 318 418 320
422 318 420 320
425 318 423 320
427 318 426 321
430 318 429 320
433 318 433 320
436 318 437 320
438 318 440 320
441 318 443 321
444 318 446 321
446 318 449 321
449 318 451 321
452 318 454 321
457 318 460 323
463 318 462 324
466 318 467 323
468 318 470 323
471 318 473 323
474 318 476 324
488 318 487 319
490 318 490 319
493 318 493 318
378 321 378 321
381 321 381 321
383 321 383 321
392 321 392 321
394 321 396 320
397 321 399 320
400 321 402 320
408 321 408 321
422 321 421 323
425 321 423 323
427 321 427 323
430 321 430 323
433 321 434 323
436 321 437 323
438 321 440 324
444 321 443 324
455 321 458 324
457 321 460 326
463 321 462 326
466 321 468 326
468 321 470 326
471 321 473 326
485 321 485 322
488 321 488 321
490 321 490 321
493 321 493 321
378 324 378 324
381 324 381 324
383 324 383 324
386 324 386 323
389 324 389 323
392 324 393 323
394 324 396 323
397 324 399 323
400 324 402 323
403 324 405 323
405 324 407 324
411 324 411 324
425 324 424 326
427 324 429 326
430 324 432 326
433 324 434 326
436 324 438 326
438 324 440 326
444 324 443 327
446 324 448 327
449 324 451 326
452 324 454 326
479 324 479 324
485 324 485 324
488 324 488 324
490 324 490 324
493 324 493 324
378 326 378 326
381 326 380 326
386 326 386 326
392 326 392 326
394 326 396 326
397 326 399 326
400 326 402 326
403 326 405 326
405 326 407 326
411 326 412 327
422 326 423 328
425 326 426 328
430 326 432 329
433 326 435 329
436 326 438 328
438 326 440 329
441 326 443 329
444 326 446 329
446 326 449 330
449 326 451 329
457 326 460 330
460 326 463 330
474 326 474 328
479 326 479 327
482 326 482 327
485 326 485 327
488 326 487 327
490 326 490 326
493 326 493 326
378 329 378 329
381 329 380 329
383 329 383 329
386 329 388 329
392 329 392 329
403 329 404 329
414 329 415 330
422 329 423 331
425 329 426 331
427 329 429 331
430 329 432 331
433 329 435 331
436 329 437 331
438 329 440 331
441 329 443 332
444 329 446 332
446 329 449 332
455 329 457 332
479 329 479 329
482 329 482 330
485 329 484 330
488 329 488 330
490 329 490 329
493 329 493 329
378 332 378 332
381 332 380 332
383 332 383 331
386 332 388 331
392 332 393 331
394 332 396 332
397 332 399 332
400 332 401 332
411 332 413 332
416 332 418 333
430 332 432 333
433 332 434 334
438 332 440 334
441 332 443 334
466 332 465 332
468 332 468 332
471 332 471 332
474 332 474 332
477 332 477 332
479 332 479 332
482 332 482 332
485 332 487 332
490 332 490 332
493 332 493 332
378 335 378 334
381 335 380 334
383 335 383 334
386 335 388 334
389 335 390 334
392 335 393 334
394 335 396 334
397 335 399 334
400 335 402 335
403 335 404 335
408 335 410 335
411 335 412 335
414 335 415 335
427 335 429 335
460 335 460 335
466 335 466 335
471 335 471 334
474 335 474 334
477 335 477 334
479 335 479 335
482 335 482 335
485 335 485 335
490 335 490 334
493 335 493 334
378 337 378 337
381 337 381 337
383 337 383 337
386 337 388 337
389 337 391 337
392 337 393 337
394 337 396 337
397 337 399 337
400 337 402 337
444 337 451 337
463 337 463 337
466 337 466 337
468 337 469 337
471 337 473 337
482 337 482 337
485 337 485 337
488 337 487 337
490 337 490 337
493 337 493 337
