551 208 554 207
554 208 557 209
556 208 559 209
559 208 562 208
571 208 570 226
579 208 580 225
585 208 584 224
588 208 586 222
542 211 542 211
545 211 545 211
548 211 547 212
554 211 554 212
556 211 557 212
568 211 568 229
573 211 572 228
579 211 580 228
585 211 584 227
588 211 587 227
537 213 536 214
540 213 539 214
542 213 542 214
562 213 562 230
585 213 584 230
588 213 587 230
528 216 529 216
534 216 536 217
565 216 565 232
568 216 568 233
585 216 584 233
531 219 530 221
590 219 592 242
528 222 528 222
545 222 563 233
590 222 592 245
531 225 528 228
534 225 542 239
537 225 545 239
545 225 560 237
571 225 573 237
593 225 591 240
602 225 590 261
604 225 594 261
531 227 528 231
534 227 531 230
602 227 594 264
542 230 560 242
559 233 559 253
537 236 546 247
540 236 549 247
559 236 559 255
562 236 562 255
562 239 563 258
559 242 563 264
562 242 563 261
565 242 566 261
534 244 532 255
565 244 566 264
534 247 532 258
537 247 535 258
565 247 566 266
528 250 529 258
565 250 566 269
556 253 542 264
559 253 545 263
565 253 560 261
571 253 570 244
537 256 532 267
551 256 536 267
554 256 539 267
559 256 545 266
556 258 543 269
559 258 545 269
607 258 595 251
534 261 530 274
554 261 540 272
559 261 546 271
571 261 570 251
573 261 573 250
610 261 588 268
630 261 625 266
534 264 531 277
559 264 548 272
588 264 580 252
528 267 528 279
556 267 546 275
559 267 548 274
562 267 552 274
565 267 554 267
568 267 557 267
588 267 571 285
616 267 601 275
619 267 605 274
554 270 544 278
556 270 546 279
559 270 549 278
562 270 552 278
565 270 555 270
627 270 620 273
635 270 636 272
528 273 528 284
531 273 532 283
554 273 544 282
556 273 547 282
559 273 550 281
562 273 553 281
565 273 556 281
568 273 559 280
619 273 612 280
635 273 635 274
641 273 642 273
531 275 532 286
554 275 545 285
556 275 548 284
559 275 552 284
562 275 556 284
568 275 559 283
633 275 633 276
635 275 638 277
638 275 641 276
528 278 529 287
531 278 533 288
556 278 549 287
559 278 553 287
562 278 556 286
568 278 560 286
604 278 609 283
610 278 618 283
613 278 622 282
630 278 633 280
633 278 635 279
635 278 639 279
638 278 642 279
562 281 556 289
599 281 603 284
621 281 631 283
630 281 633 282
633 281 637 282
635 281 639 282
638 281 642 282
556 284 551 291
559 284 554 292
562 284 560 291
579 284 576 293
588 284 591 292
590 284 594 291
630 284 634 285
633 284 637 285
638 284 642 284
537 287 536 291
554 287 541 285
556 287 551 294
565 287 564 294
579 287 582 293
599 287 603 288
613 287 618 288
616 287 621 288
624 287 628 287
635 287 639 287
644 287 646 288
565 290 564 297
568 290 567 296
599 290 603 291
604 290 610 291
607 290 613 291
613 290 616 291
616 290 619 291
619 290 624 291
624 290 628 290
627 290 631 290
630 290 634 290
633 290 637 290
635 290 640 289
641 290 644 289
582 292 586 294
596 292 600 293
599 292 602 293
604 292 610 295
607 292 613 295
616 292 620 294
619 292 625 294
627 292 631 292
630 292 634 292
633 292 638 293
641 292 644 292
644 292 647 292
548 295 543 298
556 295 545 291
565 295 565 301
568 295 568 300
571 295 571 301
585 295 588 296
590 295 594 296
593 295 597 294
604 295 610 298
607 295 614 298
619 295 624 295
624 295 629 295
627 295 631 295
630 295 634 295
633 295 638 296
638 295 642 295
641 295 645 295
644 295 646 295
565 298 565 303
568 298 568 303
576 298 579 299
579 298 583 299
582 298 585 299
585 298 588 298
588 298 591 299
596 298 599 298
602 298 604 297
616 298 620 298
619 298 622 298
627 298 632 298
630 298 634 298
635 298 639 298
638 298 642 298
641 298 645 298
644 298 647 297
554 301 550 302
571 301 572 303
573 301 574 303
579 301 583 301
582 301 585 301
585 301 588 301
588 301 591 301
590 301 594 301
596 301 599 300
599 301 602 300
602 301 605 299
616 301 619 301
619 301 623 301
633 301 636 300
635 301 639 301
638 301 642 301
641 301 645 301
647 301 647 300
562 304 562 307
565 304 566 308
568 304 569 307
571 304 572 306
573 304 575 306
576 304 578 305
579 304 581 305
582 304 584 304
585 304 587 304
596 304 600 304
610 304 614 303
613 304 617 304
616 304 620 304
619 304 623 304
621 304 626 303
633 304 636 303
635 304 639 303
638 304 642 303
641 304 645 303
647 304 648 303
559 306 559 310
562 306 563 310
565 306 566 310
568 306 569 310
571 306 573 309
573 306 575 309
576 306 579 308
579 306 582 307
582 306 584 308
585 306 586 308
588 306 589 307
590 306 593 306
593 306 596 307
596 306 600 306
599 306 603 306
616 306 621 307
619 306 623 307
621 306 627 306
624 306 630 306
633 306 637 307
635 306 639 307
638 306 643 306
641 306 645 306
647 306 648 306
565 309 566 313
571 309 573 312
573 309 576 311
576 309 579 311
579 309 582 310
582 309 584 310
585 309 587 310
588 309 590 310
590 309 593 310
593 309 596 309
596 309 600 309
599 309 603 309
613 309 615 308
616 309 621 309
619 309 624 309
621 309 627 309
635 309 640 310
638 309 642 309
641 309 646 309
562 312 562 313
573 312 576 314
576 312 579 313
579 312 583 313
582 312 585 313
585 312 588 313
588 312 591 313
590 312 593 312
593 312 597 312
596 312 600 312
599 312 602 312
602 312 605 312
613 312 616 311
616 312 621 312
619 312 624 312
621 312 627 312
624 312 631 312
630 312 634 312
633 312 637 312
635 312 640 312
638 312 642 312
641 312 645 312
565 315 566 315
568 315 568 315
571 315 572 315
585 315 588 315
588 315 591 315
590 315 594 315
599 315 602 315
610 315 613 314
619 315 624 315
627 315 631 314
630 315 635 315
633 315 637 315
635 315 641 315
638 315 642 315
644 315 647 315
