323 154 307 157
317 160 301 162
323 160 306 162
354 160 360 152
369 160 369 152
375 160 356 149
380 160 377 153
317 165 324 157
385 165 392 164
354 170 356 169
359 170 361 169
364 170 365 170
380 170 386 164
276 175 277 174
343 175 345 175
349 175 350 174
354 175 356 175
359 175 361 174
375 175 382 182
380 175 386 181
271 180 266 180
276 180 270 183
343 180 345 180
349 180 350 180
354 180 356 181
375 180 381 187
390 180 399 175
276 186 269 188
359 186 371 186
375 186 386 197
395 186 414 190
343 191 323 196
395 191 414 196
276 196 270 195
281 196 275 195
312 196 306 195
317 196 311 195
328 196 318 196
395 196 413 212
401 196 419 219
307 201 301 199
323 201 313 200
328 201 317 201
338 201 323 206
380 201 349 201
395 201 413 217
401 201 417 223
271 206 265 200
286 206 280 200
297 206 292 200
375 206 337 212
380 206 344 212
401 206 416 228
317 212 307 215
323 212 312 216
359 212 323 223
369 212 328 222
380 212 349 216
390 212 408 228
395 212 412 228
271 217 264 210
276 217 289 251
302 217 365 216
359 217 317 228
364 217 328 227
390 217 408 233
395 217 414 233
401 217 417 234
271 222 264 216
349 222 305 233
354 222 310 233
359 222 317 233
375 222 332 236
390 222 406 239
395 222 413 239
276 227 264 224
307 227 300 221
343 227 301 239
349 227 305 238
354 227 311 237
364 227 321 240
369 227 327 241
390 227 405 244
281 232 275 227
349 232 305 243
364 232 322 247
375 232 338 244
291 238 290 244
380 238 389 250
385 238 354 248
390 238 384 240
359 243 316 254
364 243 321 255
375 243 334 255
380 243 347 253
390 243 380 250
312 248 310 252
364 248 320 260
369 248 328 261
380 248 343 259
369 253 327 266
375 253 333 264
380 253 344 265
302 258 292 237
343 258 294 270
364 258 317 273
369 258 322 273
390 258 390 287
395 258 400 260
338 264 296 275
343 264 302 275
349 264 306 276
369 264 321 278
375 264 326 279
380 264 338 277
297 269 300 295
338 269 299 279
349 269 305 280
359 269 311 283
364 269 316 283
369 269 321 283
380 269 338 281
395 269 395 270
343 274 301 285
349 274 305 285
380 274 338 285
349 279 306 290
364 279 316 292
369 279 321 292
380 279 338 291
401 279 405 276
359 284 312 296
364 284 317 297
369 284 322 297
354 290 311 300
359 290 316 300
380 290 374 297
385 295 390 293
395 295 401 296
380 300 383 303
385 300 388 302
401 300 405 299
359 305 353 302
369 305 370 301
380 305 382 307
385 305 388 306
390 305 394 307
395 305 400 307
401 305 405 306
406 305 410 306
364 310 362 306
369 310 373 306
375 310 380 307
385 310 388 311
390 310 394 312
395 310 399 313
401 310 405 313
406 310 410 313
411 310 416 312
432 310 431 310
437 310 437 311
442 310 442 310
369 316 370 318
375 316 375 317
385 316 388 318
390 316 394 317
395 316 399 318
401 316 404 319
411 316 414 319
427 316 426 315
437 316 437 315
442 316 442 316
317 321 325 322
349 321 348 322
364 321 364 324
369 321 370 324
375 321 375 323
380 321 381 323
385 321 387 324
390 321 393 324
395 321 398 324
401 321 403 324
406 321 408 324
416 321 417 323
437 321 436 319
442 321 442 320
312 326 320 326
317 326 325 327
323 326 330 327
328 326 337 326
349 326 347 329
354 326 353 328
364 326 364 329
369 326 370 330
375 326 375 330
380 326 380 329
385 326 387 329
390 326 393 329
395 326 398 330
401 326 403 329
411 326 412 330
416 326 417 330
421 326 423 330
427 326 428 330
442 326 442 326
317 331 325 332
323 331 330 332
333 331 343 333
343 331 346 332
359 331 359 334
364 331 363 334
369 331 369 334
375 331 375 334
380 331 380 335
385 331 387 335
390 331 392 335
395 331 397 335
401 331 403 335
411 331 412 335
416 331 417 335
421 331 422 335
437 331 436 331
302 336 308 337
323 336 330 337
328 336 335 338
333 336 342 338
359 336 358 339
364 336 363 339
369 336 368 339
375 336 375 340
380 336 381 340
385 336 387 339
390 336 392 340
395 336 397 340
406 336 407 340
421 336 421 339
