493 94 462 143
77 111 41 97
111 111 74 96
163 111 134 97
181 111 150 98
458 111 425 159
493 111 460 113
59 129 27 124
77 129 44 124
94 129 75 119
146 129 117 117
59 146 38 146
77 146 55 145
94 146 74 143
129 146 109 136
163 146 146 137
215 146 182 136
233 146 202 135
424 146 413 126
441 146 439 124
614 146 543 128
59 163 40 163
77 163 58 163
406 163 383 181
424 163 398 179
476 163 445 201
371 181 339 211
389 181 365 207
406 181 383 203
424 181 398 202
441 181 417 201
476 181 454 211
528 181 510 142
545 181 527 141
562 181 544 143
580 181 562 143
337 198 316 231
354 198 332 231
371 198 349 229
389 198 367 228
406 198 383 226
424 198 400 225
441 198 416 225
510 198 482 217
545 198 526 161
562 198 544 161
580 198 561 163
597 198 576 162
632 198 600 165
319 215 301 252
337 215 317 253
354 215 333 252
371 215 350 251
389 215 367 250
406 215 382 247
424 215 399 246
441 215 416 245
476 215 448 243
493 215 465 243
510 215 479 239
528 215 496 238
545 215 514 236
562 215 542 180
580 215 558 181
597 215 576 180
614 215 591 183
632 215 606 183
302 233 285 263
319 233 302 269
337 233 318 272
354 233 334 273
371 233 348 272
389 233 367 271
406 233 383 270
424 233 398 268
458 233 430 264
476 233 446 263
493 233 464 263
510 233 480 262
528 233 496 260
545 233 512 255
562 233 529 247
580 233 559 193
597 233 575 196
614 233 591 198
285 250 269 270
319 250 302 282
337 250 318 285
354 250 336 290
371 250 349 290
389 250 367 292
406 250 382 293
441 250 414 288
458 250 430 286
476 250 446 285
493 250 462 285
510 250 478 284
528 250 493 280
545 250 511 272
580 250 558 209
597 250 575 212
285 267 270 286
319 267 303 297
337 267 320 302
354 267 337 303
371 267 351 308
389 267 367 308
406 267 383 308
441 267 414 308
458 267 428 306
476 267 445 305
493 267 461 304
510 267 477 301
528 267 493 296
545 267 509 284
562 267 528 262
580 267 558 226
597 267 576 229
233 285 227 299
267 285 253 300
285 285 268 301
319 285 303 312
337 285 320 315
354 285 336 320
371 285 353 322
389 285 368 323
406 285 383 323
441 285 414 324
458 285 427 324
476 285 444 323
493 285 461 323
510 285 476 319
528 285 492 315
545 285 513 300
562 285 528 283
580 285 544 287
597 285 559 290
233 302 226 319
337 302 323 335
354 302 337 335
371 302 354 335
389 302 371 336
406 302 386 334
424 302 399 336
458 302 429 338
476 302 443 341
493 302 459 340
510 302 475 336
528 302 491 333
545 302 509 316
562 302 526 317
597 302 559 307
285 319 272 322
319 319 305 343
354 319 338 350
371 319 354 349
389 319 370 349
406 319 383 348
424 319 400 349
441 319 415 350
476 319 443 356
493 319 459 357
510 319 474 350
545 319 509 335
562 319 525 334
580 319 541 335
285 337 273 338
337 337 323 352
476 337 446 366
493 337 458 371
528 337 490 359
545 337 510 349
562 337 523 350
580 337 543 351
285 354 273 353
302 354 290 353
319 354 306 359
371 354 352 373
406 354 386 373
424 354 404 374
458 354 429 376
493 354 458 382
510 354 474 384
528 354 492 366
267 371 258 370
285 371 273 372
302 371 290 370
319 371 308 369
337 371 322 373
424 371 401 385
458 371 429 391
476 371 444 391
545 371 508 373
562 371 523 373
233 389 231 385
250 389 248 389
267 389 266 387
319 389 308 386
337 389 323 386
354 389 339 388
371 389 354 391
389 389 371 392
406 389 386 393
476 389 443 406
493 389 459 409
510 389 474 412
545 389 508 388
597 389 551 391
614 389 565 389
632 389 582 385
233 406 233 405
250 406 251 407
267 406 269 405
285 406 285 404
302 406 287 390
337 406 324 399
354 406 340 401
371 406 355 403
389 406 370 406
406 406 386 406
424 406 402 405
441 406 417 406
510 406 475 423
562 406 528 390
597 406 550 409
614 406 565 407
632 406 580 404
250 424 251 419
319 424 304 411
354 424 339 415
371 424 356 416
389 424 372 419
406 424 387 419
424 424 402 420
493 424 462 429
528 424 493 422
545 424 510 409
562 424 524 409
597 424 548 427
614 424 564 424
198 441 215 409
215 441 230 424
267 441 266 438
285 441 284 438
319 441 300 436
337 441 324 429
371 441 358 433
389 441 375 432
406 441 388 433
424 441 402 432
476 441 443 443
493 441 461 446
510 441 476 441
545 441 508 426
562 441 522 426
580 441 533 443
597 441 547 442
614 441 562 442
632 441 576 442
198 458 210 459
215 458 232 458
267 458 268 457
285 458 287 455
337 458 320 456
354 458 341 455
493 458 457 457
528 458 493 442
545 458 508 442
580 458 532 458
597 458 547 461
614 458 560 458
632 458 575 458
198 476 210 477
233 476 233 476
267 476 268 476
319 476 300 477
337 476 321 475
371 476 333 474
389 476 350 474
424 476 405 471
458 476 427 472
476 476 444 474
510 476 461 474
528 476 480 473
545 476 496 474
562 476 514 471
580 476 531 475
597 476 548 477
614 476 561 477
632 476 572 475
