493 77 464 43
458 94 442 82
476 94 451 61
493 94 466 57
528 94 513 65
545 94 545 65
476 111 455 77
493 111 469 74
528 111 527 92
562 111 550 82
580 111 570 77
597 111 589 77
42 129 78 165
59 129 91 164
441 129 428 120
476 129 458 91
493 129 473 88
528 129 521 109
545 129 540 107
562 129 556 104
580 129 569 100
597 129 590 96
614 129 605 95
42 146 80 180
94 146 119 174
111 146 136 172
129 146 154 170
458 146 444 111
476 146 459 107
493 146 475 105
528 146 525 126
545 146 543 124
562 146 558 122
580 146 573 120
597 146 588 119
632 146 615 112
42 163 80 196
129 163 155 187
146 163 168 187
458 163 448 127
476 163 462 123
510 163 508 143
528 163 526 141
545 163 545 140
562 163 561 138
580 163 574 138
597 163 590 136
632 163 616 128
389 181 388 156
424 181 419 152
441 181 434 150
476 181 465 144
562 181 564 156
580 181 583 155
614 181 599 151
632 181 615 144
371 198 373 170
545 198 545 161
562 198 568 172
580 198 583 171
614 198 601 166
632 198 618 163
319 215 329 191
337 215 343 188
354 215 359 185
371 215 374 184
406 215 405 181
424 215 421 179
441 215 438 177
458 215 454 176
476 215 470 174
493 215 487 171
580 215 585 187
614 215 603 186
285 233 303 211
319 233 330 206
337 233 346 201
354 233 360 198
371 233 374 196
389 233 391 195
424 233 422 193
441 233 440 191
458 233 455 189
476 233 471 188
493 233 487 185
510 233 501 183
528 233 520 183
545 233 538 182
580 233 591 205
614 233 604 202
285 250 303 229
319 250 332 220
337 250 346 217
354 250 362 212
371 250 377 210
424 250 423 205
441 250 439 203
458 250 455 202
476 250 471 200
493 250 487 198
510 250 503 196
528 250 521 196
545 250 541 198
597 250 568 192
614 250 606 221
250 267 274 255
285 267 305 246
319 267 333 237
337 267 348 233
389 267 394 224
528 267 521 211
545 267 543 217
233 285 263 269
250 285 276 267
267 285 291 266
285 285 307 265
319 285 335 253
354 285 364 244
371 285 381 241
406 285 412 236
424 285 426 233
441 285 441 229
458 285 456 228
476 285 473 227
493 285 489 226
545 285 550 232
562 285 576 229
233 302 263 283
250 302 277 282
267 302 294 282
285 302 311 280
319 302 338 271
337 302 354 265
354 302 367 259
371 302 384 258
406 302 414 252
424 302 428 249
441 302 443 247
458 302 459 243
476 302 474 241
493 302 490 239
510 302 508 238
545 302 545 246
562 302 561 243
597 302 599 244
267 319 296 302
285 319 313 300
337 319 355 282
354 319 369 276
371 319 386 275
406 319 414 269
424 319 431 266
441 319 446 264
458 319 462 260
476 319 477 257
493 319 492 255
528 319 526 256
580 319 579 256
267 337 299 319
319 337 345 311
354 337 372 292
371 337 387 291
389 337 404 289
424 337 433 284
441 337 449 281
458 337 464 277
476 337 479 273
493 337 494 271
510 337 515 275
528 337 535 274
562 337 565 274
580 337 582 274
267 354 301 336
302 354 332 335
319 354 346 329
337 354 360 320
371 354 390 309
406 354 421 305
424 354 436 301
441 354 451 297
458 354 468 295
476 354 482 291
493 354 499 289
510 354 516 291
528 354 538 297
562 354 567 292
250 371 269 370
337 371 363 336
354 371 379 334
371 371 394 330
389 371 409 327
424 371 441 320
441 371 455 316
458 371 470 312
476 371 485 309
493 371 500 306
510 371 517 304
528 371 540 312
545 371 557 310
580 371 584 322
597 371 604 310
250 389 276 382
302 389 329 361
319 389 348 358
337 389 365 353
354 389 381 351
371 389 396 349
389 389 412 346
424 389 442 339
441 389 459 334
458 389 474 330
476 389 489 325
545 389 560 328
580 389 586 336
597 389 602 330
614 389 621 329
215 406 254 387
250 406 289 379
302 406 330 371
319 406 347 372
337 406 367 372
354 406 384 369
371 406 399 366
389 406 415 363
424 406 445 355
441 406 461 352
458 406 478 349
476 406 495 347
493 406 505 335
528 406 547 348
545 406 563 345
580 406 587 353
614 406 625 349
632 406 644 353
198 424 243 426
215 424 259 405
233 424 274 399
250 424 292 398
285 424 315 393
302 424 332 388
319 424 349 387
337 424 369 387
354 424 385 386
371 424 401 384
389 424 417 380
424 424 448 374
441 424 464 371
458 424 481 369
493 424 508 354
510 424 531 367
528 424 548 366
545 424 565 364
597 424 606 354
614 424 624 364
632 424 642 362
198 441 249 441
215 441 265 423
250 441 297 418
302 441 337 412
337 441 372 405
354 441 387 401
371 441 404 401
389 441 420 398
424 441 451 392
441 441 467 388
458 441 486 388
476 441 502 386
493 441 516 384
510 441 534 386
528 441 551 384
545 441 568 381
580 441 589 371
597 441 608 388
614 441 623 382
198 458 264 458
215 458 283 455
354 458 390 417
389 458 423 415
424 458 453 409
441 458 470 408
458 458 486 408
476 458 504 408
493 458 520 404
510 458 537 401
528 458 552 401
198 476 272 471
215 476 286 474
371 476 381 476
406 476 434 432
441 476 471 428
458 476 489 427
476 476 504 426
510 476 527 425
528 476 554 418
562 476 584 473
