419 239 417 239
422 239 420 239
425 239 423 239
427 239 426 239
433 239 434 239
435 239 437 239
446 239 446 239
455 239 454 240
457 239 457 240
460 239 460 241
463 239 463 241
466 239 466 242
468 239 469 242
419 241 418 242
422 241 420 242
425 241 423 242
427 241 426 243
430 241 429 243
435 241 440 244
446 241 445 245
449 241 448 245
463 241 462 245
466 241 465 245
471 241 471 245
474 241 474 245
477 241 476 245
422 244 420 245
425 244 423 245
427 244 426 246
430 244 429 246
433 244 434 247
438 244 442 247
446 244 445 247
449 244 448 248
457 244 457 249
468 244 468 248
471 244 471 248
474 244 474 248
477 244 477 248
419 247 418 247
430 247 437 250
435 247 439 251
446 247 454 251
452 247 460 252
468 247 468 251
471 247 470 251
474 247 474 251
477 247 477 251
482 247 480 251
427 250 434 254
433 250 439 253
438 250 448 253
441 250 451 252
446 250 456 252
477 250 476 253
482 250 479 254
422 252 425 250
433 252 439 257
441 252 447 257
444 252 454 255
446 252 453 257
449 252 457 257
452 252 459 257
471 252 468 259
474 252 473 255
477 252 476 256
482 252 479 256
416 255 423 254
422 255 425 253
433 255 438 259
438 255 448 260
441 255 450 260
446 255 453 260
449 255 457 260
477 255 476 258
482 255 479 261
405 258 407 266
408 258 411 266
411 258 416 249
438 258 448 262
441 258 450 263
444 258 453 263
479 258 475 267
411 261 416 253
419 261 428 262
430 261 435 261
435 261 441 265
444 261 453 266
479 261 475 270
482 261 478 269
416 263 424 265
419 263 427 265
422 263 436 265
433 263 438 268
435 263 441 268
474 263 466 276
477 263 470 276
479 263 475 272
422 266 436 268
438 266 441 274
477 266 470 279
414 269 419 267
419 269 426 272
438 269 441 277
457 269 463 287
438 272 440 280
457 272 463 290
460 272 466 290
468 274 486 287
471 274 489 287
414 277 418 283
419 277 427 276
438 277 441 285
455 277 454 297
457 277 457 297
468 277 486 291
471 277 489 291
419 280 426 278
422 280 429 279
444 280 446 288
446 280 451 288
457 280 456 300
460 280 459 300
468 280 485 293
471 280 489 294
474 280 491 294
485 280 486 285
490 280 490 282
411 282 415 267
419 282 426 281
422 282 429 282
438 282 440 290
457 282 457 303
460 282 460 303
468 282 486 295
471 282 489 296
493 282 492 285
411 285 415 269
414 285 419 270
425 285 432 281
433 285 439 283
438 285 440 294
455 285 472 294
414 288 418 273
438 288 440 297
452 288 468 296
455 288 472 297
457 288 474 298
411 291 415 276
438 291 440 302
441 291 449 300
444 291 452 300
457 291 474 301
441 293 448 303
414 299 418 282
438 299 451 302
441 299 454 303
444 299 457 306
446 299 460 306
468 299 456 277
405 302 397 304
416 302 412 298
422 302 436 306
435 302 448 305
438 302 450 305
441 302 454 307
444 302 457 309
446 302 460 309
485 302 488 305
493 302 493 305
394 304 394 305
422 304 436 308
425 304 440 307
435 304 447 308
441 304 454 309
485 304 488 308
488 304 491 310
493 304 494 310
405 307 397 306
427 307 443 309
435 307 446 311
438 307 450 311
446 307 457 314
479 307 482 310
493 307 493 313
386 310 388 308
405 310 397 308
408 310 400 308
411 310 403 308
416 310 414 309
435 310 446 314
479 310 482 313
482 310 487 313
414 313 408 311
416 313 411 311
425 313 417 310
430 313 439 314
435 313 445 316
468 313 470 315
471 313 473 315
474 313 477 315
477 313 480 315
482 313 488 316
419 315 414 314
430 315 439 317
433 315 442 317
441 315 447 320
444 315 449 320
460 315 464 317
466 315 468 318
471 315 473 318
482 315 481 319
419 318 413 317
433 318 442 320
441 318 447 323
444 318 450 323
452 318 459 320
457 318 461 319
463 318 467 320
466 318 470 320
482 318 481 322
493 318 492 316
427 321 434 322
430 321 437 323
452 321 456 323
455 321 458 322
493 321 492 319
414 324 413 321
422 324 427 325
425 324 431 325
427 324 434 324
430 324 437 325
433 324 440 325
435 324 444 322
452 324 456 326
479 324 481 324
490 324 489 322
493 324 493 322
386 326 384 322
397 326 396 329
408 326 404 325
414 326 415 326
419 326 424 327
422 326 427 327
425 326 430 327
466 326 467 327
474 326 472 329
488 326 486 325
490 326 490 325
493 326 493 326
381 329 378 325
416 329 421 329
419 329 424 329
425 329 430 330
427 329 433 328
430 329 436 330
433 329 439 330
457 329 461 329
482 329 481 328
485 329 484 328
488 329 487 328
490 329 490 328
493 329 493 329
381 332 378 328
383 332 381 328
405 332 401 332
414 332 418 332
416 332 421 333
422 332 427 330
425 332 430 332
427 332 432 332
430 332 435 333
433 332 438 333
435 332 442 331
438 332 445 331
441 332 447 330
455 332 456 331
457 332 458 331
466 332 464 331
468 332 467 331
471 332 470 331
479 332 479 330
490 332 490 332
493 332 493 332
381 335 378 331
386 335 384 331
400 335 404 332
403 335 406 332
405 335 401 335
408 335 407 335
414 335 419 335
419 335 421 336
422 335 427 333
425 335 429 335
427 335 432 335
430 335 435 336
435 335 441 334
438 335 445 334
441 335 448 334
444 335 450 334
446 335 452 334
455 335 455 335
457 335 458 334
460 335 460 334
466 335 464 334
468 335 467 334
471 335 472 335
474 335 474 335
477 335 478 335
490 335 490 334
493 335 493 335
378 337 378 337
389 337 390 337
394 337 396 337
403 337 401 337
405 337 404 337
414 337 418 337
419 337 424 337
438 337 444 337
441 337 447 337
444 337 449 337
446 337 452 337
455 337 455 337
457 337 458 337
460 337 460 337
463 337 463 337
471 337 472 337
482 337 482 337
485 337 486 337
493 337 493 337
