556 199 566 208
568 199 580 208
571 199 583 208
576 199 576 207
545 202 555 211
556 202 565 211
562 202 573 210
565 202 576 210
571 202 582 211
585 202 590 211
590 202 600 213
537 205 546 216
540 205 551 213
551 205 560 213
554 205 564 213
562 205 572 212
568 205 579 211
576 205 587 216
588 205 598 216
590 205 601 216
593 205 605 218
537 208 546 219
540 208 550 217
542 208 549 220
551 208 560 216
556 208 567 215
571 208 583 219
585 208 597 219
596 208 608 222
554 211 563 220
556 211 567 218
559 211 569 218
585 211 599 227
588 211 602 227
593 211 605 225
531 213 541 221
534 213 543 225
551 213 558 226
556 213 566 221
559 213 569 221
588 213 602 230
593 213 604 231
596 213 608 229
599 213 611 230
534 216 543 229
537 216 546 230
540 216 550 231
573 216 593 235
579 216 598 233
582 216 601 233
593 216 604 235
596 216 606 236
599 216 611 233
534 219 543 233
537 219 545 232
542 219 555 237
559 219 569 225
562 219 571 225
585 219 599 237
590 219 602 238
596 219 606 238
599 219 609 237
534 222 543 235
537 222 545 235
585 222 599 241
590 222 601 241
596 222 606 241
599 222 609 241
531 225 538 238
534 225 541 238
540 225 553 243
542 225 548 239
545 225 550 239
565 225 573 244
568 225 577 244
576 225 587 245
579 225 590 245
585 225 598 244
531 227 537 241
534 227 540 242
542 227 547 241
545 227 550 242
565 227 573 247
568 227 576 247
573 227 586 247
579 227 594 247
588 227 597 247
593 227 604 245
537 230 543 242
540 230 547 244
542 230 550 244
545 230 556 246
571 230 582 250
573 230 586 250
542 233 552 248
545 233 555 248
559 233 568 250
565 233 575 252
568 233 579 253
582 233 588 254
528 236 538 235
542 236 552 252
548 236 558 251
559 236 564 253
562 236 567 253
565 236 574 255
534 239 536 252
540 239 547 254
542 239 550 255
548 239 557 254
556 239 564 255
562 239 567 256
540 242 546 257
542 242 549 258
573 242 598 254
545 244 554 263
596 244 613 255
568 247 621 288
588 247 594 259
596 247 612 258
602 247 619 256
604 247 622 256
576 250 582 277
579 250 585 278
599 250 614 261
602 250 618 260
604 250 622 260
528 253 528 253
602 253 618 263
604 253 621 263
613 253 621 247
528 256 528 256
534 256 566 273
542 256 573 272
582 256 589 273
610 256 626 265
613 256 621 251
528 258 527 259
548 258 541 263
551 258 544 263
599 258 613 265
602 258 616 266
604 258 619 266
607 258 622 267
610 258 625 267
619 258 626 258
551 261 543 266
602 261 616 268
610 261 622 270
621 261 628 262
613 264 625 273
616 264 628 273
551 267 543 271
602 267 612 272
610 267 620 274
613 267 623 275
627 267 630 266
596 270 603 280
619 270 627 278
627 270 630 270
630 270 633 270
596 273 602 282
619 273 626 281
621 273 628 282
638 273 639 274
534 275 537 280
551 275 557 298
571 275 572 288
573 275 575 290
576 275 579 290
619 275 626 285
633 275 632 274
635 275 635 275
641 275 640 279
528 278 529 280
551 278 555 301
568 278 568 290
571 278 571 291
573 278 574 292
579 278 582 291
582 278 585 292
590 278 596 292
621 278 629 286
641 278 640 283
528 281 528 284
571 281 571 294
576 281 578 293
579 281 581 294
582 281 584 295
588 281 592 294
590 281 594 294
593 281 607 263
621 281 627 288
635 281 635 285
641 281 639 285
528 284 528 287
534 284 532 285
537 284 535 286
540 284 539 284
571 284 570 297
576 284 580 297
588 284 591 297
613 284 608 284
635 284 633 294
647 284 646 288
534 287 530 288
537 287 533 288
559 287 552 300
568 287 559 298
576 287 576 300
588 287 593 298
590 287 597 299
624 287 626 295
630 287 629 296
635 287 633 297
644 287 645 301
537 290 533 292
571 290 562 301
573 290 565 301
576 290 568 302
579 290 572 302
588 290 581 305
531 292 529 295
537 292 533 295
540 292 536 296
565 292 555 305
568 292 558 303
571 292 561 303
573 292 564 304
576 292 567 305
582 292 571 306
588 292 579 304
602 292 606 305
604 292 610 304
616 292 615 299
630 292 628 301
638 292 634 302
641 292 637 303
559 295 550 307
571 295 560 306
573 295 563 307
576 295 566 308
582 295 571 309
585 295 575 306
588 295 578 307
616 295 616 304
630 295 627 303
633 295 630 304
638 295 634 305
537 298 535 299
562 298 552 310
571 298 560 309
576 298 565 312
582 298 570 312
585 298 574 309
588 298 575 313
590 298 581 311
593 298 584 312
630 298 626 306
638 298 633 307
644 298 643 310
556 301 542 302
559 301 552 314
568 301 556 312
571 301 558 313
556 304 543 306
621 304 621 312
635 304 629 311
638 304 632 311
641 304 636 313
635 306 628 314
638 306 632 314
647 312 646 311
607 315 569 316
644 315 645 315
