1 0 0 -0.1178319603204727 
0 1 0 -0.04324014484882355 
0 0 1 -0.828993558883667 
0 0 0 1 

0.994099497795105 -0.1063226610422134 -0.02148762531578541 -0.09840116649866104 
0.1072678714990616 0.9930180311203003 0.04908057674765587 -0.04810971766710281 
0.01611924357712269 -0.05109589919447899 0.9985636472702026 -0.7968094944953918 
0 0 0 1 

0.9824158549308777 -0.185454398393631 -0.02157925628125668 -0.08362267911434174 
0.1865274906158447 0.9799486994743347 0.07005662471055984 -0.05410495772957802 
0.008154213428497314 -0.07284987717866898 0.9973095655441284 -0.7810020446777344 
0 0 0 1 

0.9741811156272888 -0.2119633257389069 -0.07773413509130478 -0.04673578217625618 
0.2191627323627472 0.9705321788787842 0.100174218416214 -0.06354082375764847 
0.05421015992760658 -0.1146242916584015 0.9919286966323853 -0.7630506157875061 
0 0 0 1 

0.9617804884910583 -0.2575657665729523 -0.09294087439775467 -0.05939877405762672 
0.2646894156932831 0.9614388346672058 0.07466444373130798 -0.06360917538404465 
0.07012593001127243 -0.09641130268573761 0.992868185043335 -0.738531768321991 
0 0 0 1 

0.9518710970878601 -0.2623443603515625 -0.1584827750921249 0.01302615460008383 
0.2836993336677551 0.9498358368873596 0.1316299140453339 -0.08879560977220535 
0.1160002127289772 -0.1702561974525452 0.9785482883453369 -0.6919646859169006 
0 0 0 1 

0.9603999853134155 -0.2499545812606812 -0.1231037974357605 0.05085343867540359 
0.2716887593269348 0.9380978345870972 0.2148431688547134 -0.1127107292413712 
0.06178231164813042 -0.2397813051939011 0.9688590168952942 -0.6602344512939453 
0 0 0 1 

0.9597852826118469 -0.226004034280777 -0.1665362119674683 0.06575305759906769 
0.266973078250885 0.9182474613189697 0.2924836874008179 -0.1208222061395645 
0.08681885898113251 -0.3251822590827942 0.9416574835777283 -0.6367183923721313 
0 0 0 1 

0.9536744356155396 -0.2173381596803665 -0.2080128937959671 0.08446987718343735 
0.270817905664444 0.9213120341300964 0.2790007591247559 -0.09662409126758575 
0.1310073286294937 -0.3224098682403564 0.9374907612800598 -0.5979396104812622 
0 0 0 1 

