435 217 437 217
451 217 510 234
527 217 527 217
530 217 530 217
533 217 533 217
430 219 430 221
440 219 500 242
453 219 513 237
506 219 524 220
525 219 524 221
527 219 526 222
533 219 532 220
535 219 535 220
430 222 430 224
440 222 500 244
445 222 503 245
451 222 448 241
472 222 441 223
493 222 476 294
496 222 478 294
525 222 523 223
533 222 535 243
538 222 538 221
469 224 439 226
472 224 441 225
474 224 447 223
459 227 516 241
472 227 441 228
527 227 500 269
538 227 538 224
464 230 520 245
517 230 529 254
456 232 515 244
472 232 483 267
474 232 486 267
451 235 453 265
456 235 515 246
514 235 525 298
527 235 499 274
535 235 535 284
538 235 538 308
435 238 494 242
448 238 450 268
451 238 453 268
461 238 470 268
511 238 523 300
517 238 525 301
533 238 533 284
538 238 538 311
435 240 494 244
437 240 496 244
451 240 453 271
456 240 511 249
461 240 470 271
533 240 533 287
538 240 538 314
453 243 510 252
461 243 470 273
514 243 525 271
525 243 522 309
527 243 531 295
432 246 494 249
514 246 525 274
514 248 450 286
522 248 520 312
440 251 504 255
459 251 509 267
461 251 512 267
533 251 533 302
453 254 505 269
493 254 521 285
522 254 504 304
482 256 461 299
535 256 538 274
435 261 432 274
533 267 535 288
445 269 445 311
456 269 505 275
461 269 511 270
493 269 445 287
527 269 532 290
533 269 536 291
538 269 538 287
435 272 433 289
456 272 505 277
461 272 511 272
493 272 444 290
511 272 517 315
535 272 535 308
538 272 538 291
435 275 433 291
453 275 501 277
459 275 508 278
514 275 438 289
535 275 535 293
538 275 538 293
430 277 429 314
432 277 432 313
456 277 504 280
459 277 507 281
514 277 438 292
519 277 521 283
533 277 534 296
538 277 538 296
430 280 429 317
432 280 432 315
435 280 489 281
456 280 504 284
480 280 455 301
451 283 498 288
480 283 454 303
482 283 457 304
485 283 460 304
488 283 463 304
535 283 536 261
435 285 489 285
448 285 500 289
453 285 503 289
459 285 510 287
480 285 454 305
482 285 457 306
488 285 463 307
443 288 494 291
448 288 497 291
451 288 500 292
453 288 502 292
440 290 491 293
443 290 494 293
445 290 497 293
448 290 499 294
453 290 503 295
440 293 493 296
448 293 499 297
453 293 502 298
482 296 456 312
503 296 491 310
503 298 491 313
464 306 456 316
506 317 508 317
430 320 429 320
451 320 479 319
488 320 519 323
490 320 521 323
535 320 534 322
445 322 476 320
448 322 478 321
453 322 481 322
509 322 510 322
485 325 451 326
509 325 510 325
525 325 531 325
533 325 533 326
430 327 430 327
445 327 442 327
477 327 487 328
480 327 489 328
501 327 504 327
503 327 506 328
533 327 533 328
538 327 538 328
