42 25 162 112
406 25 446 104
458 25 493 79
476 25 508 81
493 25 523 86
614 25 638 104
632 25 651 112
441 42 479 95
458 42 491 95
476 42 507 94
562 42 601 114
580 42 620 116
25 59 146 137
42 59 161 137
441 59 477 108
458 59 493 108
476 59 507 108
510 59 547 130
528 59 563 134
562 59 601 127
580 59 618 128
597 59 630 129
632 59 651 124
458 77 495 127
545 77 583 147
562 77 598 145
580 77 616 146
597 77 632 146
632 77 650 142
354 94 408 144
371 94 421 143
389 94 435 143
458 94 496 142
493 94 524 143
510 94 540 143
528 94 559 142
562 94 597 160
580 94 617 162
597 94 632 162
632 94 650 161
354 111 407 156
371 111 420 156
389 111 435 156
424 111 464 156
441 111 479 156
458 111 494 156
476 111 509 156
493 111 525 156
510 111 542 157
528 111 556 157
545 111 573 157
562 111 597 176
580 111 619 179
597 111 632 177
632 111 649 185
285 129 342 174
580 129 619 194
614 129 637 194
632 129 650 199
302 146 362 180
319 146 377 180
337 146 391 180
354 146 406 181
371 146 420 181
406 146 448 180
424 146 465 180
441 146 480 181
458 146 494 180
476 146 509 181
493 146 524 180
510 146 539 180
545 146 569 182
632 146 651 212
250 163 303 230
267 163 334 198
285 163 348 194
319 163 376 192
337 163 391 192
354 163 406 192
371 163 420 192
389 163 433 191
424 163 464 192
441 163 478 193
458 163 494 193
476 163 509 194
493 163 524 192
510 163 539 192
528 163 555 194
614 163 637 218
267 181 333 213
302 181 362 209
319 181 377 208
337 181 391 206
354 181 406 204
371 181 420 205
528 181 555 209
580 181 617 216
250 198 317 230
267 198 331 231
302 198 360 225
319 198 375 225
337 198 391 222
389 198 433 217
424 198 463 217
441 198 479 219
458 198 493 218
476 198 508 218
493 198 523 218
528 198 555 223
562 198 599 232
580 198 614 233
597 198 629 233
215 215 286 248
233 215 302 249
250 215 317 247
267 215 329 247
302 215 360 240
354 215 405 234
371 215 420 234
406 215 448 233
424 215 463 231
441 215 477 231
458 215 493 231
476 215 508 232
493 215 523 232
510 215 538 234
562 215 592 245
580 215 608 245
597 215 627 248
198 233 270 263
215 233 284 263
233 233 299 264
250 233 314 261
285 233 339 265
302 233 356 259
319 233 374 253
337 233 389 251
354 233 404 249
371 233 419 249
389 233 435 250
424 233 463 247
441 233 478 247
458 233 494 246
476 233 508 245
493 233 523 245
510 233 539 248
528 233 555 250
545 233 574 259
562 233 592 260
580 233 608 259
198 250 271 275
215 250 283 276
233 250 299 276
285 250 339 286
319 250 373 269
337 250 388 266
354 250 403 267
371 250 418 266
406 250 447 265
424 250 463 265
441 250 477 265
458 250 493 261
476 250 509 260
493 250 523 259
510 250 541 266
528 250 558 270
545 250 576 277
562 250 592 276
580 250 610 276
267 267 325 300
302 267 358 301
319 267 374 286
337 267 388 283
354 267 403 282
371 267 418 282
406 267 447 283
424 267 462 283
441 267 478 282
458 267 494 281
476 267 510 279
493 267 524 276
510 267 541 280
528 267 562 288
545 267 580 294
562 267 594 293
250 285 303 337
267 285 323 319
285 285 339 317
302 285 357 316
319 285 370 313
337 285 387 298
354 285 401 298
371 285 418 300
389 285 434 302
424 285 463 301
441 285 479 300
458 285 495 298
476 285 510 296
493 285 526 296
510 285 541 294
545 285 581 313
562 285 598 312
597 285 629 315
614 285 648 315
267 302 322 333
285 302 336 334
302 302 354 334
319 302 368 332
337 302 386 329
354 302 400 324
371 302 418 321
389 302 433 322
424 302 464 320
441 302 477 316
458 302 496 314
476 302 510 314
493 302 526 313
510 302 543 313
528 302 559 316
545 302 581 330
632 302 668 332
250 319 301 351
267 319 319 348
285 319 336 349
302 319 352 348
319 319 370 351
337 319 384 350
354 319 401 347
371 319 418 344
424 319 464 341
441 319 480 339
458 319 495 335
476 319 511 332
493 319 527 330
510 319 543 330
580 319 614 339
597 319 631 341
614 319 649 342
632 319 669 349
233 337 282 370
250 337 298 369
267 337 316 368
285 337 334 368
302 337 352 368
319 337 370 365
337 337 383 366
354 337 400 365
371 337 416 365
389 337 433 364
441 337 479 362
458 337 496 359
476 337 516 358
493 337 528 354
510 337 541 349
545 337 583 372
562 337 597 375
580 337 614 355
597 337 632 357
614 337 650 357
649 337 685 386
215 354 264 400
233 354 281 384
250 354 303 388
267 354 315 385
354 354 399 381
371 354 415 383
406 354 447 381
424 354 466 382
493 354 529 369
510 354 540 369
545 354 584 389
562 354 599 392
580 354 614 370
597 354 630 370
614 354 648 371
632 354 667 372
233 371 282 402
302 371 336 387
337 371 390 390
406 371 445 399
424 371 462 400
441 371 481 402
458 371 496 401
476 371 510 406
510 371 559 404
545 371 583 406
562 371 600 408
580 371 613 385
597 371 629 386
614 371 649 386
632 371 665 386
649 371 682 409
233 389 297 421
267 389 300 402
285 389 333 404
319 389 352 403
337 389 387 403
354 389 402 406
406 389 443 418
424 389 468 419
458 389 496 420
476 389 512 419
493 389 546 411
580 389 614 402
597 389 631 405
614 389 650 403
632 389 666 402
215 406 278 439
233 406 280 419
285 406 332 416
337 406 384 419
493 406 548 427
510 406 563 424
528 406 579 422
597 406 633 417
614 406 650 419
632 406 668 422
215 424 264 423
319 424 368 436
354 424 390 432
389 424 426 441
406 424 445 445
424 424 467 445
458 424 506 440
476 424 525 439
493 424 543 441
510 424 558 440
528 424 575 440
562 424 609 443
580 424 627 440
597 424 643 437
632 424 668 434
302 441 336 450
354 441 402 458
371 441 421 458
406 441 445 460
424 441 461 462
441 441 489 456
458 441 507 454
476 441 525 455
493 441 541 455
510 441 556 457
545 441 593 460
562 441 613 460
250 458 281 457
267 458 296 458
354 458 385 457
528 458 580 460
267 476 297 476
302 476 335 476
319 476 355 476
337 476 369 476
354 476 387 476
389 476 424 476
406 476 438 477
424 476 455 475
441 476 491 478
458 476 511 479
476 476 525 478
493 476 542 479
510 476 560 477
528 476 580 476
545 476 597 476
