42 111 36 111
146 111 142 110
163 111 158 110
42 129 38 128
59 129 55 128
77 129 72 128
129 129 124 128
163 129 159 128
441 129 438 126
458 129 456 126
476 129 474 126
493 129 490 127
510 129 506 125
42 146 38 146
59 146 58 145
77 146 72 145
94 146 90 145
111 146 108 145
129 146 124 145
146 146 143 145
163 146 160 145
424 146 420 143
441 146 438 143
458 146 454 142
476 146 472 144
510 146 506 143
528 146 523 143
545 146 541 143
42 163 40 163
59 163 56 163
77 163 76 163
94 163 92 163
111 163 110 163
129 163 127 163
146 163 145 163
163 163 160 162
181 163 179 162
198 163 195 162
406 163 404 160
424 163 420 162
441 163 437 161
458 163 455 160
476 163 472 161
493 163 489 161
510 163 507 160
528 163 521 159
545 163 542 160
562 163 559 160
580 163 576 161
406 181 404 177
424 181 420 179
458 181 455 178
476 181 471 178
510 181 508 178
528 181 526 177
545 181 543 178
562 181 557 177
580 181 576 177
597 181 593 177
389 198 387 195
406 198 403 196
424 198 421 196
441 198 437 196
458 198 454 197
476 198 472 196
510 198 508 195
528 198 527 195
545 198 544 195
562 198 557 193
580 198 577 195
597 198 592 193
389 215 386 213
406 215 404 214
424 215 420 213
441 215 437 213
458 215 454 213
476 215 472 214
510 215 508 212
528 215 525 212
545 215 542 212
562 215 557 210
580 215 575 211
597 215 593 210
354 233 351 231
371 233 369 231
389 233 385 231
406 233 403 231
441 233 438 231
458 233 454 230
476 233 472 230
493 233 491 229
510 233 509 230
528 233 526 229
545 233 542 229
562 233 560 229
580 233 577 229
597 233 594 231
337 250 335 249
354 250 351 248
371 250 368 249
389 250 385 248
406 250 403 248
424 250 420 247
441 250 437 247
476 250 472 247
493 250 490 247
528 250 525 247
545 250 542 247
562 250 560 246
580 250 577 246
597 250 594 247
302 267 300 266
319 267 316 266
337 267 335 267
354 267 351 266
371 267 369 266
389 267 385 266
406 267 403 265
424 267 420 265
441 267 437 266
458 267 455 265
476 267 473 266
493 267 490 265
510 267 507 265
528 267 525 265
545 267 543 263
562 267 560 264
580 267 577 264
597 267 594 265
267 285 265 283
285 285 282 284
302 285 299 284
319 285 316 284
337 285 333 283
354 285 351 283
371 285 369 284
389 285 386 283
406 285 404 283
424 285 420 282
441 285 438 283
458 285 455 282
476 285 472 283
493 285 490 283
510 285 507 282
528 285 524 282
545 285 541 281
562 285 559 281
580 285 576 281
597 285 593 281
233 302 230 301
250 302 247 301
267 302 264 301
285 302 283 301
319 302 316 302
337 302 336 301
354 302 351 301
371 302 368 300
389 302 386 301
406 302 403 300
424 302 421 301
441 302 437 300
458 302 455 300
476 302 473 299
493 302 489 299
510 302 507 299
545 302 541 298
562 302 559 298
580 302 576 299
215 319 214 318
233 319 230 319
250 319 247 319
267 319 265 318
285 319 283 318
302 319 300 318
319 319 317 318
337 319 335 317
354 319 352 317
371 319 368 318
389 319 386 318
406 319 404 318
424 319 421 318
441 319 438 318
458 319 455 317
476 319 473 317
493 319 489 316
510 319 507 317
528 319 525 317
545 319 541 316
562 319 559 317
580 319 577 315
198 337 196 336
215 337 214 336
233 337 231 336
250 337 247 336
285 337 283 335
302 337 299 335
319 337 317 336
337 337 334 335
354 337 351 335
371 337 370 336
389 337 386 335
406 337 404 336
424 337 421 336
441 337 437 335
458 337 455 334
476 337 472 334
493 337 491 335
528 337 525 334
545 337 540 333
562 337 558 334
580 337 577 333
215 354 214 354
233 354 231 353
250 354 248 353
267 354 266 353
302 354 300 353
319 354 318 353
337 354 334 352
354 354 351 352
371 354 369 353
389 354 386 353
406 354 403 352
424 354 422 353
441 354 437 351
458 354 455 352
476 354 472 352
493 354 490 352
510 354 507 352
528 354 525 351
545 354 542 351
562 354 559 351
250 371 248 370
267 371 265 370
285 371 283 370
302 371 300 370
319 371 317 370
337 371 335 370
354 371 352 370
371 371 371 370
389 371 388 370
406 371 405 371
424 371 422 370
441 371 438 369
458 371 456 369
476 371 472 369
493 371 490 369
510 371 507 369
528 371 524 368
545 371 542 368
250 389 249 388
267 389 267 387
285 389 283 388
302 389 301 388
319 389 318 388
337 389 335 387
354 389 353 387
371 389 370 388
389 389 389 388
406 389 405 387
424 389 420 387
441 389 438 387
458 389 455 386
476 389 473 386
510 389 508 386
528 389 524 386
545 389 542 385
233 406 231 406
250 406 250 406
267 406 267 406
285 406 287 407
302 406 301 404
319 406 318 404
337 406 335 405
354 406 353 404
389 406 388 404
406 406 404 403
424 406 421 403
441 406 437 403
458 406 456 403
476 406 474 404
493 406 490 403
510 406 509 403
528 406 525 403
545 406 543 402
215 424 215 421
233 424 234 423
250 424 253 425
267 424 267 423
285 424 286 428
302 424 303 424
319 424 318 421
337 424 335 422
354 424 353 421
371 424 370 421
389 424 387 421
406 424 405 421
424 424 422 420
441 424 439 421
458 424 455 420
476 424 472 420
493 424 490 420
510 424 508 419
528 424 525 419
545 424 543 419
562 424 559 420
580 424 577 419
198 441 197 440
215 441 215 443
233 441 238 445
267 441 267 439
285 441 284 440
302 441 302 442
319 441 317 438
337 441 335 438
354 441 352 439
371 441 370 439
389 441 387 439
406 441 405 438
424 441 422 438
441 441 439 438
458 441 455 437
476 441 473 438
493 441 490 437
510 441 508 437
528 441 526 436
545 441 543 436
562 441 559 437
580 441 577 436
198 458 195 459
215 458 215 464
233 458 234 459
250 458 248 455
337 458 335 457
354 458 353 456
371 458 371 455
389 458 387 455
406 458 404 455
424 458 422 455
441 458 439 457
458 458 457 456
476 458 473 455
510 458 508 454
528 458 526 454
545 458 542 454
562 458 560 455
580 458 576 454
181 476 180 475
198 476 197 476
215 476 213 477
233 476 234 476
250 476 250 477
285 476 269 475
302 476 288 476
319 476 306 476
337 476 323 476
354 476 352 474
371 476 371 474
389 476 389 474
406 476 403 473
424 476 421 474
441 476 439 476
458 476 456 472
476 476 474 474
493 476 489 474
510 476 509 474
528 476 524 474
545 476 542 474
562 476 560 475
580 476 576 475
