1 0 0 -0.04922165349125862 
0 1 0 -0.0675094872713089 
0 0 1 -0.5077975988388062 
0 0 0 1 

0.9993467926979065 0.008501132950186729 -0.03512357175350189 -0.07197786867618561 
-0.00775053771212697 0.9997398257255554 0.02145120874047279 -0.08121104538440704 
0.03529679775238037 -0.02116496860980988 0.9991527199745178 -0.5137113332748413 
0 0 0 1 

0.9992895126342773 -0.006569610442966223 -0.0371122881770134 -0.07082315534353256 
0.007446059491485357 0.9996954798698425 0.02352834679186344 -0.08433777093887329 
0.03694641590118408 -0.02378796227276325 0.9990341067314148 -0.5145434737205505 
0 0 0 1 

0.9993331432342529 -0.02088964730501175 -0.02994866855442524 -0.06367087364196777 
0.02235045656561852 0.9985338449478149 0.04930120706558228 -0.09967867285013199 
0.02887485362589359 -0.04993771016597748 0.9983348250389099 -0.5100768208503723 
0 0 0 1 

0.9992958307266235 -0.01477517280727625 -0.03449064120650291 -0.06245608255267143 
0.01554674003273249 0.9996324181556702 0.02221116051077843 -0.08898282796144485 
0.03414979949593544 -0.0227317176759243 0.9991582036018372 -0.5149554014205933 
0 0 0 1 

0.9918155074119568 -0.105040118098259 -0.0725831612944603 -0.04541930556297302 
0.1081670969724655 0.9933043122291565 0.04057365655899048 -0.106284074485302 
0.0678352490067482 -0.0480927899479866 0.9965366721153259 -0.5217586755752563 
0 0 0 1 

0.980731189250946 -0.1766963303089142 -0.08333546668291092 -0.03717556595802307 
0.1833346486091614 0.9797782897949219 0.08014344424009323 -0.1278902441263199 
0.06748922914266586 -0.09387744218111038 0.9932936429977417 -0.5156538486480713 
0 0 0 1 

0.9775763750076294 -0.200386255979538 -0.06472806632518768 -0.04762569442391396 
0.2055230438709259 0.9748699069023132 0.0859585627913475 -0.1308261901140213 
0.04587651416659355 -0.09733418375253677 0.9941938519477844 -0.5154963731765747 
0 0 0 1 

