545 129 654 175
545 146 651 193
562 146 669 193
597 146 717 196
614 146 737 197
632 146 758 198
649 146 780 199
666 146 810 202
545 163 651 209
562 163 669 211
580 163 695 213
597 163 717 213
614 163 737 215
632 163 757 217
649 163 778 218
528 181 631 226
545 181 648 227
562 181 667 228
666 181 804 240
528 198 630 245
545 198 647 245
562 198 666 246
666 198 802 260
684 198 821 261
528 215 628 263
545 215 645 262
562 215 664 264
684 215 819 281
493 233 588 276
510 233 606 278
545 233 645 281
562 233 664 283
580 233 686 286
597 233 709 289
614 233 730 290
632 233 750 292
458 250 546 290
476 250 569 291
493 250 588 293
510 250 606 295
528 250 625 296
545 250 643 298
562 250 666 300
580 250 685 303
597 250 705 305
614 250 727 308
632 250 745 309
649 250 765 311
666 250 801 320
424 267 514 304
441 267 531 304
458 267 549 306
476 267 566 307
510 267 604 311
528 267 623 314
545 267 641 316
562 267 663 319
597 267 700 322
614 267 721 324
632 267 743 327
649 267 765 330
684 267 820 342
424 285 513 320
441 285 530 320
458 285 548 322
476 285 566 323
493 285 583 325
510 285 602 327
528 285 621 331
545 285 640 333
562 285 662 336
597 285 700 340
614 285 719 343
632 285 742 346
649 285 764 349
666 285 799 358
424 302 512 336
441 302 529 338
458 302 546 340
476 302 564 342
493 302 583 344
510 302 600 346
528 302 619 347
545 302 643 352
580 302 678 356
597 302 697 358
614 302 718 361
632 302 740 366
649 302 764 368
666 302 794 375
684 302 813 379
406 319 492 352
424 319 510 354
458 319 545 357
476 319 563 360
493 319 581 362
510 319 599 364
528 319 616 367
545 319 636 368
562 319 654 372
580 319 676 372
597 319 696 376
614 319 716 380
666 319 785 392
684 319 807 394
371 337 459 365
389 337 477 366
424 337 508 371
458 337 541 374
476 337 562 377
493 337 580 379
510 337 598 381
528 337 620 384
545 337 640 387
580 337 674 391
614 337 716 398
649 337 760 407
666 337 786 410
684 337 806 413
371 354 459 382
424 354 505 389
441 354 525 390
458 354 543 393
476 354 559 395
493 354 576 396
510 354 595 399
528 354 621 406
562 354 651 407
580 354 673 412
597 354 694 414
614 354 715 420
632 354 739 423
649 354 758 426
666 354 784 431
684 354 806 433
406 371 486 407
424 371 503 409
458 371 540 411
510 371 594 418
528 371 618 424
545 371 638 426
562 371 656 428
580 371 673 430
597 371 692 432
614 371 712 436
649 371 761 447
666 371 780 446
684 371 806 452
406 389 484 427
424 389 501 427
458 389 539 429
476 389 558 431
493 389 575 434
510 389 594 437
545 389 629 442
562 389 653 445
580 389 670 446
597 389 690 452
614 389 711 454
632 389 741 461
649 389 760 460
666 389 780 461
684 389 803 467
424 406 499 444
441 406 519 445
458 406 536 448
493 406 574 452
510 406 594 456
545 406 630 462
562 406 650 465
580 406 671 467
597 406 690 472
632 406 741 475
406 424 477 459
510 424 594 473
510 476 524 475
701 476 764 475
