493 94 501 13
510 94 519 12
528 94 536 14
545 94 558 12
562 94 574 12
580 94 595 11
597 94 628 14
510 111 518 33
528 111 537 31
545 111 554 30
562 111 571 32
580 111 591 31
597 111 613 27
614 111 645 34
371 129 355 24
389 129 375 21
406 129 398 21
424 129 420 15
528 129 535 49
545 129 555 50
562 129 573 50
580 129 591 50
597 129 616 52
371 146 355 41
389 146 377 41
406 146 399 41
424 146 421 31
441 146 441 29
458 146 461 34
510 146 523 52
545 146 556 69
562 146 572 70
580 146 590 69
597 146 616 70
337 163 312 67
354 163 337 64
371 163 357 64
389 163 377 64
406 163 400 63
476 163 483 61
493 163 503 62
510 163 524 65
528 163 543 68
545 163 559 88
562 163 572 90
580 163 593 90
597 163 618 91
319 181 293 83
337 181 315 83
354 181 335 82
371 181 357 82
389 181 379 83
406 181 399 83
424 181 419 82
441 181 441 82
458 181 461 83
476 181 484 82
493 181 504 82
510 181 526 82
528 181 546 83
545 181 556 109
562 181 572 109
580 181 595 110
597 181 617 109
302 198 274 104
319 198 294 102
337 198 315 103
354 198 334 103
371 198 357 104
389 198 379 102
406 198 400 103
424 198 421 102
441 198 442 102
458 198 461 102
476 198 484 103
493 198 505 102
510 198 524 102
528 198 545 104
562 198 572 126
580 198 598 124
597 198 615 126
302 215 270 122
319 215 294 123
337 215 315 123
354 215 335 123
371 215 362 124
389 215 379 125
406 215 400 123
424 215 421 122
441 215 442 123
458 215 462 121
476 215 484 123
493 215 505 122
510 215 526 123
528 215 541 137
562 215 578 138
580 215 600 139
267 233 235 149
285 233 255 149
302 233 274 144
319 233 296 145
337 233 315 145
354 233 336 143
371 233 357 144
389 233 380 143
406 233 400 143
424 233 421 143
441 233 442 143
458 233 462 143
476 233 486 142
493 233 505 143
528 233 540 153
545 233 558 152
562 233 581 151
580 233 602 151
233 250 197 177
250 250 217 175
267 250 241 174
302 250 277 170
319 250 298 170
337 250 315 165
354 250 336 164
371 250 358 164
389 250 379 164
406 250 401 164
424 250 422 163
441 250 442 163
458 250 462 163
476 250 484 163
493 250 505 164
510 250 522 168
545 250 560 169
562 250 581 167
580 250 597 173
198 267 163 199
215 267 182 196
233 267 200 195
250 267 225 192
267 267 243 194
302 267 279 190
319 267 299 189
337 267 318 189
354 267 337 184
371 267 358 184
406 267 401 183
424 267 422 184
441 267 442 184
458 267 462 184
476 267 485 185
493 267 506 184
510 267 523 188
528 267 543 187
545 267 563 188
562 267 582 187
215 285 182 214
233 285 200 214
250 285 228 213
267 285 247 217
285 285 266 216
302 285 280 212
319 285 300 209
337 285 319 208
354 285 337 209
371 285 358 205
389 285 379 205
406 285 401 205
424 285 422 205
441 285 443 205
458 285 464 204
476 285 485 204
493 285 506 205
510 285 524 209
528 285 543 207
545 285 563 206
267 302 250 237
285 302 267 235
319 302 301 231
337 302 321 228
354 302 339 228
371 302 360 228
389 302 383 229
406 302 402 228
424 302 422 225
441 302 443 225
458 302 464 224
476 302 485 225
493 302 504 226
510 302 525 230
528 302 543 228
545 302 564 226
267 319 251 255
285 319 266 253
302 319 284 252
319 319 306 252
337 319 322 250
354 319 342 251
371 319 360 248
389 319 384 249
424 319 424 248
441 319 444 246
458 319 464 245
493 319 501 248
510 319 523 248
528 319 542 248
545 319 565 240
562 319 581 247
580 319 597 248
250 337 235 270
267 337 249 272
285 337 264 270
319 337 307 269
337 337 326 271
354 337 344 270
371 337 362 269
424 337 423 268
441 337 443 267
458 337 463 266
476 337 484 267
493 337 504 268
510 337 522 269
528 337 537 272
562 337 579 268
580 337 598 268
233 354 214 294
250 354 232 295
267 354 252 296
285 354 267 303
302 354 299 280
337 354 325 287
354 354 347 290
371 354 367 290
389 354 386 290
406 354 404 289
424 354 424 289
441 354 443 288
458 354 465 288
476 354 483 284
528 354 538 290
545 354 561 286
562 354 580 287
580 354 599 286
233 371 213 319
250 371 235 316
267 371 251 315
285 371 267 317
302 371 285 303
319 371 299 301
337 371 318 303
371 371 367 309
389 371 387 309
406 371 406 308
424 371 425 308
441 371 443 308
458 371 464 307
476 371 483 307
510 371 519 307
545 371 560 307
562 371 580 306
580 371 600 309
233 389 215 332
250 389 234 337
267 389 254 334
285 389 269 330
319 389 301 331
337 389 335 332
354 389 353 331
389 389 390 327
406 389 407 326
424 389 425 326
441 389 445 327
458 389 465 325
476 389 479 327
493 389 497 327
510 389 519 327
545 389 562 325
562 389 580 325
580 389 599 327
233 406 218 348
250 406 235 349
267 406 255 350
285 406 269 349
337 406 322 349
354 406 352 347
371 406 368 346
389 406 386 346
406 406 405 346
424 406 423 345
441 406 442 346
458 406 460 346
476 406 477 346
493 406 497 349
510 406 518 345
528 406 542 345
545 406 562 345
562 406 579 346
580 406 599 346
233 424 221 367
250 424 237 366
267 424 256 368
285 424 271 370
302 424 299 373
319 424 317 372
337 424 334 367
354 424 352 366
371 424 368 366
389 424 386 365
406 424 406 362
424 424 422 363
441 424 440 368
458 424 458 367
476 424 476 367
493 424 498 369
510 424 519 364
528 424 543 363
545 424 561 363
562 424 581 365
580 424 598 366
250 441 246 388
267 441 266 389
285 441 286 389
302 441 305 391
319 441 319 390
337 441 335 385
354 441 352 385
371 441 370 383
389 441 388 383
406 441 407 384
424 441 423 384
441 441 439 387
458 441 461 383
476 441 480 385
493 441 497 385
510 441 519 379
528 441 541 381
545 441 562 382
562 441 582 382
285 458 287 408
302 458 306 407
319 458 321 406
337 458 336 402
354 458 353 403
371 458 372 402
389 458 391 403
406 458 409 404
424 458 427 405
441 458 444 403
458 458 461 402
476 458 482 400
493 458 499 400
510 458 518 399
528 458 533 395
545 458 564 401
562 458 582 400
319 476 324 423
337 476 340 424
354 476 354 422
371 476 372 419
406 476 410 419
458 476 458 439
493 476 494 436
