111 59 111 59
42 77 42 77
111 77 111 77
146 77 146 77
406 77 406 77
424 77 424 77
441 77 443 77
458 77 459 76
42 94 42 94
77 94 77 93
94 94 94 94
111 94 111 94
129 94 129 94
146 94 146 94
389 94 389 93
406 94 407 93
441 94 444 94
458 94 459 94
493 94 495 94
510 94 511 94
42 111 42 111
59 111 58 111
77 111 77 111
111 111 112 111
129 111 128 111
146 111 145 111
163 111 162 111
406 111 407 110
424 111 425 111
441 111 442 111
458 111 459 111
476 111 474 112
493 111 493 111
510 111 510 111
528 111 529 111
545 111 546 111
25 129 24 128
42 129 42 128
59 129 59 128
77 129 75 128
94 129 93 129
111 129 110 129
129 129 128 129
146 129 145 129
163 129 162 129
181 129 180 129
371 129 371 129
389 129 389 127
441 129 441 128
458 129 458 129
476 129 476 129
493 129 493 129
510 129 510 128
528 129 524 126
562 129 562 128
42 146 41 146
59 146 58 146
77 146 75 146
424 146 424 146
441 146 441 146
458 146 458 146
476 146 476 146
493 146 493 146
510 146 510 145
528 146 527 144
545 146 546 144
562 146 562 143
354 163 354 163
389 163 389 163
424 163 424 163
441 163 441 163
458 163 458 163
476 163 476 163
493 163 492 163
528 163 528 163
545 163 545 163
562 163 562 163
354 181 354 180
371 181 372 181
389 181 389 181
406 181 406 180
424 181 424 180
441 181 441 181
458 181 457 180
476 181 475 180
493 181 493 180
528 181 528 181
545 181 545 181
562 181 563 182
285 198 285 198
302 198 302 198
337 198 337 198
354 198 355 198
371 198 371 198
389 198 389 198
406 198 407 198
424 198 424 198
441 198 441 198
458 198 458 198
493 198 495 198
510 198 510 198
528 198 528 198
545 198 546 199
562 198 563 199
319 215 320 215
337 215 338 215
354 215 354 216
371 215 372 215
389 215 389 215
441 215 441 215
458 215 458 215
476 215 475 215
510 215 510 215
528 215 528 215
562 215 562 216
302 233 302 233
319 233 319 233
337 233 337 233
354 233 355 233
371 233 371 233
389 233 389 233
406 233 406 233
424 233 424 233
441 233 441 233
458 233 458 233
476 233 476 233
493 233 493 232
510 233 510 232
562 233 563 233
267 250 267 250
285 250 285 250
302 250 302 250
319 250 320 250
337 250 337 250
354 250 354 250
371 250 372 250
389 250 389 250
406 250 406 250
424 250 424 250
441 250 441 250
458 250 458 250
476 250 475 250
510 250 509 250
528 250 527 250
545 250 546 251
250 267 250 267
267 267 267 268
285 267 285 267
302 267 302 267
319 267 321 268
337 267 337 267
354 267 354 267
371 267 372 267
389 267 389 268
406 267 406 268
424 267 423 267
441 267 441 267
458 267 458 267
476 267 476 267
493 267 494 267
510 267 510 267
528 267 528 267
545 267 545 267
215 285 216 285
233 285 232 285
250 285 250 285
302 285 302 285
319 285 319 284
337 285 337 285
354 285 354 285
371 285 371 285
389 285 389 285
406 285 406 285
424 285 424 285
441 285 441 285
458 285 458 285
476 285 476 285
493 285 494 286
510 285 511 283
528 285 528 283
198 302 198 302
215 302 216 302
250 302 250 302
285 302 285 302
302 302 302 303
319 302 318 302
337 302 337 302
354 302 354 302
371 302 372 302
389 302 389 302
406 302 406 302
424 302 424 302
441 302 441 302
458 302 458 302
476 302 476 302
493 302 493 302
528 302 528 302
198 319 198 320
215 319 215 319
233 319 232 320
250 319 250 320
267 319 267 319
319 319 319 320
337 319 336 320
354 319 354 320
371 319 372 320
389 319 389 320
406 319 406 320
424 319 423 319
441 319 441 319
458 319 458 319
476 319 476 320
493 319 493 319
510 319 510 319
267 337 268 338
285 337 285 337
302 337 302 337
319 337 319 337
337 337 337 337
354 337 355 337
371 337 373 338
389 337 389 337
406 337 407 337
424 337 424 337
441 337 441 337
476 337 475 337
493 337 492 337
267 354 266 356
285 354 287 355
302 354 302 354
319 354 320 354
337 354 337 354
354 354 355 354
371 354 373 354
389 354 389 354
406 354 406 354
424 354 424 354
441 354 441 354
458 354 458 355
476 354 475 354
493 354 493 354
510 354 511 354
528 354 528 354
545 354 545 354
233 371 232 372
250 371 251 371
267 371 270 373
302 371 303 373
319 371 319 372
337 371 337 372
354 371 354 372
371 371 372 372
389 371 389 372
406 371 407 372
424 371 424 372
441 371 441 372
458 371 459 372
476 371 476 371
510 371 510 372
528 371 528 371
215 389 216 388
233 389 229 388
250 389 248 390
285 389 285 390
302 389 304 391
319 389 320 390
337 389 337 389
354 389 354 389
371 389 372 389
389 389 389 389
424 389 424 389
441 389 441 389
476 389 475 389
510 389 511 389
528 389 528 388
545 389 545 389
215 406 216 404
233 406 235 405
250 406 248 406
267 406 267 408
285 406 285 406
302 406 299 406
319 406 318 403
337 406 338 407
371 406 372 407
389 406 389 406
458 406 458 407
476 406 476 407
510 406 511 407
528 406 528 407
545 406 545 406
215 424 215 422
233 424 230 420
250 424 249 422
267 424 264 422
285 424 281 423
302 424 297 424
319 424 314 422
337 424 340 424
354 424 358 424
371 424 372 424
389 424 388 424
406 424 405 423
424 424 426 423
441 424 442 425
458 424 458 424
476 424 476 424
493 424 494 424
510 424 511 424
528 424 529 424
215 441 216 442
233 441 230 439
250 441 247 439
285 441 284 441
302 441 304 443
319 441 318 440
337 441 337 439
354 441 354 442
371 441 372 442
389 441 387 439
406 441 406 441
424 441 425 440
441 441 443 440
476 441 476 440
493 441 494 442
510 441 511 441
528 441 528 442
233 458 231 457
267 458 263 455
319 458 321 460
337 458 337 459
371 458 370 457
389 458 387 458
406 458 405 458
424 458 423 459
441 458 439 461
458 458 461 461
476 458 476 459
493 458 493 459
510 458 511 459
528 458 528 459
250 476 250 476
267 476 268 476
285 476 286 477
302 476 302 477
319 476 322 476
337 476 336 476
354 476 353 476
371 476 370 475
389 476 387 476
406 476 406 476
424 476 424 475
441 476 442 475
458 476 459 476
476 476 476 476
493 476 493 476
510 476 510 476
528 476 528 476
