476 129 475 28
493 129 492 24
493 146 493 49
510 146 511 49
528 146 541 40
545 146 559 39
562 146 579 41
389 163 375 17
528 163 532 67
545 163 557 61
562 163 584 68
354 181 334 36
371 181 355 36
389 181 376 38
406 181 403 14
424 181 427 15
441 181 442 21
337 198 311 57
354 198 333 57
371 198 355 57
389 198 377 58
406 198 402 41
424 198 425 38
476 198 491 70
493 198 510 72
545 198 562 109
562 198 595 91
337 215 310 78
354 215 333 79
371 215 356 79
389 215 377 79
441 215 449 82
458 215 471 83
476 215 491 83
510 215 526 86
528 215 534 125
562 215 595 108
285 233 251 97
302 233 263 99
319 233 285 99
337 233 310 100
354 233 333 101
371 233 355 102
389 233 380 102
406 233 403 101
424 233 426 103
441 233 451 105
458 233 471 103
476 233 493 104
493 233 515 105
528 233 533 145
545 233 583 94
267 250 225 124
285 250 239 121
302 250 263 120
319 250 286 121
337 250 311 121
354 250 335 123
371 250 357 122
389 250 381 122
406 250 403 124
424 250 426 123
441 250 449 125
458 250 471 124
476 250 493 125
545 250 577 136
233 267 179 160
250 267 198 157
267 267 220 149
285 267 242 146
302 267 263 144
319 267 287 144
337 267 311 143
354 267 335 142
371 267 357 143
389 267 380 144
406 267 404 146
424 267 427 145
441 267 450 146
458 267 473 145
476 267 495 147
493 267 507 164
510 267 525 163
528 267 550 160
545 267 567 173
215 285 160 182
233 285 184 180
250 285 201 176
267 285 228 176
285 285 244 173
302 285 268 171
319 285 286 166
337 285 310 165
354 285 334 165
371 285 358 165
389 285 381 166
406 285 405 166
424 285 429 167
441 285 451 166
458 285 472 166
493 285 505 181
510 285 529 178
528 285 551 177
198 302 143 214
215 302 165 202
233 302 185 201
250 302 210 200
267 302 233 204
285 302 248 196
302 302 268 194
319 302 287 191
337 302 313 189
354 302 336 188
371 302 357 186
389 302 382 188
406 302 405 187
424 302 429 189
441 302 451 188
458 302 474 190
476 302 493 197
493 302 513 197
510 302 535 197
528 302 553 196
215 319 162 222
233 319 192 216
250 319 214 226
267 319 237 228
302 319 271 218
319 319 291 215
337 319 314 215
354 319 338 213
371 319 359 212
389 319 383 209
406 319 407 211
424 319 428 210
441 319 453 211
458 319 474 212
476 319 493 217
493 319 513 216
510 319 535 217
250 337 219 249
267 337 236 249
285 337 260 246
302 337 272 239
319 337 294 236
337 337 313 236
354 337 339 237
371 337 359 236
389 337 384 235
406 337 408 234
424 337 430 233
458 337 472 237
476 337 491 240
493 337 513 239
233 354 199 268
250 354 219 269
267 354 233 267
285 354 264 267
302 354 278 265
319 354 296 262
337 354 318 261
354 354 341 261
371 354 360 259
389 354 386 260
406 354 406 260
424 354 428 258
441 354 453 257
458 354 469 260
476 354 489 262
493 354 511 260
510 354 533 259
528 354 552 263
545 354 570 263
233 371 198 288
250 371 215 289
267 371 245 285
302 371 271 282
319 371 302 287
337 371 323 287
354 371 343 285
371 371 364 283
389 371 385 283
406 371 407 281
424 371 429 280
441 371 453 280
476 371 488 283
493 371 507 286
510 371 532 283
528 371 553 281
545 371 572 281
215 389 181 305
233 389 196 307
250 389 216 306
267 389 248 303
302 389 282 298
319 389 302 305
337 389 324 306
354 389 345 305
371 389 365 305
389 389 385 305
424 389 429 304
441 389 452 302
476 389 489 304
510 389 532 311
528 389 554 301
215 406 180 324
233 406 200 320
250 406 227 324
267 406 246 325
302 406 280 332
319 406 303 325
337 406 322 324
354 406 341 323
371 406 362 325
389 406 386 325
406 406 408 324
424 406 429 323
458 406 475 320
476 406 490 322
493 406 511 327
510 406 533 325
528 406 553 328
545 406 571 338
215 424 182 342
233 424 203 338
250 424 229 351
302 424 287 355
319 424 307 351
337 424 326 348
354 424 342 347
371 424 365 347
389 424 386 345
406 424 408 345
424 424 425 346
441 424 444 349
458 424 464 351
476 424 492 341
493 424 513 345
510 424 536 343
528 424 554 345
215 441 184 369
233 441 203 370
250 441 220 355
302 441 288 373
319 441 304 370
337 441 325 365
354 441 349 368
371 441 367 365
389 441 387 363
406 441 408 366
424 441 426 368
441 441 444 366
458 441 465 366
476 441 490 364
493 441 515 363
510 441 535 363
528 441 553 367
215 458 197 390
233 458 211 390
250 458 214 376
267 458 236 375
302 458 286 388
319 458 303 386
337 458 323 386
354 458 348 388
371 458 369 386
389 458 386 384
406 458 407 382
424 458 426 384
441 458 443 387
458 458 463 388
476 458 491 381
493 458 515 382
510 458 536 382
528 458 554 385
250 476 232 407
267 476 393 476
285 476 410 477
302 476 422 475
337 476 325 403
354 476 351 406
371 476 370 404
389 476 389 404
406 476 408 404
476 476 326 473
493 476 355 475
510 476 535 402
