94 111 180 136
528 111 645 65
528 129 601 159
25 146 74 164
42 146 94 163
77 146 36 172
423 146 494 29
545 146 617 178
406 163 479 62
423 163 497 60
528 163 598 200
545 163 620 195
562 163 639 193
441 181 501 114
545 181 618 214
562 181 639 210
354 198 422 140
371 198 440 141
389 198 456 139
441 198 509 133
493 198 580 141
510 198 635 135
562 198 640 229
389 215 458 150
441 215 521 150
458 215 544 152
476 215 557 150
562 215 640 246
302 233 367 164
319 233 383 164
337 233 403 163
354 233 424 165
371 233 442 164
441 233 521 164
458 233 541 163
476 233 561 164
493 233 579 165
285 250 350 180
302 250 366 179
319 250 386 177
337 250 404 176
354 250 424 177
371 250 442 176
389 250 462 176
406 250 479 177
423 250 503 177
476 250 563 177
267 267 332 214
285 267 347 198
302 267 367 192
319 267 386 190
337 267 405 189
354 267 423 188
371 267 444 188
389 267 465 189
406 267 485 189
423 267 504 189
441 267 526 187
458 267 545 186
476 267 567 196
493 267 583 215
233 285 298 253
250 285 316 251
267 285 331 253
285 285 350 217
302 285 367 214
319 285 383 208
337 285 405 203
354 285 425 202
389 285 467 202
406 285 486 202
423 285 507 202
441 285 527 200
458 285 547 202
493 285 601 233
510 285 617 235
250 302 314 269
267 302 333 288
302 302 366 239
319 302 381 231
337 302 406 224
354 302 426 220
371 302 447 216
406 302 489 216
423 302 510 216
441 302 530 216
458 302 549 220
476 302 572 242
493 302 599 245
510 302 616 246
250 319 315 308
267 319 334 312
302 319 368 265
319 319 387 253
337 319 406 251
354 319 427 244
371 319 448 242
389 319 467 237
406 319 492 233
423 319 511 232
441 319 532 234
458 319 553 240
476 319 573 267
493 319 590 259
510 319 618 262
250 337 315 329
267 337 335 331
319 337 389 270
337 337 407 272
354 337 428 271
371 337 444 265
389 337 462 264
423 337 515 250
441 337 533 253
458 337 555 271
476 337 575 287
493 337 594 286
250 354 319 346
267 354 339 345
285 354 354 345
302 354 370 346
319 354 392 300
337 354 410 301
354 354 432 304
371 354 453 309
389 354 477 297
406 354 499 295
423 354 516 273
458 354 558 288
476 354 577 327
528 354 645 317
545 354 668 320
233 371 288 369
250 371 305 381
302 371 363 361
319 371 391 363
337 371 412 358
354 371 432 351
371 371 450 349
389 371 433 314
406 371 497 315
423 371 519 314
441 371 544 308
476 371 579 349
493 371 598 362
215 389 273 386
233 389 287 384
250 389 308 400
267 389 325 381
285 389 343 379
302 389 364 382
319 389 395 380
337 389 411 382
354 389 432 376
371 389 452 373
389 389 473 368
423 389 522 346
441 389 541 327
476 389 580 364
215 406 274 401
233 406 288 401
267 406 323 399
285 406 341 398
302 406 364 395
337 406 403 397
354 406 433 405
371 406 453 403
389 406 473 393
406 406 494 404
423 406 522 369
458 406 566 399
476 406 584 401
493 406 612 379
510 406 629 386
528 406 653 388
215 423 277 421
285 423 352 409
302 423 370 413
319 423 387 412
354 423 435 422
371 423 456 422
389 423 476 423
406 423 496 424
423 423 526 419
441 423 548 422
476 423 584 420
493 423 616 394
215 441 274 442
233 441 294 438
250 441 312 438
267 441 350 447
302 441 369 431
319 441 399 435
337 441 416 433
354 441 436 440
371 441 457 441
389 441 479 442
406 441 497 444
423 441 524 439
441 441 544 441
458 441 580 434
476 441 596 436
493 441 624 447
250 458 296 452
302 458 367 452
319 458 387 450
337 458 421 458
354 458 437 457
371 458 457 457
389 458 478 460
406 458 498 460
423 458 526 459
441 458 567 452
458 458 582 454
476 458 601 455
250 476 301 474
267 476 333 476
285 476 350 474
337 476 423 477
354 476 438 475
371 476 460 476
389 476 482 476
406 476 497 478
423 476 531 475
441 476 548 476
458 476 581 473
476 476 604 474
510 476 657 445
528 476 676 447
