430 217 429 217
432 217 432 217
435 217 435 217
509 217 511 217
517 217 517 217
519 217 519 217
533 217 535 216
538 217 538 217
430 219 429 219
432 219 432 219
493 219 493 219
496 219 496 219
538 219 538 219
432 222 432 222
493 222 494 221
496 222 498 221
530 222 530 219
538 222 538 223
430 224 429 224
432 224 432 225
488 224 488 225
522 224 520 219
430 227 429 228
432 227 432 227
435 227 435 225
498 227 498 227
503 227 504 224
506 227 507 225
525 227 527 224
527 227 530 224
538 227 538 227
430 230 430 230
432 230 432 230
435 230 434 229
506 230 505 227
525 230 527 226
527 230 530 227
538 230 538 230
503 232 503 229
506 232 506 229
522 232 522 229
538 232 538 232
506 235 506 232
511 235 511 230
538 235 538 236
435 238 432 234
437 238 435 235
440 238 437 236
498 238 496 233
501 238 499 233
506 238 504 233
509 238 509 233
511 238 511 233
514 238 514 233
517 238 519 233
440 240 438 239
498 240 496 236
503 240 501 234
506 240 505 235
509 240 508 235
514 240 514 235
527 243 528 238
474 246 472 240
488 246 485 240
525 246 525 241
527 246 527 240
530 246 530 241
525 248 524 242
527 248 527 243
530 248 530 243
511 251 514 248
535 251 533 246
538 251 538 246
511 254 514 250
530 254 530 246
535 254 533 249
432 256 433 250
506 256 510 256
509 256 512 256
527 256 527 248
538 256 538 251
432 259 432 256
440 261 435 256
464 261 459 258
517 261 519 259
519 261 522 259
522 261 524 259
535 261 534 255
432 264 432 264
440 264 435 259
464 264 459 261
535 264 535 259
538 264 538 259
440 267 435 261
530 267 533 262
533 269 533 264
535 269 535 264
432 272 432 269
538 272 538 267
519 275 514 272
519 277 514 275
533 277 532 272
538 283 538 278
527 285 524 285
430 288 430 283
432 288 432 282
435 288 434 283
519 288 519 288
525 288 522 288
527 288 524 288
437 293 440 288
443 293 445 291
445 293 448 291
448 293 451 293
451 293 454 294
517 293 520 293
519 293 522 293
445 296 448 293
451 296 453 296
498 296 498 296
509 296 505 295
511 296 508 295
514 296 516 295
517 296 519 295
445 298 446 296
514 298 516 298
517 298 518 298
527 298 525 293
535 298 535 293
538 298 538 293
511 301 508 301
525 301 523 295
527 301 525 295
533 301 530 298
535 301 535 298
538 301 538 298
448 304 448 299
517 304 517 303
519 304 519 303
525 304 522 298
527 304 525 298
535 304 535 300
538 304 538 301
517 306 517 306
527 306 527 303
538 306 538 308
451 309 450 304
522 309 522 306
535 309 535 312
456 312 455 307
490 312 491 308
522 312 520 309
538 312 538 314
437 314 437 310
443 314 442 309
445 314 444 309
448 314 447 309
451 314 450 309
527 314 522 314
530 314 525 314
522 317 517 317
525 317 521 317
530 317 525 317
437 320 436 315
459 320 459 317
461 320 461 317
522 320 517 320
525 320 522 320
430 322 429 317
443 322 443 318
445 322 445 316
448 322 448 316
459 322 458 319
461 322 461 320
538 322 538 322
453 325 451 324
459 325 458 322
461 325 461 322
464 325 463 323
477 325 472 324
482 325 485 322
533 325 535 322
538 325 538 325
451 327 448 327
453 327 454 328
456 327 457 328
459 327 458 328
464 327 463 327
469 327 469 327
511 327 511 327
514 327 514 327
538 327 538 328
