0.9963967800140381 -0.08202216029167175 0.0215853750705719 -0.2015067785978317 
0.08041594922542572 0.9945090413093567 0.06697152554988861 -0.0733625516295433 
-0.02695995569229126 -0.06499442458152771 0.9975214004516602 -0.5277546644210815 
0 0 0 1 

0.9429605007171631 -0.1953497976064682 0.269562304019928 -0.3118641972541809 
0.1695709973573685 0.9786614179611206 0.1160493940114975 -0.09655361622571945 
-0.2864804863929749 -0.06372001767158508 0.9559647440910339 -0.4411032795906067 
0 0 0 1 

0.93558269739151 -0.2777680158615112 0.2180134057998657 -0.2774176597595215 
0.2376828193664551 0.9519906044006348 0.1929265558719635 -0.1490555256605148 
-0.2611355781555176 -0.1286806464195251 0.9566866755485535 -0.4383789896965027 
0 0 0 1 

0.9580758810043335 -0.2614048421382904 0.1172942072153091 -0.2215511947870255 
0.2454017847776413 0.9599809646606445 0.1349606812000275 -0.1222146898508072 
-0.1478796303272247 -0.1005183085799217 0.9838839769363403 -0.4663845300674438 
0 0 0 1 

0.909651517868042 -0.36690354347229 0.1947194784879684 -0.2452255189418793 
0.3546441793441772 0.9300835728645325 0.09577015042304993 -0.1203170716762543 
-0.2162438184022903 -0.01806123740971088 0.9761722683906555 -0.452075868844986 
0 0 0 1 

0.9537230134010315 -0.2560285329818726 0.1576754152774811 -0.2192842662334442 
0.2633965015411377 0.9642984867095947 -0.02739408239722252 -0.03914250433444977 
-0.1450324654579163 0.06765764951705933 0.9871109127998352 -0.4584721326828003 
0 0 0 1 

0.932560920715332 -0.2946127951145172 0.2086463272571564 -0.2427501976490021 
0.3014725148677826 0.9534741640090942 -0.001130158198066056 -0.05720524489879608 
-0.1986059099435806 0.06395512819290161 0.9779905080795288 -0.4462437033653259 
0 0 0 1 

0.9475386142730713 -0.1439820975065231 0.2853764295578003 -0.295685887336731 
0.1017929539084435 0.9822439551353455 0.1575910896062851 -0.09492923319339752 
-0.3029995858669281 -0.1202743276953697 0.9453704953193665 -0.3967999219894409 
0 0 0 1 

0.9455356597900391 -0.1978038847446442 0.2585258483886719 -0.277598649263382 
0.1740976870059967 0.9783592224121094 0.1118171438574791 -0.07995211333036423 
-0.2750490605831146 -0.06071821972727776 0.959510862827301 -0.4033993780612946 
0 0 0 1 

0.9459914565086365 -0.2010971009731293 0.2542842626571655 -0.2744302451610565 
0.1783710122108459 0.9778265953063965 0.1097223982214928 -0.0806487500667572 
-0.270710676908493 -0.05843948572874069 0.9608854055404663 -0.404014378786087 
0 0 0 1 

