25 77 25 76
42 77 42 77
111 77 111 77
129 77 129 77
146 77 146 77
163 77 163 77
424 77 423 77
441 77 441 77
458 77 458 77
476 77 475 77
493 77 493 77
510 77 510 77
528 77 529 77
25 94 25 94
42 94 43 94
77 94 77 94
129 94 129 94
146 94 146 94
163 94 163 94
406 94 406 94
424 94 424 92
441 94 443 94
476 94 477 94
493 94 493 94
510 94 511 94
528 94 526 93
545 94 544 94
562 94 560 93
42 111 42 111
59 111 60 111
77 111 77 111
94 111 94 111
111 111 111 111
129 111 129 111
146 111 146 111
163 111 163 111
406 111 407 110
424 111 424 111
441 111 441 111
458 111 458 111
493 111 493 110
510 111 510 111
528 111 526 111
545 111 543 109
562 111 561 110
580 111 579 111
42 129 42 129
59 129 59 128
77 129 76 129
94 129 94 129
111 129 111 128
129 129 128 129
146 129 145 129
163 129 161 129
181 129 179 129
198 129 196 129
215 129 214 129
406 129 407 128
424 129 424 129
441 129 441 129
458 129 457 129
493 129 492 128
510 129 510 128
562 129 560 127
580 129 578 128
597 129 595 127
42 146 42 146
59 146 59 146
77 146 77 146
94 146 94 146
111 146 111 146
129 146 128 146
389 146 388 146
406 146 406 145
424 146 424 146
441 146 441 146
458 146 458 146
493 146 493 145
510 146 511 144
528 146 527 145
545 146 544 144
580 146 578 145
597 146 596 145
389 163 389 163
406 163 406 163
424 163 423 163
458 163 457 164
493 163 494 162
510 163 512 161
528 163 527 162
545 163 544 162
580 163 580 162
371 181 371 181
389 181 389 181
406 181 406 181
424 181 423 181
441 181 441 181
458 181 458 181
476 181 475 180
493 181 492 179
510 181 511 180
528 181 527 179
545 181 544 179
562 181 563 179
580 181 580 180
597 181 596 180
354 198 353 198
371 198 371 198
389 198 389 198
406 198 406 198
424 198 423 198
458 198 458 198
476 198 475 198
493 198 492 198
528 198 528 199
545 198 544 196
562 198 562 198
580 198 579 199
597 198 597 198
319 215 320 216
337 215 337 216
354 215 354 215
371 215 371 216
389 215 388 215
406 215 406 216
424 215 423 215
458 215 458 216
476 215 475 215
493 215 493 215
510 215 510 215
528 215 526 216
545 215 545 215
562 215 562 215
580 215 580 216
302 233 302 233
319 233 320 233
337 233 336 233
354 233 354 233
371 233 371 233
389 233 389 233
406 233 406 233
424 233 423 233
441 233 440 233
458 233 458 233
476 233 475 232
493 233 492 233
510 233 510 233
545 233 545 233
562 233 562 233
580 233 579 233
285 250 285 250
302 250 302 250
319 250 319 250
337 250 337 250
354 250 353 250
371 250 371 250
389 250 389 251
406 250 406 251
424 250 423 250
441 250 440 250
458 250 458 250
476 250 475 250
493 250 493 250
510 250 510 250
528 250 527 249
545 250 544 249
562 250 562 251
580 250 580 250
233 267 233 267
267 267 267 267
285 267 285 268
302 267 302 268
319 267 320 269
337 267 336 268
354 267 354 268
371 267 372 268
389 267 389 268
406 267 406 268
424 267 423 267
441 267 440 267
458 267 457 267
476 267 475 267
493 267 493 267
510 267 510 267
528 267 528 266
545 267 544 267
562 267 562 268
215 285 216 285
233 285 234 284
250 285 251 285
267 285 267 285
285 285 285 285
302 285 303 285
319 285 320 286
337 285 336 286
354 285 354 285
371 285 372 285
389 285 389 285
406 285 406 285
424 285 423 285
441 285 440 285
458 285 458 285
476 285 475 285
493 285 493 285
528 285 527 284
562 285 562 284
198 302 198 302
215 302 216 301
233 302 233 301
267 302 268 302
285 302 285 301
302 302 302 302
319 302 319 302
337 302 337 303
354 302 355 302
371 302 371 302
389 302 388 302
406 302 405 302
424 302 423 302
441 302 441 302
458 302 458 302
476 302 475 302
493 302 493 302
510 302 510 302
528 302 528 302
562 302 562 301
215 319 216 319
233 319 233 319
267 319 268 319
302 319 302 319
319 319 319 319
337 319 336 319
354 319 354 319
371 319 371 320
389 319 388 319
406 319 406 319
424 319 423 320
441 319 441 319
458 319 459 320
476 319 475 319
493 319 493 320
510 319 510 320
528 319 528 319
545 319 545 319
250 337 250 336
267 337 268 337
285 337 286 336
319 337 319 337
337 337 336 336
354 337 354 337
371 337 372 337
389 337 389 337
406 337 406 337
424 337 423 337
441 337 441 337
458 337 458 337
476 337 475 337
510 337 510 336
528 337 526 337
267 354 268 354
285 354 287 353
302 354 302 354
337 354 337 354
354 354 354 354
371 354 371 354
389 354 389 354
406 354 406 354
424 354 423 354
441 354 440 353
458 354 458 354
493 354 493 354
510 354 511 353
528 354 527 353
545 354 545 354
233 371 233 370
250 371 250 372
267 371 267 372
302 371 303 369
319 371 320 371
337 371 337 371
354 371 354 371
371 371 371 371
389 371 389 371
406 371 406 371
424 371 423 371
441 371 440 371
458 371 457 370
476 371 475 372
493 371 493 371
510 371 510 370
528 371 527 370
545 371 544 371
562 371 562 372
580 371 579 371
233 389 233 389
250 389 253 387
267 389 270 387
285 389 287 389
302 389 302 387
319 389 319 389
337 389 337 388
354 389 354 388
371 389 371 389
389 389 389 389
406 389 406 388
441 389 441 389
476 389 475 388
510 389 509 388
528 389 527 388
545 389 544 389
562 389 562 389
580 389 579 388
215 406 216 406
233 406 232 410
250 406 250 411
267 406 269 407
285 406 286 406
319 406 318 409
337 406 338 405
354 406 355 407
371 406 372 406
389 406 390 406
406 406 406 405
476 406 475 406
493 406 492 406
510 406 510 406
528 406 527 405
545 406 544 405
562 406 562 406
580 406 579 405
215 424 215 421
233 424 229 422
285 424 286 424
337 424 334 424
354 424 351 423
371 424 369 424
389 424 390 424
406 424 406 423
424 424 423 423
441 424 440 422
458 424 457 423
476 424 476 422
493 424 492 422
510 424 509 422
528 424 527 422
545 424 544 423
562 424 561 423
580 424 579 422
215 441 215 438
233 441 230 439
250 441 249 440
285 441 285 440
337 441 332 441
354 441 351 440
371 441 368 440
389 441 387 440
406 441 405 440
424 441 422 440
441 441 440 442
458 441 456 440
476 441 474 439
493 441 493 439
510 441 510 439
528 441 527 440
545 441 545 441
562 441 562 440
580 441 579 439
215 458 216 458
233 458 234 458
250 458 250 458
267 458 269 460
285 458 285 456
337 458 332 458
354 458 353 455
371 458 370 456
389 458 388 456
406 458 406 457
424 458 421 457
441 458 438 458
458 458 454 460
476 458 472 460
493 458 491 458
528 458 527 458
545 458 545 458
562 458 562 458
250 476 251 476
267 476 270 478
285 476 286 475
302 476 303 475
337 476 337 476
354 476 354 475
371 476 372 475
389 476 389 475
406 476 406 475
424 476 424 475
441 476 441 476
458 476 457 475
476 476 473 476
493 476 490 476
528 476 527 475
545 476 544 475
562 476 562 475
