111 111 144 99
129 111 160 98
146 111 177 97
163 111 195 97
59 129 93 115
458 146 501 30
389 181 426 110
406 181 445 111
424 181 467 82
441 181 488 77
354 198 392 127
371 198 409 127
389 198 428 125
406 198 446 124
476 198 526 122
337 215 373 143
354 215 390 141
371 215 409 141
389 215 429 139
406 215 448 139
424 215 469 138
441 215 488 136
476 215 530 137
493 215 549 136
510 215 568 137
302 233 332 160
319 233 350 158
337 233 368 157
354 233 391 156
371 233 410 155
389 233 431 155
406 233 451 155
424 233 470 155
458 233 510 151
476 233 530 152
493 233 551 150
510 233 569 152
285 250 313 182
302 250 331 175
319 250 350 173
337 250 370 172
354 250 392 172
371 250 410 171
389 250 430 170
406 250 452 170
424 250 472 169
441 250 492 169
458 250 512 168
493 250 552 167
510 250 576 169
371 267 412 187
389 267 433 186
406 267 454 186
424 267 472 185
441 267 494 185
458 267 514 184
476 267 536 182
493 267 558 184
233 285 262 243
267 285 299 237
302 285 337 223
319 285 354 217
337 285 371 209
354 285 394 204
424 285 476 201
441 285 496 200
458 285 517 200
476 285 537 200
233 302 262 258
267 302 300 258
319 302 356 239
337 302 373 230
354 302 394 225
371 302 415 224
389 302 435 220
406 302 457 218
424 302 477 218
441 302 499 219
458 302 520 218
476 302 541 220
493 302 561 221
528 302 600 235
267 319 302 288
337 319 374 253
354 319 395 249
371 319 418 248
389 319 438 245
406 319 458 239
424 319 479 238
441 319 500 236
458 319 521 236
476 319 543 238
493 319 564 251
528 319 603 254
267 337 303 308
285 337 324 310
337 337 376 273
354 337 396 274
371 337 415 274
389 337 439 271
406 337 460 267
424 337 480 262
441 337 502 257
528 337 604 275
302 354 342 328
337 354 377 300
354 354 398 299
371 354 420 298
389 354 441 297
406 354 461 294
424 354 481 290
458 354 524 278
250 371 286 347
267 371 305 345
302 371 343 348
319 371 362 346
337 371 381 342
354 371 399 335
371 371 422 334
389 371 440 325
406 371 461 321
424 371 483 314
441 371 503 311
458 371 529 307
510 371 587 325
562 371 651 319
250 389 283 367
267 389 303 362
319 389 365 365
337 389 381 363
389 389 443 353
406 389 462 350
441 389 507 334
476 389 551 324
545 389 631 339
562 389 653 338
233 406 272 385
319 406 364 382
337 406 382 381
354 406 402 381
371 406 422 381
389 406 443 378
406 406 463 374
424 406 486 369
476 406 551 346
510 406 585 376
545 406 634 357
562 406 654 357
319 424 364 404
337 424 380 402
354 424 403 399
371 424 418 399
389 424 441 399
406 424 465 400
476 424 545 399
493 424 564 398
545 424 641 373
562 424 662 375
285 441 331 422
337 441 383 424
354 441 405 418
389 441 442 419
406 441 467 418
424 441 487 419
441 441 509 420
458 441 527 422
476 441 545 421
510 441 593 414
528 441 621 396
545 441 639 394
562 441 664 393
267 458 308 438
354 458 406 435
371 458 424 435
389 458 446 440
406 458 469 440
424 458 486 438
441 458 508 439
476 458 547 441
493 458 570 440
528 458 623 414
545 458 649 413
