1 0 0 0.2406079769134521 
0 1 0 -0.102570503950119 
0 0 1 -0.5095000267028809 
0 0 0 1 

0.9993321895599365 0.02984266541898251 -0.02108381316065788 0.244797945022583 
-0.03095780871808529 0.9980223178863525 -0.05470869690179825 -0.08764810860157013 
0.01940942741930485 0.05532488226890564 0.9982796907424927 -0.5104243159294128 
0 0 0 1 

0.9644529223442078 0.2587922215461731 0.05344359204173088 0.1983231008052826 
-0.2487694919109344 0.957391619682312 -0.1466801166534424 -0.08127741515636444 
-0.08912619203329086 0.1281707882881165 0.9877391457557678 -0.5277506709098816 
0 0 0 1 

