585 216 585 215
588 216 588 216
590 216 591 215
593 216 593 216
596 216 596 216
599 216 598 216
602 216 601 216
604 216 605 216
607 216 607 216
610 216 610 216
613 216 613 216
624 216 626 216
630 216 630 216
633 216 633 216
635 216 635 216
638 216 637 215
585 219 582 219
588 219 585 219
590 219 588 219
593 219 593 219
596 219 596 219
599 219 599 219
602 219 601 219
604 219 604 219
607 219 607 219
610 219 610 219
613 219 613 219
616 219 616 219
619 219 619 219
621 219 621 219
624 219 624 218
627 219 627 218
630 219 629 218
633 219 632 219
635 219 635 219
638 219 638 219
641 219 641 219
573 222 574 222
576 222 576 221
588 222 585 222
593 222 592 222
596 222 594 222
599 222 599 221
602 222 601 221
604 222 604 221
607 222 606 221
610 222 609 222
613 222 612 222
616 222 615 222
619 222 619 222
621 222 621 222
624 222 624 221
627 222 627 221
630 222 629 221
633 222 632 221
635 222 635 222
638 222 638 222
641 222 641 222
551 225 551 225
554 225 554 225
571 225 571 224
573 225 573 224
585 225 582 225
593 225 591 224
596 225 594 224
599 225 598 224
602 225 601 224
604 225 604 224
607 225 607 224
610 225 609 224
613 225 612 224
616 225 615 224
619 225 619 225
621 225 621 225
624 225 624 224
627 225 626 224
633 225 630 225
635 225 635 225
638 225 638 224
641 225 641 225
551 227 551 227
554 227 554 227
568 227 569 227
571 227 571 227
576 227 576 225
596 227 594 227
599 227 596 227
602 227 599 227
604 227 604 227
610 227 608 227
619 227 618 227
621 227 621 227
624 227 623 227
627 227 626 227
635 227 633 229
638 227 638 227
641 227 641 227
545 230 546 230
548 230 549 230
551 230 552 229
568 230 568 230
571 230 571 230
573 230 573 227
576 230 576 227
579 230 577 231
582 230 580 231
585 230 584 230
588 230 587 229
590 230 590 229
599 230 596 230
602 230 599 230
604 230 601 230
607 230 605 229
610 230 608 229
619 230 618 230
621 230 620 230
624 230 623 230
627 230 626 230
630 230 629 231
633 230 632 231
635 230 635 230
638 230 638 230
641 230 641 230
545 233 546 233
554 233 550 232
579 233 577 234
585 233 584 233
588 233 588 233
590 233 590 232
604 233 602 232
607 233 604 232
619 233 617 233
621 233 620 233
624 233 623 233
627 233 626 233
630 233 629 233
633 233 632 233
635 233 635 233
638 233 638 232
641 233 641 233
565 236 566 233
568 236 568 233
571 236 570 233
576 236 574 237
579 236 578 236
582 236 581 236
590 236 591 235
593 236 593 234
607 236 605 235
616 236 615 236
619 236 617 235
621 236 620 235
624 236 623 235
627 236 626 235
630 236 629 236
633 236 632 236
635 236 635 236
638 236 639 236
641 236 641 236
545 239 545 239
548 239 548 239
551 239 551 239
554 239 554 239
556 239 557 239
562 239 563 238
565 239 565 236
568 239 568 236
576 239 575 239
579 239 578 239
582 239 582 239
585 239 585 239
599 239 596 239
613 239 612 238
616 239 615 238
619 239 617 238
621 239 620 238
627 239 626 238
630 239 629 238
633 239 632 239
635 239 635 239
638 239 638 239
641 239 641 238
542 242 543 241
545 242 545 242
548 242 548 242
551 242 551 242
554 242 554 242
556 242 557 242
559 242 559 241
562 242 562 241
565 242 564 241
573 242 572 242
576 242 575 242
579 242 578 242
582 242 581 242
585 242 584 242
590 242 590 241
593 242 593 241
599 242 596 242
602 242 599 241
613 242 612 241
616 242 615 241
619 242 618 241
635 242 635 242
638 242 638 242
641 242 641 241
540 244 540 244
542 244 543 244
554 244 554 245
559 244 559 244
562 244 561 244
565 244 564 244
568 244 567 244
571 244 569 245
573 244 572 245
576 244 575 245
582 244 581 245
585 244 584 245
590 244 590 244
593 244 593 244
599 244 596 245
602 244 599 244
607 244 607 244
613 244 612 244
616 244 615 244
619 244 618 244
621 244 621 241
624 244 623 242
630 244 629 244
635 244 635 244
638 244 638 245
641 244 641 244
534 247 535 247
537 247 537 247
540 247 540 247
542 247 542 247
545 247 545 247
548 247 548 247
551 247 551 247
554 247 554 247
556 247 556 247
562 247 562 247
565 247 565 247
568 247 567 247
571 247 569 248
573 247 572 247
576 247 575 247
582 247 580 247
585 247 584 247
588 247 588 247
590 247 590 247
602 247 602 245
607 247 607 247
610 247 609 247
616 247 615 247
619 247 618 247
627 247 626 247
635 247 635 247
638 247 638 247
641 247 641 247
531 250 532 250
534 250 535 249
537 250 537 250
540 250 539 250
542 250 542 250
545 250 545 250
548 250 548 250
551 250 550 250
554 250 553 250
556 250 556 250
562 250 562 250
565 250 564 250
568 250 567 250
571 250 570 250
573 250 572 250
576 250 575 250
582 250 580 250
585 250 584 250
588 250 587 250
590 250 590 250
593 250 593 250
607 250 607 250
610 250 609 250
616 250 614 251
619 250 617 250
633 250 632 250
635 250 634 250
638 250 637 250
641 250 640 250
531 253 531 253
534 253 534 253
537 253 536 253
540 253 539 254
542 253 542 253
545 253 545 253
548 253 548 253
551 253 551 252
554 253 553 252
556 253 556 253
562 253 561 252
565 253 564 252
568 253 567 252
571 253 570 253
573 253 572 253
576 253 575 253
579 253 578 253
582 253 581 253
588 253 587 253
590 253 590 253
593 253 593 253
596 253 596 253
599 253 598 253
602 253 601 253
607 253 605 253
610 253 608 253
613 253 611 253
616 253 614 253
619 253 619 250
621 253 622 250
627 253 626 252
630 253 629 252
635 253 635 252
641 253 640 253
531 256 531 256
534 256 533 256
537 256 536 256
540 256 539 256
542 256 542 256
545 256 545 256
548 256 548 255
551 256 551 255
554 256 553 256
556 256 556 256
562 256 561 256
565 256 564 256
568 256 567 255
571 256 570 256
573 256 573 256
576 256 575 256
579 256 578 256
582 256 581 256
588 256 587 256
590 256 590 256
593 256 593 256
596 256 596 256
599 256 598 256
602 256 601 255
607 256 605 256
610 256 608 255
613 256 611 256
616 256 613 256
619 256 618 254
621 256 621 254
624 256 624 254
627 256 626 255
633 256 630 256
638 256 637 253
531 258 531 259
534 258 533 259
537 258 536 259
545 258 545 258
548 258 548 258
551 258 551 258
554 258 554 258
556 258 556 259
559 258 559 259
562 258 562 259
565 258 564 259
568 258 567 259
571 258 570 259
573 258 573 259
576 258 575 259
579 258 578 258
582 258 581 258
588 258 587 258
590 258 590 259
593 258 593 259
596 258 596 258
599 258 599 258
602 258 601 258
604 258 604 258
607 258 607 258
610 258 609 259
616 258 613 259
619 258 618 257
621 258 621 257
630 258 628 258
635 258 635 256
638 258 638 256
641 258 641 256
534 261 534 261
537 261 536 261
540 261 539 261
542 261 542 261
545 261 545 261
548 261 549 261
551 261 551 261
554 261 554 261
556 261 556 262
559 261 559 262
562 261 562 262
565 261 564 262
568 261 567 262
571 261 571 261
573 261 573 261
576 261 576 261
582 261 581 261
588 261 586 261
590 261 590 261
593 261 593 261
596 261 596 261
599 261 598 261
602 261 601 261
604 261 604 261
607 261 606 261
610 261 609 261
619 261 618 259
624 261 623 261
627 261 626 261
633 261 632 259
635 261 635 259
638 261 638 259
641 261 641 258
528 264 528 265
534 264 534 264
537 264 537 263
540 264 539 264
542 264 542 264
545 264 545 264
548 264 548 264
551 264 551 264
554 264 553 264
556 264 556 264
559 264 560 265
562 264 562 265
565 264 565 264
568 264 568 264
571 264 571 264
573 264 573 264
576 264 576 264
579 264 578 264
585 264 584 264
588 264 587 264
590 264 590 264
593 264 593 264
596 264 596 264
599 264 598 264
602 264 601 264
604 264 604 264
607 264 607 264
610 264 610 264
613 264 612 264
616 264 615 264
619 264 618 264
621 264 621 263
624 264 623 263
627 264 627 263
635 264 635 263
638 264 638 262
641 264 641 262
528 267 528 267
531 267 531 267
534 267 534 267
537 267 536 267
540 267 539 267
542 267 542 267
545 267 545 266
548 267 547 267
551 267 551 267
554 267 554 267
556 267 556 267
559 267 559 267
562 267 562 267
565 267 565 267
568 267 567 266
571 267 570 266
576 267 576 267
579 267 579 267
582 267 582 267
590 267 590 267
593 267 593 267
596 267 596 267
599 267 599 267
602 267 601 266
604 267 604 267
607 267 607 267
610 267 610 267
613 267 612 267
616 267 615 267
619 267 618 267
635 267 635 266
638 267 638 266
641 267 641 264
528 270 528 270
531 270 531 270
534 270 534 270
537 270 536 269
540 270 539 270
542 270 542 270
545 270 545 270
548 270 548 269
551 270 551 269
554 270 554 269
556 270 556 270
559 270 559 270
582 270 582 270
585 270 585 270
590 270 590 270
593 270 594 270
599 270 599 270
602 270 602 270
604 270 604 269
607 270 607 270
610 270 609 269
613 270 612 269
619 270 617 269
621 270 619 270
624 270 625 267
627 270 625 270
630 270 628 270
633 270 632 269
635 270 635 269
641 270 641 267
531 273 531 272
534 273 534 272
537 273 536 272
540 273 539 273
542 273 542 273
545 273 545 272
548 273 548 272
551 273 551 273
554 273 553 273
582 273 582 273
585 273 585 273
588 273 587 273
590 273 590 273
593 273 593 272
602 273 601 272
604 273 604 272
607 273 607 272
610 273 609 272
613 273 612 272
616 273 615 272
621 273 620 272
624 273 622 272
630 273 630 271
635 273 635 272
638 273 638 270
641 273 641 270
528 275 528 275
531 275 531 275
534 275 534 275
537 275 536 275
540 275 539 276
542 275 542 275
545 275 546 275
548 275 549 275
551 275 551 275
559 275 556 278
582 275 582 275
585 275 585 275
590 275 590 275
593 275 593 275
596 275 596 275
602 275 601 275
610 275 610 275
613 275 612 275
619 275 617 275
621 275 619 275
624 275 622 275
627 275 626 274
630 275 629 274
633 275 632 275
638 275 638 275
641 275 641 272
528 278 528 278
531 278 531 278
534 278 534 278
537 278 536 278
540 278 540 278
542 278 542 278
545 278 545 278
548 278 548 278
551 278 550 278
554 278 554 278
559 278 556 281
573 278 576 279
576 278 579 278
593 278 593 278
596 278 595 278
599 278 599 278
602 278 601 277
610 278 610 277
613 278 613 277
616 278 616 277
627 278 626 277
630 278 630 277
633 278 633 278
635 278 636 278
641 278 641 278
528 281 528 281
531 281 531 281
534 281 533 281
537 281 537 281
540 281 540 281
542 281 542 281
545 281 545 281
548 281 548 281
551 281 550 281
562 281 562 283
573 281 577 281
576 281 579 281
579 281 573 281
585 281 585 281
590 281 590 278
593 281 593 281
596 281 596 281
599 281 598 281
602 281 601 280
604 281 604 280
616 281 615 280
619 281 618 280
627 281 626 281
630 281 630 281
633 281 633 281
635 281 636 281
641 281 641 280
528 284 528 284
531 284 531 284
534 284 533 284
537 284 537 284
540 284 540 284
542 284 543 284
545 284 545 284
548 284 548 283
551 284 550 284
554 284 553 284
562 284 559 286
568 284 567 285
571 284 571 284
579 284 573 284
582 284 582 283
585 284 585 283
596 284 596 283
602 284 599 283
604 284 604 283
607 284 607 283
610 284 610 283
616 284 615 283
624 284 622 284
630 284 630 284
633 284 633 284
635 284 636 284
638 284 638 284
641 284 641 283
528 287 528 286
531 287 531 286
534 287 533 286
537 287 536 287
540 287 540 287
542 287 542 287
545 287 545 286
548 287 548 286
551 287 551 287
554 287 553 287
568 287 567 287
571 287 570 287
573 287 573 287
576 287 576 286
582 287 582 286
585 287 584 286
588 287 590 287
590 287 593 287
599 287 596 286
602 287 598 286
610 287 610 286
613 287 613 286
616 287 615 286
619 287 618 284
630 287 630 287
633 287 633 287
635 287 636 287
638 287 639 287
644 287 644 286
540 290 540 290
542 290 543 289
545 290 545 289
548 290 547 289
551 290 550 290
554 290 553 290
562 290 559 290
565 290 562 290
568 290 565 290
571 290 571 289
573 290 573 289
576 290 576 289
579 290 579 289
582 290 582 289
585 290 584 289
588 290 587 288
596 290 596 289
602 290 599 289
610 290 610 289
613 290 613 289
630 290 630 290
633 290 632 290
635 290 636 290
638 290 639 290
641 290 641 289
644 290 644 289
647 290 647 289
540 292 540 293
542 292 543 292
545 292 545 292
548 292 547 292
551 292 551 292
554 292 553 292
556 292 556 292
565 292 563 292
568 292 567 292
571 292 570 292
573 292 573 292
576 292 576 292
579 292 579 292
582 292 581 292
585 292 584 292
588 292 587 292
590 292 590 292
607 292 608 292
613 292 613 293
619 292 616 292
627 292 628 292
630 292 631 292
633 292 633 292
635 292 636 292
638 292 638 293
641 292 641 292
644 292 644 292
647 292 647 292
534 295 537 295
540 295 540 295
542 295 542 295
545 295 545 295
548 295 547 295
551 295 551 295
554 295 554 295
556 295 556 295
559 295 559 295
562 295 562 295
565 295 564 295
568 295 567 294
571 295 570 295
573 295 573 295
576 295 576 295
579 295 579 295
582 295 581 295
585 295 584 294
588 295 587 294
602 295 602 295
604 295 604 295
607 295 607 296
616 295 615 295
619 295 618 295
621 295 621 295
627 295 628 295
630 295 630 295
633 295 633 295
635 295 636 295
638 295 638 295
641 295 641 295
644 295 644 295
647 295 647 295
537 298 536 298
540 298 539 298
542 298 542 298
551 298 551 298
554 298 553 298
556 298 557 297
559 298 559 298
562 298 562 298
565 298 565 297
568 298 567 297
571 298 571 297
573 298 573 297
576 298 576 297
579 298 579 298
582 298 582 298
585 298 584 297
588 298 587 297
596 298 596 298
599 298 599 298
602 298 602 298
604 298 605 298
607 298 608 299
613 298 613 298
616 298 616 298
619 298 619 298
624 298 621 297
627 298 627 298
630 298 630 298
633 298 633 298
635 298 635 298
638 298 638 298
641 298 641 298
644 298 644 298
647 298 647 298
545 301 545 301
548 301 548 301
551 301 551 301
554 301 553 301
556 301 556 301
559 301 559 301
562 301 562 301
565 301 564 301
568 301 568 300
571 301 570 300
573 301 573 300
585 301 584 301
588 301 588 301
590 301 591 301
593 301 593 301
596 301 596 301
599 301 599 301
602 301 602 301
604 301 605 301
607 301 608 301
610 301 610 301
613 301 613 301
616 301 616 300
619 301 619 300
621 301 622 301
624 301 624 301
627 301 627 301
630 301 630 301
633 301 632 301
635 301 635 301
638 301 638 301
641 301 641 301
644 301 644 301
647 301 647 301
548 304 548 303
551 304 551 304
554 304 553 304
556 304 557 303
559 304 559 303
562 304 562 303
571 304 570 303
573 304 573 303
576 304 576 304
579 304 579 304
582 304 582 304
585 304 585 304
588 304 588 304
590 304 591 304
593 304 593 304
596 304 595 304
599 304 599 304
602 304 602 304
604 304 605 304
607 304 608 304
610 304 611 304
613 304 613 304
616 304 616 303
619 304 619 303
621 304 622 303
624 304 624 303
627 304 627 304
630 304 630 304
633 304 632 303
635 304 635 304
638 304 638 304
641 304 641 304
644 304 644 304
647 304 647 304
545 306 542 306
548 306 548 306
551 306 551 306
554 306 554 306
556 306 556 306
559 306 559 306
562 306 562 306
565 306 565 306
568 306 568 306
571 306 570 306
573 306 573 306
576 306 576 306
579 306 579 306
582 306 582 306
585 306 585 307
588 306 588 306
590 306 590 306
593 306 593 306
596 306 596 307
599 306 599 307
602 306 602 307
604 306 605 307
607 306 608 307
610 306 611 307
613 306 613 307
616 306 615 307
619 306 619 307
621 306 622 307
624 306 624 307
627 306 627 306
630 306 630 306
633 306 633 307
635 306 636 307
638 306 639 307
641 306 641 306
644 306 644 307
647 306 647 307
545 309 545 307
548 309 548 309
551 309 551 309
554 309 554 309
556 309 556 309
559 309 559 309
562 309 562 309
565 309 565 309
568 309 568 309
571 309 571 309
573 309 573 309
576 309 576 309
579 309 579 309
582 309 582 309
585 309 585 309
588 309 588 309
590 309 590 309
593 309 593 309
596 309 596 309
599 309 599 310
602 309 602 309
604 309 605 309
607 309 608 310
610 309 611 310
613 309 613 309
616 309 615 309
619 309 619 309
621 309 621 309
624 309 624 309
627 309 627 309
630 309 630 309
633 309 633 309
635 309 636 310
638 309 639 309
641 309 642 309
644 309 644 310
647 309 647 310
545 312 545 312
548 312 548 312
551 312 551 312
554 312 553 312
556 312 556 311
559 312 559 312
562 312 562 312
565 312 565 312
568 312 568 312
571 312 571 311
573 312 574 311
576 312 576 312
579 312 579 312
582 312 582 312
585 312 585 312
588 312 588 312
590 312 590 312
593 312 593 312
596 312 596 312
599 312 599 312
602 312 602 312
604 312 605 312
607 312 607 312
610 312 610 312
613 312 612 312
616 312 616 312
619 312 619 312
621 312 622 312
624 312 627 312
630 312 631 312
633 312 633 313
635 312 636 313
638 312 639 312
641 312 641 312
644 312 644 312
647 312 647 313
548 315 548 315
551 315 551 315
554 315 553 315
556 315 556 315
559 315 559 315
562 315 562 314
565 315 565 315
568 315 568 315
571 315 571 315
573 315 573 315
576 315 576 315
579 315 579 315
582 315 582 315
585 315 585 315
588 315 588 315
590 315 591 315
593 315 594 315
596 315 597 315
599 315 600 315
602 315 602 315
604 315 604 315
607 315 607 315
610 315 610 315
613 315 613 315
616 315 616 315
619 315 618 315
624 315 627 315
630 315 631 315
633 315 633 315
635 315 635 315
638 315 638 315
641 315 641 315
644 315 644 315
647 315 647 315
