493 111 458 144
476 129 441 156
493 146 457 175
476 163 440 192
493 163 457 193
406 198 373 206
424 198 390 204
441 198 409 204
371 215 339 233
389 215 356 232
406 215 373 229
424 215 390 228
458 215 423 227
493 215 459 225
337 233 306 256
354 233 322 257
371 233 341 256
389 233 358 256
406 233 373 253
424 233 391 252
441 233 406 250
458 233 423 249
476 233 438 248
493 233 457 248
510 233 472 246
528 233 489 244
545 233 506 243
319 250 289 266
354 250 323 277
371 250 339 277
389 250 355 278
406 250 372 278
424 250 389 276
441 250 405 275
458 250 424 274
476 250 439 272
493 250 455 269
510 250 471 272
528 250 488 269
545 250 506 264
302 267 271 280
319 267 290 279
354 267 324 293
371 267 340 295
389 267 356 299
406 267 373 299
424 267 388 299
441 267 404 297
458 267 420 296
476 267 437 295
493 267 453 294
510 267 469 293
528 267 485 289
267 285 247 278
337 285 306 300
371 285 338 314
389 285 356 315
406 285 373 314
424 285 388 316
441 285 404 316
458 285 420 316
476 285 435 315
493 285 452 313
510 285 469 312
528 285 485 307
614 285 566 285
267 302 246 300
337 302 308 316
354 302 324 320
371 302 341 327
406 302 372 328
424 302 388 330
441 302 405 331
458 302 420 333
476 302 435 334
493 302 451 334
510 302 468 331
528 302 485 327
614 302 565 301
250 319 233 320
267 319 248 319
354 319 325 336
441 319 405 344
458 319 421 348
476 319 436 348
493 319 450 352
562 319 517 323
580 319 531 323
406 337 373 354
424 337 390 353
562 337 514 341
597 337 545 339
285 354 264 336
389 354 363 367
441 354 402 366
458 354 420 369
476 354 435 369
493 354 450 374
562 354 512 353
580 354 529 353
302 371 280 349
424 371 388 374
476 371 434 383
510 371 462 387
528 371 478 388
562 371 512 370
267 389 247 368
285 389 265 367
302 389 281 366
319 389 297 366
424 389 390 386
528 389 477 405
597 389 544 376
267 406 250 387
285 406 265 385
302 406 285 383
319 406 299 384
337 406 314 381
354 406 330 386
476 406 436 408
562 406 511 390
632 406 568 392
302 424 286 403
354 424 330 399
371 424 346 400
406 424 375 407
424 424 390 407
632 424 566 413
649 424 581 410
354 441 330 416
371 441 345 414
406 441 375 420
424 441 391 420
441 441 406 422
458 441 419 424
215 458 211 434
389 458 364 430
614 458 547 449
632 458 563 448
649 458 577 444
597 476 530 475
632 476 562 473
