493 94 490 80
458 111 457 90
493 111 488 99
528 111 526 96
545 111 545 97
562 111 563 97
441 129 438 107
458 129 455 111
476 129 473 115
493 129 489 116
528 129 527 113
545 129 542 112
562 129 565 115
580 129 579 115
597 129 598 116
42 146 24 121
59 146 41 121
77 146 60 121
111 146 96 122
129 146 114 122
441 146 438 125
458 146 454 127
476 146 471 134
493 146 489 134
510 146 506 133
528 146 524 126
545 146 542 126
580 146 580 130
597 146 593 131
614 146 612 131
632 146 627 129
42 163 25 140
94 163 77 140
111 163 96 141
146 163 133 140
163 163 150 141
424 163 420 143
441 163 436 146
458 163 454 148
476 163 470 152
493 163 488 151
528 163 525 145
545 163 543 145
562 163 560 145
580 163 577 145
597 163 593 147
614 163 611 149
632 163 628 149
42 181 26 158
59 181 44 159
77 181 64 159
94 181 79 160
111 181 107 160
146 181 131 159
163 181 148 160
181 181 165 161
198 181 182 161
215 181 201 160
406 181 403 162
424 181 417 166
441 181 435 165
458 181 452 167
493 181 488 168
528 181 525 163
545 181 541 163
562 181 559 163
580 181 577 162
597 181 593 163
614 181 611 165
632 181 629 165
389 198 383 183
406 198 398 185
424 198 416 185
441 198 435 185
476 198 470 186
510 198 506 181
528 198 524 179
545 198 541 179
562 198 557 180
580 198 575 180
597 198 592 180
614 198 611 182
632 198 629 181
371 215 363 203
389 215 381 203
424 215 417 204
441 215 435 204
458 215 451 203
493 215 488 204
528 215 519 202
545 215 536 202
580 215 567 194
597 215 594 197
614 215 611 197
632 215 628 199
354 233 345 220
371 233 363 222
406 233 398 222
424 233 416 221
441 233 433 222
458 233 451 222
476 233 468 223
493 233 486 223
510 233 504 223
528 233 521 223
545 233 538 222
580 233 576 217
597 233 594 216
614 233 612 217
632 233 628 218
319 250 310 239
354 250 346 241
389 250 379 241
406 250 396 242
424 250 415 241
441 250 433 241
458 250 452 241
476 250 469 241
493 250 486 241
510 250 503 242
528 250 520 240
545 250 539 239
562 250 556 239
580 250 575 235
597 250 591 234
614 250 609 235
632 250 628 231
285 267 278 250
302 267 292 255
337 267 328 257
354 267 345 257
389 267 379 259
406 267 398 260
424 267 415 260
441 267 433 260
458 267 450 260
476 267 468 260
493 267 486 260
510 267 503 260
528 267 520 259
545 267 537 256
562 267 558 251
580 267 574 250
597 267 591 250
614 267 609 252
632 267 627 249
250 285 246 266
267 285 262 268
319 285 310 274
337 285 328 274
354 285 345 276
389 285 380 277
406 285 398 277
424 285 415 278
441 285 432 277
458 285 450 278
476 285 467 278
493 285 485 278
510 285 503 279
528 285 520 278
562 285 557 270
580 285 573 266
597 285 592 269
614 285 609 269
233 302 227 285
250 302 245 286
285 302 273 289
337 302 327 291
354 302 345 293
371 302 363 294
389 302 381 294
406 302 398 295
424 302 415 295
441 302 432 295
458 302 449 296
476 302 467 296
493 302 484 296
510 302 502 296
528 302 519 296
545 302 537 293
562 302 557 289
580 302 575 288
614 302 608 288
233 319 219 304
250 319 243 305
302 319 295 301
354 319 344 311
371 319 363 312
389 319 380 311
406 319 400 313
424 319 416 313
441 319 432 312
458 319 450 313
476 319 467 313
493 319 485 314
510 319 502 314
528 319 519 313
562 319 555 310
580 319 572 311
285 337 277 320
302 337 295 319
354 337 345 328
371 337 363 328
389 337 382 329
406 337 399 330
424 337 415 329
441 337 432 330
458 337 449 330
476 337 466 331
493 337 484 331
510 337 501 331
545 337 536 330
562 337 555 329
597 337 588 328
267 354 260 335
285 354 277 337
302 354 295 336
319 354 312 337
354 354 345 345
371 354 362 346
389 354 381 346
406 354 399 345
424 354 415 345
441 354 432 347
458 354 449 347
476 354 466 347
493 354 484 348
510 354 501 349
267 371 260 350
285 371 277 356
302 371 294 355
319 371 311 357
371 371 362 362
389 371 380 361
424 371 415 362
441 371 432 364
458 371 449 364
476 371 466 364
510 371 502 364
528 371 519 368
267 389 262 370
285 389 275 373
302 389 295 371
319 389 311 373
337 389 329 375
354 389 346 376
406 389 397 377
441 389 431 379
458 389 449 380
493 389 482 382
510 389 500 382
528 389 517 383
562 389 552 377
580 389 570 373
614 389 603 378
250 406 245 386
267 406 263 389
285 406 282 390
302 406 302 399
337 406 328 391
354 406 345 392
371 406 362 392
406 406 396 394
424 406 414 394
528 406 517 400
545 406 534 398
562 406 550 394
580 406 570 389
597 406 587 392
614 406 603 397
632 406 620 396
233 424 228 404
250 424 244 406
267 424 261 406
285 424 282 407
302 424 299 420
319 424 319 420
337 424 319 408
354 424 345 409
371 424 362 409
389 424 379 410
406 424 397 411
424 424 414 410
441 424 431 411
458 424 448 412
493 424 481 412
510 424 499 413
562 424 550 411
580 424 570 406
597 424 586 412
614 424 601 414
632 424 618 414
649 424 636 408
215 441 210 420
233 441 226 426
354 441 345 425
371 441 361 426
389 441 379 427
406 441 396 428
441 441 431 429
458 441 449 429
545 441 534 427
562 441 551 427
580 441 569 422
597 441 584 431
614 441 601 434
632 441 618 433
649 441 635 425
215 458 208 439
233 458 226 452
250 458 249 460
337 458 314 441
354 458 347 443
371 458 364 444
406 458 394 442
424 458 411 443
441 458 429 444
476 458 467 443
510 458 495 451
528 458 513 455
545 458 531 445
562 458 549 444
580 458 568 439
597 458 583 453
614 458 600 451
632 458 618 451
649 458 635 453
198 476 192 453
215 476 209 474
233 476 228 477
250 476 245 476
285 476 299 476
302 476 317 474
319 476 334 473
354 476 355 475
389 476 389 473
406 476 406 472
441 476 427 460
458 476 443 468
476 476 460 469
493 476 478 470
510 476 493 473
528 476 510 472
545 476 528 470
562 476 548 470
580 476 564 473
597 476 583 474
614 476 600 473
632 476 615 472
649 476 634 476
