1 0 0 -0.1178319603204727 
0 1 0 -0.04324014484882355 
0 0 1 -0.828993558883667 
0 0 0 1 

0.9944770336151123 -0.1014906838536263 -0.02674108743667603 -0.09454096108675003 
0.10268584638834 0.9935582280158997 0.04793426766991615 -0.04694389179348946 
0.02170397900044918 -0.05041544511914253 0.9984924793243408 -0.7974778413772583 
0 0 0 1 

0.98355633020401 -0.1775047183036804 -0.03330144286155701 -0.07602314651012421 
0.1794415712356567 0.9813473224639893 0.06897923350334167 -0.05296515673398972 
0.02043613791465759 -0.07382062077522278 0.9970621466636658 -0.7819750308990479 
0 0 0 1 

0.9754958748817444 -0.2015713453292847 -0.08818547427654266 -0.03962009400129318 
0.2099089622497559 0.9727447628974915 0.09851779043674469 -0.0617779903113842 
0.0659235492348671 -0.1146146506071091 0.991220235824585 -0.763775646686554 
0 0 0 1 

0.9640949964523315 -0.2153704613447189 -0.1553587168455124 -0.01978439651429653 
0.2276556342840195 0.9715047478675842 0.06596478074789047 -0.05414003506302834 
0.1367248445749283 -0.0989646390080452 0.9856532216072083 -0.7408639788627625 
0 0 0 1 

0.9569634199142456 -0.2092452049255371 -0.2010905593633652 0.0317506417632103 
0.2354732155799866 0.9648615717887878 0.1165969744324684 -0.08496133983135223 
0.1696270853281021 -0.1589305847883224 0.972608745098114 -0.6995044946670532 
0 0 0 1 

