333 149 327 150
317 154 318 154
328 154 327 153
338 154 333 154
343 154 337 153
349 154 343 153
354 154 353 154
307 160 296 164
323 160 322 158
333 160 327 160
338 160 332 159
343 160 338 158
354 160 353 160
364 160 363 159
369 160 370 158
375 160 374 158
317 165 312 165
323 165 317 165
328 165 322 165
333 165 327 165
338 165 332 164
343 165 337 164
349 165 343 164
354 165 349 164
364 165 358 165
369 165 364 164
375 165 375 163
380 165 380 163
385 165 384 164
312 170 306 170
323 170 316 170
338 170 327 170
343 170 334 170
349 170 339 171
354 170 346 170
364 170 355 171
369 170 363 170
375 170 369 170
380 170 376 169
385 170 384 169
390 170 389 169
302 175 296 175
307 175 300 175
338 175 327 176
343 175 332 176
349 175 338 176
354 175 343 176
359 175 348 176
369 175 361 176
375 175 367 176
380 175 374 175
385 175 380 174
390 175 395 181
286 180 287 180
302 180 296 180
312 180 303 180
317 180 308 180
323 180 312 181
328 180 316 181
333 180 322 181
343 180 331 182
349 180 337 181
354 180 343 181
369 180 360 181
375 180 365 181
380 180 373 180
385 180 379 180
286 186 287 185
312 186 302 186
317 186 306 187
323 186 311 187
328 186 317 187
333 186 322 186
338 186 328 187
343 186 332 186
349 186 337 186
359 186 348 187
364 186 353 186
369 186 359 186
375 186 366 185
380 186 373 185
385 186 379 186
312 191 302 191
317 191 306 192
323 191 311 192
328 191 316 192
338 191 328 192
343 191 332 191
354 191 342 191
359 191 348 191
364 191 354 192
375 191 368 191
380 191 375 190
385 191 381 190
390 191 389 190
271 196 271 200
317 196 306 197
323 196 311 197
328 196 316 197
333 196 322 196
338 196 329 197
349 196 338 196
354 196 345 197
359 196 351 197
364 196 357 196
369 196 363 196
375 196 369 196
385 196 383 195
390 196 388 195
395 196 399 196
276 201 278 201
291 201 292 196
307 201 297 202
323 201 312 203
328 201 318 201
354 201 345 202
359 201 350 202
364 201 357 202
369 201 364 201
375 201 369 200
380 201 375 201
385 201 383 200
390 201 389 200
395 201 399 200
271 206 274 205
312 206 303 207
317 206 307 208
328 206 322 206
333 206 327 206
338 206 331 206
349 206 339 206
359 206 349 207
364 206 357 207
369 206 364 206
380 206 375 205
385 206 382 205
390 206 389 205
395 206 397 205
271 212 274 211
276 212 280 211
286 212 287 211
302 212 296 213
307 212 301 212
312 212 306 212
317 212 311 212
323 212 317 212
333 212 327 211
354 212 343 212
364 212 359 212
369 212 364 212
375 212 369 212
385 212 382 211
390 212 395 210
395 212 399 210
276 217 280 216
286 217 287 217
297 217 293 217
302 217 297 218
307 217 301 218
312 217 306 217
317 217 311 218
323 217 317 217
328 217 322 217
354 217 344 218
359 217 349 217
364 217 354 217
369 217 362 218
375 217 368 217
380 217 376 217
401 217 404 215
276 222 279 221
281 222 285 221
291 222 292 223
302 222 298 222
307 222 301 222
312 222 306 223
317 222 311 223
333 222 323 223
338 222 328 224
343 222 334 223
349 222 339 223
354 222 344 223
359 222 350 223
364 222 355 223
369 222 362 223
375 222 367 223
380 222 374 222
385 222 384 221
401 222 404 221
276 227 277 226
286 227 290 225
307 227 301 227
312 227 305 228
328 227 318 229
338 227 329 229
343 227 333 229
349 227 339 229
359 227 350 228
364 227 355 228
375 227 366 228
380 227 373 228
390 227 391 227
395 227 397 227
401 227 405 226
281 232 285 228
286 232 290 230
302 232 298 233
307 232 300 233
323 232 313 233
328 232 318 234
333 232 323 233
338 232 328 234
343 232 334 234
349 232 339 234
354 232 345 234
364 232 356 234
369 232 362 234
375 232 367 234
390 232 391 232
395 232 397 231
401 232 405 232
307 238 301 239
312 238 305 238
333 238 323 239
338 238 328 239
343 238 334 239
349 238 339 239
354 238 345 239
359 238 351 239
369 238 361 239
375 238 366 239
380 238 373 238
385 238 382 237
390 238 391 237
401 238 405 238
291 243 293 241
302 243 298 243
307 243 301 244
312 243 305 244
317 243 310 244
328 243 320 244
333 243 324 244
338 243 328 244
343 243 333 244
349 243 339 244
354 243 345 244
359 243 351 244
369 243 361 244
375 243 368 243
380 243 373 243
390 243 391 242
395 243 397 242
401 243 401 242
307 248 301 249
312 248 306 249
317 248 310 249
328 248 319 249
333 248 324 249
338 248 327 249
343 248 332 249
349 248 337 249
354 248 344 249
359 248 350 249
364 248 355 249
369 248 363 248
375 248 368 248
380 248 373 248
385 248 380 248
395 248 397 247
401 248 401 248
297 253 295 253
307 253 301 254
312 253 307 254
317 253 311 254
323 253 315 254
333 253 323 254
343 253 332 255
349 253 337 255
354 253 342 255
359 253 348 254
364 253 355 254
369 253 362 254
375 253 368 254
380 253 373 254
385 253 379 254
395 253 397 252
401 253 400 254
286 258 291 253
297 258 296 257
307 258 302 258
317 258 311 259
328 258 318 259
338 258 327 260
343 258 331 261
354 258 342 260
359 258 348 260
364 258 355 260
369 258 360 260
380 258 373 260
385 258 378 259
395 258 396 258
307 264 302 263
312 264 306 263
333 264 322 265
338 264 327 265
349 264 336 266
354 264 342 265
359 264 348 266
364 264 355 265
369 264 359 266
375 264 370 264
380 264 375 264
385 264 379 264
390 264 388 264
297 269 297 265
302 269 300 267
317 269 311 268
328 269 318 268
333 269 322 270
338 269 327 270
343 269 332 270
349 269 337 271
354 269 343 271
364 269 354 271
369 269 359 270
380 269 373 270
385 269 380 269
297 274 297 272
312 274 308 275
317 274 311 274
328 274 319 274
333 274 323 274
338 274 328 275
343 274 332 276
349 274 337 276
359 274 348 276
369 274 360 277
380 274 373 276
385 274 380 275
297 279 296 279
307 279 302 274
312 279 308 280
317 279 312 281
328 279 319 280
333 279 323 280
338 279 328 280
343 279 332 281
349 279 337 281
354 279 342 281
359 279 348 281
364 279 354 281
380 279 373 280
385 279 379 279
401 279 405 279
297 284 297 284
317 284 312 285
323 284 316 285
338 284 328 286
343 284 333 286
349 284 338 286
354 284 343 286
359 284 349 286
385 284 384 283
323 290 316 290
328 290 320 291
333 290 326 291
343 290 333 291
349 290 338 291
354 290 344 291
359 290 349 291
364 290 354 291
375 290 368 293
390 290 391 289
395 290 395 289
312 295 306 289
323 295 317 294
333 295 326 296
338 295 332 295
349 295 339 296
354 295 345 296
359 295 350 296
364 295 357 297
369 295 362 297
380 295 379 296
385 295 385 295
390 295 391 294
395 295 396 294
312 300 312 301
317 300 317 300
328 300 322 300
333 300 326 300
338 300 332 300
343 300 337 301
354 300 345 301
359 300 349 301
364 300 355 301
369 300 362 302
375 300 369 305
380 300 380 301
385 300 385 300
390 300 391 300
395 300 396 300
401 300 401 300
406 300 405 300
312 305 311 306
333 305 327 305
338 305 332 305
349 305 339 306
354 305 345 306
359 305 349 306
364 305 359 306
369 305 364 305
375 305 375 305
380 305 380 305
385 305 385 305
390 305 391 306
395 305 396 306
401 305 401 305
406 305 406 305
411 305 411 305
317 310 321 309
364 310 364 310
369 310 370 311
375 310 375 310
380 310 381 311
385 310 386 311
390 310 391 311
395 310 396 311
401 310 402 310
406 310 407 311
411 310 412 310
416 310 416 310
333 316 333 316
354 316 352 315
359 316 358 315
364 316 365 316
369 316 370 316
375 316 375 317
380 316 380 316
385 316 385 316
390 316 391 316
395 316 396 316
401 316 401 316
406 316 407 316
411 316 412 316
416 316 417 316
421 316 422 316
432 316 435 316
442 316 443 315
323 321 324 320
333 321 333 320
338 321 337 322
349 321 348 320
354 321 353 320
359 321 359 321
364 321 364 321
369 321 369 322
375 321 375 322
380 321 380 322
385 321 386 321
390 321 391 321
395 321 396 321
401 321 402 321
406 321 407 321
411 321 412 321
416 321 417 321
421 321 422 321
427 321 427 321
437 321 438 322
442 321 442 321
312 326 312 327
317 326 318 326
323 326 324 325
328 326 329 326
333 326 334 326
354 326 354 326
369 326 369 327
375 326 375 327
380 326 381 326
385 326 386 326
390 326 391 326
395 326 396 326
401 326 401 326
406 326 407 326
411 326 412 326
416 326 416 326
421 326 422 326
427 326 427 326
432 326 432 325
442 326 443 327
302 331 302 332
317 331 318 330
323 331 325 329
328 331 331 331
349 331 350 331
359 331 359 332
364 331 364 333
369 331 369 332
375 331 375 332
380 331 380 331
385 331 386 331
390 331 391 331
395 331 396 332
401 331 401 332
406 331 407 332
411 331 412 332
416 331 417 331
421 331 422 331
427 331 427 331
432 331 433 332
437 331 438 332
302 336 302 336
307 336 308 337
317 336 320 335
323 336 326 335
328 336 331 335
338 336 338 336
343 336 343 337
349 336 350 336
354 336 355 336
359 336 360 337
364 336 365 337
369 336 369 337
375 336 375 337
380 336 380 337
385 336 386 337
390 336 391 337
395 336 396 337
401 336 401 337
406 336 407 337
411 336 412 337
416 336 417 337
421 336 422 336
427 336 428 337
432 336 433 337
437 336 438 337
442 336 443 336
