338 149 339 148
338 154 328 154
343 154 334 153
354 154 354 153
328 160 324 159
338 160 329 159
343 160 333 159
359 160 360 158
369 160 369 157
328 165 317 166
333 165 329 165
343 165 334 164
349 165 343 163
354 165 355 163
359 165 359 164
375 165 370 163
385 165 381 164
281 170 296 162
317 170 306 171
333 170 324 171
338 170 327 170
354 170 337 171
359 170 355 168
364 170 359 168
369 170 365 168
385 170 381 169
317 175 303 179
333 175 327 175
354 175 337 177
276 180 281 180
338 180 334 180
349 180 329 185
359 180 339 184
364 180 345 184
380 180 380 177
385 180 374 181
276 186 282 185
328 186 314 185
333 186 316 190
354 186 334 190
359 186 339 189
364 186 344 189
375 186 359 186
271 191 275 195
276 191 281 191
286 191 297 186
369 191 359 190
375 191 365 190
390 191 391 187
395 191 402 191
271 196 276 200
276 196 281 195
291 196 302 191
328 196 312 199
333 196 318 199
338 196 322 200
349 196 333 201
380 196 373 195
385 196 379 194
390 196 385 195
395 196 402 196
401 196 406 196
276 201 281 200
354 201 337 203
364 201 353 201
369 201 359 201
375 201 365 201
380 201 373 200
385 201 379 200
390 201 385 200
395 201 402 200
271 206 276 206
276 206 281 205
291 206 312 195
323 206 312 211
359 206 343 210
369 206 358 207
380 206 371 206
385 206 379 204
390 206 395 218
401 206 406 203
271 212 276 210
276 212 281 211
333 212 318 215
369 212 357 212
375 212 364 213
380 212 373 212
395 212 401 208
271 217 276 215
276 217 282 215
281 217 286 215
302 217 296 217
317 217 306 219
338 217 322 221
343 217 327 221
349 217 331 221
354 217 344 218
359 217 349 218
375 217 363 218
380 217 372 218
390 217 397 213
395 217 401 217
281 222 287 220
302 222 296 222
323 222 308 226
328 222 311 226
333 222 316 226
338 222 321 226
343 222 327 226
354 222 337 226
359 222 349 223
380 222 374 222
385 222 384 222
395 222 400 228
286 227 291 223
323 227 307 231
328 227 312 231
333 227 316 231
338 227 321 231
343 227 326 231
349 227 332 231
364 227 349 230
369 227 355 230
375 227 363 230
385 227 385 228
390 227 392 227
286 232 291 226
312 232 301 236
328 232 312 236
333 232 317 235
338 232 322 236
343 232 327 236
349 232 332 236
359 232 345 236
364 232 349 236
369 232 355 236
375 232 360 235
390 232 392 231
312 238 301 242
317 238 305 242
323 238 310 242
328 238 316 242
338 238 322 241
343 238 327 241
349 238 332 242
354 238 338 242
364 238 350 241
369 238 355 242
375 238 364 241
380 238 368 239
390 238 392 236
286 243 292 237
312 243 301 246
317 243 306 246
338 243 323 246
343 243 326 246
349 243 332 246
354 243 339 247
359 243 344 246
380 243 368 244
385 243 379 243
390 243 391 242
286 248 292 242
312 248 302 251
323 248 310 250
333 248 318 250
338 248 321 251
343 248 325 252
349 248 331 252
354 248 337 252
359 248 344 251
375 248 364 249
380 248 370 249
385 248 379 247
395 248 398 245
401 248 401 249
302 253 296 254
307 253 300 257
323 253 310 255
328 253 312 257
333 253 316 257
343 253 323 257
349 253 328 257
354 253 336 257
359 253 343 257
364 253 348 255
369 253 358 254
375 253 364 255
380 253 374 253
385 253 379 253
395 253 398 252
286 258 291 249
291 258 296 258
307 258 301 263
333 258 316 262
343 258 322 263
349 258 328 263
354 258 334 262
359 258 342 262
364 258 349 262
369 258 354 262
375 258 363 263
385 258 379 259
395 258 396 258
291 264 295 263
343 264 322 267
349 264 327 268
354 264 333 268
359 264 341 268
364 264 348 268
369 264 354 268
380 264 368 265
385 264 379 265
390 264 386 264
328 269 311 271
333 269 316 271
349 269 328 273
354 269 333 273
359 269 341 273
364 269 348 273
369 269 353 273
380 269 367 272
385 269 374 271
328 274 312 276
333 274 317 276
349 274 329 278
354 274 334 278
359 274 341 278
369 274 354 278
375 274 360 278
380 274 368 278
385 274 374 279
297 279 297 280
328 279 312 281
333 279 317 281
343 279 325 283
354 279 334 283
359 279 341 283
364 279 347 283
369 279 353 283
375 279 360 284
380 279 368 284
385 279 375 285
401 279 399 282
323 284 310 285
338 284 322 287
343 284 327 288
349 284 331 288
354 284 336 288
359 284 342 288
364 284 348 288
369 284 356 289
375 284 361 289
312 290 305 285
323 290 312 291
328 290 316 291
333 290 321 291
349 290 332 293
354 290 337 293
359 290 342 293
364 290 348 294
369 290 354 294
375 290 363 294
390 290 392 289
401 290 399 291
312 295 305 290
317 295 325 307
333 295 321 297
338 295 326 297
354 295 338 298
359 295 343 298
369 295 354 299
375 295 363 300
395 295 397 295
401 295 405 294
312 300 305 294
338 300 325 301
349 300 333 302
369 300 358 302
380 300 381 300
385 300 387 300
390 300 392 300
395 300 397 299
401 300 402 300
406 300 406 300
349 305 333 306
364 305 353 306
380 305 382 306
390 305 392 305
406 305 407 305
411 305 411 305
416 305 415 305
364 310 369 307
369 310 374 307
390 310 392 311
395 310 397 311
401 310 403 311
406 310 408 310
411 310 414 311
421 310 421 310
437 310 437 311
442 310 443 310
343 316 341 317
349 316 348 316
359 316 359 315
364 316 369 312
369 316 371 316
375 316 376 316
380 316 381 316
390 316 392 317
395 316 397 316
411 316 412 316
421 316 423 316
432 316 432 315
437 316 437 315
442 316 443 316
317 321 320 320
323 321 326 320
328 321 332 321
333 321 337 322
343 321 342 321
349 321 348 322
354 321 355 322
359 321 360 322
364 321 365 322
369 321 370 322
375 321 376 322
380 321 381 323
385 321 387 322
390 321 392 322
395 321 398 321
406 321 407 321
411 321 414 321
421 321 423 321
427 321 428 321
312 326 315 326
317 326 320 325
328 326 333 325
333 326 337 327
343 326 344 326
349 326 349 326
354 326 354 328
369 326 370 328
375 326 376 328
380 326 381 328
385 326 386 328
390 326 392 326
401 326 402 327
411 326 413 327
416 326 418 327
421 326 423 327
427 326 428 326
432 326 433 326
442 326 443 327
312 331 315 331
317 331 320 330
323 331 327 330
359 331 360 333
364 331 366 333
369 331 370 333
375 331 376 333
380 331 381 333
385 331 387 332
390 331 392 332
395 331 398 332
401 331 403 332
411 331 413 332
416 331 418 332
421 331 423 332
427 331 428 332
432 331 434 332
437 331 439 332
302 336 302 337
317 336 321 336
323 336 326 336
328 336 331 336
333 336 338 337
338 336 341 337
354 336 355 337
359 336 360 337
364 336 365 338
369 336 371 338
375 336 376 337
380 336 382 338
390 336 392 337
395 336 397 337
401 336 403 337
406 336 408 337
416 336 417 337
421 336 423 337
427 336 428 336
432 336 433 336
437 336 438 337
442 336 443 336
