486 251 495 246
492 253 498 252
479 256 477 256
484 256 484 255
484 258 483 259
486 258 486 260
474 261 458 265
484 261 481 266
489 261 492 265
471 266 470 262
469 271 461 267
471 271 465 268
461 274 451 272
466 274 473 263
469 274 478 262
476 274 480 269
461 276 451 275
463 276 455 276
481 276 487 272
458 279 436 286
463 279 492 320
476 279 482 273
479 279 453 292
445 282 407 301
448 282 429 284
451 282 436 282
456 282 431 288
445 284 407 304
451 284 440 284
453 284 443 284
451 287 439 287
456 289 444 292
461 289 483 298
463 289 486 298
461 292 481 302
484 292 482 289
451 297 418 295
453 297 423 297
453 299 420 300
445 302 409 304
451 302 415 303
456 302 422 304
461 302 429 307
448 305 413 306
451 305 417 306
469 305 460 294
494 310 490 311
471 312 459 306
474 312 463 307
476 312 470 313
492 312 485 314
466 315 451 307
469 315 455 308
471 315 459 309
474 315 462 311
481 315 477 316
494 315 484 318
461 317 440 335
469 317 455 312
471 320 441 315
463 322 440 342
484 322 466 324
474 325 456 320
486 325 469 324
474 328 450 326
479 328 457 327
481 328 460 329
484 328 464 327
486 328 469 328
489 328 476 330
492 328 479 332
466 330 447 357
474 330 450 340
479 330 453 339
486 330 468 332
489 330 474 334
492 330 478 335
476 333 447 344
481 333 456 344
484 333 460 345
471 335 443 348
474 335 447 349
479 335 450 348
474 338 445 352
497 356 459 371
