480 280 437 238
474 283 431 241
477 283 435 241
480 283 437 240
482 283 440 241
477 285 434 243
480 285 437 243
482 285 440 243
477 288 434 246
480 288 437 246
482 288 440 246
485 288 442 245
488 288 445 244
490 288 447 244
477 290 435 249
488 290 445 247
490 290 447 246
493 290 450 246
477 293 435 252
485 293 437 250
493 293 447 248
496 293 450 249
498 293 454 248
501 293 461 248
485 296 438 253
490 296 442 251
493 296 448 252
490 298 443 255
496 301 454 257
498 301 457 257
496 304 454 260
498 304 456 261
493 309 448 268
503 312 465 275
503 317 466 281
