464 219 454 218
467 219 457 218
461 222 451 221
464 222 454 221
477 222 460 220
430 230 429 224
469 230 441 230
472 230 444 230
430 232 429 226
469 232 441 234
472 232 444 234
474 232 447 233
469 235 441 236
472 235 444 236
474 235 447 236
493 235 501 318
451 240 461 229
432 243 439 230
443 246 455 232
445 246 459 234
459 246 473 231
472 246 477 224
435 248 439 234
477 248 494 220
485 248 500 219
493 248 511 216
445 251 449 250
472 251 492 223
482 251 498 222
493 251 503 220
435 254 440 239
445 254 449 253
459 254 473 236
464 254 483 227
472 254 494 223
493 254 504 222
469 256 491 226
501 256 520 223
445 259 459 271
464 259 484 229
467 259 487 229
501 259 518 224
448 261 454 241
467 261 489 232
511 261 529 225
514 261 532 226
538 261 538 236
437 264 438 253
448 264 454 243
467 264 489 234
506 264 521 229
509 264 523 225
511 264 529 228
514 264 532 228
430 267 429 254
432 267 432 253
435 267 435 254
437 267 438 256
440 267 441 256
506 267 521 232
509 267 523 228
430 269 429 257
432 269 432 256
456 269 478 253
453 272 474 256
509 272 524 232
451 275 469 256
456 275 477 259
511 275 527 234
451 277 470 262
456 277 477 261
461 277 484 257
435 280 436 228
453 280 476 265
456 280 478 264
451 283 470 268
467 283 484 241
469 283 487 241
480 283 513 241
501 283 508 241
509 283 525 237
511 283 527 239
519 283 536 237
509 285 525 240
430 288 429 282
467 288 482 244
509 288 527 243
430 290 430 285
432 290 432 285
474 290 488 246
430 293 429 248
432 293 434 276
440 293 434 245
453 293 480 247
485 293 508 249
498 293 525 245
535 293 536 279
430 296 429 251
440 296 441 290
443 296 444 290
474 296 506 256
490 296 514 255
493 296 517 253
496 296 520 252
498 296 525 248
501 296 523 252
432 298 432 251
443 298 444 293
474 298 506 258
490 298 515 259
493 298 518 258
496 298 521 257
435 301 433 300
467 301 495 263
480 301 489 285
493 301 519 275
496 301 524 260
498 301 526 254
432 304 433 260
437 304 434 279
440 304 442 301
443 304 445 300
453 304 484 264
456 304 487 263
461 304 490 263
469 304 501 265
480 304 489 288
493 304 522 263
496 304 524 263
522 304 530 293
451 306 482 266
453 306 484 266
456 306 487 266
459 306 489 266
467 306 499 268
469 306 501 268
472 306 504 267
474 306 507 267
498 306 527 266
464 309 493 268
472 309 505 270
474 309 481 300
477 309 509 300
496 309 525 268
501 309 529 268
533 309 534 259
437 312 436 293
456 312 488 272
461 312 490 272
467 312 494 271
490 312 513 275
501 312 530 270
533 312 535 262
538 312 538 262
432 314 433 296
456 314 488 275
461 314 491 274
498 314 528 276
443 317 437 316
472 317 500 282
496 317 526 280
498 317 528 279
440 320 435 319
461 320 491 279
517 320 508 317
535 320 534 318
538 320 538 301
448 322 466 319
461 322 491 282
467 322 495 282
509 322 524 323
514 322 527 304
517 322 501 325
533 322 535 321
535 322 537 321
435 325 433 324
445 325 464 322
490 325 520 286
498 325 508 323
501 325 512 324
533 325 535 324
538 325 538 324
430 327 429 328
435 327 433 328
437 327 436 328
440 327 439 327
443 327 442 327
451 327 470 327
453 327 473 327
493 327 507 326
498 327 509 327
501 327 512 327
506 327 520 327
514 327 526 327
517 327 529 327
530 327 524 328
533 327 535 327
538 327 538 327
