129 25 56 14
146 25 75 14
163 25 95 18
181 25 116 20
198 25 143 21
215 25 159 23
233 25 177 24
250 25 198 25
267 25 216 29
285 25 236 29
302 25 254 33
319 25 270 35
406 25 371 20
632 25 565 72
649 25 579 74
666 25 617 23
146 42 74 33
198 42 131 38
215 42 164 38
233 42 180 42
250 42 198 42
267 42 216 45
493 42 463 17
632 42 567 88
649 42 585 90
163 59 77 51
198 59 112 58
215 59 184 55
267 59 215 69
406 59 369 47
441 59 412 27
458 59 431 26
476 59 448 28
528 59 492 57
632 59 567 103
649 59 599 59
666 59 617 61
94 77 41 55
389 77 353 61
406 77 370 62
424 77 388 65
441 77 412 50
458 77 429 46
476 77 448 47
510 77 475 73
528 77 492 73
545 77 512 75
649 77 596 77
371 94 336 73
389 94 354 76
406 94 371 78
424 94 388 79
528 94 493 87
545 94 507 88
354 111 316 88
371 111 334 91
389 111 353 91
406 111 372 92
424 111 389 93
441 111 407 93
476 111 443 96
493 111 460 99
510 111 477 100
562 111 527 105
337 129 297 103
354 129 316 104
371 129 334 104
389 129 353 106
406 129 372 107
424 129 389 109
441 129 407 110
458 129 424 110
476 129 442 112
493 129 461 114
510 129 479 116
528 129 494 114
545 129 511 116
562 129 528 121
580 129 542 124
337 146 296 117
354 146 315 118
371 146 335 121
389 146 354 122
406 146 372 123
424 146 390 125
441 146 408 125
458 146 427 126
476 146 445 129
493 146 461 128
510 146 478 128
528 146 496 131
545 146 512 132
562 146 527 138
614 146 560 163
632 146 593 129
285 163 213 172
302 163 256 133
319 163 277 134
354 163 316 135
371 163 335 135
389 163 354 138
406 163 372 139
424 163 391 140
441 163 409 141
458 163 426 142
476 163 444 143
493 163 462 143
510 163 480 143
528 163 497 145
545 163 514 147
614 163 577 161
285 181 235 158
337 181 297 149
406 181 373 154
424 181 392 154
441 181 410 156
458 181 427 156
476 181 446 157
493 181 464 157
510 181 481 158
528 181 498 161
562 181 544 184
597 181 562 180
614 181 577 180
632 181 595 164
267 198 210 190
285 198 232 182
319 198 275 174
337 198 296 170
354 198 316 168
371 198 335 169
389 198 354 169
424 198 392 170
441 198 410 171
458 198 429 172
476 198 447 174
493 198 465 174
510 198 483 175
528 198 499 177
562 198 526 193
597 198 560 193
614 198 576 194
233 215 147 232
250 215 194 207
267 215 212 205
302 215 252 200
319 215 273 197
337 215 294 194
354 215 314 189
371 215 336 187
389 215 354 187
406 215 375 187
424 215 393 187
441 215 411 188
458 215 429 188
493 215 465 190
510 215 483 192
528 215 500 194
545 215 514 201
562 215 528 207
580 215 545 208
597 215 562 208
614 215 578 211
233 233 166 224
250 233 182 225
267 233 209 224
285 233 227 227
302 233 246 233
319 233 271 215
337 233 292 215
354 233 313 210
371 233 333 208
389 233 354 208
406 233 374 207
424 233 392 207
441 233 411 206
458 233 430 205
493 233 466 206
528 233 500 212
545 233 514 219
562 233 530 225
580 233 546 224
597 233 562 223
233 250 165 242
250 250 185 241
267 250 209 241
285 250 225 245
302 250 245 253
319 250 266 246
354 250 314 232
371 250 332 230
389 250 350 230
406 250 373 232
424 250 392 229
441 250 411 227
458 250 429 226
476 250 450 223
493 250 468 224
510 250 486 227
545 250 513 236
562 250 528 243
580 250 544 242
597 250 562 243
285 267 216 295
302 267 246 276
337 267 287 259
354 267 312 252
371 267 331 251
389 267 352 252
406 267 372 253
424 267 388 253
441 267 408 250
476 267 447 245
493 267 468 243
545 267 512 263
562 267 528 264
580 267 542 264
597 267 559 269
614 267 579 268
632 267 598 269
285 285 225 279
302 285 244 294
319 285 262 287
337 285 280 285
371 285 325 278
389 285 349 275
406 285 368 276
424 285 387 276
441 285 404 270
458 285 425 270
476 285 444 270
493 285 465 265
510 285 485 264
562 285 527 284
580 285 541 287
597 285 561 288
614 285 579 281
632 285 595 282
285 302 219 315
319 302 267 301
354 302 302 312
371 302 322 312
389 302 342 304
406 302 364 304
424 302 383 301
441 302 404 299
458 302 424 295
476 302 445 290
493 302 463 287
510 302 485 285
580 302 542 305
597 302 563 304
614 302 580 298
632 302 597 297
649 302 614 321
267 319 199 333
285 319 230 334
302 319 246 318
319 319 262 319
337 319 285 321
354 319 305 335
371 319 322 332
389 319 341 330
406 319 360 329
424 319 382 324
441 319 401 325
458 319 421 321
476 319 442 316
493 319 462 312
510 319 481 310
528 319 502 303
562 319 525 326
597 319 565 320
614 319 582 315
632 319 599 316
649 319 614 332
250 337 173 374
267 337 202 353
285 337 230 353
302 337 247 353
319 337 266 353
337 337 289 354
354 337 304 355
371 337 320 351
389 337 342 350
406 337 365 351
424 337 381 349
441 337 400 346
458 337 420 342
476 337 442 340
493 337 461 334
528 337 491 334
545 337 511 342
562 337 524 343
580 337 546 340
597 337 565 353
632 337 603 334
250 354 175 392
267 354 199 382
302 354 246 369
319 354 265 370
337 354 284 372
354 354 301 373
389 354 350 369
406 354 368 367
424 354 383 366
441 354 401 366
458 354 417 367
476 354 438 367
493 354 463 355
510 354 480 352
528 354 494 357
545 354 513 358
562 354 527 359
614 354 582 351
632 354 600 352
649 354 616 357
250 371 179 409
267 371 199 401
285 371 216 401
319 371 249 385
337 371 282 391
354 371 298 389
371 371 319 387
389 371 335 386
406 371 368 384
424 371 383 384
441 371 400 387
458 371 420 386
476 371 436 385
493 371 452 384
510 371 481 369
528 371 496 373
545 371 510 374
562 371 529 375
597 371 566 368
614 371 583 369
632 371 601 373
649 371 615 373
267 389 200 419
285 389 214 421
319 389 265 417
337 389 286 401
354 389 300 407
371 389 316 405
389 389 340 401
406 389 357 401
424 389 380 402
441 389 398 403
458 389 419 403
476 389 438 402
493 389 456 400
510 389 474 399
528 389 497 389
545 389 513 390
562 389 531 391
580 389 555 382
614 389 583 388
632 389 608 385
285 406 228 439
302 406 228 423
337 406 282 425
371 406 319 423
389 406 341 422
406 406 364 422
424 406 380 419
441 406 399 417
458 406 417 420
476 406 436 417
493 406 456 416
510 406 476 416
528 406 492 410
562 406 531 410
580 406 557 400
597 406 572 398
371 424 315 441
389 424 341 442
406 424 365 442
424 424 380 439
441 424 400 435
476 424 439 436
528 424 497 428
545 424 513 429
562 424 541 426
580 424 562 421
597 424 574 417
614 424 591 416
632 424 609 419
337 441 263 461
354 441 283 460
406 441 354 456
424 441 374 455
458 441 419 444
510 441 478 441
528 441 497 443
545 441 514 444
441 458 400 460
458 458 417 459
476 458 438 460
493 458 469 456
528 458 503 459
545 458 519 461
389 476 281 476
406 476 301 475
424 476 370 476
441 476 401 474
458 476 419 477
476 476 439 477
493 476 457 475
510 476 488 476
528 476 504 476
545 476 522 477
