476 25 499 69
59 42 145 131
59 59 144 143
406 59 442 124
441 59 470 96
458 77 484 109
476 77 501 109
406 94 441 143
371 111 410 152
389 111 424 153
406 111 440 153
423 111 455 153
458 111 482 153
493 111 514 157
510 111 531 158
528 111 546 157
562 111 572 159
337 146 377 170
354 146 394 170
371 146 409 171
389 146 425 172
406 146 440 173
423 146 455 174
441 146 473 175
476 146 501 176
493 146 514 176
510 146 529 176
528 146 543 178
545 146 560 179
389 163 424 184
423 163 456 185
441 163 472 185
493 163 514 188
337 181 376 190
354 181 394 192
371 181 409 192
406 181 439 193
476 181 499 196
510 181 532 196
528 181 547 198
337 198 373 205
354 198 394 204
371 198 409 203
389 198 424 203
406 198 441 203
423 198 455 204
441 198 472 205
458 198 487 205
493 198 517 207
510 198 534 209
528 198 548 213
267 215 302 255
319 215 356 236
337 215 372 225
354 215 389 220
371 215 409 216
389 215 424 216
406 215 441 217
423 215 456 217
510 215 533 221
528 215 549 226
562 215 581 247
580 215 598 247
337 233 371 244
354 233 388 238
371 233 407 235
389 233 425 236
406 233 442 236
423 233 455 236
441 233 472 229
476 233 502 231
493 233 518 232
528 233 549 240
545 233 564 245
580 233 597 262
597 233 614 262
354 250 387 257
371 250 404 256
389 250 421 257
406 250 438 258
476 250 504 244
510 250 536 249
545 250 565 265
562 250 580 280
580 250 598 280
597 250 617 280
354 267 386 273
371 267 403 276
389 267 419 277
406 267 436 279
493 267 519 259
562 267 584 303
371 285 401 295
389 285 418 298
458 285 487 295
476 285 505 296
476 302 503 314
614 302 647 337
406 319 425 369
423 319 445 362
406 337 423 390
423 337 440 391
441 337 460 385
458 337 484 387
562 337 591 393
267 354 277 400
423 354 441 408
441 354 459 408
545 354 578 408
562 354 594 409
267 371 273 416
423 371 448 424
476 371 502 433
545 371 578 424
562 371 596 427
354 389 371 430
371 389 385 435
389 389 413 439
406 389 430 439
441 389 464 441
458 389 485 443
476 389 501 451
337 406 349 453
354 406 364 453
406 406 430 457
632 423 671 443
