181 25 182 26
198 25 199 26
215 25 216 26
233 25 233 26
337 25 337 26
354 25 355 24
371 25 372 24
389 25 390 23
406 25 408 22
424 25 425 22
441 25 442 22
476 25 476 26
493 25 493 25
510 25 508 25
528 25 528 22
545 25 545 25
562 25 562 26
580 25 580 24
597 25 599 25
614 25 615 24
181 42 181 44
198 42 198 44
215 42 216 43
233 42 234 44
337 42 337 41
354 42 355 42
371 42 372 41
389 42 390 40
406 42 407 39
424 42 425 39
441 42 442 40
476 42 476 43
493 42 494 43
510 42 511 43
528 42 529 42
545 42 546 40
562 42 564 41
580 42 580 44
597 42 597 43
181 59 182 62
198 59 199 59
319 59 320 59
337 59 337 58
354 59 355 58
371 59 372 58
389 59 390 57
406 59 407 56
424 59 424 57
458 59 457 60
476 59 475 60
493 59 493 60
510 59 511 60
528 59 528 59
545 59 545 58
562 59 563 60
580 59 581 60
597 59 597 61
181 77 181 77
198 77 199 75
215 77 217 78
285 77 285 77
302 77 303 76
319 77 320 76
337 77 337 75
354 77 355 76
371 77 372 75
424 77 425 75
441 77 443 75
458 77 461 76
476 77 477 77
493 77 491 77
510 77 510 77
528 77 529 77
545 77 545 77
562 77 564 79
580 77 580 79
597 77 598 77
267 94 267 94
285 94 285 93
302 94 302 93
319 94 320 93
337 94 337 93
354 94 356 92
371 94 372 92
389 94 390 93
441 94 442 93
458 94 461 94
476 94 477 93
510 94 510 94
528 94 529 95
545 94 546 94
562 94 563 95
580 94 581 97
233 111 234 111
250 111 250 110
267 111 268 110
285 111 285 110
302 111 303 111
319 111 320 111
337 111 339 109
354 111 355 110
371 111 373 110
389 111 390 110
406 111 407 110
424 111 424 110
441 111 442 110
458 111 460 110
476 111 477 110
493 111 495 111
510 111 511 110
528 111 528 111
545 111 546 113
562 111 563 116
580 111 581 116
215 129 216 128
233 129 233 127
250 129 250 128
267 129 268 128
285 129 287 128
302 129 303 128
319 129 321 127
337 129 338 127
354 129 356 127
371 129 372 127
389 129 389 127
406 129 407 127
424 129 425 128
441 129 442 127
458 129 460 127
476 129 477 127
493 129 496 128
528 129 528 128
545 129 546 129
562 129 562 135
580 129 580 133
198 146 198 146
215 146 216 145
233 146 233 145
250 146 250 145
267 146 267 145
285 146 285 145
302 146 303 145
319 146 321 145
337 146 338 144
354 146 356 145
371 146 373 145
389 146 391 145
406 146 407 144
424 146 424 145
441 146 441 145
458 146 460 145
476 146 477 144
493 146 494 145
510 146 511 146
528 146 528 146
545 146 546 148
562 146 564 147
181 163 181 164
198 163 200 162
215 163 217 163
233 163 233 162
250 163 253 162
267 163 268 160
285 163 286 162
302 163 303 161
319 163 321 161
337 163 338 162
354 163 355 162
371 163 373 162
389 163 390 162
406 163 407 162
424 163 426 162
441 163 443 162
458 163 460 161
476 163 477 162
510 163 511 162
528 163 527 163
545 163 545 166
562 163 564 164
146 181 145 181
163 181 165 180
181 181 181 179
198 181 199 180
215 181 216 180
233 181 233 180
250 181 251 180
267 181 269 180
285 181 285 179
302 181 303 180
319 181 320 180
337 181 338 179
354 181 356 179
371 181 374 180
389 181 390 178
406 181 408 179
424 181 424 179
441 181 443 179
458 181 460 179
476 181 478 179
493 181 493 181
510 181 511 180
528 181 528 180
545 181 545 185
562 181 563 182
111 198 112 200
129 198 130 198
146 198 147 197
163 198 165 195
181 198 181 197
198 198 198 197
215 198 216 198
233 198 233 198
250 198 251 197
267 198 268 198
285 198 285 198
302 198 304 196
319 198 320 197
337 198 338 197
354 198 356 197
371 198 372 197
389 198 390 197
406 198 408 197
424 198 425 197
441 198 443 196
458 198 460 196
476 198 477 197
493 198 495 198
528 198 530 198
545 198 546 199
111 215 112 215
129 215 130 214
146 215 149 212
163 215 168 212
181 215 183 214
198 215 199 214
215 215 217 216
250 215 251 215
267 215 268 215
285 215 286 214
302 215 303 214
319 215 321 214
337 215 339 213
354 215 355 214
371 215 372 213
389 215 391 214
406 215 407 213
424 215 425 214
441 215 444 214
458 215 460 213
476 215 477 214
493 215 495 215
510 215 512 214
528 215 530 214
129 233 130 233
146 233 146 233
163 233 164 233
181 233 182 233
198 233 199 234
215 233 216 233
250 233 250 233
267 233 268 232
285 233 286 232
302 233 303 232
319 233 321 231
337 233 338 232
354 233 356 232
371 233 372 232
389 233 391 231
406 233 409 232
424 233 426 231
441 233 444 231
458 233 460 232
476 233 478 231
493 233 495 232
510 233 511 231
528 233 530 232
198 250 199 251
215 250 217 251
233 250 233 250
267 250 268 250
285 250 285 249
302 250 303 250
319 250 321 249
337 250 339 250
354 250 357 249
371 250 372 249
389 250 391 249
406 250 407 249
424 250 426 249
441 250 443 249
458 250 460 249
476 250 477 250
493 250 495 249
510 250 511 250
528 250 529 250
198 267 199 268
215 267 216 269
233 267 235 265
250 267 252 266
267 267 268 267
285 267 285 268
302 267 303 267
319 267 321 267
337 267 339 267
354 267 356 267
371 267 372 266
389 267 390 267
406 267 408 267
424 267 426 266
441 267 443 266
476 267 478 267
493 267 495 267
510 267 513 267
528 267 528 267
545 267 547 267
181 285 182 286
198 285 198 285
215 285 216 284
233 285 232 283
250 285 251 283
267 285 267 284
285 285 285 284
302 285 303 285
319 285 321 284
337 285 338 285
354 285 356 285
371 285 373 284
389 285 392 284
406 285 409 284
424 285 425 284
441 285 442 282
458 285 460 283
476 285 477 284
493 285 495 285
510 285 512 285
528 285 529 285
545 285 547 284
562 285 565 283
181 302 181 302
198 302 198 304
215 302 213 304
233 302 232 303
250 302 249 303
267 302 268 303
285 302 286 302
302 302 303 302
319 302 320 302
337 302 338 302
354 302 355 302
371 302 373 302
389 302 390 302
406 302 408 301
424 302 424 301
441 302 443 300
458 302 460 301
493 302 494 302
510 302 511 303
528 302 530 302
545 302 548 301
562 302 565 301
163 319 163 322
181 319 179 323
198 319 197 321
215 319 213 323
233 319 230 323
250 319 253 322
267 319 268 318
285 319 284 318
302 319 303 320
319 319 321 320
337 319 338 320
354 319 356 320
371 319 372 319
389 319 391 319
424 319 426 319
441 319 443 319
458 319 460 319
493 319 495 320
510 319 512 320
528 319 531 318
545 319 547 318
562 319 565 319
146 337 147 339
163 337 161 341
181 337 180 340
198 337 197 339
215 337 212 338
233 337 232 338
250 337 250 337
267 337 266 335
302 337 301 339
319 337 322 337
337 337 339 337
354 337 355 337
371 337 372 336
389 337 390 338
406 337 407 337
424 337 426 336
441 337 442 337
458 337 460 336
476 337 478 337
493 337 495 338
510 337 512 337
528 337 530 336
545 337 547 336
562 337 564 337
146 354 147 356
163 354 164 354
181 354 183 354
250 354 252 354
267 354 265 354
285 354 283 355
302 354 303 356
319 354 318 355
337 354 334 355
354 354 354 354
371 354 372 355
389 354 390 354
406 354 408 356
424 354 426 356
441 354 443 354
458 354 460 355
476 354 478 354
493 354 494 355
510 354 513 353
528 354 531 353
545 354 548 354
562 354 566 354
146 371 148 375
163 371 167 376
181 371 184 372
198 371 201 369
233 371 237 370
250 371 250 375
267 371 263 377
285 371 286 371
302 371 304 374
319 371 321 371
337 371 339 371
354 371 358 371
371 371 375 372
389 371 391 372
406 371 406 373
424 371 423 375
441 371 440 377
458 371 461 372
476 371 478 371
493 371 494 371
510 371 514 371
528 371 531 372
545 371 547 370
562 371 566 371
146 389 148 393
163 389 166 393
181 389 183 391
198 389 199 393
215 389 218 393
233 389 235 391
250 389 251 393
267 389 265 393
285 389 280 393
302 389 306 390
319 389 321 388
337 389 339 389
354 389 356 388
371 389 372 388
389 389 392 388
406 389 410 388
424 389 426 389
441 389 441 391
458 389 460 390
476 389 477 389
493 389 495 389
510 389 513 389
528 389 531 388
545 389 548 388
562 389 566 390
163 406 165 408
181 406 182 408
198 406 197 408
215 406 216 410
233 406 235 410
250 406 255 411
267 406 271 410
285 406 286 407
302 406 303 405
319 406 318 404
337 406 337 406
354 406 355 407
371 406 374 408
389 406 392 409
406 406 410 405
424 406 426 405
441 406 442 407
458 406 458 407
476 406 479 406
493 406 496 406
510 406 514 406
528 406 529 405
545 406 548 406
562 406 566 407
25 424 26 424
42 424 43 424
59 424 59 426
77 424 78 425
181 424 181 424
198 424 200 425
215 424 219 427
233 424 234 427
250 424 256 424
267 424 269 425
285 424 285 421
302 424 305 418
319 424 319 419
337 424 336 421
354 424 354 424
371 424 373 424
389 424 394 420
406 424 409 422
424 424 427 422
441 424 444 421
458 424 461 423
476 424 479 423
42 441 42 441
59 441 59 442
77 441 77 442
94 441 96 444
111 441 114 443
215 441 218 443
233 441 233 443
250 441 256 441
267 441 268 440
285 441 288 439
302 441 302 440
319 441 319 438
337 441 334 436
354 441 353 438
371 441 373 438
389 441 390 438
406 441 408 441
424 441 425 445
441 441 444 443
458 441 460 439
476 441 479 440
25 458 27 457
42 458 43 459
59 458 59 460
77 458 78 460
94 458 95 460
111 458 113 459
129 458 130 459
146 458 148 461
163 458 165 461
250 458 252 460
267 458 269 459
285 458 286 458
302 458 302 457
319 458 317 457
337 458 337 458
354 458 355 457
371 458 371 457
389 458 388 455
406 458 409 458
424 458 425 460
441 458 442 460
458 458 460 459
42 476 42 476
59 476 59 476
77 476 76 477
94 476 93 477
111 476 111 476
129 476 130 476
146 476 149 477
163 476 164 477
181 476 180 477
198 476 198 475
267 476 268 476
285 476 284 476
302 476 301 476
319 476 319 475
337 476 338 476
354 476 356 474
371 476 370 473
389 476 388 476
406 476 406 476
424 476 427 476
441 476 443 477
458 476 460 476
