1 0 0 -0.2022774517536163 
0 1 0 -0.02555054239928722 
0 0 1 -0.5562111139297485 
0 0 0 1 

0.9982636570930481 -0.0554085411131382 0.01998976245522499 -0.202949270606041 
0.0539952777326107 0.9963970184326172 0.06540357321500778 -0.06776715815067291 
-0.02354161068797112 -0.0642106756567955 0.9976586699485779 -0.5277906060218811 
0 0 0 1 

0.9926117658615112 -0.07896191626787186 -0.09212443232536316 -0.1394636482000351 
0.08681529015302658 0.9926252365112305 0.08460588008165359 -0.07767221331596375 
0.08476437628269196 -0.09197861701250076 0.9921466112136841 -0.5428856015205383 
0 0 0 1 

0.9846395254135132 -0.1134597808122635 -0.1327094733715057 -0.1093812137842178 
0.1435104161500931 0.9588378071784973 0.2450195550918579 -0.1700572520494461 
0.09944689273834229 -0.2603011727333069 0.9603922963142395 -0.5082236528396606 
0 0 0 1 

0.9854967594146729 -0.1519692540168762 -0.07550756633281708 -0.1396197527647018 
0.1626779735088348 0.9726947546005249 0.1655313968658447 -0.1293479055166245 
0.04829003661870956 -0.175414115190506 0.9833096265792847 -0.5132653713226318 
0 0 0 1 

0.9448844790458679 -0.3170382976531982 0.08173052221536636 -0.2064642608165741 
0.293218195438385 0.9304929971694946 0.2195579707622528 -0.1738390922546387 
-0.1456580460071564 -0.1834920048713684 0.9721699357032776 -0.4601053893566132 
0 0 0 1 

0.963503897190094 -0.2406578809022903 0.1172340512275696 -0.2235852479934692 
0.2243179529905319 0.9648346304893494 0.1370234340429306 -0.1200048923492432 
-0.1460873037576675 -0.1057248488068581 0.9836059808731079 -0.4662674963474274 
0 0 0 1 

0.9894697666168213 -0.1211064234375954 0.07926343381404877 -0.2091210335493088 
0.1166133657097816 0.9914193749427795 0.05906673148274422 -0.05830251798033714 
-0.08573668450117111 -0.04920153692364693 0.9951022267341614 -0.4742335677146912 
0 0 0 1 

0.964984655380249 -0.2063716799020767 0.1619115173816681 -0.2253776490688324 
0.2138574570417404 0.976402223110199 -0.03006205335259438 -0.03085533529520035 
-0.1518868207931519 0.06363539397716522 0.9863472580909729 -0.4560663104057312 
0 0 0 1 

0.9530098438262939 -0.2014173269271851 0.2262809574604034 -0.2583047747612 
0.1936743259429932 0.9794575572013855 0.05615214258432388 -0.07011833041906357 
-0.2329426258802414 -0.009688593447208405 0.9724421501159668 -0.4348667860031128 
0 0 0 1 

