588 222 546 213
633 222 616 254
588 230 555 216
590 230 557 216
579 236 529 231
624 239 580 221
627 244 581 227
613 253 573 232
613 256 569 236
613 258 569 238
559 261 567 253
610 261 566 241
619 261 573 242
562 264 570 256
565 270 581 244
554 273 555 248
610 275 623 272
610 278 623 275
607 281 617 278
582 284 587 279
602 284 600 272
542 287 551 281
545 287 553 280
548 287 556 280
554 287 562 285
582 287 588 281
624 287 632 280
534 290 546 283
545 290 554 285
610 290 614 283
616 290 620 283
619 290 622 283
534 292 545 286
548 292 557 287
551 292 558 288
576 292 597 284
610 292 614 286
613 292 617 286
540 295 551 291
621 295 626 289
644 295 646 275
540 298 548 294
542 298 551 294
545 298 554 294
542 301 552 297
545 301 554 297
548 301 557 297
599 301 608 298
602 301 608 290
604 301 612 298
619 301 632 306
621 301 638 306
627 301 643 306
542 304 552 299
545 304 553 299
590 304 586 307
599 304 608 300
610 304 624 307
619 304 632 308
624 304 640 309
627 304 644 309
551 306 557 305
607 306 620 309
610 306 623 310
619 306 632 311
621 306 635 311
624 306 638 312
627 306 641 312
551 309 558 309
593 309 590 309
596 309 591 310
599 309 612 310
602 309 615 310
604 309 617 310
613 309 626 313
616 309 629 313
644 309 646 311
593 312 589 313
596 312 591 312
602 312 598 313
599 315 594 315
602 315 597 315
604 315 617 315
607 315 620 315
619 315 632 315
621 315 640 315
624 315 644 315
647 315 647 315
