493 146 530 9
510 146 554 6
528 146 572 6
545 146 602 5
476 163 504 30
493 163 522 28
510 163 540 26
528 163 565 25
545 163 586 26
562 163 622 21
493 181 523 46
510 181 544 45
528 181 567 42
545 181 586 41
562 181 622 38
580 181 646 37
371 198 360 24
389 198 386 22
510 198 549 65
528 198 567 64
545 198 587 63
562 198 614 58
580 198 644 51
354 215 336 50
371 215 363 48
389 215 388 47
406 215 408 35
424 215 427 17
441 215 448 14
458 215 483 41
528 215 568 85
545 215 588 84
337 233 312 73
354 233 338 69
371 233 364 68
389 233 387 68
406 233 410 67
458 233 485 62
476 233 507 62
545 233 592 100
562 233 619 99
302 250 265 98
319 250 289 94
337 250 313 92
354 250 340 92
371 250 363 91
389 250 389 91
406 250 412 89
424 250 437 87
441 250 461 86
458 250 486 84
476 250 510 83
493 250 535 83
528 250 567 122
545 250 598 111
562 250 615 128
285 267 249 121
302 267 267 119
319 267 290 118
337 267 314 117
354 267 339 115
371 267 364 114
389 267 387 113
406 267 415 111
424 267 439 112
441 267 462 109
458 267 488 108
476 267 511 107
510 267 545 129
528 267 578 131
545 267 602 129
267 285 234 156
285 285 256 152
302 285 272 147
319 285 294 143
337 285 317 141
354 285 340 137
371 285 364 135
389 285 391 135
406 285 414 133
424 285 439 133
441 285 463 133
458 285 489 130
476 285 513 130
510 285 549 147
528 285 577 144
545 285 604 144
215 302 181 189
233 302 198 186
250 302 220 179
267 302 246 178
302 302 276 170
319 302 298 165
337 302 318 163
354 302 342 161
371 302 365 159
389 302 388 158
406 302 415 158
424 302 441 156
441 302 464 154
458 302 490 154
510 302 557 164
528 302 581 163
545 302 604 161
215 319 183 209
233 319 201 205
250 319 228 202
267 319 254 203
285 319 276 201
302 319 278 192
319 319 300 191
337 319 322 186
354 319 343 184
371 319 366 182
389 319 390 181
406 319 416 180
424 319 441 179
441 319 466 178
458 319 491 175
476 319 515 180
493 319 537 183
510 319 560 182
528 319 584 181
233 337 219 221
250 337 237 221
267 337 259 227
302 337 288 219
319 337 307 217
337 337 324 213
354 337 350 212
371 337 371 208
389 337 395 205
406 337 416 200
424 337 442 202
441 337 469 203
458 337 492 202
493 337 541 205
510 337 562 203
250 354 243 242
267 354 262 247
285 354 281 244
302 354 300 245
319 354 310 238
337 354 329 236
354 354 354 235
371 354 376 233
389 354 399 233
406 354 420 228
424 354 444 227
441 354 468 225
458 354 493 226
493 354 537 228
510 354 564 225
250 371 247 266
267 371 263 266
285 371 279 264
302 371 305 270
337 371 335 260
389 371 403 255
406 371 424 254
424 371 446 253
441 371 470 248
476 371 517 256
493 371 536 255
510 371 566 241
528 371 583 250
545 371 606 251
233 389 231 283
250 389 246 294
267 389 262 282
302 389 305 291
319 389 324 280
337 389 348 284
354 389 367 282
371 389 387 281
389 389 408 280
406 389 429 278
424 389 448 275
441 389 474 275
458 389 495 275
476 389 517 275
493 389 538 276
510 389 558 278
528 389 583 272
545 389 607 269
215 406 209 315
233 406 233 315
337 406 353 304
354 406 371 303
371 406 391 302
389 406 410 300
406 406 431 299
424 406 452 298
458 406 496 295
476 406 518 297
493 406 539 294
510 406 563 295
528 406 585 291
545 406 607 289
215 424 212 331
233 424 234 331
250 424 250 330
267 424 270 330
285 424 285 315
319 424 340 325
354 424 376 325
371 424 394 321
389 424 413 320
406 424 434 318
424 424 454 318
441 424 476 317
458 424 499 315
476 424 519 315
510 424 564 314
528 424 586 312
545 424 608 308
215 441 218 351
233 441 237 345
250 441 256 348
267 441 271 343
285 441 288 345
319 441 325 346
337 441 356 345
354 441 373 343
371 441 393 342
389 441 414 341
406 441 432 338
424 441 454 337
441 441 482 335
458 441 497 339
476 441 520 336
493 441 542 334
510 441 564 337
528 441 588 333
545 441 607 348
215 458 220 371
250 458 256 364
267 458 271 362
302 458 309 369
319 458 338 366
337 458 355 364
354 458 374 362
371 458 395 360
389 458 415 358
406 458 435 357
424 458 462 358
441 458 480 358
458 458 498 356
476 458 518 357
493 458 543 360
528 458 593 350
233 476 252 391
302 476 325 383
319 476 342 382
337 476 360 383
354 476 378 382
371 476 393 377
389 476 417 375
