493 25 451 41
510 25 469 43
493 42 455 58
510 42 469 56
545 42 519 64
562 42 538 68
580 42 557 68
597 42 572 68
493 59 454 74
510 59 468 73
545 59 518 90
562 59 536 90
580 59 554 90
597 59 573 85
632 59 599 87
649 59 615 90
476 77 438 96
493 77 455 94
528 77 486 95
545 77 512 108
562 77 536 105
597 77 564 104
614 77 581 103
632 77 599 103
649 77 610 106
441 94 415 115
510 94 472 102
580 94 546 120
597 94 562 121
614 94 578 122
632 94 592 122
441 111 417 130
476 111 442 119
493 111 458 118
510 111 473 118
614 111 575 139
632 111 590 139
42 129 43 163
77 129 70 161
111 129 102 161
476 129 441 138
493 129 457 137
510 129 476 137
528 129 507 148
545 129 523 152
632 129 592 157
42 146 39 179
59 146 53 178
77 146 69 178
94 146 86 177
111 146 106 176
129 146 120 176
146 146 136 176
163 146 155 175
441 146 415 156
528 146 494 154
580 146 562 167
42 163 35 194
59 163 54 194
77 163 70 194
94 163 86 194
111 163 106 194
371 163 349 172
389 163 366 172
406 163 382 170
424 163 399 170
441 163 415 170
476 163 445 169
493 163 462 168
510 163 478 169
528 163 494 169
545 163 510 168
562 163 525 166
580 163 542 167
614 163 580 183
632 163 596 183
354 181 334 187
371 181 349 185
389 181 366 184
406 181 381 184
424 181 397 184
441 181 413 184
476 181 445 184
493 181 462 183
510 181 478 183
528 181 493 182
545 181 509 181
562 181 526 181
580 181 543 182
597 181 576 203
649 181 606 198
319 198 300 205
337 198 318 205
354 198 333 202
371 198 351 199
476 198 445 196
510 198 477 196
528 198 493 196
545 198 510 195
562 198 527 195
597 198 565 194
319 215 303 221
337 215 318 222
354 215 334 217
389 215 364 213
406 215 381 212
458 215 428 210
493 215 462 210
580 215 546 216
597 215 565 215
649 215 612 230
302 233 285 246
319 233 303 240
337 233 318 239
354 233 335 235
371 233 351 232
389 233 364 229
406 233 382 228
424 233 397 227
458 233 430 225
476 233 446 225
493 233 461 224
510 233 477 224
528 233 493 223
545 233 509 223
562 233 529 230
580 233 551 230
285 250 268 263
302 250 287 258
319 250 304 257
354 250 335 252
371 250 350 249
389 250 366 246
406 250 383 245
424 250 398 244
458 250 429 240
476 250 446 240
493 250 460 238
510 250 477 237
528 250 494 237
545 250 510 238
580 250 547 246
597 250 564 244
614 250 578 243
632 250 599 248
250 267 243 278
285 267 270 276
302 267 285 276
319 267 305 275
337 267 321 274
354 267 335 270
371 267 353 266
389 267 367 262
406 267 384 262
424 267 401 262
458 267 429 257
476 267 446 257
493 267 462 255
510 267 477 254
528 267 494 253
545 267 512 254
562 267 529 257
614 267 579 259
285 285 268 294
319 285 305 294
354 285 339 289
371 285 353 283
389 285 368 279
406 285 384 279
424 285 402 279
458 285 432 277
476 285 447 275
493 285 465 274
510 285 478 271
528 285 495 269
545 285 514 274
562 285 531 275
580 285 547 276
597 285 563 275
302 302 290 332
319 302 304 315
337 302 322 315
354 302 339 313
371 302 353 302
389 302 368 296
406 302 385 296
424 302 403 296
458 302 432 293
476 302 448 292
493 302 465 290
510 302 480 289
528 302 497 287
545 302 515 289
562 302 536 295
580 302 551 295
597 302 565 293
319 319 306 331
337 319 323 332
371 319 355 325
389 319 370 316
406 319 386 317
424 319 404 315
458 319 434 312
476 319 450 309
493 319 466 309
510 319 483 307
528 319 497 303
545 319 513 303
580 319 554 310
597 319 568 319
614 319 582 322
632 319 600 315
649 319 620 314
302 337 290 350
319 337 306 346
337 337 322 348
354 337 339 346
371 337 354 344
389 337 371 337
406 337 387 337
424 337 405 335
441 337 420 333
458 337 436 332
493 337 469 327
510 337 484 324
528 337 498 322
545 337 514 317
580 337 555 330
597 337 569 339
614 337 582 338
632 337 601 333
649 337 618 334
666 337 636 338
302 354 289 365
319 354 308 365
337 354 326 364
354 354 338 362
371 354 356 361
389 354 373 358
406 354 388 355
424 354 406 354
441 354 422 352
458 354 437 350
493 354 471 345
510 354 486 344
528 354 499 340
545 354 515 336
580 354 557 350
597 354 570 356
632 354 603 352
649 354 620 352
666 354 636 352
285 371 269 385
337 371 324 382
354 371 344 380
371 371 357 379
389 371 372 376
406 371 390 374
424 371 407 371
441 371 424 369
458 371 439 369
476 371 455 367
528 371 501 361
545 371 519 359
562 371 541 366
580 371 557 367
614 371 584 358
267 389 251 405
302 389 292 390
319 389 307 390
354 389 340 396
424 389 407 390
441 389 425 388
458 389 442 388
476 389 457 387
545 389 520 384
562 389 538 384
614 389 584 371
632 389 600 369
267 406 254 422
319 406 306 408
337 406 324 418
371 406 357 405
389 406 377 405
406 406 392 405
441 406 425 406
458 406 440 406
476 406 459 405
493 406 477 403
545 406 524 406
562 406 539 406
580 406 558 398
597 406 574 395
614 406 584 384
285 424 274 437
302 424 290 437
319 424 308 434
371 424 360 420
389 424 380 421
406 424 396 423
424 424 411 422
441 424 430 420
458 424 446 422
493 424 477 420
562 424 538 427
597 424 575 411
614 424 589 403
632 424 600 395
267 441 259 457
285 441 275 454
302 441 291 453
319 441 307 452
354 441 341 440
371 441 362 439
389 441 378 436
406 441 395 439
424 441 407 438
441 441 426 438
458 441 444 440
476 441 462 438
528 441 506 434
545 441 523 433
580 441 558 433
597 441 576 430
614 441 594 424
632 441 604 412
666 441 632 408
354 458 341 459
371 458 359 458
389 458 377 456
406 458 394 455
424 458 409 454
441 458 425 455
458 458 442 455
476 458 461 454
493 458 480 455
510 458 498 453
545 458 524 453
562 458 543 453
580 458 561 452
597 458 577 449
614 458 592 446
666 458 630 425
285 476 268 477
302 476 284 476
319 476 304 474
337 476 327 475
389 476 377 475
406 476 393 474
424 476 411 473
441 476 425 473
458 476 443 474
476 476 463 475
528 476 506 473
545 476 524 473
562 476 539 475
580 476 559 475
597 476 575 476
614 476 592 469
