510 25 503 141
545 42 561 156
562 42 577 156
597 42 619 155
493 59 493 168
510 59 507 165
614 59 616 170
632 59 633 165
510 77 509 178
580 77 599 192
614 77 621 188
632 77 635 184
666 77 656 182
545 94 569 210
562 94 586 208
580 94 602 206
597 94 616 206
632 94 637 207
649 94 651 204
476 111 488 206
510 111 515 202
632 111 643 221
649 111 659 219
476 129 491 219
510 129 517 219
562 129 602 241
580 129 619 240
614 129 638 238
649 129 661 238
458 146 480 239
493 146 510 236
632 146 643 261
649 146 659 261
389 163 424 257
406 163 439 257
441 163 467 253
458 163 481 252
476 163 495 251
493 163 510 249
528 163 539 246
545 163 554 244
562 163 571 243
580 163 588 243
649 163 660 278
597 181 609 256
354 198 395 285
371 198 410 282
424 198 450 277
441 198 464 275
458 198 480 275
476 198 494 273
510 198 523 270
528 198 539 268
545 198 554 267
562 198 572 268
580 198 595 269
632 198 646 277
319 215 370 305
354 215 396 300
371 215 410 296
389 215 423 292
424 215 450 288
441 215 465 286
458 215 480 286
476 215 495 285
510 215 523 282
528 215 539 281
545 215 555 280
632 215 650 293
649 215 665 290
319 233 371 324
354 233 397 315
371 233 411 312
562 233 575 298
285 250 343 344
302 250 358 342
319 250 373 340
354 250 398 330
371 250 412 327
406 250 437 319
424 250 452 317
441 250 467 315
458 250 481 313
476 250 495 311
510 250 525 306
528 250 539 305
545 250 556 306
580 250 599 316
267 267 329 358
285 267 344 358
302 267 358 356
319 267 375 355
354 267 400 347
406 267 440 336
424 267 455 335
441 267 470 332
458 267 482 328
476 267 499 327
510 267 525 320
528 267 541 319
545 267 562 322
562 267 578 323
580 267 601 330
597 267 618 328
614 267 633 326
285 285 344 370
302 285 359 374
319 285 376 371
371 285 414 358
406 285 441 351
424 285 457 351
441 285 471 349
458 285 486 347
476 285 501 344
493 285 516 343
528 285 543 335
545 285 564 341
597 285 621 344
614 285 635 342
319 302 372 396
337 302 391 396
354 302 404 390
389 302 429 369
424 302 458 368
441 302 475 368
458 302 488 364
476 302 504 362
493 302 519 359
528 302 546 352
545 302 564 352
562 302 596 366
580 302 613 363
319 319 372 414
337 319 390 415
371 319 420 403
389 319 434 401
406 319 448 390
441 319 479 387
458 319 494 384
476 319 507 381
493 319 523 377
510 319 538 374
545 319 565 370
580 319 618 381
597 319 632 381
319 337 374 430
337 337 389 429
354 337 407 427
371 337 420 422
389 337 436 418
406 337 452 415
424 337 468 412
458 337 498 410
476 337 513 402
493 337 526 399
510 337 541 391
528 337 559 391
580 337 622 403
597 337 637 401
302 354 354 449
337 354 392 444
354 354 407 443
371 354 422 443
389 354 438 440
406 354 454 434
441 354 485 429
458 354 500 427
476 354 517 422
493 354 531 419
510 354 545 414
562 354 609 426
580 354 626 424
597 354 642 423
666 354 712 429
302 371 369 448
354 371 406 464
371 371 423 463
389 371 440 458
406 371 456 456
441 371 487 448
493 371 535 440
510 371 549 434
528 371 564 429
545 371 582 427
562 371 612 445
580 371 629 446
632 371 662 437
389 389 441 473
406 389 459 475
424 389 475 474
441 389 493 470
476 389 523 459
528 389 570 449
597 389 642 456
458 406 514 478
476 406 534 474
493 406 552 471
562 406 622 459
614 406 657 457
545 424 589 447
614 424 660 470
545 441 588 461
649 441 684 476
666 441 704 473
545 476 592 476
562 476 607 477
580 476 628 475
