493 25 492 25
510 25 507 24
545 25 543 25
476 42 474 42
493 42 491 42
510 42 507 42
545 42 546 42
562 42 560 42
580 42 580 42
597 42 596 42
614 42 613 42
458 59 457 59
476 59 474 58
493 59 490 59
510 59 507 59
545 59 543 59
562 59 562 59
580 59 580 60
597 59 595 59
614 59 611 59
632 59 630 59
649 59 648 60
458 77 457 77
476 77 473 76
493 77 491 76
510 77 508 76
528 77 526 77
545 77 543 77
562 77 562 77
580 77 583 77
597 77 597 77
614 77 613 77
632 77 630 77
649 77 647 77
666 77 664 77
441 94 440 94
458 94 457 94
476 94 474 93
493 94 491 93
510 94 507 93
562 94 566 94
580 94 581 93
597 94 596 94
614 94 612 94
632 94 630 94
649 94 646 94
666 94 663 93
146 111 145 112
441 111 439 111
458 111 457 111
476 111 474 111
493 111 491 111
510 111 508 111
614 111 612 111
632 111 630 111
649 111 648 110
666 111 664 110
59 129 58 129
77 129 77 129
111 129 111 129
129 129 128 129
146 129 146 129
163 129 163 129
181 129 181 129
389 129 389 129
424 129 423 129
441 129 439 129
476 129 474 128
493 129 492 128
510 129 508 128
528 129 526 128
545 129 543 129
562 129 561 129
580 129 580 128
597 129 599 128
614 129 614 128
632 129 628 128
649 129 646 129
666 129 664 129
42 146 42 146
59 146 59 146
77 146 76 146
94 146 94 146
111 146 111 146
129 146 129 146
146 146 146 146
163 146 163 146
181 146 180 146
198 146 197 146
215 146 214 146
371 146 371 146
389 146 388 146
406 146 404 146
424 146 422 145
441 146 440 145
458 146 456 145
493 146 491 145
528 146 526 145
562 146 558 145
580 146 577 144
597 146 600 148
614 146 618 147
632 146 632 146
649 146 649 147
666 146 664 146
25 163 25 163
42 163 42 163
59 163 59 163
77 163 76 163
94 163 94 163
111 163 111 163
371 163 371 163
389 163 388 163
406 163 404 162
424 163 422 163
441 163 440 163
458 163 457 162
476 163 473 162
493 163 492 162
510 163 508 162
528 163 524 162
545 163 542 162
562 163 560 163
580 163 578 163
597 163 599 163
614 163 616 162
632 163 633 164
649 163 648 164
666 163 665 163
337 181 336 180
354 181 352 180
371 181 370 180
389 181 387 180
406 181 405 180
424 181 423 180
441 181 440 180
458 181 456 180
476 181 473 180
493 181 491 180
510 181 508 179
528 181 526 180
545 181 543 179
562 181 560 179
580 181 577 180
597 181 596 179
614 181 614 181
632 181 632 180
649 181 648 182
319 198 319 197
337 198 335 198
354 198 353 196
371 198 370 196
389 198 388 197
406 198 406 198
424 198 422 197
441 198 439 197
458 198 456 197
476 198 473 197
493 198 490 197
510 198 508 197
528 198 525 197
545 198 543 197
562 198 560 197
597 198 594 199
614 198 614 198
632 198 629 198
649 198 647 199
319 215 319 214
337 215 336 215
354 215 352 215
371 215 372 215
389 215 387 214
406 215 405 214
424 215 421 214
441 215 440 214
458 215 455 213
476 215 473 214
493 215 491 214
510 215 508 213
528 215 525 214
545 215 543 214
580 215 577 215
597 215 595 216
614 215 613 214
632 215 629 214
649 215 647 215
285 233 283 233
302 233 301 233
319 233 318 232
337 233 336 232
354 233 354 232
371 233 370 231
389 233 387 231
406 233 404 232
424 233 422 231
441 233 440 232
458 233 457 231
476 233 473 230
493 233 490 230
510 233 509 231
528 233 525 231
545 233 542 230
562 233 561 231
580 233 578 233
597 233 596 233
614 233 613 232
632 233 631 230
267 250 267 249
285 250 285 248
302 250 301 248
354 250 353 249
371 250 370 249
389 250 388 249
406 250 405 249
424 250 423 249
441 250 440 249
458 250 457 248
476 250 475 249
493 250 492 248
510 250 508 248
528 250 525 248
545 250 543 248
562 250 560 248
580 250 577 249
597 250 595 250
614 250 613 249
632 250 629 249
250 267 250 267
267 267 267 267
285 267 283 267
302 267 301 266
319 267 319 266
337 267 337 267
354 267 353 266
371 267 371 267
389 267 388 266
406 267 404 265
424 267 422 266
441 267 440 266
458 267 456 265
476 267 473 265
493 267 492 266
510 267 508 265
528 267 525 265
545 267 544 265
562 267 560 265
580 267 577 266
597 267 595 266
614 267 612 266
250 285 250 285
267 285 267 284
285 285 284 284
302 285 301 284
319 285 320 284
354 285 354 284
371 285 371 284
389 285 387 284
406 285 404 283
424 285 422 283
441 285 439 283
458 285 455 282
476 285 473 282
493 285 491 283
510 285 508 283
528 285 526 282
545 285 543 283
562 285 560 283
580 285 577 282
597 285 595 283
614 285 612 283
302 302 302 303
319 302 318 302
337 302 336 302
354 302 353 302
371 302 371 302
389 302 388 300
406 302 405 301
424 302 424 300
441 302 440 300
458 302 456 300
476 302 473 300
493 302 492 300
510 302 509 299
528 302 526 300
545 302 544 301
562 302 560 301
580 302 578 300
597 302 595 300
302 319 302 321
319 319 319 319
337 319 337 319
371 319 371 319
389 319 388 319
406 319 405 318
424 319 423 318
441 319 440 318
458 319 457 319
476 319 474 318
493 319 491 317
510 319 509 318
528 319 527 318
545 319 544 318
580 319 580 317
597 319 595 317
614 319 613 318
632 319 630 318
649 319 647 318
302 337 302 336
319 337 319 336
337 337 335 336
354 337 354 338
371 337 371 338
389 337 388 336
406 337 405 336
424 337 422 335
441 337 440 336
458 337 457 335
476 337 475 336
493 337 491 335
510 337 510 334
528 337 527 336
545 337 543 335
562 337 560 335
580 337 578 335
597 337 595 336
614 337 612 335
632 337 629 335
649 337 646 335
666 337 665 336
285 354 284 354
302 354 301 354
319 354 317 353
337 354 336 353
354 354 353 354
371 354 371 354
389 354 388 354
406 354 405 353
424 354 423 353
441 354 440 353
458 354 457 353
476 354 475 353
493 354 491 352
510 354 509 352
528 354 527 352
545 354 543 351
562 354 561 352
580 354 577 353
597 354 595 353
614 354 612 353
632 354 629 353
649 354 647 353
666 354 665 353
285 371 283 371
302 371 303 374
319 371 322 375
337 371 340 371
354 371 354 368
371 371 373 370
389 371 388 371
406 371 406 370
424 371 423 371
441 371 440 371
458 371 457 370
476 371 475 369
493 371 491 369
510 371 509 370
528 371 526 371
562 371 561 371
580 371 578 370
614 371 612 370
632 371 629 370
649 371 648 369
666 371 663 370
267 389 267 389
285 389 283 389
302 389 306 394
319 389 324 392
371 389 375 392
389 389 390 389
406 389 405 387
424 389 423 388
441 389 440 389
458 389 458 388
476 389 474 387
510 389 508 390
528 389 526 389
545 389 544 388
562 389 561 386
580 389 578 387
597 389 595 388
614 389 612 387
632 389 629 387
649 389 647 386
666 389 664 386
267 406 266 407
285 406 281 405
302 406 303 411
319 406 323 413
354 406 331 408
371 406 375 410
389 406 391 408
406 406 405 408
424 406 421 405
441 406 440 405
458 406 457 405
476 406 475 405
493 406 491 404
510 406 508 407
528 406 526 405
545 406 545 404
562 406 562 402
580 406 579 404
597 406 596 405
614 406 612 405
632 406 630 403
649 406 647 403
666 406 664 404
684 406 682 405
250 424 249 424
267 424 266 424
285 424 283 425
302 424 300 424
319 424 321 428
337 424 337 427
354 424 357 423
371 424 376 422
389 424 392 423
406 424 406 422
424 424 422 423
441 424 438 423
458 424 456 423
476 424 474 423
493 424 491 425
510 424 506 425
528 424 526 423
545 424 545 422
562 424 560 422
580 424 579 421
597 424 595 421
614 424 613 421
632 424 629 421
649 424 647 421
666 424 663 421
267 441 267 441
285 441 285 441
302 441 303 442
319 441 322 441
337 441 337 443
354 441 357 441
371 441 375 441
389 441 390 439
406 441 405 438
424 441 422 439
441 441 439 439
458 441 457 440
476 441 475 441
493 441 490 440
510 441 506 443
528 441 525 439
545 441 544 437
562 441 561 439
580 441 580 441
597 441 597 438
614 441 613 439
632 441 629 438
649 441 646 438
666 441 664 438
267 458 268 458
285 458 286 460
302 458 302 459
319 458 323 459
337 458 337 460
354 458 355 461
371 458 375 462
389 458 392 461
406 458 407 459
424 458 421 455
441 458 440 458
458 458 458 459
476 458 476 458
493 458 494 460
510 458 507 461
528 458 526 458
545 458 544 459
562 458 565 458
580 458 580 458
597 458 596 456
614 458 613 456
632 458 630 457
649 458 646 455
666 458 663 455
285 476 285 475
302 476 301 475
319 476 318 476
337 476 335 475
354 476 352 476
371 476 371 477
389 476 392 477
406 476 410 476
424 476 423 475
441 476 440 475
458 476 459 476
476 476 477 476
493 476 494 477
510 476 509 476
528 476 529 474
545 476 543 476
562 476 560 476
580 476 579 475
597 476 596 475
