576 208 574 210
542 211 542 211
579 211 577 213
534 213 534 214
537 213 536 214
542 213 546 213
562 292 562 285
638 292 642 292
565 295 562 287
568 295 565 287
633 295 637 295
635 295 639 295
638 295 642 294
641 295 645 292
565 298 560 290
568 298 564 291
635 298 640 297
638 298 642 297
641 298 645 296
540 301 543 299
542 301 547 299
545 301 550 299
548 301 553 299
562 301 557 293
565 301 560 293
568 301 562 294
582 301 576 295
610 301 615 302
638 301 642 299
641 301 645 299
540 304 543 302
551 304 557 301
554 304 560 301
565 304 559 296
607 304 612 304
616 304 616 303
607 306 611 306
621 306 623 307
545 309 554 308
548 309 557 307
556 309 565 305
559 309 568 305
562 309 571 304
565 309 574 304
568 309 577 304
571 309 580 304
573 309 582 306
576 309 585 307
579 309 588 307
582 309 591 306
585 309 594 306
588 309 597 306
613 309 620 311
616 309 623 311
621 309 622 309
624 309 625 310
556 312 565 308
559 312 568 308
562 312 571 307
565 312 574 307
568 312 577 307
571 312 580 309
585 312 593 309
607 312 614 312
627 312 632 314
551 315 558 310
556 315 566 310
559 315 568 310
562 315 571 310
565 315 574 310
568 315 577 313
571 315 579 312
582 315 590 315
585 315 594 312
588 315 597 313
610 315 617 315
613 315 619 315
624 315 623 315
