573 202 574 202
573 205 574 204
579 205 586 213
528 213 529 245
537 213 535 245
582 213 589 217
579 216 587 220
582 216 589 220
579 219 587 223
582 219 590 223
585 222 592 224
545 225 546 250
585 225 592 226
588 225 530 260
545 227 546 253
568 227 564 236
590 227 536 263
593 227 539 263
528 230 529 254
568 230 563 239
573 230 567 238
588 230 584 241
590 230 587 241
596 230 598 232
531 233 538 253
588 233 584 245
590 233 588 244
596 233 598 238
551 239 561 270
593 239 598 260
551 242 561 272
593 242 596 261
599 242 596 248
602 242 600 252
590 244 593 267
593 244 599 266
599 244 596 252
602 244 600 254
588 247 588 270
590 247 593 270
593 247 599 269
607 247 605 255
576 250 576 267
588 250 588 272
593 250 600 271
599 250 605 269
602 250 608 270
604 250 612 269
607 250 616 269
596 253 602 273
607 253 611 269
610 253 619 271
610 256 616 275
599 258 605 278
602 258 608 278
621 258 622 272
551 261 565 281
624 261 607 263
590 264 593 283
593 264 596 283
599 264 605 281
619 264 619 283
624 264 628 283
627 264 631 283
630 264 633 280
534 267 554 290
582 267 567 290
602 267 607 284
604 267 610 284
624 267 626 286
579 270 580 284
582 270 582 284
585 270 585 284
602 270 605 287
616 270 614 288
619 270 617 289
627 270 628 289
576 273 577 287
579 273 579 287
582 273 582 286
585 273 585 286
588 273 585 292
596 273 596 289
616 273 614 291
619 273 617 292
534 275 547 293
593 275 594 291
596 275 596 292
599 275 600 292
607 275 605 292
610 275 608 292
633 275 628 294
537 278 548 296
540 278 550 295
542 278 553 295
545 278 556 295
565 278 565 292
596 278 594 295
607 278 604 295
610 278 607 295
633 278 628 297
593 281 591 297
596 281 594 298
599 281 597 298
604 281 603 297
607 281 605 297
610 281 608 297
627 281 620 300
644 281 639 297
647 281 646 302
540 284 541 291
588 284 537 288
602 284 599 301
604 284 602 301
607 284 605 300
610 284 608 300
633 284 628 302
635 284 631 302
638 284 634 303
647 284 645 305
604 287 602 304
610 287 606 303
633 287 628 306
638 287 634 307
641 287 637 307
647 287 645 308
545 290 542 296
554 290 549 299
556 290 551 298
559 290 554 298
562 290 557 298
599 290 594 304
607 290 603 306
610 290 606 306
635 290 622 297
641 290 637 309
548 292 542 299
551 292 545 299
554 292 548 302
559 292 553 302
562 292 556 301
565 292 559 301
579 292 571 301
582 292 574 301
585 292 577 300
588 292 582 301
590 292 585 301
607 292 603 308
610 292 606 309
548 295 542 303
551 295 546 302
554 295 548 305
559 295 554 304
562 295 556 304
571 295 563 302
573 295 565 302
582 295 574 303
585 295 577 303
588 295 580 304
593 295 588 304
607 295 604 312
610 295 606 311
613 295 608 311
616 295 611 311
545 298 536 302
551 298 545 306
562 298 557 308
571 298 563 304
573 298 565 304
576 298 568 305
579 298 571 305
585 298 577 306
588 298 580 306
590 298 583 307
593 298 586 307
596 298 589 308
599 298 592 309
602 298 594 309
610 298 599 310
619 298 611 314
545 301 537 306
554 301 548 308
559 301 552 308
562 301 557 311
568 301 560 307
571 301 562 307
573 301 565 307
576 301 568 307
579 301 571 307
582 301 574 308
588 301 580 309
590 301 583 309
593 301 586 310
599 301 591 312
602 301 594 312
604 301 596 312
638 301 622 303
554 304 552 314
556 304 554 314
568 304 560 311
571 304 563 310
573 304 565 310
576 304 568 310
579 304 570 310
585 304 577 310
588 304 580 312
590 304 583 312
635 304 620 306
568 306 560 313
571 306 563 313
573 306 565 312
576 306 568 312
579 306 570 313
633 312 629 314
647 312 646 314
604 315 568 315
607 315 583 316
