369 196 343 199
375 196 347 199
369 201 342 205
375 201 348 205
380 201 355 205
369 206 342 211
375 206 348 210
380 206 354 211
375 212 349 216
380 212 354 217
364 217 334 226
375 217 350 223
343 222 308 232
349 222 316 231
359 222 322 232
343 227 307 237
349 227 317 236
354 227 323 236
359 227 328 237
364 227 332 237
375 227 352 231
333 232 302 238
338 232 306 241
349 232 316 243
354 232 322 242
359 232 327 242
364 232 333 241
369 232 339 241
375 232 349 242
390 232 383 236
312 238 291 243
343 238 311 248
349 238 316 248
380 238 355 247
390 238 382 242
343 243 311 253
349 243 316 254
354 243 321 252
375 243 348 253
380 243 354 251
390 243 384 247
333 248 301 257
338 248 305 257
354 248 321 258
359 248 327 258
364 248 334 257
369 248 344 257
375 248 348 257
343 253 312 263
349 253 317 263
359 253 327 264
364 253 333 264
369 253 343 262
343 258 311 267
349 258 315 268
359 258 327 269
364 258 332 269
369 258 338 269
375 258 343 268
338 264 301 273
343 264 311 273
349 264 315 273
354 264 321 274
364 264 332 274
369 264 338 274
375 264 346 274
338 269 302 278
343 269 310 278
349 269 315 278
354 269 320 280
359 269 326 278
364 269 338 279
338 274 305 283
343 274 310 283
349 274 315 283
354 274 320 284
343 279 310 288
349 279 315 288
359 279 324 289
369 284 338 291
333 290 306 295
343 290 312 296
349 290 316 297
354 290 321 297
343 295 313 301
349 295 317 301
