343 144 344 145
328 149 328 150
333 149 333 150
338 149 339 149
343 149 344 149
349 149 349 149
354 149 354 149
359 149 359 149
364 149 364 149
369 149 369 149
312 154 312 155
317 154 318 155
323 154 323 154
328 154 328 154
333 154 333 154
338 154 338 154
343 154 343 155
349 154 349 155
354 154 354 154
359 154 359 155
364 154 365 155
369 154 369 154
375 154 375 155
380 154 380 155
291 160 292 160
297 160 297 160
302 160 302 160
307 160 307 160
312 160 312 160
317 160 318 160
323 160 323 159
328 160 328 160
333 160 333 160
338 160 338 160
343 160 343 160
349 160 349 160
354 160 354 160
359 160 359 160
364 160 364 160
369 160 370 160
375 160 375 160
380 160 380 160
385 160 385 160
286 165 286 166
291 165 291 165
297 165 297 165
302 165 302 165
307 165 307 165
312 165 312 166
317 165 318 165
323 165 323 165
328 165 328 164
333 165 334 165
338 165 339 165
343 165 344 165
349 165 349 165
354 165 354 165
359 165 359 165
364 165 365 165
369 165 369 165
375 165 375 165
380 165 380 165
385 165 385 165
390 165 391 165
281 170 281 171
286 170 287 170
291 170 292 170
297 170 297 170
302 170 302 170
307 170 307 170
312 170 312 170
317 170 317 170
323 170 323 170
328 170 328 170
333 170 333 170
338 170 339 170
343 170 344 170
349 170 349 170
354 170 354 170
359 170 359 170
364 170 364 170
369 170 369 170
375 170 375 170
380 170 380 170
385 170 385 170
390 170 391 170
395 170 395 170
276 175 277 176
281 175 281 175
286 175 287 175
291 175 292 175
297 175 297 175
302 175 302 175
307 175 307 175
312 175 312 175
317 175 317 175
323 175 323 175
328 175 328 175
333 175 334 175
338 175 339 175
343 175 343 175
349 175 349 175
354 175 354 175
359 175 359 175
364 175 364 175
369 175 369 175
375 175 375 175
380 175 380 175
385 175 385 176
390 175 390 175
395 175 395 175
401 175 401 175
271 180 271 180
276 180 276 181
281 180 281 181
286 180 287 180
291 180 292 181
297 180 297 180
302 180 302 180
307 180 308 180
312 180 312 180
317 180 317 180
323 180 323 180
328 180 328 180
333 180 333 181
338 180 339 180
343 180 344 181
349 180 349 181
354 180 354 180
359 180 359 180
364 180 365 180
369 180 369 180
375 180 375 181
380 180 379 181
385 180 385 181
390 180 390 180
395 180 396 180
401 180 401 180
406 180 406 181
265 186 266 185
271 186 271 185
276 186 276 185
281 186 281 185
286 186 286 185
291 186 292 186
297 186 297 186
302 186 302 186
307 186 307 185
312 186 312 186
317 186 318 186
323 186 323 186
328 186 328 186
333 186 333 185
338 186 338 186
343 186 344 186
349 186 348 187
354 186 354 186
359 186 359 186
364 186 364 185
369 186 369 186
375 186 375 186
380 186 380 186
385 186 385 186
390 186 390 186
395 186 396 186
401 186 401 186
406 186 406 186
411 186 411 186
260 191 260 191
265 191 266 191
271 191 271 191
276 191 276 191
281 191 281 191
286 191 286 190
291 191 292 191
297 191 297 191
302 191 302 191
307 191 307 191
312 191 312 191
317 191 318 191
323 191 322 191
328 191 328 191
333 191 332 191
338 191 338 191
343 191 343 191
349 191 348 191
354 191 353 191
359 191 359 191
364 191 364 191
369 191 369 192
375 191 375 191
380 191 380 191
385 191 385 191
390 191 390 191
395 191 395 191
401 191 400 192
406 191 406 191
411 191 411 191
255 196 255 201
265 196 266 196
271 196 271 196
276 196 276 196
281 196 281 196
286 196 286 196
291 196 291 196
297 196 297 196
302 196 302 197
307 196 307 196
312 196 312 196
317 196 317 196
323 196 323 197
328 196 328 196
333 196 333 196
338 196 338 196
343 196 344 196
349 196 348 196
354 196 353 196
359 196 359 196
364 196 364 196
369 196 369 196
375 196 375 196
380 196 380 196
385 196 385 196
390 196 390 196
395 196 395 196
401 196 400 197
406 196 406 196
411 196 411 197
255 201 254 206
260 201 261 201
265 201 265 201
271 201 271 202
276 201 277 201
281 201 281 201
286 201 286 201
291 201 291 201
297 201 297 201
302 201 302 201
307 201 308 200
312 201 312 200
317 201 317 200
328 201 329 201
333 201 333 202
338 201 339 201
343 201 344 201
349 201 349 201
354 201 354 201
359 201 359 202
364 201 364 202
369 201 369 202
375 201 375 201
380 201 380 201
385 201 385 201
390 201 390 201
395 201 395 202
401 201 401 202
406 201 406 202
411 201 411 202
416 201 416 202
260 206 261 207
265 206 266 207
271 206 271 207
276 206 276 207
281 206 280 206
286 206 286 206
297 206 297 206
302 206 302 206
307 206 308 206
312 206 312 206
317 206 318 206
323 206 323 207
333 206 334 206
338 206 339 207
343 206 344 206
349 206 349 207
354 206 354 206
359 206 359 207
364 206 364 207
375 206 375 206
380 206 380 206
385 206 385 207
390 206 390 207
395 206 395 207
401 206 401 207
406 206 406 207
411 206 411 207
416 206 416 207
260 212 261 212
265 212 266 212
271 212 271 212
276 212 276 212
281 212 281 212
286 212 286 211
297 212 297 211
302 212 302 212
307 212 307 212
312 212 312 212
317 212 318 212
323 212 323 211
328 212 329 211
333 212 333 212
338 212 339 212
343 212 344 211
354 212 354 212
359 212 359 212
364 212 364 212
375 212 375 212
380 212 380 212
385 212 385 212
390 212 391 212
395 212 396 212
401 212 401 212
406 212 406 212
411 212 411 212
416 212 416 212
255 217 260 222
260 217 261 217
265 217 266 217
271 217 271 217
276 217 276 217
286 217 286 217
297 217 297 217
302 217 301 218
307 217 307 217
312 217 312 217
317 217 318 217
323 217 323 217
328 217 328 217
333 217 333 217
338 217 338 218
343 217 343 218
349 217 349 217
354 217 355 217
359 217 359 217
369 217 370 217
375 217 375 217
380 217 380 217
385 217 385 217
390 217 390 217
395 217 395 217
401 217 400 217
406 217 405 217
411 217 411 217
416 217 416 217
265 222 266 222
271 222 270 222
276 222 276 222
281 222 281 222
286 222 286 221
297 222 297 222
302 222 302 223
307 222 307 222
312 222 312 222
317 222 319 222
323 222 324 223
328 222 328 222
333 222 333 222
338 222 338 223
343 222 344 223
349 222 349 222
354 222 354 222
364 222 364 222
375 222 375 222
380 222 380 222
385 222 385 223
390 222 391 223
395 222 395 222
401 222 400 222
406 222 406 223
411 222 412 222
416 222 416 223
271 227 270 227
276 227 276 227
281 227 281 228
286 227 286 228
297 227 297 227
302 227 302 227
307 227 307 227
312 227 313 228
317 227 319 228
323 227 323 228
328 227 329 227
333 227 333 227
338 227 338 227
343 227 344 228
349 227 349 227
354 227 354 227
359 227 360 228
364 227 365 228
369 227 370 226
375 227 375 228
380 227 380 228
385 227 385 228
390 227 391 228
395 227 395 228
401 227 400 228
406 227 406 227
411 227 411 227
416 227 416 228
276 232 276 233
281 232 281 232
286 232 286 233
291 232 291 233
302 232 302 232
307 232 307 233
312 232 312 232
317 232 318 232
323 232 323 232
328 232 329 233
333 232 334 232
338 232 338 232
343 232 344 233
349 232 349 232
354 232 353 232
359 232 360 233
364 232 365 233
369 232 369 233
375 232 375 233
380 232 380 233
385 232 385 233
390 232 390 233
395 232 396 232
401 232 400 233
406 232 406 233
411 232 411 233
276 238 275 237
281 238 281 237
286 238 286 237
291 238 291 237
297 238 297 238
302 238 302 238
307 238 307 238
312 238 312 238
317 238 318 237
323 238 322 237
328 238 328 238
333 238 333 238
338 238 338 237
343 238 344 238
349 238 348 238
354 238 354 239
359 238 359 238
364 238 364 238
369 238 370 238
375 238 374 238
380 238 380 238
385 238 385 238
390 238 390 238
395 238 396 237
401 238 401 238
406 238 406 238
411 238 411 238
276 243 275 242
281 243 281 243
286 243 286 243
291 243 291 243
297 243 297 243
302 243 302 243
307 243 307 243
312 243 313 243
317 243 318 243
323 243 322 242
328 243 328 243
333 243 334 242
338 243 339 242
343 243 344 243
349 243 349 243
354 243 354 243
359 243 359 243
364 243 364 243
369 243 369 243
375 243 375 244
380 243 380 244
385 243 385 243
390 243 390 243
395 243 396 243
401 243 400 243
406 243 406 243
411 243 411 243
276 248 276 248
281 248 281 248
286 248 286 248
291 248 291 248
297 248 297 248
302 248 302 248
307 248 307 248
312 248 313 248
317 248 318 248
323 248 323 248
328 248 329 248
338 248 339 247
343 248 344 248
349 248 349 248
354 248 354 247
359 248 359 248
364 248 364 248
369 248 369 248
375 248 375 248
380 248 380 249
390 248 391 249
395 248 395 248
401 248 401 248
406 248 406 248
411 248 411 248
416 248 417 248
276 253 276 253
281 253 281 253
286 253 286 253
291 253 291 254
297 253 297 253
302 253 302 253
307 253 307 253
312 253 313 253
317 253 318 253
323 253 323 253
328 253 327 253
333 253 333 253
338 253 338 253
343 253 344 253
349 253 349 253
354 253 354 253
359 253 359 253
364 253 364 253
369 253 369 254
375 253 374 253
380 253 380 253
390 253 390 255
395 253 395 253
401 253 401 253
276 258 276 259
286 258 286 259
291 258 291 259
297 258 297 258
302 258 302 259
307 258 307 259
312 258 312 258
317 258 318 258
323 258 323 259
328 258 327 258
333 258 332 259
338 258 339 258
343 258 344 259
349 258 349 259
354 258 354 259
359 258 359 258
364 258 364 258
369 258 369 258
375 258 375 259
380 258 380 259
385 258 385 259
390 258 390 259
395 258 395 259
406 258 406 258
276 264 276 264
281 264 281 264
286 264 286 264
291 264 291 263
297 264 296 263
302 264 301 263
307 264 307 264
312 264 312 264
317 264 317 263
323 264 321 263
328 264 327 263
333 264 332 264
338 264 337 264
343 264 344 264
349 264 349 264
354 264 354 264
359 264 359 263
364 264 364 264
369 264 369 264
375 264 375 264
380 264 380 264
385 264 385 264
390 264 391 264
395 264 396 263
416 264 417 268
271 269 271 270
276 269 277 268
281 269 281 268
286 269 286 269
291 269 291 269
297 269 297 269
302 269 302 269
307 269 307 269
312 269 313 269
317 269 316 269
323 269 321 268
328 269 326 268
333 269 333 269
338 269 339 271
343 269 344 269
349 269 349 269
354 269 354 269
359 269 359 269
364 269 364 269
369 269 369 269
375 269 375 269
380 269 380 269
385 269 386 269
390 269 390 269
395 269 396 268
401 269 396 274
406 269 407 268
416 269 417 273
271 274 272 275
276 274 276 274
281 274 281 274
286 274 286 274
291 274 291 274
297 274 297 274
302 274 302 274
307 274 307 275
312 274 312 275
317 274 316 274
323 274 321 274
328 274 327 274
333 274 333 273
338 274 339 274
343 274 343 274
349 274 349 274
354 274 353 273
359 274 359 274
375 274 375 275
380 274 380 275
385 274 385 274
390 274 390 274
276 279 276 280
281 279 281 279
286 279 286 279
291 279 291 279
297 279 297 279
302 279 302 279
307 279 307 279
312 279 311 280
328 279 328 279
333 279 333 279
338 279 339 279
343 279 343 279
349 279 349 278
354 279 354 279
359 279 359 279
364 279 365 279
369 279 370 280
375 279 375 279
380 279 380 279
385 279 385 279
416 279 416 279
276 284 275 286
281 284 281 285
286 284 286 285
291 284 291 284
297 284 297 284
302 284 301 284
307 284 307 284
312 284 313 285
317 284 317 285
323 284 321 285
328 284 328 284
333 284 333 285
338 284 338 285
343 284 344 284
349 284 348 284
354 284 354 284
380 284 380 285
385 284 385 285
390 284 390 284
416 284 415 285
276 290 275 290
281 290 280 290
286 290 286 290
291 290 291 290
297 290 296 289
302 290 301 289
307 290 306 290
312 290 312 290
317 290 317 290
323 290 322 290
328 290 328 289
333 290 333 290
338 290 338 290
343 290 344 290
349 290 348 289
354 290 353 290
359 290 359 290
364 290 365 290
369 290 370 288
375 290 375 288
380 290 380 290
385 290 385 290
390 290 390 290
395 290 395 290
401 290 399 291
406 290 405 290
281 295 280 295
286 295 286 295
291 295 291 295
297 295 297 295
302 295 301 295
307 295 306 295
312 295 312 295
317 295 317 295
323 295 322 295
328 295 328 295
333 295 333 295
338 295 339 294
343 295 343 294
349 295 348 294
354 295 353 295
359 295 359 295
364 295 365 294
369 295 370 294
375 295 374 295
385 295 385 295
390 295 390 295
395 295 395 295
401 295 400 295
406 295 405 295
411 295 411 294
416 295 417 293
286 300 287 300
291 300 292 300
297 300 296 300
302 300 302 300
307 300 306 300
312 300 311 300
317 300 318 301
323 300 323 301
328 300 328 300
338 300 338 300
343 300 343 300
349 300 348 300
369 300 369 301
375 300 374 301
380 300 379 300
390 300 389 300
395 300 395 300
401 300 400 300
406 300 405 300
411 300 411 300
416 300 417 300
291 305 292 305
297 305 297 305
302 305 302 306
307 305 307 305
312 305 313 305
317 305 318 306
323 305 324 306
328 305 329 305
333 305 334 304
343 305 344 305
349 305 349 304
354 305 354 305
369 305 369 306
375 305 374 306
380 305 380 305
385 305 385 306
390 305 390 306
395 305 395 306
401 305 401 305
406 305 406 305
411 305 411 306
416 305 417 305
291 310 292 310
297 310 297 310
302 310 302 311
307 310 307 311
312 310 313 311
317 310 318 311
323 310 323 310
333 310 334 309
338 310 339 310
343 310 344 310
349 310 348 310
369 310 369 311
375 310 375 310
380 310 380 310
385 310 385 310
390 310 390 310
395 310 395 311
401 310 400 311
406 310 405 310
411 310 411 310
416 310 416 311
421 310 422 311
432 310 433 311
437 310 437 310
442 310 442 311
302 316 301 315
307 316 307 315
312 316 312 316
317 316 318 316
323 316 322 316
328 316 328 315
338 316 339 316
343 316 345 315
349 316 347 315
354 316 352 315
359 316 359 315
364 316 364 315
369 316 369 316
375 316 375 315
380 316 380 315
385 316 385 315
390 316 390 315
395 316 395 316
401 316 400 316
406 316 405 316
411 316 411 316
416 316 416 316
421 316 421 316
427 316 427 316
432 316 431 316
442 316 443 316
307 321 308 321
312 321 313 321
317 321 317 321
323 321 322 322
328 321 328 321
333 321 334 322
338 321 338 321
343 321 343 321
349 321 347 321
354 321 353 321
359 321 359 321
364 321 364 321
369 321 369 321
375 321 374 320
380 321 379 322
385 321 385 321
390 321 390 321
395 321 395 321
401 321 400 321
406 321 405 321
411 321 410 321
421 321 421 321
432 321 431 320
442 321 443 320
307 326 308 326
312 326 312 326
317 326 317 326
323 326 321 328
333 326 333 326
338 326 338 326
343 326 343 326
349 326 348 327
354 326 353 327
364 326 364 326
375 326 374 325
380 326 379 327
385 326 385 326
390 326 390 326
395 326 395 326
401 326 400 326
406 326 406 327
411 326 411 326
416 326 416 326
421 326 421 326
427 326 425 325
437 326 436 324
442 326 443 325
302 331 303 330
307 331 307 331
312 331 312 331
317 331 317 331
323 331 322 332
328 331 327 332
338 331 338 331
343 331 343 332
349 331 349 332
359 331 358 332
364 331 363 331
369 331 369 330
375 331 375 331
380 331 379 332
385 331 385 331
390 331 390 331
395 331 395 331
401 331 400 332
406 331 406 332
411 331 411 332
416 331 416 332
421 331 421 332
427 331 426 331
432 331 431 331
302 336 302 336
307 336 308 336
312 336 313 336
323 336 322 337
328 336 328 337
333 336 333 336
338 336 338 337
354 336 354 337
359 336 359 337
364 336 363 337
369 336 369 337
375 336 374 337
380 336 379 337
385 336 385 337
390 336 390 337
395 336 395 336
401 336 400 337
406 336 405 337
411 336 411 337
416 336 416 336
421 336 421 336
427 336 426 337
432 336 431 336
437 336 437 336
442 336 442 336
