493 25 469 86
493 94 476 139
441 129 438 179
389 163 392 204
406 163 408 204
424 163 423 204
441 163 437 203
493 163 482 200
510 163 498 200
528 163 513 199
545 163 528 199
562 163 544 198
337 181 351 219
406 181 407 215
424 181 421 214
441 181 436 214
458 181 453 214
493 181 483 213
510 181 498 212
545 181 529 212
562 181 544 211
319 198 335 238
337 198 349 232
302 215 320 254
319 215 335 253
371 215 377 241
389 215 392 238
406 215 407 238
424 215 423 237
441 215 438 237
458 215 451 235
493 215 481 235
510 215 496 234
528 215 512 235
545 215 527 235
580 215 568 248
302 233 321 271
337 233 351 265
371 233 376 256
389 233 392 254
406 233 407 252
424 233 422 251
441 233 437 249
458 233 452 248
493 233 481 248
510 233 497 247
528 233 513 248
545 233 529 248
319 250 337 289
371 250 378 273
389 250 393 270
406 250 409 268
424 250 424 267
441 250 438 265
458 250 452 264
476 250 471 262
510 250 498 260
528 250 512 260
545 250 528 261
337 267 350 296
371 267 378 287
389 267 394 286
406 267 410 285
424 267 424 283
441 267 439 282
458 267 453 279
476 267 472 279
528 267 515 276
545 267 532 277
580 267 568 285
597 267 583 284
267 285 289 318
302 285 320 329
389 285 394 302
406 285 410 301
424 285 426 301
441 285 440 299
458 285 456 298
476 285 474 297
510 285 498 289
545 285 536 296
562 285 554 303
580 285 568 301
597 285 585 300
302 302 321 345
371 302 380 319
389 302 396 318
406 302 411 319
424 302 427 319
441 302 441 317
458 302 457 314
510 302 501 306
528 302 516 304
580 302 574 319
597 302 589 317
302 319 321 364
441 319 444 336
458 319 459 335
476 319 475 331
493 319 489 328
510 319 504 325
528 319 520 323
562 319 559 337
580 319 576 336
302 337 320 379
319 337 338 379
337 337 354 376
371 337 383 369
389 337 398 365
406 337 415 363
424 337 431 360
441 337 446 357
458 337 461 354
476 337 477 351
510 337 505 342
528 337 520 339
545 337 534 333
354 354 367 393
371 354 382 387
389 354 400 384
406 354 417 382
424 354 431 379
441 354 448 377
458 354 463 375
476 354 480 372
510 354 506 359
528 354 522 355
545 354 535 353
285 371 305 406
302 371 320 406
371 371 384 406
389 371 402 405
424 371 433 399
441 371 449 397
458 371 465 394
476 371 481 391
545 371 553 396
562 371 570 395
267 389 291 419
285 389 307 419
302 389 323 421
389 389 403 422
406 389 419 422
424 389 434 419
441 389 451 417
458 389 467 416
476 389 483 413
250 406 273 435
302 406 326 436
319 406 343 436
337 406 360 437
389 406 403 439
406 406 419 436
424 406 435 437
441 406 453 437
458 406 470 436
476 406 487 434
493 406 506 433
545 406 557 430
562 406 573 430
632 406 627 403
649 406 644 401
302 424 328 453
389 424 399 451
406 424 417 449
424 424 434 451
441 424 457 452
458 424 472 451
476 424 488 452
493 424 507 448
545 424 559 442
562 424 575 442
580 424 591 443
614 424 609 416
389 441 402 466
406 441 421 465
424 441 436 466
441 441 452 468
458 441 470 465
476 441 488 462
493 441 506 461
545 441 559 456
562 441 577 456
649 458 645 443
