488 246 478 217
501 246 490 218
461 248 451 217
464 248 454 217
467 248 457 217
477 248 468 218
498 248 487 221
501 248 490 221
503 248 492 221
514 248 503 218
519 248 508 218
461 251 452 220
464 251 454 220
477 251 468 220
480 251 470 221
501 251 489 223
503 251 492 223
506 251 495 223
461 254 452 222
467 254 456 222
472 254 463 223
485 254 475 224
498 254 487 223
503 254 492 226
506 254 495 226
461 256 452 224
467 256 456 225
485 256 475 226
488 256 478 225
490 256 481 225
496 256 484 226
498 256 487 226
501 256 489 226
503 256 492 228
461 259 451 227
464 259 453 227
485 259 475 228
501 259 489 230
461 261 450 230
477 261 470 228
488 261 478 228
464 264 453 233
490 264 481 231
464 267 453 235
467 267 456 235
464 269 453 238
467 269 456 238
488 269 478 234
472 272 461 238
496 272 483 237
456 275 443 242
464 275 453 244
467 275 455 243
501 275 485 240
456 277 442 245
459 277 447 245
498 277 483 242
509 277 491 242
488 280 482 249
517 280 502 248
464 283 452 252
488 283 482 252
490 283 477 244
501 283 485 247
517 283 502 251
519 283 504 251
467 285 456 254
469 288 458 257
472 288 461 257
469 290 458 260
472 290 460 260
469 293 458 263
472 293 461 263
490 293 477 254
501 293 485 256
503 293 487 255
490 296 476 257
498 296 483 258
501 296 485 258
503 296 487 258
511 296 493 266
493 298 477 260
498 298 482 261
501 298 485 261
503 298 487 261
511 298 493 269
514 298 496 269
517 298 504 262
493 301 477 263
496 301 480 263
498 301 483 263
501 301 485 263
503 301 487 264
498 304 483 266
501 304 485 266
503 304 487 266
498 306 484 269
517 306 501 275
522 306 507 275
514 309 497 277
522 309 506 278
485 312 473 277
514 312 500 278
517 312 503 278
490 314 476 279
493 314 478 279
506 314 492 280
509 314 495 280
511 314 498 280
