559 216 568 200
571 216 580 202
573 216 583 202
548 219 557 203
559 219 568 203
562 219 571 203
565 219 575 202
571 219 580 205
573 219 583 205
576 219 586 205
579 219 589 205
554 222 564 209
562 222 572 207
571 222 581 208
573 222 583 208
576 222 586 208
579 222 589 208
534 225 543 209
537 225 547 208
554 225 564 212
576 225 587 212
528 227 528 231
534 227 543 211
542 227 552 212
551 227 559 209
559 227 570 214
565 227 576 214
571 227 583 212
579 227 589 213
582 227 591 213
531 230 540 214
534 230 543 214
537 230 548 216
548 230 557 215
556 230 567 217
562 230 573 217
565 230 576 216
571 230 582 215
573 230 585 215
579 230 589 215
534 233 543 217
545 233 554 218
559 233 570 220
562 233 573 219
565 233 576 219
571 233 583 218
573 233 585 218
528 236 536 222
537 236 546 220
548 236 558 222
576 236 584 224
582 236 591 219
531 239 541 226
551 239 563 225
582 239 591 222
537 242 548 227
540 242 551 228
542 242 553 228
579 242 590 225
585 242 594 225
542 244 554 231
545 244 556 230
565 244 567 243
542 247 553 233
545 247 556 233
568 247 573 242
590 247 594 222
534 250 544 235
545 250 555 236
548 250 568 234
551 250 572 235
554 250 575 235
568 250 573 245
590 250 596 228
593 250 597 223
542 253 552 239
551 253 571 238
590 253 596 232
551 256 561 240
554 256 564 241
534 258 590 262
548 258 559 243
551 258 561 243
554 258 563 244
565 258 569 253
588 261 592 237
545 264 552 246
548 264 555 246
551 264 558 246
554 264 560 246
534 267 544 281
540 267 569 256
542 267 571 256
545 267 575 257
588 267 589 237
590 267 596 237
616 267 624 262
619 267 626 265
537 270 566 259
542 270 571 259
545 270 574 259
588 270 589 240
590 270 592 240
593 270 598 240
596 270 601 241
542 273 568 262
545 273 574 262
621 273 612 257
624 273 615 257
638 273 638 272
537 275 566 262
582 275 589 246
537 278 565 265
585 278 596 259
602 278 603 277
638 278 640 279
641 278 643 279
548 281 576 278
554 281 582 276
585 281 596 262
602 281 604 281
633 281 634 281
635 281 636 284
638 281 639 284
641 281 643 283
540 284 568 275
613 284 619 274
619 284 613 267
630 284 627 287
633 284 633 287
635 284 636 287
638 284 639 287
641 284 643 285
644 284 645 285
585 287 596 265
590 287 599 269
599 287 605 287
613 287 622 277
616 287 625 277
633 287 633 290
635 287 636 290
638 287 639 290
545 290 574 290
613 290 621 280
624 290 629 298
630 290 628 293
633 290 632 293
638 290 639 293
644 290 645 289
647 290 648 289
542 292 566 281
582 292 551 285
585 292 554 285
596 292 596 289
613 292 621 283
630 292 628 296
633 292 631 296
647 292 647 292
551 295 573 284
554 295 576 285
602 295 610 300
604 295 611 298
607 295 614 298
641 295 641 294
647 295 647 295
545 298 566 286
548 298 569 286
551 298 572 287
554 298 575 288
562 298 593 289
607 298 614 301
638 298 634 300
641 298 641 297
644 298 644 297
647 298 647 298
540 301 553 291
542 301 556 291
582 301 592 301
585 301 594 301
593 301 601 303
596 301 603 303
644 301 644 299
647 301 647 301
542 304 556 294
579 304 588 304
582 304 592 304
585 304 595 304
588 304 597 305
593 304 601 305
596 304 603 306
604 304 610 306
582 306 592 307
585 306 595 307
593 306 601 308
599 306 606 309
630 306 631 309
633 306 633 309
635 306 636 308
641 306 643 308
644 306 646 308
573 309 585 307
588 309 594 311
590 309 598 311
593 309 601 310
596 309 603 309
599 309 605 311
602 309 608 312
621 309 621 310
630 309 633 312
638 309 639 310
641 309 642 310
644 309 645 310
571 312 579 310
573 312 582 309
585 312 591 314
604 312 611 313
610 312 614 313
630 312 633 314
638 312 638 313
641 312 642 313
644 312 644 313
562 315 572 315
568 315 576 315
571 315 579 313
573 315 582 313
576 315 584 314
579 315 587 316
585 315 593 316
596 315 603 315
599 315 605 315
602 315 608 315
613 315 618 316
616 315 621 316
633 315 627 315
635 315 630 315
638 315 638 316
641 315 641 316
644 315 644 315
647 315 647 315
