573 205 580 199
554 211 560 204
556 211 563 205
545 216 551 210
556 219 561 211
585 222 587 214
590 222 593 215
537 225 543 215
582 225 583 216
540 227 545 218
579 227 580 219
588 227 589 218
576 230 575 221
582 230 583 220
576 233 575 224
579 233 578 224
582 233 582 224
585 233 585 225
588 233 587 225
593 233 595 227
596 233 598 227
576 236 573 228
579 236 580 226
590 236 590 229
596 236 598 231
565 239 567 226
576 239 577 229
582 239 579 232
585 239 583 233
588 239 586 231
590 239 590 232
593 239 596 233
562 242 564 229
565 242 567 230
568 242 569 230
556 244 561 231
562 244 563 232
565 244 567 232
568 244 569 233
562 247 562 235
582 247 577 239
548 250 548 238
551 250 549 236
556 250 555 237
545 253 544 238
554 253 551 240
556 253 555 240
571 253 563 246
551 256 550 243
551 258 555 253
551 261 556 257
554 261 560 257
551 264 556 261
554 264 559 261
556 264 555 252
562 264 565 252
554 267 558 265
554 270 558 269
644 301 640 307
559 309 559 308
647 309 647 309
644 312 642 311
647 312 646 311
616 315 603 315
627 315 612 315
