545 199 552 199
537 205 537 207
568 208 583 211
531 211 531 209
576 211 589 213
579 211 592 212
579 216 595 230
562 219 566 199
565 222 547 227
568 222 562 222
548 230 571 222
599 230 596 229
599 233 596 232
590 236 605 250
602 242 623 256
604 242 625 257
582 244 601 259
590 244 602 241
602 244 623 260
604 244 625 260
607 244 627 259
540 247 558 236
582 247 593 262
593 247 605 244
596 247 619 263
599 247 621 263
604 247 625 262
582 250 593 265
585 250 601 264
596 250 619 265
599 250 621 265
604 250 625 265
607 250 627 265
610 250 628 263
616 250 622 250
585 253 598 267
599 253 620 268
604 253 625 268
616 253 622 254
540 256 559 258
545 256 564 260
604 256 624 270
607 256 628 270
616 256 636 270
630 256 630 256
540 258 557 259
542 258 561 262
545 258 564 263
565 258 587 270
588 258 551 280
604 258 624 273
607 258 627 273
540 261 558 266
542 261 561 266
545 261 563 266
621 261 633 275
635 261 635 260
537 264 555 265
542 264 560 268
604 264 624 278
624 264 635 279
638 264 638 264
576 267 589 278
590 267 603 279
593 267 606 279
599 267 609 282
604 267 622 280
613 267 627 280
616 267 630 280
621 267 633 281
624 267 635 281
551 270 571 286
554 270 574 286
576 270 586 282
579 270 589 282
582 270 592 282
585 270 595 282
607 270 623 283
613 270 627 283
616 270 629 283
621 270 632 283
624 270 636 283
627 270 638 284
630 270 642 284
537 273 560 289
540 273 563 289
551 273 572 289
573 273 584 284
576 273 586 284
579 273 589 285
604 273 618 286
607 273 623 286
621 273 632 285
624 273 635 286
644 273 644 272
647 273 647 272
537 275 560 292
548 275 569 291
579 275 588 287
582 275 591 287
604 275 618 288
610 275 620 288
644 275 644 275
647 275 646 275
548 278 568 294
551 278 571 295
573 278 586 292
585 278 592 290
588 278 595 290
610 278 620 291
613 278 624 291
647 278 647 278
548 281 569 298
571 281 583 296
588 281 594 292
596 281 607 290
599 281 609 290
613 281 623 294
647 281 647 281
565 284 573 289
588 284 594 296
590 284 597 296
621 284 629 295
562 287 594 310
607 287 615 300
602 290 606 299
619 290 627 304
542 292 543 293
548 292 545 294
551 292 550 294
554 292 554 294
559 292 565 298
568 292 574 296
579 292 582 299
582 292 585 297
596 292 600 301
599 292 602 302
602 292 605 302
607 292 611 303
647 292 646 313
559 295 565 301
562 295 568 301
568 295 573 301
571 295 576 301
579 295 582 301
582 295 585 301
588 295 590 301
590 295 593 303
593 295 596 303
596 295 600 304
599 295 603 305
602 295 605 305
633 295 635 304
635 295 638 303
638 295 635 301
641 295 637 301
562 298 568 304
565 298 571 304
568 298 573 304
576 298 580 302
585 298 588 302
590 298 593 305
593 298 596 305
630 298 632 309
565 301 571 307
568 301 573 307
576 301 580 304
579 301 582 304
582 301 585 305
588 301 591 304
590 301 593 307
596 301 599 310
602 301 603 309
627 301 625 312
630 301 628 312
633 301 632 312
641 301 640 313
647 301 646 307
562 304 562 303
573 304 577 307
576 304 579 307
579 304 582 307
582 304 585 307
585 304 587 307
588 304 590 308
610 304 611 314
624 304 622 315
627 304 625 315
630 304 628 315
565 306 570 310
568 306 573 310
573 306 577 310
576 306 579 310
579 306 581 310
582 306 585 310
588 306 590 310
568 309 568 309
573 309 576 312
576 309 579 313
579 309 581 313
582 309 584 313
585 309 587 312
588 309 590 312
571 312 571 312
630 312 608 314
573 315 573 315
576 315 575 315
579 315 582 315
