548 270 554 279
585 270 595 284
588 270 598 284
548 273 554 281
585 273 596 289
588 273 598 289
596 275 607 289
599 275 610 286
585 278 593 289
599 278 609 289
556 281 562 289
588 281 595 295
627 281 636 295
559 284 565 291
607 284 615 294
624 284 633 298
627 284 635 298
559 287 565 294
602 287 608 297
607 287 616 301
610 287 621 300
551 290 551 290
554 290 554 290
571 290 574 295
599 290 605 301
602 290 607 301
604 290 611 301
607 290 615 303
548 292 548 292
551 292 551 293
554 292 555 293
556 292 556 292
568 292 571 298
571 292 574 298
573 292 577 298
576 292 579 298
582 292 584 300
588 292 591 300
593 292 598 301
596 292 601 303
599 292 604 303
602 292 607 304
604 292 610 304
641 292 644 308
551 295 551 295
554 295 554 295
556 295 556 295
559 295 559 294
568 295 571 301
571 295 574 301
573 295 577 302
576 295 579 301
590 295 594 303
602 295 607 307
635 295 638 308
554 298 554 298
556 298 556 298
559 298 559 298
571 298 574 304
573 298 577 304
576 298 579 304
579 298 581 304
582 298 584 304
585 298 587 303
588 298 591 304
590 298 593 306
593 298 596 307
627 298 630 311
635 298 638 311
559 301 560 301
571 301 574 307
573 301 576 306
576 301 579 306
579 301 582 307
582 301 584 307
585 301 587 306
588 301 590 307
593 301 596 309
596 301 599 309
599 301 602 309
630 301 632 314
633 301 635 314
635 301 638 314
638 301 640 315
641 301 644 315
573 304 576 309
576 304 579 309
579 304 582 309
588 304 590 309
593 304 596 312
596 304 599 312
599 304 601 312
604 304 604 311
571 306 573 312
573 306 576 312
576 306 579 312
579 306 582 312
582 306 584 311
585 306 587 311
588 306 590 311
585 309 587 314
588 309 591 314
576 312 579 315
