528 199 528 199
531 199 534 199
534 199 537 199
537 199 540 199
542 199 543 199
554 199 559 199
568 199 567 200
565 202 562 202
568 202 565 202
528 205 528 202
534 205 537 204
545 205 545 204
551 205 551 205
559 205 554 205
571 205 570 205
573 205 570 203
576 205 576 205
579 205 579 205
528 208 528 205
548 208 548 208
551 208 550 208
554 208 554 208
565 208 565 208
568 208 568 208
571 208 571 208
579 208 579 208
582 208 582 208
528 211 528 208
537 211 539 209
542 211 542 211
548 211 548 210
551 211 554 211
556 211 557 211
559 211 559 211
562 211 562 211
565 211 565 211
568 211 568 211
571 211 570 211
573 211 574 211
576 211 576 211
582 211 581 211
585 211 584 211
540 213 540 211
559 213 560 213
565 213 565 214
571 213 570 214
579 213 579 213
582 213 582 214
585 213 584 214
540 216 540 213
556 216 556 217
559 216 562 216
562 216 565 216
565 216 567 216
573 216 571 216
576 216 574 216
579 216 576 216
582 216 582 216
585 216 584 216
588 216 587 217
590 216 590 217
554 219 554 219
556 219 557 219
559 219 560 219
562 219 565 219
573 219 571 219
576 219 577 220
579 219 580 220
582 219 582 220
585 219 584 219
588 219 587 219
590 219 590 220
528 222 528 220
551 222 551 222
559 222 560 221
562 222 562 221
565 222 565 222
571 222 570 222
573 222 573 222
576 222 577 222
579 222 579 222
582 222 582 222
585 222 584 222
588 222 587 222
590 222 590 223
593 222 593 223
596 222 596 222
599 222 599 222
537 225 534 228
559 225 559 224
568 225 567 225
571 225 570 225
573 225 574 225
576 225 577 225
579 225 579 225
582 225 582 225
585 225 584 225
588 225 587 225
590 225 590 225
593 225 593 225
596 225 596 225
599 225 599 225
537 227 537 228
551 227 551 227
568 227 567 227
576 227 576 228
579 227 579 228
588 227 587 227
590 227 590 228
593 227 593 228
596 227 596 228
599 227 599 228
534 230 534 230
537 230 537 231
540 230 540 231
542 230 543 230
551 230 551 230
571 230 571 228
576 230 576 231
585 230 584 227
588 230 588 230
590 230 590 231
593 230 593 231
596 230 596 230
599 230 599 230
534 233 534 233
537 233 537 233
540 233 539 233
573 233 573 230
582 233 582 236
588 233 588 234
590 233 590 234
593 233 593 233
596 233 596 233
599 233 599 233
602 233 602 233
528 236 528 236
531 236 531 236
534 236 534 236
537 236 537 236
571 236 571 233
582 236 582 239
585 236 585 239
588 236 588 237
590 236 590 237
593 236 593 236
596 236 596 236
599 236 599 236
602 236 601 236
604 236 604 236
531 239 531 239
534 239 534 239
537 239 537 239
540 239 539 239
542 239 542 239
545 239 545 236
548 239 548 236
559 239 557 247
562 239 559 247
576 239 580 241
582 239 583 242
585 239 585 242
588 239 588 239
590 239 590 239
593 239 593 239
596 239 596 239
599 239 599 239
602 239 602 239
604 239 604 239
607 239 607 239
534 242 534 242
537 242 537 242
545 242 545 239
585 242 585 245
588 242 588 242
590 242 590 242
593 242 593 242
596 242 596 242
599 242 599 242
602 242 601 242
604 242 604 242
607 242 607 242
528 244 528 245
531 244 531 245
534 244 534 245
537 244 536 245
540 244 539 245
545 244 545 245
548 244 548 244
585 244 584 248
588 244 588 245
590 244 590 245
593 244 593 245
596 244 596 245
599 244 599 245
602 244 601 245
604 244 604 244
607 244 607 245
528 247 528 248
531 247 531 248
534 247 534 248
537 247 536 248
540 247 539 248
542 247 542 247
545 247 545 247
551 247 548 247
559 247 553 247
568 247 568 253
588 247 588 247
590 247 591 247
593 247 593 247
596 247 596 248
599 247 599 247
602 247 601 247
604 247 604 247
607 247 607 248
610 247 609 247
613 247 612 247
619 247 619 247
528 250 528 251
531 250 531 251
534 250 533 251
537 250 536 250
540 250 539 250
542 250 542 251
545 250 545 251
573 250 576 248
585 250 585 251
588 250 587 251
590 250 591 250
593 250 593 250
596 250 596 250
599 250 599 250
602 250 601 250
604 250 604 251
607 250 606 251
610 250 609 250
613 250 612 250
528 253 528 253
531 253 531 253
534 253 534 253
537 253 536 253
540 253 539 253
542 253 542 253
545 253 545 254
554 253 554 256
559 253 557 256
565 253 562 256
576 253 577 253
579 253 579 253
582 253 582 253
585 253 585 253
588 253 587 253
590 253 590 253
593 253 593 253
596 253 597 253
599 253 599 253
602 253 601 253
604 253 604 253
607 253 606 253
610 253 610 253
613 253 613 253
616 253 615 253
619 253 618 253
624 253 623 253
528 256 528 256
531 256 531 256
534 256 533 256
537 256 536 256
542 256 542 256
545 256 545 256
548 256 547 256
573 256 570 258
579 256 579 256
582 256 582 256
585 256 585 256
588 256 587 256
590 256 590 256
593 256 593 256
596 256 596 256
599 256 599 256
602 256 601 256
604 256 604 256
607 256 607 256
610 256 609 256
613 256 613 256
616 256 616 256
619 256 618 256
621 256 621 256
627 256 626 256
630 256 629 256
528 258 528 259
531 258 531 258
534 258 533 259
537 258 537 259
542 258 542 259
545 258 545 259
548 258 548 259
554 258 551 258
576 258 576 259
579 258 579 259
582 258 582 259
585 258 584 259
588 258 587 259
590 258 590 259
593 258 593 259
596 258 596 259
599 258 599 259
602 258 602 259
604 258 604 259
607 258 607 259
610 258 610 259
613 258 614 259
616 258 616 259
619 258 618 259
621 258 621 259
624 258 625 259
627 258 627 259
633 258 632 258
528 261 528 262
531 261 531 261
534 261 534 262
537 261 537 262
540 261 540 262
542 261 542 262
545 261 545 262
548 261 548 261
551 261 551 261
554 261 553 262
556 261 556 262
559 261 559 262
571 261 571 262
573 261 573 262
576 261 575 262
579 261 579 262
582 261 582 262
585 261 584 262
588 261 588 262
590 261 591 262
593 261 593 262
596 261 596 262
599 261 599 262
602 261 601 262
604 261 604 262
607 261 607 262
613 261 613 262
616 261 616 262
619 261 619 262
624 261 624 262
627 261 627 261
630 261 629 261
528 264 528 265
531 264 531 264
534 264 534 264
537 264 537 265
540 264 540 267
545 264 545 265
548 264 548 264
551 264 551 264
554 264 553 264
556 264 556 265
559 264 559 265
562 264 562 264
568 264 568 265
573 264 573 265
582 264 582 265
585 264 585 265
588 264 588 265
590 264 590 265
593 264 593 265
596 264 596 264
599 264 599 264
602 264 602 265
604 264 604 265
607 264 607 265
610 264 609 265
616 264 616 265
619 264 618 265
621 264 621 265
627 264 627 265
630 264 630 264
633 264 633 265
635 264 636 265
528 267 528 267
531 267 531 267
534 267 534 267
545 267 545 268
548 267 548 267
554 267 553 267
556 267 556 267
559 267 559 267
562 267 562 268
565 267 565 268
568 267 568 268
571 267 570 268
573 267 573 268
576 267 576 268
585 267 585 268
588 267 588 267
590 267 591 267
593 267 594 268
596 267 596 268
599 267 598 268
602 267 601 268
604 267 604 267
607 267 607 267
610 267 609 267
613 267 612 268
616 267 615 267
619 267 618 267
621 267 621 267
624 267 624 268
627 267 627 268
630 267 630 268
633 267 633 267
635 267 636 267
638 267 638 267
528 270 528 269
534 270 534 270
548 270 548 270
551 270 551 270
556 270 557 270
559 270 559 270
562 270 562 270
565 270 565 270
568 270 568 270
571 270 570 270
573 270 573 270
576 270 576 271
579 270 580 271
582 270 582 271
585 270 585 270
588 270 587 270
590 270 590 270
593 270 593 271
596 270 596 270
599 270 598 270
604 270 604 269
607 270 606 270
610 270 609 270
613 270 612 270
616 270 615 270
619 270 618 270
621 270 621 270
624 270 625 271
627 270 626 271
630 270 629 271
633 270 633 270
635 270 635 270
638 270 638 270
641 270 640 270
644 270 643 270
537 273 537 273
540 273 539 273
542 273 542 273
545 273 545 273
548 273 548 273
551 273 551 273
556 273 556 273
559 273 559 273
562 273 562 273
565 273 565 273
568 273 568 273
571 273 570 273
573 273 573 273
576 273 576 273
579 273 580 273
582 273 582 273
585 273 585 273
588 273 587 273
590 273 590 273
593 273 593 273
596 273 596 273
599 273 599 273
604 273 604 273
607 273 606 272
610 273 609 273
613 273 612 273
616 273 616 273
619 273 618 273
621 273 621 273
624 273 623 273
627 273 627 273
630 273 629 273
633 273 632 273
635 273 635 273
638 273 637 273
641 273 640 273
644 273 643 273
647 273 646 274
537 275 537 276
540 275 539 275
542 275 542 275
545 275 545 276
548 275 548 276
551 275 551 276
559 275 559 276
568 275 568 276
571 275 570 276
573 275 573 276
576 275 576 276
579 275 580 276
582 275 583 276
585 275 585 276
588 275 587 276
590 275 590 276
593 275 593 276
596 275 596 275
599 275 599 276
602 275 601 276
604 275 604 275
607 275 607 276
610 275 610 276
613 275 613 276
616 275 616 276
619 275 618 276
621 275 621 276
624 275 624 276
627 275 627 276
630 275 629 276
633 275 632 276
635 275 635 276
638 275 638 276
647 275 647 278
537 278 537 278
540 278 539 278
542 278 542 277
548 278 548 279
551 278 551 278
554 278 554 278
556 278 557 279
565 278 565 279
568 278 568 279
571 278 571 279
573 278 573 279
576 278 576 279
582 278 582 279
585 278 585 278
588 278 587 279
590 278 590 278
593 278 593 279
596 278 596 278
599 278 599 278
602 278 601 278
604 278 604 278
607 278 607 278
610 278 610 279
613 278 613 279
616 278 616 279
619 278 619 279
621 278 621 279
624 278 624 279
627 278 627 279
630 278 629 279
633 278 632 278
635 278 635 278
638 278 638 278
641 278 641 279
644 278 644 281
647 278 647 282
548 281 548 282
551 281 551 281
554 281 554 281
556 281 556 282
559 281 559 281
562 281 562 281
565 281 565 281
568 281 568 281
571 281 571 281
573 281 574 281
576 281 576 281
579 281 579 282
582 281 582 281
585 281 585 281
588 281 587 282
590 281 590 282
593 281 593 282
596 281 596 281
599 281 599 281
602 281 601 281
604 281 604 281
607 281 607 281
610 281 610 281
613 281 613 281
616 281 616 282
619 281 619 281
621 281 622 282
624 281 624 282
627 281 627 282
630 281 629 281
635 281 632 282
641 281 641 282
548 284 548 284
551 284 551 284
554 284 554 284
556 284 557 284
559 284 559 284
562 284 562 284
565 284 565 284
568 284 568 284
571 284 571 284
573 284 573 284
576 284 577 285
579 284 579 285
582 284 582 285
585 284 585 284
588 284 587 284
590 284 590 284
593 284 593 284
596 284 596 284
599 284 599 284
604 284 604 284
607 284 607 284
610 284 610 284
613 284 613 284
627 284 627 285
630 284 630 284
633 284 632 284
638 284 639 284
641 284 641 285
644 284 644 285
647 284 647 284
548 287 548 287
551 287 551 287
554 287 554 287
556 287 557 287
559 287 559 287
562 287 562 286
565 287 565 287
568 287 568 287
571 287 571 287
573 287 573 287
576 287 576 287
579 287 579 287
582 287 582 287
585 287 585 287
588 287 587 287
590 287 590 287
593 287 593 287
596 287 596 287
599 287 598 287
602 287 601 286
604 287 604 287
607 287 609 289
610 287 612 289
616 287 615 287
619 287 619 286
627 287 626 287
630 287 629 287
633 287 632 288
635 287 635 287
638 287 638 287
641 287 641 287
644 287 644 287
647 287 647 287
548 290 548 290
551 290 551 290
554 290 554 290
556 290 557 290
559 290 559 289
562 290 562 289
565 290 565 289
568 290 568 290
571 290 571 290
573 290 574 290
576 290 576 290
579 290 579 290
582 290 582 290
585 290 585 290
588 290 587 290
590 290 590 290
593 290 593 290
596 290 596 290
599 290 599 290
602 290 601 290
604 290 604 290
607 290 608 290
616 290 615 290
619 290 618 289
627 290 626 290
633 290 633 290
635 290 636 290
638 290 638 290
641 290 641 290
644 290 644 290
647 290 647 290
548 292 548 292
551 292 551 292
554 292 553 292
556 292 556 292
559 292 559 292
562 292 562 292
565 292 565 292
568 292 568 292
571 292 571 293
573 292 574 293
576 292 576 293
579 292 579 293
582 292 582 293
585 292 585 293
588 292 588 293
590 292 590 292
593 292 593 292
596 292 596 293
599 292 599 293
602 292 601 293
604 292 604 293
607 292 608 293
610 292 610 293
613 292 613 293
616 292 616 293
619 292 618 292
624 292 623 293
627 292 626 293
633 292 633 293
635 292 636 293
638 292 639 293
641 292 641 293
644 292 644 293
647 292 647 293
551 295 552 294
554 295 554 295
556 295 556 295
559 295 559 296
562 295 563 296
565 295 565 295
568 295 568 295
571 295 571 296
573 295 573 296
576 295 576 296
579 295 579 296
588 295 588 295
590 295 590 295
593 295 593 296
596 295 596 296
599 295 599 295
602 295 601 295
604 295 604 295
607 295 607 296
610 295 610 295
616 295 616 295
619 295 618 296
621 295 620 296
627 295 626 296
630 295 630 296
633 295 633 296
635 295 636 296
638 295 638 296
641 295 641 296
644 295 644 295
647 295 647 296
551 298 551 298
554 298 554 298
556 298 556 298
559 298 559 298
562 298 563 298
565 298 565 298
568 298 568 298
571 298 571 298
573 298 574 298
576 298 576 298
582 298 582 299
585 298 585 298
588 298 588 298
590 298 590 298
593 298 593 298
596 298 596 298
599 298 599 299
602 298 601 298
604 298 604 298
607 298 607 298
610 298 609 298
613 298 613 298
616 298 616 299
619 298 618 298
621 298 620 298
627 298 625 298
630 298 630 299
633 298 633 299
635 298 635 299
638 298 639 299
641 298 641 298
644 298 644 299
647 298 646 298
556 301 556 301
559 301 559 300
562 301 562 300
565 301 565 301
568 301 568 302
571 301 571 301
573 301 574 301
576 301 576 301
579 301 579 301
582 301 582 301
585 301 585 301
588 301 588 301
590 301 590 301
593 301 593 301
596 301 596 301
599 301 599 301
602 301 602 301
604 301 604 301
607 301 607 301
610 301 611 301
613 301 613 301
616 301 616 301
619 301 618 301
621 301 621 301
624 301 623 301
627 301 626 301
630 301 629 301
633 301 633 301
635 301 635 302
638 301 639 302
641 301 642 301
644 301 644 301
647 301 647 301
559 304 559 303
562 304 562 304
565 304 565 304
568 304 568 304
571 304 571 303
573 304 574 304
576 304 576 304
579 304 579 304
582 304 582 304
585 304 585 304
588 304 588 303
590 304 590 304
593 304 593 304
596 304 596 304
599 304 599 304
602 304 601 304
604 304 604 304
607 304 608 304
610 304 610 304
613 304 613 304
616 304 616 304
619 304 619 304
621 304 621 304
624 304 623 303
627 304 627 304
630 304 629 304
633 304 632 304
635 304 635 304
638 304 638 304
641 304 641 304
644 304 644 304
647 304 647 304
565 306 565 307
571 306 568 306
573 306 573 306
576 306 577 306
579 306 579 306
582 306 582 306
585 306 585 307
588 306 587 307
590 306 590 307
593 306 593 307
596 306 596 307
599 306 598 307
602 306 601 307
604 306 604 307
607 306 607 307
610 306 610 307
613 306 612 307
616 306 616 307
619 306 618 307
621 306 621 306
624 306 624 306
627 306 627 306
630 306 630 307
633 306 633 307
635 306 635 307
638 306 638 307
641 306 641 306
644 306 644 307
647 306 647 307
576 309 577 309
579 309 579 309
582 309 582 309
585 309 584 310
588 309 587 310
590 309 590 310
593 309 593 309
596 309 596 310
599 309 598 309
602 309 601 309
604 309 604 309
607 309 607 310
610 309 610 310
613 309 613 310
616 309 616 310
621 309 621 309
624 309 624 309
627 309 627 309
630 309 630 310
633 309 633 310
635 309 636 310
638 309 638 310
641 309 641 309
644 309 644 309
647 309 647 310
579 312 579 312
582 312 582 312
585 312 585 313
588 312 587 313
590 312 590 312
593 312 593 312
596 312 596 312
599 312 598 312
602 312 601 313
604 312 605 313
607 312 607 313
610 312 610 312
613 312 613 313
616 312 616 313
619 312 619 313
621 312 621 312
624 312 624 312
627 312 627 312
630 312 631 313
633 312 633 313
635 312 636 313
638 312 638 313
641 312 641 312
644 312 644 313
647 312 647 313
573 315 576 315
579 315 579 315
582 315 582 315
585 315 585 315
588 315 588 315
590 315 590 315
593 315 593 315
596 315 595 315
602 315 602 315
604 315 605 315
607 315 607 315
610 315 610 315
613 315 613 315
616 315 616 315
619 315 618 315
621 315 621 315
624 315 624 315
627 315 627 315
630 315 630 315
633 315 633 315
635 315 636 315
638 315 638 315
641 315 641 315
644 315 644 315
647 315 647 315
