545 25 691 215
562 25 710 214
580 25 726 214
614 25 746 217
649 25 758 215
458 42 570 194
476 42 581 191
632 42 758 234
458 59 570 205
632 59 763 249
476 77 582 213
493 77 595 212
562 77 727 265
597 77 741 268
666 77 774 257
441 94 565 228
476 94 583 226
545 94 722 285
614 94 758 269
666 94 780 269
476 111 588 246
493 111 602 246
580 111 744 286
371 129 511 254
424 129 550 258
441 129 563 257
406 146 531 264
493 146 603 266
510 146 616 264
545 146 652 266
562 146 665 266
580 146 688 268
337 163 481 274
354 163 495 273
371 163 507 274
424 163 544 275
580 163 755 360
597 163 772 360
406 181 530 282
458 181 568 282
476 181 582 283
493 181 595 281
510 181 610 281
528 181 628 283
545 181 648 286
337 198 479 300
354 198 491 294
371 198 502 293
406 198 527 291
424 198 542 292
441 198 558 292
545 198 647 297
267 215 438 331
302 215 456 325
337 215 477 313
354 215 489 310
389 215 513 308
476 215 579 299
493 215 593 301
510 215 609 301
528 215 626 303
267 233 435 342
285 233 451 341
337 233 475 327
354 233 490 323
406 233 527 317
441 233 551 314
458 233 565 314
476 233 579 312
493 233 593 311
510 233 611 313
528 233 629 314
545 233 645 319
597 233 706 338
337 250 473 344
371 250 503 333
406 250 527 335
424 250 540 333
441 250 555 331
476 250 580 327
493 250 593 327
510 250 611 332
528 250 630 333
545 250 668 353
562 250 682 355
580 250 700 354
597 250 716 353
302 267 456 382
354 267 490 350
389 267 513 349
406 267 527 350
424 267 542 350
441 267 557 350
476 267 581 349
493 267 595 348
562 267 685 372
580 267 704 374
597 267 721 373
302 285 456 402
319 285 470 405
354 285 488 365
371 285 501 363
406 285 529 368
424 285 544 369
441 285 560 367
458 285 574 367
493 285 597 364
510 285 611 355
528 285 625 354
302 302 453 417
319 302 469 416
337 302 482 418
389 302 521 384
406 302 537 386
441 302 561 388
458 302 573 386
476 302 589 385
510 302 613 372
528 302 628 370
285 319 436 429
302 319 452 427
319 319 467 432
337 319 482 435
371 319 508 422
389 319 522 420
406 319 538 421
424 319 551 419
458 319 578 408
476 319 593 405
510 319 615 393
528 319 631 389
545 319 645 388
337 337 483 453
354 337 497 452
371 337 507 442
389 337 523 438
406 337 539 440
424 337 553 438
441 337 568 438
458 337 585 440
476 337 607 441
493 337 623 438
528 337 630 406
389 354 523 462
406 354 539 461
424 354 554 459
441 354 569 461
458 354 586 459
476 354 606 458
267 371 434 454
302 371 448 452
319 371 464 452
354 371 500 473
424 371 556 478
441 371 570 477
476 371 609 477
476 389 646 477
285 476 521 473
528 476 484 478
