424 25 444 87
458 25 474 74
493 25 502 71
510 25 517 72
545 25 561 85
597 25 602 86
614 25 623 85
632 25 638 86
649 25 649 90
441 42 463 92
458 42 476 87
476 42 490 86
510 42 517 88
632 42 637 103
424 59 445 109
441 59 460 109
458 59 475 101
476 59 489 100
580 59 594 115
597 59 615 115
632 59 637 122
649 59 650 113
441 77 460 122
528 77 543 131
545 77 560 134
562 77 577 133
580 77 597 130
614 77 622 128
649 77 650 124
458 94 474 134
476 94 490 134
510 94 519 134
562 94 581 146
580 94 599 148
597 94 612 147
632 94 636 147
42 111 115 157
59 111 130 157
371 111 403 146
424 111 445 147
476 111 491 147
528 111 538 148
580 111 595 160
597 111 612 160
632 111 636 162
649 111 648 162
337 129 371 160
354 129 385 160
389 129 414 161
406 129 429 161
424 129 445 161
441 129 460 161
458 129 475 161
476 129 490 161
510 129 522 162
545 129 551 161
562 129 568 162
580 129 583 162
597 129 614 178
632 129 637 177
649 129 647 179
302 146 338 177
319 146 356 173
337 146 370 173
354 146 385 173
371 146 400 174
406 146 429 174
424 146 443 174
441 146 459 174
458 146 475 174
476 146 490 174
493 146 506 174
510 146 521 175
545 146 551 175
562 146 567 175
580 146 584 177
597 146 614 197
632 146 634 195
649 146 648 195
302 163 340 189
319 163 354 188
337 163 369 186
580 163 583 195
285 181 320 210
302 181 338 205
354 181 384 199
371 181 400 200
406 181 428 200
424 181 444 200
441 181 459 200
458 181 475 200
476 181 489 200
493 181 504 201
528 181 535 201
545 181 551 202
614 181 618 219
632 181 634 219
285 198 321 223
302 198 337 221
319 198 353 219
337 198 368 218
354 198 383 215
389 198 414 213
406 198 428 214
424 198 443 214
441 198 458 213
458 198 473 214
476 198 489 214
493 198 504 214
528 198 535 214
545 198 550 217
632 198 636 231
250 215 286 245
267 215 306 240
285 215 322 239
302 215 336 239
319 215 352 235
337 215 367 234
354 215 383 232
389 215 414 230
406 215 429 229
424 215 445 229
441 215 459 228
458 215 473 228
476 215 489 227
493 215 504 228
528 215 534 229
545 215 550 231
597 215 602 239
614 215 618 239
632 215 636 245
233 233 269 259
250 233 286 258
267 233 304 257
285 233 319 255
302 233 334 256
319 233 351 251
337 233 367 250
354 233 383 248
389 233 413 245
406 233 429 245
424 233 445 245
441 233 459 244
458 233 473 243
476 233 490 243
493 233 505 242
545 233 551 245
562 233 569 252
580 233 586 253
597 233 603 253
614 233 618 253
302 250 333 278
319 250 347 268
337 250 366 265
354 250 382 262
389 250 413 262
406 250 428 262
424 250 443 261
441 250 459 260
458 250 474 260
476 250 489 258
510 250 520 258
545 250 553 262
562 250 568 266
580 250 585 269
597 250 603 268
614 250 619 269
250 267 285 284
285 267 317 294
302 267 333 292
337 267 365 281
354 267 382 279
389 267 412 278
406 267 427 278
424 267 441 278
441 267 457 278
458 267 474 277
476 267 489 276
493 267 505 276
528 267 537 276
562 267 569 285
580 267 586 285
597 267 605 285
285 285 316 311
302 285 332 310
337 285 365 304
354 285 381 301
389 285 412 295
406 285 427 295
424 285 441 296
441 285 458 295
458 285 475 295
476 285 490 293
510 285 523 294
528 285 539 295
562 285 575 303
580 285 590 303
614 285 619 317
285 302 314 331
302 302 331 326
319 302 349 322
354 302 377 318
389 302 411 315
406 302 428 316
424 302 444 315
441 302 459 313
458 302 474 311
476 302 491 311
493 302 505 309
562 302 575 320
580 302 592 317
614 302 625 320
632 302 643 320
285 319 303 351
302 319 320 347
319 319 349 338
354 319 376 338
371 319 395 338
389 319 411 336
406 319 427 336
424 319 442 335
441 319 459 334
458 319 475 332
476 319 491 330
493 319 507 329
510 319 522 325
528 319 537 323
580 319 593 338
614 319 624 333
632 319 643 336
649 319 659 336
666 319 678 356
267 337 286 367
337 337 357 355
354 337 375 355
371 337 395 357
389 337 411 354
406 337 427 355
424 337 444 352
441 337 459 352
458 337 475 352
476 337 492 350
493 337 511 350
510 337 526 350
528 337 538 340
545 337 542 355
580 337 593 358
614 337 625 351
632 337 641 350
649 337 659 351
267 354 300 371
285 354 316 370
319 354 339 372
337 354 354 373
354 354 373 371
371 354 394 373
389 354 409 373
406 354 426 375
424 354 443 372
441 354 459 371
458 354 475 370
476 354 492 369
493 354 511 371
510 354 525 365
545 354 560 375
562 354 577 377
580 354 594 377
597 354 610 371
614 354 625 366
632 354 642 365
233 371 257 407
250 371 278 388
267 371 299 385
302 371 322 385
319 371 339 385
337 371 354 388
354 371 374 387
371 371 393 388
389 371 410 390
406 371 426 391
424 371 443 391
441 371 459 391
458 371 476 389
476 371 492 391
493 371 508 390
510 371 526 385
528 371 542 384
545 371 564 392
562 371 580 393
580 371 595 395
597 371 608 388
649 371 656 383
666 371 672 385
233 389 263 423
250 389 282 407
267 389 300 404
285 389 315 401
319 389 338 400
337 389 357 398
354 389 371 400
371 389 387 398
389 389 407 404
406 389 423 406
424 389 440 408
441 389 459 408
458 389 476 409
476 389 491 409
493 389 510 408
510 389 527 407
528 389 548 407
545 389 567 405
562 389 581 405
580 389 595 409
597 389 607 409
614 389 624 400
666 389 672 402
233 406 268 436
250 406 284 424
267 406 303 420
285 406 315 416
319 406 336 419
371 406 389 419
389 406 407 421
406 406 425 423
424 406 440 423
441 406 460 425
458 406 477 426
476 406 492 426
493 406 509 423
510 406 526 423
528 406 545 425
545 406 562 424
562 406 582 419
580 406 596 423
597 406 611 424
337 424 353 422
371 424 399 438
406 424 427 438
424 424 443 439
441 424 459 440
458 424 476 442
476 424 495 442
493 424 509 438
510 424 526 440
528 424 545 439
545 424 563 441
562 424 582 440
580 424 597 441
614 424 630 427
632 424 643 425
666 424 673 427
267 441 279 434
302 441 317 437
319 441 332 439
354 441 383 452
371 441 398 453
406 441 426 452
424 441 442 454
441 441 459 456
458 441 475 457
476 441 493 458
493 441 508 456
510 441 525 459
528 441 545 455
545 441 565 455
562 441 580 456
580 441 596 456
597 441 615 456
614 441 632 443
632 441 645 442
666 441 673 440
267 458 276 451
302 458 318 455
319 458 337 457
580 458 596 477
285 476 297 473
302 476 314 476
319 476 336 474
337 476 348 476
371 476 386 477
406 476 425 477
424 476 439 477
441 476 454 476
458 476 477 477
476 476 491 478
510 476 528 478
528 476 548 478
545 476 565 479
