579 205 581 220
571 208 572 226
573 208 577 222
579 208 581 223
582 208 583 222
568 211 569 230
559 213 564 231
585 213 585 228
554 216 557 234
556 216 560 233
585 216 585 231
588 219 588 234
545 225 549 241
545 227 549 244
551 230 556 247
540 233 541 248
531 236 537 252
542 236 544 251
537 239 541 255
537 242 541 258
542 242 547 259
579 242 583 253
545 244 550 262
568 250 570 263
630 264 626 267
633 267 633 269
633 270 633 272
635 270 637 272
633 273 633 274
638 275 642 277
590 278 594 286
593 278 597 285
610 278 618 283
633 278 636 280
588 281 591 289
590 281 595 289
593 281 597 288
596 281 599 288
599 281 602 287
630 281 633 281
635 281 639 281
641 281 643 280
588 284 592 292
590 284 594 292
593 284 597 291
627 284 630 284
641 284 643 283
633 287 637 286
635 287 639 286
633 290 637 289
599 292 603 294
602 292 606 294
604 292 610 293
607 292 613 293
610 292 615 292
641 292 644 292
582 295 585 296
585 295 588 295
588 295 591 295
593 295 597 295
596 295 601 293
604 295 610 296
607 295 613 296
613 295 619 295
616 295 622 294
573 298 573 300
582 298 585 299
585 298 588 298
588 298 591 299
596 298 599 297
602 298 605 297
604 298 610 299
607 298 613 299
613 298 619 298
627 298 629 297
573 301 573 303
576 301 577 303
579 301 580 303
582 301 584 301
588 301 591 301
590 301 594 302
596 301 599 300
602 301 605 300
604 301 610 302
607 301 613 302
610 301 616 301
627 301 629 299
641 301 645 301
647 301 648 301
568 304 568 307
571 304 571 306
576 304 577 306
579 304 581 304
582 304 584 304
590 304 593 304
593 304 596 304
596 304 600 304
604 304 608 303
607 304 613 305
633 304 635 302
638 304 642 302
562 306 563 310
565 306 566 309
568 306 569 309
576 306 578 308
579 306 581 307
582 306 584 307
585 306 586 308
588 306 589 308
590 306 593 307
593 306 596 307
596 306 599 306
599 306 602 305
602 306 605 305
604 306 608 306
610 306 617 307
613 306 620 307
616 306 624 307
619 306 627 306
633 306 635 305
635 306 640 305
638 306 642 305
644 306 645 305
647 306 648 305
568 309 570 311
571 309 572 312
573 309 575 311
576 309 578 311
579 309 581 310
582 309 585 309
585 309 587 310
588 309 590 310
590 309 593 310
593 309 596 309
596 309 600 309
599 309 602 308
602 309 604 308
604 309 608 309
613 309 615 307
616 309 625 311
630 309 634 308
633 309 637 308
635 309 640 309
641 309 643 308
644 309 645 308
559 312 560 313
562 312 563 314
565 312 566 313
585 312 588 313
593 312 596 312
596 312 600 312
599 312 603 312
602 312 605 312
607 312 611 312
619 312 624 312
621 312 627 312
633 312 636 311
635 312 639 311
641 312 643 311
644 312 646 310
565 315 566 315
568 315 568 315
571 315 573 315
573 315 576 315
582 315 585 315
588 315 590 314
590 315 594 315
607 315 612 315
613 315 616 314
616 315 625 315
624 315 630 314
627 315 633 314
633 315 637 314
635 315 640 314
638 315 642 314
644 315 646 314
