540 227 542 251
528 230 530 255
551 230 552 249
540 233 542 254
545 236 547 257
610 247 616 251
616 247 619 250
613 250 619 254
619 250 624 253
607 253 614 258
610 253 617 257
607 256 614 261
607 258 615 264
610 258 618 262
613 258 621 261
616 258 624 260
621 258 627 259
616 261 623 264
619 261 626 263
627 261 632 259
630 261 634 258
616 264 623 266
630 264 634 261
633 264 637 260
635 270 639 264
627 273 635 271
633 273 639 269
630 275 638 273
613 278 623 279
616 278 625 279
613 281 623 283
616 281 626 283
633 281 639 280
635 281 642 279
638 281 645 279
635 284 643 282
638 284 646 282
633 287 641 293
635 287 644 291
616 290 625 292
610 298 619 294
613 298 623 296
633 301 637 297
610 304 618 304
613 304 620 303
616 304 624 303
633 304 637 300
635 304 640 300
638 304 643 300
641 304 647 299
610 306 618 307
613 306 622 306
616 306 625 305
638 306 644 303
610 309 619 310
613 309 622 310
616 309 625 309
627 309 630 305
635 309 637 306
638 309 641 306
641 309 644 306
613 312 623 313
616 312 626 312
635 312 639 310
638 312 642 309
641 312 645 309
616 315 626 315
619 315 629 314
621 315 633 314
627 315 633 311
635 315 641 314
638 315 642 313
641 315 645 313
