389 181 406 43
371 198 385 65
389 198 407 64
458 198 496 29
354 215 365 90
371 215 387 87
389 215 411 87
423 215 449 66
441 215 475 64
458 215 499 74
337 233 342 116
354 233 366 111
371 233 389 109
389 233 411 107
458 233 504 97
476 233 524 94
493 233 553 95
302 250 299 141
319 250 321 137
337 250 343 135
354 250 368 133
371 250 389 131
389 250 413 129
406 250 436 127
423 250 460 124
441 250 482 122
458 250 506 119
476 250 529 117
493 250 558 117
285 267 283 166
302 267 300 161
319 267 321 159
337 267 344 158
354 267 366 155
371 267 391 152
389 267 412 150
406 267 437 148
423 267 463 147
441 267 484 143
458 267 509 142
476 267 532 140
267 285 269 197
302 285 304 185
319 285 324 181
337 285 346 178
354 285 367 176
371 285 391 174
389 285 415 172
406 285 438 170
423 285 461 168
441 285 486 166
458 285 510 163
476 285 535 162
510 285 579 173
545 285 623 165
233 302 236 221
302 302 310 210
319 302 328 203
337 302 347 201
354 302 369 198
371 302 391 196
389 302 417 195
406 302 441 192
423 302 465 191
441 302 488 189
458 302 512 187
510 302 579 192
528 302 602 189
215 319 221 244
233 319 241 239
250 319 264 237
302 319 315 232
319 319 333 228
337 319 352 224
354 319 372 222
371 319 394 216
389 319 418 216
406 319 442 214
423 319 467 214
441 319 489 211
458 319 515 210
493 319 562 211
510 319 583 209
528 319 607 209
302 337 319 254
319 337 337 251
337 337 354 247
354 337 374 245
371 337 400 243
389 337 421 240
406 337 442 237
423 337 466 236
441 337 491 234
458 337 516 233
510 337 587 231
267 354 296 283
285 354 314 276
337 354 360 270
354 354 379 267
371 354 403 266
389 354 423 264
406 354 446 261
423 354 468 258
458 354 517 257
493 354 565 256
510 354 587 256
389 371 427 285
406 371 449 283
423 371 474 284
441 371 495 280
476 371 544 281
493 371 562 281
371 389 416 311
406 389 458 307
423 389 477 305
458 389 521 302
476 389 544 302
510 389 588 302
528 389 615 298
319 406 363 334
337 406 381 333
354 406 400 331
371 406 421 331
389 406 439 329
406 406 460 328
458 406 524 325
493 406 567 322
510 406 592 321
528 406 614 319
215 423 249 362
233 423 265 362
250 423 285 358
319 423 366 352
337 423 382 353
354 423 403 351
371 423 418 349
510 423 593 343
528 423 617 341
233 441 271 383
250 441 291 381
319 441 366 371
337 441 382 371
371 441 423 369
389 441 441 369
406 441 460 367
423 441 484 365
441 441 512 362
528 441 618 363
233 458 277 398
250 458 292 396
267 458 312 397
302 458 347 398
337 458 384 391
354 458 405 391
389 458 444 387
441 458 511 380
458 458 531 379
476 458 548 377
528 458 619 386
354 476 406 409
