389 181 362 18
389 198 363 39
354 215 316 60
371 215 340 59
389 215 363 60
424 215 410 41
441 215 434 38
458 215 456 61
337 233 291 82
354 233 316 81
371 233 341 81
389 233 364 81
458 233 458 81
476 233 480 83
493 233 508 89
510 233 524 92
302 250 239 109
319 250 270 102
337 250 292 102
354 250 317 102
371 250 342 103
389 250 365 103
406 250 389 103
441 250 435 102
458 250 458 102
476 250 483 103
493 250 506 106
285 267 223 129
302 267 245 125
319 267 268 125
337 267 292 126
354 267 317 124
371 267 339 122
389 267 366 124
406 267 390 125
424 267 414 126
441 267 436 124
458 267 459 123
476 267 483 125
267 285 204 162
285 285 229 158
302 285 248 154
319 285 272 150
337 285 294 148
354 285 317 148
371 285 342 147
389 285 367 147
406 285 391 147
424 285 415 148
441 285 437 147
458 285 461 146
476 285 483 146
528 285 543 161
302 302 251 178
319 302 275 174
337 302 295 171
354 302 319 170
371 302 343 168
389 302 368 169
406 302 391 168
424 302 415 168
441 302 438 168
458 302 461 168
510 302 523 180
528 302 544 177
233 319 171 209
250 319 197 207
319 319 277 199
337 319 298 195
354 319 320 194
371 319 344 192
389 319 368 191
406 319 393 191
424 319 417 191
441 319 439 190
458 319 462 190
493 319 505 197
510 319 525 196
267 337 229 234
302 337 260 227
319 337 281 223
337 337 300 216
354 337 320 219
371 337 341 214
389 337 371 214
406 337 392 213
424 337 417 214
441 337 440 212
458 337 464 213
510 337 527 217
267 354 230 253
285 354 250 249
302 354 270 250
337 354 304 243
354 354 323 241
371 354 349 242
389 354 370 240
406 354 394 238
424 354 418 237
493 354 507 241
510 354 529 239
267 371 228 271
389 371 374 264
406 371 396 262
424 371 419 262
441 371 442 257
476 371 482 266
493 371 506 260
528 371 545 264
545 371 565 264
319 389 297 293
371 389 356 290
389 389 377 289
406 389 398 285
424 389 421 283
441 389 444 282
458 389 464 280
493 389 500 289
528 389 549 283
233 406 193 317
250 406 209 314
319 406 300 312
337 406 319 313
354 406 339 311
371 406 359 311
389 406 380 309
406 406 400 308
458 406 466 304
493 406 501 306
510 406 527 305
528 406 549 302
233 424 196 336
285 424 254 330
337 424 324 332
354 424 342 330
371 424 357 331
389 424 380 329
406 424 401 328
476 424 482 326
510 424 527 324
528 424 549 322
545 424 568 322
233 441 198 354
250 441 217 354
337 441 321 354
354 441 338 353
371 441 360 350
389 441 379 348
406 441 402 350
424 441 423 348
441 441 445 346
476 441 483 347
215 458 177 376
233 458 198 373
250 458 213 370
285 458 253 370
337 458 317 371
354 458 341 371
371 458 361 372
389 458 382 367
406 458 399 367
424 458 423 368
441 458 443 366
458 458 463 365
476 458 486 365
528 458 552 362
476 476 486 383
