476 129 484 58
545 129 598 38
25 146 70 149
42 146 85 148
59 146 105 146
77 146 120 143
111 146 145 140
146 146 181 135
493 146 499 31
545 146 584 56
562 146 603 54
580 146 638 54
94 163 126 158
129 163 161 152
146 163 179 150
163 163 198 147
424 163 435 109
441 163 453 104
545 163 574 96
580 163 623 70
597 163 643 70
458 181 470 78
476 181 489 74
493 181 506 70
545 181 573 116
562 181 591 114
580 181 611 111
597 181 641 93
424 198 443 122
458 198 473 95
476 198 490 91
493 198 507 88
545 198 578 137
562 198 594 132
597 198 635 128
614 198 647 114
632 198 667 120
458 215 478 115
476 215 494 110
562 215 595 149
580 215 616 147
614 215 637 145
354 233 373 155
371 233 394 156
389 233 412 153
406 233 429 151
424 233 446 148
476 233 500 135
528 233 560 138
562 233 602 169
580 233 617 164
614 233 641 163
337 250 362 170
354 250 378 169
371 250 395 167
389 250 414 166
406 250 432 164
424 250 448 162
441 250 465 160
458 250 483 157
476 250 499 155
493 250 519 153
510 250 538 152
562 250 605 192
580 250 624 187
614 250 645 181
302 267 332 196
389 267 413 178
406 267 432 178
424 267 450 176
441 267 469 174
458 267 486 172
476 267 503 170
493 267 520 167
510 267 540 166
528 267 559 164
545 267 576 163
614 267 648 198
285 285 321 220
302 285 337 216
337 285 367 201
354 285 382 196
371 285 399 194
476 285 506 184
493 285 523 181
510 285 540 179
528 285 560 178
545 285 580 183
614 285 648 218
233 302 278 248
250 302 295 246
267 302 309 243
285 302 324 240
302 302 339 234
337 302 371 221
354 302 385 214
371 302 401 208
389 302 418 206
406 302 435 203
424 302 455 203
441 302 470 200
458 302 487 199
528 302 562 194
545 302 583 200
233 319 278 264
250 319 294 262
267 319 310 260
285 319 328 257
302 319 344 257
337 319 371 238
354 319 388 232
371 319 404 225
389 319 421 222
406 319 437 219
424 319 455 216
441 319 472 214
458 319 490 212
476 319 508 211
493 319 526 209
510 319 545 208
545 319 591 214
580 319 626 209
233 337 280 278
250 337 296 275
267 337 314 277
319 337 355 266
337 337 374 253
354 337 390 247
371 337 407 244
389 337 424 240
406 337 442 237
424 337 457 232
441 337 474 229
458 337 492 226
476 337 510 226
493 337 528 224
510 337 547 224
545 337 586 234
580 337 629 233
267 354 317 301
285 354 335 299
337 354 376 269
354 354 393 265
371 354 409 263
389 354 426 259
406 354 443 256
424 354 458 252
441 354 476 247
458 354 495 243
476 354 512 240
493 354 530 239
510 354 549 240
528 354 572 253
545 354 590 250
562 354 608 247
580 354 627 247
267 371 321 318
285 371 339 317
302 371 355 315
354 371 395 283
371 371 414 281
389 371 430 278
406 371 446 275
424 371 463 270
441 371 480 267
458 371 498 262
476 371 516 256
493 371 533 256
510 371 554 258
528 371 573 268
545 371 593 265
562 371 611 263
267 389 324 334
285 389 340 333
302 389 356 330
337 389 384 320
354 389 399 303
371 389 417 300
389 389 433 298
406 389 450 295
424 389 468 290
441 389 484 288
458 389 501 282
476 389 517 276
493 389 537 275
510 389 562 276
528 389 579 287
545 389 598 284
233 406 293 355
250 406 306 357
267 406 323 353
285 406 343 349
302 406 358 346
337 406 390 337
354 406 406 331
371 406 422 323
389 406 439 321
424 406 469 312
441 406 488 306
458 406 504 301
476 406 521 296
493 406 540 292
510 406 564 308
528 406 584 306
545 406 599 305
215 424 276 374
267 424 327 374
285 424 345 369
319 424 375 360
337 424 393 356
354 424 408 351
371 424 426 347
389 424 441 343
406 424 458 338
424 424 475 332
441 424 491 326
458 424 508 320
476 424 524 315
493 424 542 311
528 424 585 327
545 424 602 323
562 424 613 345
580 424 638 318
215 441 279 395
250 441 319 395
337 441 395 373
354 441 412 370
371 441 429 367
389 441 446 361
406 441 462 359
424 441 479 352
441 441 496 348
458 441 512 342
476 441 529 333
493 441 545 328
528 441 588 345
562 441 615 361
580 441 637 360
597 441 659 331
233 458 296 397
267 458 339 408
354 458 414 386
371 458 432 385
389 458 448 380
406 458 465 377
424 458 482 371
441 458 500 368
476 458 532 350
510 458 572 367
528 458 590 367
562 458 618 378
580 458 636 376
198 476 307 474
285 476 368 476
302 476 385 476
389 476 452 399
406 476 469 396
424 476 486 396
441 476 504 393
458 476 519 377
510 476 576 386
528 476 593 383
562 476 620 395
