25 94 25 98
25 111 24 115
42 111 41 115
59 111 59 116
146 111 146 116
181 111 181 116
25 129 24 132
42 129 41 132
59 129 58 133
77 129 76 133
111 129 111 133
129 129 128 133
163 129 163 133
181 129 181 133
458 129 458 133
476 129 476 134
493 129 491 134
510 129 508 135
528 129 527 134
545 129 543 134
25 146 26 150
42 146 41 150
59 146 57 150
77 146 75 150
94 146 93 150
111 146 109 150
129 146 128 150
163 146 164 150
181 146 180 150
441 146 439 151
458 146 456 152
493 146 491 153
510 146 509 152
528 146 525 151
545 146 543 151
562 146 560 151
580 146 578 151
25 163 24 168
42 163 42 168
59 163 59 168
77 163 73 168
94 163 93 168
111 163 110 167
129 163 128 168
146 163 143 168
163 163 163 168
181 163 182 168
198 163 198 168
215 163 216 168
424 163 423 167
441 163 440 168
476 163 475 168
493 163 491 169
528 163 525 168
545 163 544 168
562 163 561 169
580 163 576 168
597 163 594 168
614 163 611 168
406 181 406 185
424 181 423 184
441 181 440 185
458 181 458 186
476 181 475 186
493 181 491 186
528 181 527 185
545 181 544 184
562 181 562 185
580 181 578 185
597 181 593 184
614 181 610 184
424 198 422 203
458 198 458 204
476 198 474 204
493 198 491 203
528 198 527 202
545 198 544 201
562 198 561 201
580 198 583 202
597 198 598 203
614 198 612 203
632 198 628 202
371 215 370 219
389 215 388 220
406 215 405 221
424 215 422 220
458 215 457 220
476 215 474 221
493 215 492 220
510 215 508 219
528 215 526 219
545 215 543 219
562 215 561 219
580 215 580 219
597 215 596 221
614 215 612 221
632 215 628 219
354 233 353 237
371 233 371 238
389 233 388 237
406 233 405 238
424 233 422 239
476 233 474 238
493 233 492 238
528 233 526 236
545 233 544 236
562 233 562 236
580 233 578 236
597 233 594 236
614 233 612 237
632 233 629 236
319 250 319 255
337 250 336 255
354 250 354 255
371 250 370 255
389 250 388 255
406 250 405 255
424 250 422 255
441 250 439 255
458 250 457 255
476 250 474 254
493 250 491 255
510 250 507 255
528 250 525 255
545 250 542 255
562 250 561 254
580 250 578 252
597 250 595 253
614 250 612 254
302 267 301 272
319 267 319 272
337 267 336 272
354 267 354 273
371 267 370 272
389 267 388 273
406 267 405 272
424 267 422 273
441 267 440 272
458 267 457 272
476 267 474 272
493 267 491 272
510 267 508 272
528 267 525 272
545 267 542 272
562 267 561 271
580 267 578 271
597 267 595 270
614 267 613 270
267 285 267 289
285 285 284 289
302 285 301 289
319 285 319 290
337 285 337 291
354 285 353 290
371 285 370 290
389 285 388 290
406 285 405 290
424 285 422 289
441 285 440 289
458 285 457 290
476 285 474 290
493 285 491 290
510 285 508 289
528 285 525 289
545 285 542 289
562 285 561 288
580 285 578 287
597 285 595 287
614 285 613 287
233 302 234 305
250 302 251 305
285 302 284 307
302 302 302 307
319 302 319 307
337 302 337 307
354 302 352 307
371 302 370 307
389 302 388 307
406 302 405 307
424 302 423 307
441 302 440 307
458 302 456 307
476 302 473 307
493 302 491 307
510 302 508 307
528 302 525 306
545 302 543 307
562 302 561 306
580 302 578 305
597 302 596 304
215 319 214 324
233 319 231 323
250 319 249 323
267 319 266 324
285 319 283 324
302 319 301 324
319 319 319 324
337 319 336 324
354 319 354 325
371 319 370 325
389 319 388 324
406 319 405 324
424 319 422 324
441 319 440 324
458 319 457 324
476 319 474 324
493 319 491 325
510 319 508 325
545 319 543 324
562 319 561 324
580 319 579 323
597 319 595 323
215 337 213 341
233 337 232 341
250 337 250 340
302 337 301 340
319 337 319 341
337 337 335 341
354 337 352 341
371 337 371 342
389 337 388 341
406 337 405 342
424 337 422 341
441 337 439 342
458 337 457 342
476 337 473 342
493 337 491 342
510 337 507 342
528 337 526 341
545 337 543 341
562 337 559 341
580 337 577 341
597 337 595 340
267 354 266 357
285 354 284 358
319 354 319 359
337 354 335 358
354 354 353 359
371 354 370 360
389 354 388 359
406 354 405 359
424 354 422 359
441 354 440 359
458 354 457 359
476 354 474 359
493 354 491 359
510 354 508 359
545 354 543 359
562 354 560 359
580 354 576 359
267 371 266 374
285 371 284 374
302 371 302 374
319 371 319 376
337 371 336 376
354 371 352 376
371 371 372 377
389 371 388 376
406 371 404 376
424 371 422 375
441 371 438 376
458 371 457 376
476 371 474 376
493 371 491 376
510 371 509 376
528 371 525 376
545 371 542 376
562 371 560 376
250 389 248 392
267 389 267 392
285 389 285 389
302 389 302 390
319 389 318 393
337 389 336 393
354 389 353 393
371 389 370 394
389 389 388 394
406 389 405 393
424 389 421 393
441 389 439 394
458 389 456 394
476 389 475 393
493 389 491 393
510 389 508 393
528 389 526 393
545 389 543 393
562 389 560 393
233 406 232 411
250 406 250 410
267 406 268 408
285 406 284 405
302 406 301 408
319 406 318 408
337 406 336 410
354 406 353 411
371 406 370 410
389 406 388 410
424 406 421 411
441 406 440 411
458 406 457 410
476 406 475 411
493 406 491 411
510 406 508 410
528 406 526 410
545 406 542 411
580 406 578 411
215 424 214 428
233 424 230 430
250 424 249 425
267 424 267 424
285 424 288 424
302 424 306 426
319 424 319 427
337 424 335 428
354 424 353 428
371 424 370 428
389 424 388 428
406 424 405 428
424 424 422 428
441 424 439 428
458 424 457 428
476 424 473 427
493 424 491 429
528 424 526 427
545 424 543 426
562 424 560 427
580 424 577 427
597 424 594 427
198 441 197 445
215 441 215 445
233 441 230 446
267 441 267 440
285 441 288 441
302 441 302 442
319 441 319 444
337 441 335 445
354 441 353 445
371 441 370 445
389 441 388 445
406 441 405 445
424 441 423 444
441 441 440 445
458 441 456 445
476 441 474 445
493 441 491 445
510 441 507 446
528 441 525 445
545 441 543 444
562 441 560 444
580 441 577 445
597 441 594 445
198 458 198 461
215 458 214 459
233 458 229 455
250 458 246 457
267 458 264 458
285 458 283 460
302 458 302 459
319 458 319 461
337 458 338 461
354 458 353 462
371 458 370 462
389 458 387 462
406 458 405 462
424 458 423 462
441 458 439 463
476 458 475 462
493 458 491 462
528 458 525 462
562 458 560 462
580 458 577 462
597 458 594 462
614 458 611 461
181 476 180 477
198 476 198 477
215 476 212 476
233 476 231 475
250 476 245 474
267 476 262 476
285 476 283 476
302 476 302 477
319 476 320 477
337 476 340 477
354 476 354 477
371 476 369 477
389 476 384 478
406 476 405 478
424 476 423 477
441 476 440 478
458 476 456 478
510 476 511 477
528 476 527 477
545 476 544 476
562 476 560 476
580 476 578 476
597 476 595 476
614 476 612 477
