599 253 596 254
604 253 604 253
607 256 607 255
602 258 601 260
607 258 607 258
545 267 545 270
579 267 584 274
534 270 534 274
613 270 613 262
540 273 539 277
627 273 629 265
621 275 623 265
585 278 587 281
624 278 629 268
630 281 637 271
542 284 544 285
551 284 552 285
604 284 613 280
627 284 637 276
630 284 640 275
633 284 643 275
542 287 544 288
545 287 547 288
551 287 553 288
554 287 556 287
571 287 579 287
599 287 606 283
604 287 613 283
607 287 616 282
627 287 637 279
630 287 640 279
551 290 553 290
554 290 556 290
556 290 564 290
568 290 576 290
621 290 632 281
551 292 553 293
559 292 564 292
604 292 616 286
607 292 619 285
613 292 624 284
619 292 629 284
621 292 631 284
624 292 635 284
551 295 553 297
559 295 565 295
571 295 583 293
602 295 613 288
607 295 619 288
619 295 629 287
621 295 632 287
624 295 636 287
638 295 648 288
554 298 556 297
571 298 580 297
596 298 605 293
624 298 636 290
627 298 638 290
556 301 559 299
559 301 564 299
582 301 589 296
585 301 593 297
588 301 595 295
590 301 598 294
593 301 602 295
602 301 611 292
604 301 614 292
616 301 624 291
619 301 626 291
621 301 633 292
624 301 636 292
633 301 642 293
568 304 574 300
576 304 583 300
579 304 586 299
582 304 589 299
588 304 595 298
590 304 598 298
593 304 603 300
599 304 607 297
602 304 611 296
604 304 615 296
616 304 624 295
568 306 572 303
571 306 577 303
576 306 583 302
579 306 586 301
582 306 589 301
585 306 592 302
635 306 643 298
638 306 646 298
545 309 554 309
562 309 567 307
565 309 570 307
568 309 573 307
571 309 576 306
573 309 579 306
576 309 582 306
582 309 588 305
585 309 591 305
588 309 594 305
635 309 643 301
559 312 564 309
562 312 567 310
565 312 570 310
568 312 573 310
571 312 576 309
573 312 579 309
576 312 582 308
579 312 585 308
590 312 596 307
593 312 600 307
638 312 644 304
641 312 646 304
556 315 560 311
559 315 564 312
565 315 571 313
568 315 573 313
571 315 576 312
573 315 579 311
576 315 582 311
579 315 585 311
593 315 601 313
