630 278 631 272
621 281 625 275
630 281 631 275
545 284 562 289
630 287 630 281
607 290 615 282
616 290 624 283
621 290 626 284
633 290 637 288
627 292 629 288
633 292 636 291
635 292 639 291
596 295 602 290
602 295 608 287
627 295 629 291
548 298 564 298
602 298 608 294
627 298 632 294
630 298 635 294
562 301 575 300
582 301 591 304
599 301 605 297
621 301 626 296
624 301 628 296
627 301 632 296
630 301 635 296
635 301 637 297
644 301 644 295
559 304 573 306
562 304 575 302
565 304 579 302
582 304 591 307
585 304 594 306
633 304 638 300
641 304 641 297
644 304 644 298
554 306 566 311
559 306 573 308
565 306 578 306
571 306 581 309
573 306 584 309
579 306 589 310
582 306 591 310
588 306 596 308
593 306 602 308
647 306 647 301
559 309 572 311
562 309 575 309
571 309 580 312
573 309 584 312
579 309 588 313
588 309 596 311
590 309 598 311
593 309 602 311
621 309 625 305
641 309 640 303
556 312 569 314
585 312 594 314
588 312 596 314
647 312 647 305
568 315 575 315
571 315 580 315
573 315 584 316
576 315 587 316
579 315 589 316
593 315 602 314
627 315 633 315
