317 154 318 153
323 154 324 153
364 154 351 148
369 154 356 148
328 160 319 161
364 160 367 155
375 160 376 155
380 160 381 155
291 165 286 167
297 165 292 167
302 165 298 167
338 165 323 170
359 165 361 159
369 165 370 159
286 170 282 172
291 170 287 172
297 170 291 172
307 170 302 172
312 170 307 173
338 170 323 175
343 170 327 175
349 170 333 175
375 170 376 164
380 170 382 165
291 175 285 178
297 175 292 177
302 175 297 177
323 175 306 181
333 175 317 180
338 175 322 180
343 175 327 181
354 175 365 173
364 175 375 175
281 180 274 185
286 180 279 184
307 180 302 183
328 180 312 188
333 180 317 189
349 180 332 185
385 180 380 180
390 180 388 177
276 186 271 189
281 186 275 190
286 186 279 189
302 186 297 185
328 186 311 195
338 186 323 190
349 186 332 191
359 186 343 191
380 186 374 186
385 186 380 185
390 186 387 183
276 191 272 194
281 191 275 194
312 191 302 194
317 191 306 196
333 191 322 195
385 191 379 192
390 191 387 191
401 191 407 185
276 196 271 199
307 196 295 201
312 196 301 200
359 196 348 196
364 196 354 196
369 196 362 196
375 196 367 196
390 196 386 196
401 196 408 197
281 201 274 205
317 201 305 205
323 201 312 205
328 201 318 206
333 201 322 207
338 201 329 206
354 201 340 205
359 201 348 203
364 201 355 201
375 201 366 202
380 201 371 202
385 201 380 202
390 201 396 201
401 201 409 202
276 206 271 210
307 206 302 210
317 206 306 210
323 206 312 211
328 206 317 211
333 206 322 211
338 206 329 210
343 206 333 211
359 206 349 211
364 206 355 208
369 206 361 208
375 206 368 208
380 206 375 207
390 206 396 206
276 212 273 215
302 212 296 217
307 212 301 215
317 212 307 215
323 212 312 216
328 212 318 216
333 212 321 216
338 212 327 216
343 212 332 215
349 212 338 216
354 212 343 217
359 212 349 215
364 212 355 215
369 212 361 214
380 212 375 213
276 217 273 219
281 217 278 219
286 217 289 216
302 217 296 222
323 217 311 223
328 217 316 222
343 217 332 221
354 217 343 222
359 217 348 221
364 217 356 221
369 217 362 220
375 217 369 218
380 217 375 218
385 217 385 217
401 217 409 218
271 222 264 221
286 222 290 221
297 222 292 227
302 222 296 227
333 222 321 228
338 222 327 228
343 222 332 227
354 222 341 228
359 222 347 227
364 222 354 227
369 222 361 227
375 222 369 223
380 222 375 223
385 222 385 222
390 222 393 221
395 222 406 222
281 227 284 231
297 227 291 232
302 227 296 233
312 227 300 233
317 227 305 233
323 227 309 234
338 227 326 233
343 227 331 233
354 227 341 233
359 227 348 233
364 227 353 233
369 227 360 232
375 227 369 229
380 227 376 228
385 227 386 228
390 227 392 227
395 227 406 230
297 232 291 237
302 232 295 238
312 232 300 237
317 232 305 238
323 232 309 239
328 232 315 238
333 232 320 238
338 232 325 239
343 232 331 238
349 232 337 238
354 232 343 238
359 232 348 238
364 232 353 238
369 232 360 238
375 232 370 237
380 232 377 234
385 232 385 233
390 232 392 233
395 232 398 233
291 238 289 241
302 238 295 242
312 238 300 242
317 238 306 243
323 238 311 243
328 238 315 243
333 238 321 243
338 238 326 244
343 238 332 243
349 238 337 243
354 238 343 243
359 238 349 243
364 238 354 243
369 238 359 244
385 238 385 238
390 238 392 238
395 238 400 239
291 243 289 246
302 243 296 247
307 243 301 247
317 243 307 247
323 243 311 248
328 243 315 248
333 243 321 248
338 243 327 249
343 243 332 249
349 243 337 249
354 243 343 248
359 243 349 248
364 243 354 249
375 243 369 249
385 243 386 243
390 243 392 243
395 243 397 244
302 248 296 252
307 248 301 252
317 248 306 253
323 248 310 254
328 248 315 254
333 248 320 254
338 248 327 254
343 248 332 254
349 248 337 254
354 248 342 254
359 248 348 253
364 248 353 254
375 248 370 253
380 248 378 250
385 248 385 249
395 248 398 249
297 253 294 257
307 253 300 257
317 253 305 259
323 253 309 260
328 253 314 260
333 253 320 259
338 253 325 259
343 253 331 259
349 253 336 259
354 253 341 259
359 253 347 260
364 253 352 259
375 253 368 258
380 253 374 260
390 253 392 255
395 253 398 255
401 253 401 250
286 258 284 259
297 258 295 262
302 258 300 263
317 258 304 265
323 258 309 265
328 258 314 265
333 258 319 264
338 258 325 265
343 258 331 265
349 258 335 265
354 258 341 265
359 258 347 265
364 258 353 265
375 258 368 265
380 258 375 265
385 258 384 260
401 258 400 255
307 264 300 269
317 264 305 270
323 264 309 270
328 264 314 270
333 264 319 270
338 264 325 271
343 264 331 271
349 264 336 270
354 264 341 271
359 264 346 270
369 264 359 270
375 264 367 269
385 264 390 266
297 269 295 269
302 269 301 273
317 269 305 275
323 269 309 276
328 269 314 276
333 269 319 276
338 269 325 276
343 269 331 276
349 269 335 276
354 269 341 276
359 269 347 276
364 269 358 275
369 269 362 275
375 269 368 274
380 269 375 274
385 269 389 271
297 274 296 274
312 274 304 279
323 274 310 281
328 274 314 281
333 274 319 281
338 274 325 281
343 274 330 281
349 274 336 281
354 274 342 281
359 274 347 281
369 274 361 279
375 274 368 280
380 274 384 276
291 279 290 279
297 279 295 279
302 279 300 281
312 279 304 284
328 279 314 286
333 279 319 286
338 279 324 286
343 279 330 286
349 279 336 286
354 279 342 286
359 279 347 286
364 279 355 284
380 279 378 281
385 279 390 278
297 284 294 285
302 284 300 285
312 284 304 289
317 284 309 290
328 284 316 291
333 284 321 291
338 284 325 291
343 284 331 291
349 284 336 291
354 284 341 291
359 284 347 291
369 284 364 287
375 284 373 287
385 284 390 284
297 290 293 289
302 290 299 290
333 290 320 296
338 290 326 296
343 290 331 296
349 290 337 296
354 290 343 296
359 290 347 296
369 290 363 292
385 290 390 290
390 290 395 289
401 290 401 286
302 295 298 294
307 295 304 295
328 295 319 300
333 295 324 301
343 295 334 301
349 295 339 300
354 295 345 300
364 295 357 302
369 295 363 303
390 295 396 294
395 295 400 294
401 295 404 293
302 300 299 300
307 300 305 300
312 300 310 301
317 300 314 305
328 300 320 305
333 300 324 306
343 300 334 306
349 300 340 306
354 300 345 306
364 300 358 307
369 300 368 304
375 300 378 301
380 300 384 301
385 300 390 301
390 300 395 301
395 300 401 300
401 300 405 299
406 300 410 299
312 305 309 306
317 305 314 310
333 305 324 311
338 305 329 311
343 305 335 311
354 305 346 311
364 305 366 307
369 305 373 307
375 305 379 306
380 305 385 306
385 305 389 306
390 305 395 307
395 305 401 307
401 305 406 306
406 305 410 305
411 305 415 305
354 310 352 313
359 310 357 312
364 310 367 311
369 310 373 312
375 310 378 311
380 310 384 312
385 310 389 312
390 310 395 312
395 310 400 312
401 310 406 311
406 310 411 312
411 310 416 312
421 310 421 310
432 310 431 311
437 310 436 311
442 310 441 310
307 316 308 315
312 316 312 316
317 316 320 319
333 316 335 318
349 316 351 317
354 316 356 317
359 316 362 317
364 316 368 317
369 316 372 317
375 316 378 317
380 316 383 318
385 316 389 317
390 316 394 318
395 316 400 318
401 316 405 317
406 316 410 317
411 316 415 318
416 316 420 317
427 316 428 315
442 316 442 316
312 321 316 322
317 321 321 323
323 321 328 322
343 321 346 324
349 321 350 322
354 321 355 323
359 321 361 323
364 321 367 322
369 321 372 322
375 321 378 322
380 321 383 323
385 321 389 323
390 321 394 322
395 321 400 323
406 321 410 323
411 321 415 323
416 321 420 323
442 321 442 320
302 326 304 326
307 326 310 326
312 326 316 328
317 326 323 326
323 326 328 327
343 326 347 329
349 326 351 328
354 326 356 328
364 326 366 328
369 326 372 328
375 326 378 327
380 326 384 328
385 326 389 328
390 326 394 328
395 326 399 328
401 326 404 328
406 326 410 328
411 326 415 329
421 326 425 329
427 326 429 328
442 326 442 326
302 331 303 331
307 331 310 332
312 331 315 333
317 331 323 332
323 331 328 332
333 331 340 332
349 331 351 332
359 331 362 333
364 331 367 332
369 331 373 332
375 331 378 332
385 331 389 333
390 331 394 333
395 331 399 333
401 331 404 333
406 331 409 334
416 331 419 333
421 331 424 334
427 331 429 334
302 336 305 336
307 336 312 337
317 336 323 338
323 336 328 337
328 336 335 334
333 336 340 337
354 336 356 338
359 336 361 337
375 336 377 338
380 336 383 338
385 336 388 338
390 336 394 338
395 336 399 339
437 336 437 336
442 336 442 336
