349 170 329 175
338 175 318 182
343 175 323 181
328 180 309 187
333 180 313 188
338 180 317 188
343 180 322 188
323 186 306 193
338 186 317 194
354 186 333 191
359 186 339 191
380 186 370 186
343 191 322 196
359 191 344 194
390 191 387 191
349 196 334 201
354 196 339 199
364 196 350 197
385 196 377 197
390 196 386 196
317 201 304 206
333 201 322 206
349 201 334 206
354 201 339 206
359 201 345 207
375 201 366 201
380 201 372 201
385 201 376 202
312 206 301 211
323 206 311 211
333 206 317 212
359 206 349 212
364 206 354 211
375 206 366 207
380 206 371 207
317 212 306 215
328 212 312 216
333 212 317 216
349 212 338 217
359 212 347 217
364 212 353 216
369 212 359 215
375 212 365 213
328 217 311 221
333 217 316 222
338 217 328 221
349 217 333 222
354 217 339 222
359 217 345 222
364 217 353 223
375 217 366 219
380 217 374 218
333 222 315 229
338 222 328 226
349 222 332 228
354 222 337 228
359 222 343 228
364 222 353 229
369 222 360 228
375 222 366 223
380 222 374 223
390 222 391 220
312 227 298 233
328 227 311 233
338 227 326 232
349 227 332 233
354 227 337 233
369 227 358 233
375 227 368 229
385 227 386 228
390 227 392 227
297 232 290 237
307 232 295 238
312 232 299 238
323 232 307 238
328 232 311 239
333 232 316 239
349 232 333 239
354 232 342 238
369 232 358 238
375 232 365 238
390 232 392 232
307 238 295 242
312 238 300 243
317 238 305 243
333 238 316 244
343 238 329 243
349 238 334 243
354 238 341 243
359 238 346 243
364 238 352 243
369 238 358 243
390 238 392 238
307 243 299 247
317 243 305 247
323 243 309 248
333 243 317 248
338 243 320 250
343 243 330 249
349 243 335 249
359 243 346 248
364 243 352 248
307 248 300 252
317 248 305 253
323 248 309 253
333 248 317 254
354 248 338 254
359 248 346 254
364 248 351 253
354 253 338 260
359 253 346 260
380 253 373 256
359 258 346 265
369 258 356 265
375 258 363 264
380 258 373 264
354 264 340 271
359 264 345 270
369 264 356 270
375 264 363 269
380 264 373 269
317 269 304 276
328 269 310 276
343 269 327 276
349 269 333 276
369 269 356 275
375 269 363 275
338 274 321 282
343 274 327 281
349 274 332 281
354 274 337 282
359 274 345 282
369 274 357 280
375 274 363 280
338 279 321 287
343 279 326 287
349 279 332 286
354 279 338 286
359 279 345 286
364 279 352 285
369 279 357 285
333 284 318 291
343 284 328 291
349 284 334 291
354 284 339 292
359 284 345 291
364 284 352 291
338 290 324 296
349 290 334 296
354 290 340 296
359 290 346 296
369 290 361 296
338 295 325 301
343 295 330 301
349 295 336 301
354 295 341 301
359 295 347 301
385 295 390 294
343 300 331 306
380 300 383 303
364 305 361 309
375 305 377 308
380 305 383 307
385 305 389 307
385 310 389 313
395 310 400 314
380 316 383 317
390 316 394 318
364 321 366 323
395 321 400 322
401 321 405 322
375 326 378 327
380 326 384 327
390 326 394 327
395 326 399 327
380 331 383 333
385 331 389 333
390 331 394 333
395 331 399 333
401 331 404 333
380 336 383 337
390 336 394 338
395 336 399 338
