588 216 595 210
599 222 603 220
542 227 549 214
548 230 558 216
551 230 560 216
554 233 563 219
602 233 601 229
540 236 545 220
556 236 564 222
559 236 566 222
599 236 598 231
607 236 608 231
610 236 610 231
556 239 563 225
559 239 566 225
599 239 598 235
610 239 610 233
554 242 563 228
559 242 566 228
599 242 598 237
604 242 604 236
610 242 610 236
551 244 557 230
602 244 601 240
604 244 604 239
610 244 610 239
604 247 604 242
613 247 613 242
556 250 561 236
590 250 591 247
593 250 593 247
596 250 598 241
602 250 603 244
590 253 591 249
593 253 594 249
596 253 598 243
602 253 604 247
604 253 606 248
573 256 579 252
585 256 588 252
588 256 590 252
596 256 597 251
599 256 599 251
602 256 603 251
604 256 605 251
607 256 608 251
588 258 590 255
596 258 597 253
599 258 600 254
602 258 603 254
604 258 606 254
607 258 608 254
565 261 565 258
585 261 587 255
596 261 597 255
599 261 600 256
602 261 603 256
604 261 605 256
607 261 608 257
610 261 611 256
619 261 619 258
585 264 587 258
588 264 590 258
590 264 592 259
602 264 603 259
604 264 605 259
607 264 607 259
610 264 611 259
621 264 623 262
582 267 584 261
585 267 587 261
588 267 590 261
593 267 596 262
602 267 602 262
604 267 604 262
607 267 607 262
613 267 613 261
616 267 616 261
582 270 584 264
585 270 587 264
588 270 589 265
590 270 591 265
596 270 598 265
599 270 601 265
613 270 613 264
616 270 616 264
624 270 623 265
630 270 631 267
633 270 634 268
565 273 562 264
582 273 584 267
585 273 586 267
588 273 589 267
590 273 592 268
604 273 607 269
607 273 608 267
610 273 611 267
613 273 613 267
619 273 617 266
621 273 620 267
624 273 623 267
633 273 635 271
635 273 637 272
565 275 562 267
588 275 589 270
604 275 607 273
610 275 610 269
613 275 613 269
616 275 615 269
621 275 619 270
627 275 627 271
630 275 630 272
565 278 561 270
610 278 610 271
613 278 612 272
616 278 616 272
621 278 618 273
624 278 622 273
627 278 627 274
630 278 630 275
633 278 633 275
635 278 636 276
537 281 534 268
602 281 601 278
616 281 615 276
619 281 618 276
621 281 621 276
624 281 624 276
630 281 628 276
635 281 636 278
593 284 593 280
596 284 597 280
610 284 609 278
613 284 613 279
616 284 616 279
619 284 618 279
621 284 621 279
596 287 596 283
610 287 612 281
627 287 626 281
633 287 631 281
635 287 634 281
638 287 636 281
599 290 600 284
602 290 602 284
604 290 605 284
607 290 608 284
610 290 611 284
613 290 614 284
616 290 617 284
621 290 621 283
624 290 623 283
627 290 626 283
630 290 629 283
635 290 634 283
638 290 639 288
641 290 642 288
599 292 599 286
602 292 602 286
604 292 605 286
607 292 609 287
610 292 611 287
621 292 621 286
624 292 623 286
627 292 626 286
630 292 629 286
635 292 633 286
641 292 642 291
644 292 645 291
573 295 575 287
579 295 581 287
590 295 590 286
602 295 602 289
604 295 604 290
616 295 618 289
621 295 621 289
624 295 624 288
627 295 626 288
630 295 629 288
633 295 632 289
638 295 641 297
644 295 645 294
647 295 647 293
579 298 581 290
596 298 596 290
604 298 604 293
607 298 610 299
619 298 620 292
624 298 624 291
596 301 596 292
599 301 599 293
602 301 602 293
604 301 605 296
607 301 607 296
616 301 614 294
621 301 620 294
624 301 623 294
644 301 643 297
647 301 647 297
602 304 602 296
604 304 605 298
619 304 617 297
627 304 628 295
635 304 635 296
588 306 590 297
590 306 592 298
593 306 592 304
644 306 643 300
647 306 647 300
582 309 583 303
585 309 585 303
641 309 641 302
644 309 643 302
613 312 615 313
619 312 619 306
641 312 640 304
647 312 646 304
627 315 630 314
641 315 640 308
644 315 643 306
647 315 646 315
