476 25 475 78
476 42 475 93
510 42 513 94
562 42 562 93
510 59 514 110
528 59 531 110
545 59 545 110
562 59 563 109
580 59 582 109
597 59 597 110
528 77 532 129
580 77 583 127
597 77 598 126
614 77 614 128
458 94 462 139
528 94 530 145
545 94 546 144
562 94 565 144
580 94 584 144
597 94 597 144
632 94 631 143
458 111 461 155
476 111 478 155
632 129 631 170
389 146 401 191
406 146 416 190
562 146 567 191
614 146 615 185
337 163 352 209
354 163 370 207
371 163 384 206
389 163 400 205
406 163 417 205
423 163 432 205
458 163 464 204
476 163 480 202
493 163 498 202
510 163 513 201
528 163 530 201
545 163 548 201
580 163 585 206
25 181 68 238
319 181 334 226
337 181 353 222
354 181 367 221
371 181 385 220
389 181 400 220
406 181 415 219
423 181 432 219
441 181 449 219
476 181 481 218
493 181 497 217
510 181 514 217
528 181 530 216
319 198 336 240
337 198 352 237
354 198 368 235
371 198 384 235
423 198 433 233
458 198 464 232
493 198 497 231
510 198 513 231
614 198 619 239
302 215 319 259
337 215 353 254
354 215 367 252
389 215 400 250
406 215 417 250
476 215 481 248
528 215 531 248
597 215 603 253
614 215 619 250
302 233 320 272
337 233 353 271
371 233 384 269
389 233 401 267
406 233 417 267
458 233 465 263
476 233 481 262
493 233 499 262
510 233 515 262
614 233 621 266
285 250 302 293
319 250 337 290
354 250 368 286
371 250 385 284
389 250 403 284
406 250 419 284
441 250 449 281
458 250 464 281
476 250 482 279
493 250 498 279
510 250 516 279
528 250 534 279
545 250 552 282
580 250 585 281
250 267 272 309
267 267 286 309
285 267 301 309
354 267 368 302
371 267 385 300
389 267 402 301
423 267 432 299
441 267 449 299
458 267 465 298
476 267 483 296
493 267 499 296
510 267 517 296
528 267 535 297
562 267 568 298
371 285 385 317
389 285 400 317
423 285 432 316
441 285 450 316
458 285 467 315
476 285 484 314
493 285 501 314
510 285 517 312
528 285 533 311
545 285 553 316
562 285 571 316
580 285 587 315
337 302 352 345
354 302 369 340
441 302 451 334
458 302 467 333
476 302 484 332
493 302 502 332
510 302 518 330
528 302 535 329
545 302 554 333
562 302 571 335
580 302 589 338
319 319 334 362
354 319 370 360
371 319 386 356
389 319 402 355
406 319 418 354
423 319 436 354
458 319 470 351
476 319 487 351
493 319 502 348
510 319 519 346
528 319 536 345
562 319 575 354
614 319 630 351
302 337 318 378
319 337 335 380
337 337 352 379
354 337 370 378
371 337 386 373
389 337 403 373
423 337 437 372
458 337 471 370
476 337 488 369
493 337 504 366
510 337 520 364
545 337 558 372
580 337 592 375
632 337 651 373
337 354 353 399
354 354 371 396
389 354 404 391
423 354 438 388
476 354 489 388
545 354 561 390
614 354 624 382
302 371 322 415
406 371 421 408
423 371 438 408
441 371 456 409
476 371 490 406
510 371 529 410
528 371 545 409
545 371 563 408
597 371 608 397
614 371 626 397
649 371 661 399
267 389 285 435
389 389 405 428
406 389 423 428
423 389 439 428
441 389 458 427
510 389 530 428
528 389 547 428
597 389 608 413
614 389 626 413
632 389 644 413
649 389 662 413
406 406 426 446
423 406 442 446
441 406 461 446
458 406 475 445
476 406 492 446
493 406 513 443
528 406 547 444
545 406 566 442
597 406 611 431
614 406 627 430
632 406 645 431
649 406 663 429
389 423 408 461
441 423 460 464
458 423 475 464
476 423 494 465
614 423 637 449
