476 25 520 150
476 42 522 163
458 59 511 179
476 94 529 202
632 94 686 188
406 146 479 256
510 163 570 258
528 163 587 256
545 163 607 255
354 181 434 284
371 181 448 283
389 181 461 282
406 181 476 280
424 181 492 279
458 181 523 276
476 181 539 275
493 181 554 272
528 181 588 269
319 198 408 303
354 198 435 297
371 198 448 296
389 198 462 295
406 198 477 292
441 198 508 291
458 198 522 289
476 198 536 287
493 198 553 286
510 198 568 284
354 215 435 312
371 215 448 310
389 215 461 308
424 215 490 306
441 215 506 303
458 215 521 302
476 215 538 301
493 215 552 299
510 215 572 299
528 215 589 298
302 233 396 338
337 233 424 331
389 233 462 324
562 233 634 318
285 250 381 355
302 250 398 352
319 250 412 351
371 250 449 341
424 250 492 335
441 250 510 336
458 250 524 332
476 250 539 330
493 250 555 328
528 250 594 331
562 250 635 332
580 250 653 330
597 250 671 331
250 267 357 370
302 267 397 367
371 267 451 355
389 267 466 355
424 267 493 351
441 267 511 351
458 267 527 349
476 267 542 347
493 267 557 344
562 267 643 352
580 267 660 348
597 267 677 346
302 285 399 391
371 285 452 371
389 285 468 372
406 285 482 372
441 285 514 368
458 285 530 367
476 285 546 366
493 285 560 360
510 285 575 357
545 285 630 371
562 285 647 367
580 285 664 367
302 302 400 407
354 302 442 401
424 302 503 389
458 302 533 385
476 302 549 382
493 302 565 381
510 302 579 377
528 302 596 376
562 302 648 386
580 302 667 385
302 319 400 426
319 319 416 424
371 319 458 412
389 319 473 411
406 319 491 408
424 319 506 412
458 319 535 404
476 319 553 403
493 319 568 398
510 319 581 395
562 319 655 408
389 337 477 432
424 337 510 430
441 337 525 428
458 337 542 428
476 337 560 425
493 337 579 428
545 337 640 429
389 354 479 453
406 354 495 451
424 354 512 448
441 354 528 448
458 354 545 448
649 354 752 438
406 371 497 469
424 371 514 468
441 371 531 468
458 371 547 466
649 389 750 468
