425 239 425 243
438 239 438 243
425 241 425 245
427 241 427 245
466 244 465 249
463 247 462 252
466 247 465 252
416 250 416 254
419 250 418 254
430 250 429 254
433 250 432 254
463 250 461 254
466 250 464 254
468 250 466 255
416 252 416 256
419 252 419 256
422 252 422 256
425 252 424 256
435 252 435 257
466 252 466 258
408 255 408 257
411 255 410 256
433 255 435 260
441 255 443 260
446 255 450 260
449 255 452 259
460 255 461 260
463 255 463 260
466 255 465 260
411 258 411 262
414 258 413 262
446 258 450 262
452 258 455 261
455 258 458 261
460 258 461 263
466 258 465 263
414 261 413 265
455 261 457 266
457 261 459 266
466 261 465 265
411 263 411 268
414 263 413 268
435 263 441 268
455 263 458 268
457 263 460 269
471 263 469 269
408 266 408 277
411 266 411 270
422 266 422 267
427 266 429 268
444 266 449 271
455 266 457 272
457 266 460 272
416 269 416 271
422 269 422 270
427 269 430 271
441 269 445 276
444 269 449 275
460 269 460 274
463 269 462 275
468 269 467 272
416 272 416 273
419 272 419 274
441 272 445 279
444 272 448 279
468 272 467 274
416 274 416 276
419 274 419 276
444 274 448 282
468 274 467 277
411 277 410 290
419 277 418 287
441 277 446 285
471 277 471 277
425 280 425 282
427 280 427 282
468 280 468 280
425 282 424 285
468 282 467 283
427 291 427 287
422 293 421 290
441 293 446 299
444 293 449 289
460 293 460 302
468 293 467 294
441 296 446 302
444 296 448 302
400 299 405 301
427 299 426 309
441 299 446 305
397 302 402 304
400 302 405 304
427 302 426 312
435 302 437 307
438 302 440 307
441 302 446 308
460 302 459 310
397 304 402 306
400 304 404 306
403 304 407 306
416 304 415 304
433 304 434 310
435 304 437 310
405 307 406 308
433 307 435 313
435 307 437 313
444 307 448 313
427 310 426 314
441 310 445 313
383 313 384 313
405 313 406 314
414 313 412 315
427 313 426 317
444 313 448 316
446 313 451 315
381 315 382 315
383 315 385 315
386 315 387 315
392 315 393 315
400 315 404 317
411 315 410 317
414 315 412 318
425 315 423 318
441 315 445 319
444 315 448 319
446 315 451 319
383 318 383 317
386 318 385 317
389 318 390 317
392 318 393 317
394 318 395 317
411 318 410 320
383 321 382 320
386 321 385 320
389 321 390 320
392 321 392 320
430 321 432 324
433 321 435 324
477 321 478 321
381 324 379 323
383 324 384 323
386 324 387 323
389 324 389 323
392 324 392 323
394 324 395 323
397 324 398 323
427 324 431 327
444 324 445 326
479 324 480 325
485 324 484 324
381 326 381 326
383 326 384 326
386 326 387 326
389 326 389 326
392 326 392 326
394 326 395 326
397 326 398 326
427 326 431 329
430 326 434 329
433 326 436 329
435 326 439 329
444 326 447 329
477 326 478 328
485 326 485 327
488 326 487 327
381 329 381 328
383 329 384 328
403 329 404 329
425 329 429 331
427 329 431 331
433 329 436 332
435 329 439 332
438 329 442 332
441 329 444 333
471 329 472 329
479 329 480 330
485 329 485 330
488 329 487 330
378 332 378 331
381 332 381 331
383 332 384 331
386 332 387 331
392 332 393 331
394 332 396 331
397 332 399 332
400 332 402 332
427 332 431 334
438 332 442 334
444 332 448 335
474 332 473 332
477 332 476 333
479 332 480 333
378 335 378 333
381 335 382 333
383 335 385 333
389 335 390 334
392 335 393 335
394 335 396 335
471 335 472 335
477 335 478 335
485 335 485 334
488 335 487 335
381 337 381 337
383 337 388 337
386 337 390 337
392 337 393 337
394 337 396 337
397 337 400 337
400 337 403 337
403 337 405 337
419 337 425 337
433 337 442 337
435 337 444 337
471 337 472 337
474 337 475 337
477 337 477 337
479 337 480 337
485 337 485 337
488 337 487 337
