436 236 431 240
414 239 413 243
416 239 416 243
425 239 425 243
427 239 428 243
430 239 431 243
436 239 434 243
438 239 436 243
408 241 408 246
411 241 411 245
414 241 413 245
416 241 416 245
427 241 426 245
430 241 428 246
433 241 431 246
436 241 434 246
438 241 436 246
452 241 450 246
455 241 452 245
457 241 455 245
460 241 457 246
408 244 408 248
411 244 411 248
414 244 414 248
416 244 416 248
419 244 419 248
422 244 422 248
430 244 428 248
433 244 431 248
436 244 434 248
441 244 439 248
444 244 442 248
446 244 445 248
466 244 463 248
394 247 394 252
408 247 408 251
411 247 411 250
414 247 414 250
425 247 424 251
427 247 427 251
452 247 450 251
455 247 452 251
457 247 455 250
468 247 465 251
403 250 402 250
405 250 405 251
408 250 408 254
411 250 411 253
419 250 419 253
422 250 422 253
436 250 434 253
438 250 437 253
441 250 439 253
446 250 445 253
449 250 447 253
452 250 450 253
455 250 453 253
457 250 456 253
460 250 458 253
463 250 460 253
466 250 463 253
468 250 466 253
405 252 406 260
408 252 408 257
414 252 413 255
416 252 416 255
425 252 424 255
427 252 427 255
430 252 430 255
452 252 453 255
460 252 459 255
466 252 463 256
468 252 466 256
381 255 381 270
383 255 384 270
408 255 408 260
411 255 410 257
422 255 420 260
425 255 425 257
441 255 445 258
444 255 447 258
449 255 453 257
411 258 410 260
414 258 414 260
416 258 417 260
441 258 445 260
444 258 447 260
405 261 405 262
408 261 408 262
411 261 410 263
414 261 414 263
416 261 417 262
419 261 420 262
422 261 422 260
427 261 425 263
430 261 433 263
433 261 439 261
436 261 445 269
441 261 450 263
463 261 460 263
468 261 466 261
405 263 405 278
408 263 408 278
416 263 417 265
422 263 422 263
430 263 436 263
438 263 448 266
441 263 450 266
444 263 453 265
446 263 456 266
460 263 458 266
463 263 460 266
414 266 413 268
419 266 419 266
422 266 422 266
425 266 424 266
444 266 452 269
416 269 416 268
419 269 418 268
425 269 422 271
438 269 447 274
455 269 454 274
460 269 460 275
416 272 416 271
438 272 441 271
452 272 455 277
455 272 457 278
419 274 417 279
422 274 419 279
425 274 422 279
446 274 446 280
460 274 460 281
408 277 408 296
411 277 410 296
433 277 438 274
446 277 446 282
460 277 460 283
378 280 378 281
422 280 419 283
425 280 424 283
427 280 427 283
449 280 449 282
416 282 415 285
425 282 425 285
427 282 427 285
446 282 446 285
460 282 461 278
381 285 381 285
438 285 441 285
446 285 446 288
381 288 380 289
463 288 460 289
381 291 380 292
485 291 477 292
490 291 482 291
493 291 493 291
383 293 382 295
411 293 413 302
463 293 460 297
466 293 462 297
479 293 471 294
482 293 474 295
488 293 488 295
490 293 491 294
493 293 493 295
411 296 412 304
425 296 424 302
446 296 454 302
466 296 462 299
479 296 471 298
488 296 488 297
490 296 490 297
493 296 493 297
408 299 409 307
416 299 416 299
419 299 418 299
452 299 461 305
381 302 381 301
400 302 407 304
430 302 435 308
479 302 483 300
493 302 493 300
389 304 398 303
400 304 407 306
471 304 462 318
381 307 385 303
397 307 405 308
436 307 440 311
438 307 449 307
446 307 455 308
493 307 494 303
394 310 404 310
416 310 415 301
438 310 448 310
444 310 452 311
446 310 455 310
449 310 458 311
452 310 460 311
493 310 493 309
383 313 387 309
386 313 390 309
397 313 407 313
433 313 438 313
441 313 449 313
444 313 452 313
446 313 454 313
449 313 457 313
463 313 468 322
383 315 387 311
433 315 438 316
436 315 441 316
438 315 446 316
441 315 449 316
446 315 454 316
482 315 482 314
488 315 488 315
490 315 491 316
493 315 494 316
386 318 390 313
389 318 393 313
430 318 434 319
433 318 437 319
436 318 441 319
438 318 443 319
479 318 479 317
488 318 488 319
490 318 490 318
493 318 493 319
386 321 390 316
389 321 393 315
392 321 395 316
419 321 421 321
422 321 423 321
427 321 432 321
430 321 435 321
433 321 438 321
436 321 440 321
479 321 479 320
485 321 484 320
493 321 493 322
381 324 381 318
392 324 396 318
403 324 407 320
405 324 409 321
408 324 412 321
427 324 435 324
430 324 437 324
479 324 479 323
485 324 484 323
488 324 487 323
490 324 490 324
493 324 493 324
381 326 381 321
383 326 384 321
400 326 407 323
405 326 409 323
408 326 412 324
419 326 423 325
436 326 439 325
479 326 480 327
485 326 485 327
488 326 488 326
490 326 490 326
381 329 381 324
383 329 387 324
400 329 407 326
425 329 434 330
427 329 436 330
444 329 451 330
446 329 453 329
471 329 471 330
474 329 473 330
477 329 476 330
479 329 480 330
485 329 485 329
488 329 488 330
490 329 490 329
493 329 493 329
381 332 382 327
383 332 385 327
389 332 398 326
394 332 403 329
400 332 407 329
403 332 410 329
427 332 436 332
446 332 454 332
457 332 459 333
468 332 471 333
477 332 476 332
479 332 480 333
490 332 491 333
381 335 379 334
386 335 396 329
394 335 403 332
400 335 408 332
403 335 410 332
425 335 429 334
441 335 450 336
446 335 454 335
455 335 456 335
457 335 459 335
463 335 463 335
466 335 466 335
468 335 470 335
477 335 476 335
479 335 479 335
485 335 485 334
488 335 487 334
383 337 382 337
386 337 390 337
403 337 412 337
425 337 429 337
460 337 460 337
463 337 463 337
466 337 465 337
468 337 468 337
485 337 484 337
488 337 487 337
