392 228 458 230
397 228 463 230
394 230 460 232
397 230 463 233
381 236 422 244
392 236 454 238
394 236 457 238
400 236 460 239
408 236 397 270
397 239 458 242
400 239 460 242
381 241 391 266
400 241 460 245
397 247 458 249
400 247 460 249
394 252 455 253
397 255 457 255
419 255 400 279
405 263 457 252
397 266 455 263
386 269 457 280
397 269 455 266
383 272 454 276
386 272 457 283
397 272 455 269
400 272 457 269
416 272 462 255
383 274 454 279
416 274 462 257
405 277 457 263
408 282 427 323
425 282 466 257
422 285 419 279
425 285 421 279
427 285 468 260
433 285 402 301
403 288 441 263
427 288 468 266
433 288 402 304
438 288 406 303
433 291 402 307
438 291 407 306
378 293 378 311
381 296 424 298
416 296 470 318
427 310 466 301
430 310 468 301
427 313 466 305
436 318 468 310
430 321 452 294
422 324 424 326
405 326 438 323
397 329 427 329
400 329 429 329
397 332 427 332
400 332 429 332
433 332 435 332
386 335 422 334
397 335 427 335
400 335 429 335
433 335 435 334
433 337 435 337
444 337 464 337
