431 238 448 222
431 242 452 225
437 242 459 222
440 242 463 220
453 242 466 211
425 245 449 226
434 245 456 224
440 248 465 225
443 248 467 223
428 251 459 229
459 251 475 243
434 254 456 255
449 254 470 249
428 257 451 260
434 257 457 258
437 257 461 258
459 257 482 248
465 257 491 241
428 260 451 264
437 260 462 261
440 260 466 260
459 260 483 253
431 263 460 265
434 263 464 263
456 263 493 248
434 267 465 266
456 267 494 251
459 267 497 250
462 267 501 249
465 267 469 225
462 270 485 259
425 273 457 278
431 273 468 274
453 273 483 264
462 273 487 263
403 282 428 242
409 282 437 236
393 285 415 251
409 285 438 238
396 288 420 281
415 298 454 279
415 301 455 283
446 301 474 280
