510 163 618 165
528 163 638 165
545 163 668 169
562 163 686 170
580 163 712 171
597 163 728 173
614 163 756 175
632 163 779 176
666 163 801 172
510 181 617 183
528 181 636 184
614 181 752 198
632 181 773 199
649 181 793 199
666 181 812 199
510 198 615 201
528 198 634 202
545 198 654 206
649 198 793 219
666 198 809 221
510 215 613 218
528 215 632 220
545 215 651 224
632 215 771 236
649 215 788 240
666 215 809 242
493 233 595 238
510 233 611 238
528 233 629 240
545 233 650 242
562 233 680 248
649 233 788 259
666 233 807 261
458 250 552 253
476 250 573 254
510 250 611 256
545 250 648 259
562 250 664 260
580 250 694 264
597 250 713 267
614 250 732 268
649 250 787 279
666 250 806 280
424 267 508 268
441 267 530 267
458 267 551 268
476 267 570 269
493 267 589 271
510 267 608 273
528 267 626 275
545 267 646 277
580 267 685 280
597 267 707 283
614 267 730 286
649 267 786 300
666 267 806 300
406 285 496 281
424 285 514 281
441 285 531 282
458 285 549 284
476 285 567 286
493 285 587 288
510 285 605 290
528 285 624 292
545 285 642 294
562 285 663 296
580 285 684 299
597 285 706 303
614 285 728 306
649 285 785 322
666 285 804 324
406 302 495 297
424 302 513 298
441 302 530 299
458 302 547 301
476 302 565 303
493 302 583 305
510 302 602 307
528 302 621 310
545 302 640 312
562 302 664 315
580 302 681 316
597 302 704 321
614 302 727 324
632 302 747 329
649 302 782 339
666 302 801 341
389 319 470 316
406 319 494 314
424 319 511 316
441 319 528 317
458 319 545 319
476 319 564 321
493 319 582 323
510 319 599 325
528 319 619 328
545 319 638 330
562 319 658 333
580 319 680 335
597 319 700 339
614 319 724 344
632 319 745 346
649 319 766 348
666 319 792 353
389 337 476 329
406 337 492 331
424 337 509 331
441 337 525 333
458 337 544 337
476 337 563 339
493 337 581 340
510 337 597 341
528 337 616 345
545 337 636 349
562 337 655 350
580 337 677 353
597 337 698 357
614 337 722 362
632 337 743 365
649 337 765 368
666 337 787 372
406 354 491 347
424 354 507 349
441 354 522 351
458 354 541 353
476 354 560 356
493 354 576 357
510 354 595 360
528 354 615 365
545 354 635 367
562 354 653 369
580 354 673 371
597 354 699 378
632 354 743 385
649 354 763 388
666 354 787 391
354 371 442 357
371 371 458 358
406 371 489 366
458 371 539 371
476 371 557 374
493 371 574 377
510 371 594 380
528 371 614 382
545 371 632 384
562 371 652 387
580 371 670 390
597 371 694 397
632 371 740 404
649 371 760 406
666 371 784 411
684 371 809 414
424 389 505 382
441 389 521 386
476 389 556 392
510 389 593 398
528 389 611 401
545 389 631 403
562 389 651 405
580 389 669 409
597 389 691 413
632 389 738 423
649 389 758 425
666 389 782 431
684 389 808 433
406 406 485 400
441 406 520 406
476 406 555 410
493 406 573 414
510 406 592 416
528 406 610 420
545 406 629 421
562 406 648 425
580 406 667 427
632 406 736 443
649 406 757 444
666 406 780 451
441 424 519 424
458 424 535 426
476 424 553 429
493 424 572 432
510 424 590 435
528 424 609 438
545 424 628 441
562 424 646 445
580 424 665 449
614 424 711 465
632 424 734 463
649 424 756 464
406 441 479 433
424 441 497 436
476 441 552 447
493 441 570 450
510 441 589 453
528 441 607 456
545 441 626 460
562 441 646 463
580 441 666 467
597 441 689 471
632 441 732 478
649 441 750 479
389 458 461 448
406 458 474 451
424 458 496 455
441 458 512 456
458 458 531 460
510 458 586 474
528 458 605 474
371 476 437 464
389 476 452 477
406 476 474 477
424 476 493 477
441 476 509 478
458 476 528 476
476 476 546 478
493 476 565 479
666 476 782 479
