1 0 0 0.05831152200698853 
0 1 0 -0.2219620198011398 
0 0 1 -0.7369999885559082 
0 0 0 1 

0.9973066449165344 -0.06040605530142784 0.04159989953041077 0.07612481713294983 
0.05765248462557793 0.9962521195411682 0.06448141485452652 -0.2310877740383148 
-0.04533910378813744 -0.06190937012434006 0.9970514178276062 -0.7114840149879456 
0 0 0 1 

0.9883648753166199 -0.08386974781751633 0.1268879324197769 0.07758693397045135 
0.07330242544412613 0.9936137795448303 0.08578062802553177 -0.2343139052391052 
-0.1332720369100571 -0.07548130303621292 0.9882009029388428 -0.7078663110733032 
0 0 0 1 

0.9700967669487 -0.1219284012913704 0.2098704874515533 0.0759502500295639 
0.1009939536452293 0.9890329837799072 0.1077676936984062 -0.2383231222629547 
-0.220708817243576 -0.08334938436746597 0.971771776676178 -0.7022538781166077 
0 0 0 1 

0.948085606098175 -0.162615641951561 0.2732941508293152 0.06772319972515106 
0.1429937928915024 0.9855878353118896 0.09038471430540085 -0.2462663203477859 
-0.2840533554553986 -0.04661301895976067 0.9576746821403503 -0.6956003308296204 
0 0 0 1 

