535 217 535 216
538 217 538 216
430 219 429 220
501 219 530 223
506 219 499 219
509 219 502 219
430 222 429 223
477 222 488 221
496 222 525 226
498 222 527 226
501 222 530 226
474 224 480 225
506 224 504 224
430 227 429 269
472 227 533 225
474 227 481 228
477 227 483 228
496 227 496 226
498 227 499 226
503 227 531 229
430 230 430 281
496 230 495 228
506 230 501 227
432 232 434 274
496 232 526 236
474 238 516 240
477 238 521 239
480 238 524 238
482 238 527 238
482 240 527 240
506 240 519 230
461 243 495 238
461 246 495 240
464 246 497 241
535 246 536 222
432 248 437 288
467 248 496 252
501 248 500 251
503 248 502 252
509 248 516 231
432 251 437 291
435 251 440 291
501 251 510 244
506 251 513 234
509 251 516 234
511 251 519 234
535 251 532 294
519 254 525 307
538 254 538 269
538 256 538 272
519 259 511 235
485 261 512 274
490 261 517 272
535 261 534 303
488 264 514 275
490 264 517 275
488 267 513 278
490 267 518 278
509 267 520 249
522 267 531 246
488 269 513 282
490 269 519 281
519 269 529 250
522 269 531 249
448 272 436 221
459 272 445 218
461 272 449 217
464 272 452 217
506 272 484 253
430 275 430 230
435 275 434 235
451 275 439 223
459 275 446 221
464 275 453 219
467 275 464 220
474 275 464 218
498 275 508 270
509 275 486 256
530 275 534 228
533 275 537 228
430 277 430 233
432 277 432 238
451 277 438 228
453 277 441 227
456 277 444 224
459 277 447 224
509 277 486 259
535 277 530 240
430 280 429 239
461 280 451 226
467 280 454 225
469 280 457 225
493 280 503 292
522 280 520 292
459 283 448 229
461 283 451 229
464 283 454 228
472 283 463 224
493 283 503 295
519 283 501 263
445 285 437 235
451 285 442 235
453 285 445 233
459 285 449 233
461 285 451 232
464 285 455 231
472 285 463 228
517 285 513 269
530 285 536 260
443 288 434 238
445 288 438 237
448 288 440 237
451 288 443 237
453 288 445 237
459 288 452 235
469 288 460 231
472 288 464 231
474 288 469 230
477 288 472 229
498 288 495 303
530 288 536 263
443 290 438 241
448 290 441 240
451 290 443 240
453 290 446 240
459 290 449 238
467 290 458 234
469 290 461 234
472 290 464 234
477 290 472 232
480 290 475 232
530 290 537 266
437 293 432 244
448 293 441 243
453 293 447 242
469 293 462 236
517 293 481 287
445 296 439 246
448 296 442 246
451 296 445 246
467 296 459 240
469 296 462 239
472 296 464 239
474 296 468 239
482 296 476 237
535 296 531 279
445 298 439 249
448 298 442 248
459 298 454 246
467 298 460 246
469 298 462 245
472 298 464 242
474 298 468 242
480 298 474 241
482 298 476 240
514 298 532 308
459 301 454 250
461 301 457 250
477 301 471 244
480 301 474 243
482 301 477 243
511 301 513 300
437 304 434 252
453 304 449 250
467 304 459 249
469 304 463 248
482 304 477 246
511 304 513 303
525 304 526 283
437 306 434 255
474 306 469 247
482 306 478 249
498 306 501 281
503 306 489 279
522 306 523 287
530 306 526 268
440 309 438 257
456 309 439 252
464 309 455 253
496 309 498 285
498 309 501 285
501 309 486 283
509 309 507 307
511 309 519 305
527 309 526 290
530 309 529 289
533 309 533 289
535 309 536 290
432 312 432 263
435 312 435 262
459 312 446 257
461 312 449 256
467 312 455 255
474 312 475 250
496 312 499 287
498 312 501 287
511 312 521 307
430 314 429 314
432 314 432 265
435 314 436 265
437 314 439 264
451 314 440 260
467 314 459 258
472 314 470 256
474 314 475 253
498 314 470 315
501 314 474 315
503 314 479 314
522 314 515 309
430 317 429 316
451 317 441 264
464 317 465 263
467 317 465 260
514 317 505 307
522 317 515 312
525 317 518 311
430 320 430 322
459 320 452 271
498 320 510 318
501 320 498 320
503 320 480 321
535 320 536 317
538 320 538 317
430 322 429 320
451 322 443 275
496 322 454 324
498 322 457 323
501 322 460 320
506 322 484 323
525 322 496 323
530 322 533 321
535 322 537 320
538 322 538 319
485 325 480 323
488 325 514 324
490 325 517 323
527 325 530 324
538 325 538 323
437 327 431 328
451 327 501 327
453 327 505 327
456 327 509 327
482 327 475 327
485 327 511 327
488 327 514 327
490 327 517 327
493 327 520 327
503 327 461 328
525 327 528 327
530 327 533 327
533 327 535 326
538 327 538 328
