406 25 512 206
285 111 443 275
319 111 467 272
354 111 485 269
371 111 503 270
406 111 523 266
441 111 553 263
476 111 577 258
493 111 592 257
267 146 432 291
285 146 444 290
319 146 464 287
354 146 486 284
371 146 501 285
406 146 523 281
458 146 560 275
476 146 574 272
267 163 432 306
302 181 452 306
337 181 472 302
354 181 486 301
371 181 502 299
406 181 522 295
424 181 537 294
458 181 562 291
476 181 579 294
267 198 433 332
302 198 452 321
319 198 466 319
510 198 633 322
267 215 435 345
354 215 489 324
371 215 502 321
406 215 524 316
424 215 539 313
458 215 562 311
476 215 580 313
267 233 436 361
302 233 455 347
337 233 478 345
354 233 492 343
371 233 507 344
406 233 527 334
510 233 635 347
528 233 655 344
302 250 455 363
337 250 479 360
354 250 492 362
371 250 507 359
406 250 529 352
267 267 440 419
302 267 456 380
337 267 480 379
354 267 496 379
371 267 509 377
389 267 525 373
424 267 549 369
371 285 519 407
389 285 531 405
424 285 553 384
476 285 590 365
250 302 427 456
302 302 467 456
371 302 522 433
389 302 537 429
424 302 555 408
371 319 526 461
406 319 556 447
