441 236 425 232
419 241 409 240
466 241 448 237
414 247 406 247
422 247 411 245
425 247 414 244
444 247 434 240
446 247 437 240
411 250 404 250
414 250 406 249
416 250 409 247
419 250 412 247
425 250 414 246
427 250 420 244
430 250 423 244
433 250 426 244
408 252 401 255
411 252 404 255
414 252 406 252
427 252 419 246
430 252 422 246
479 252 469 247
405 255 398 258
408 255 401 257
411 255 404 257
416 255 412 257
419 255 415 258
422 255 418 258
427 255 417 249
479 255 469 250
405 258 398 261
408 258 402 260
411 258 405 261
414 258 408 260
416 258 411 260
411 261 405 264
389 263 383 267
411 263 405 267
414 263 409 269
433 263 421 260
482 263 474 262
389 266 383 270
405 266 399 270
411 266 405 270
474 266 465 265
386 269 381 273
389 269 384 273
430 272 418 260
444 272 432 262
389 274 385 282
394 274 388 279
400 274 395 276
444 274 432 265
446 274 435 265
444 277 432 260
449 277 438 260
452 280 441 263
452 282 441 266
466 285 451 276
392 288 385 287
394 288 388 287
466 288 452 279
455 291 441 274
452 293 438 277
455 293 441 277
455 296 441 280
457 296 444 279
400 302 394 305
405 302 400 303
400 304 394 307
405 304 401 306
403 307 397 310
452 307 450 296
403 310 397 312
452 310 450 299
403 313 398 314
411 313 406 315
400 321 394 320
