466 233 466 233
468 233 468 233
479 244 480 244
422 252 435 246
479 252 479 253
482 252 482 251
482 255 482 254
482 263 481 263
482 266 481 267
427 274 437 264
455 280 468 279
457 280 470 279
452 282 464 282
452 285 464 285
452 288 464 288
449 293 467 285
463 307 485 293
463 310 484 295
466 310 487 295
468 310 489 296
457 313 475 300
463 313 484 299
466 315 486 302
422 321 441 309
433 321 448 310
436 321 450 310
441 321 453 311
430 324 444 312
433 324 447 313
436 324 449 313
441 324 452 313
444 324 455 314
455 324 470 311
457 324 474 307
460 324 478 307
436 326 446 316
438 326 448 316
441 326 452 316
449 326 461 314
452 326 465 314
460 326 477 310
463 326 480 310
433 329 443 319
436 329 445 319
438 329 449 319
441 329 452 319
