477 233 454 227
471 239 451 231
477 239 455 230
414 241 394 244
436 241 424 233
444 241 427 233
471 241 451 233
477 241 456 233
411 244 397 246
416 244 401 243
427 244 415 238
436 244 424 235
446 244 429 236
474 244 454 236
477 244 457 235
411 247 396 249
414 247 399 247
425 247 412 241
444 247 427 239
474 247 454 238
477 247 457 238
479 247 459 238
405 250 390 253
411 250 397 252
414 250 399 250
416 250 402 249
419 250 404 247
455 250 424 249
457 250 426 249
479 250 460 240
381 252 386 245
383 252 389 244
411 252 397 254
414 252 400 253
416 252 402 252
419 252 404 251
449 252 421 252
455 252 424 252
457 252 426 252
460 252 429 252
479 252 460 243
405 255 391 257
411 255 397 257
397 258 385 260
400 258 389 260
403 258 391 260
405 258 394 260
408 258 397 260
411 258 399 261
414 258 402 260
416 258 405 258
392 261 383 262
397 261 385 263
400 261 389 264
403 261 391 263
405 261 393 263
408 261 396 263
411 261 399 263
414 261 402 263
460 261 432 249
392 263 382 265
397 263 386 266
400 263 389 266
403 263 392 266
408 263 396 266
411 263 399 266
414 263 402 266
394 266 383 269
403 266 394 272
411 266 400 269
479 266 466 262
394 269 386 274
405 269 396 271
425 269 408 264
430 269 413 263
427 272 410 266
392 274 405 274
403 274 397 275
430 274 413 268
446 274 429 262
468 274 435 260
397 277 388 279
400 277 395 278
405 277 399 277
468 277 437 263
471 277 441 263
394 280 387 282
397 280 388 282
466 280 435 265
468 280 438 266
471 280 441 266
490 280 482 279
392 282 408 285
397 282 388 285
403 282 397 285
419 282 438 277
460 282 432 265
389 285 403 282
436 285 423 277
466 285 465 265
488 285 473 287
378 288 378 287
386 288 400 285
392 288 405 283
400 288 391 288
466 288 465 268
488 288 472 290
493 288 493 290
378 291 378 290
392 291 408 290
430 291 418 282
466 291 464 270
381 293 381 294
430 293 418 284
493 293 493 295
400 296 392 298
403 296 396 298
468 296 466 276
400 299 391 301
403 299 394 299
471 299 487 295
394 302 410 297
400 302 391 304
403 302 395 304
408 302 408 302
411 302 413 301
422 302 435 298
436 302 421 284
452 302 441 312
463 302 455 299
394 304 388 307
400 304 392 307
403 304 397 307
433 304 419 287
436 304 420 287
460 304 452 303
463 304 455 303
477 304 439 307
394 307 389 310
397 307 392 310
405 307 399 307
408 307 403 307
446 307 433 320
460 307 452 306
463 307 455 306
477 307 438 309
394 310 389 313
397 310 392 313
403 310 394 310
405 310 399 311
408 310 403 311
416 310 430 304
419 310 433 304
446 310 433 323
449 310 435 323
455 310 440 323
378 313 378 313
381 313 381 313
383 313 383 313
400 313 395 315
405 313 400 313
411 313 405 313
446 313 433 326
449 313 435 326
463 313 460 292
468 313 465 290
474 313 469 291
378 315 378 315
381 315 381 316
383 315 383 316
386 315 386 316
416 315 430 309
466 315 463 295
468 315 464 293
471 315 465 295
474 315 468 295
378 318 378 318
381 318 381 318
383 318 383 318
386 318 386 318
416 318 430 312
419 318 433 312
422 318 408 317
425 318 414 317
444 318 400 331
468 318 463 298
471 318 466 298
474 318 469 298
477 318 471 299
378 321 378 321
381 321 380 320
383 321 383 321
386 321 386 321
422 321 411 320
378 324 377 323
477 324 471 306
378 326 378 326
381 326 380 326
466 326 460 312
468 326 463 312
477 326 471 309
378 329 378 330
408 329 387 327
411 329 389 326
452 329 474 320
455 329 477 320
490 329 487 315
493 329 490 315
378 332 378 332
405 332 383 331
408 332 386 331
411 332 392 332
493 332 491 318
378 335 378 335
386 335 398 335
403 335 381 335
405 335 383 334
408 335 386 334
411 335 389 334
430 335 438 332
433 335 441 334
457 335 455 334
479 335 494 334
378 337 378 337
403 337 381 337
405 337 384 337
408 337 386 337
460 337 454 337
477 337 490 337
479 337 474 337
493 337 493 337
