457 233 457 238
460 233 460 238
463 233 463 238
474 233 479 241
477 233 483 242
449 236 439 237
457 236 459 241
460 236 462 241
463 236 465 242
474 236 477 245
477 236 480 245
446 239 434 240
449 239 437 240
455 239 462 243
457 239 459 243
463 239 466 244
466 239 471 245
468 239 473 245
435 241 445 242
438 241 447 243
444 241 452 243
446 241 433 242
455 241 462 246
457 241 459 246
463 241 465 247
466 241 467 247
468 241 473 247
471 241 475 248
408 244 419 239
411 244 424 239
414 244 429 240
441 244 450 245
449 244 456 247
463 244 464 250
466 244 468 250
471 244 473 250
408 247 419 241
411 247 422 241
414 247 425 242
444 247 456 249
446 247 458 251
452 247 453 251
466 247 464 252
479 247 482 259
408 250 419 244
411 250 422 244
414 250 425 244
416 250 428 245
433 250 442 251
411 252 422 248
433 252 441 254
463 252 467 266
400 255 403 300
403 258 397 305
405 258 400 305
482 258 483 259
403 261 397 309
405 261 400 309
386 263 416 256
477 263 478 264
455 266 461 266
389 269 419 261
419 269 430 273
485 269 483 273
383 272 414 256
389 272 418 264
452 272 457 272
457 272 464 272
460 272 467 272
482 272 481 262
485 272 483 276
389 274 417 267
438 274 434 288
449 274 443 283
457 274 449 283
389 277 416 270
457 277 450 286
466 277 475 275
468 277 478 275
488 277 489 288
455 280 447 288
457 280 449 288
460 280 452 288
463 280 470 278
466 280 475 278
490 280 486 281
414 282 421 275
383 288 381 288
468 288 480 295
411 291 418 281
452 291 455 280
485 291 477 292
411 293 418 285
414 293 422 285
493 293 493 299
457 299 459 306
493 299 493 305
405 302 488 291
408 302 491 291
444 302 431 294
405 304 488 293
435 304 442 308
444 304 431 296
441 307 426 299
485 307 484 329
460 310 443 302
463 310 490 301
378 313 378 313
386 313 386 311
378 315 378 315
381 315 381 315
383 315 383 315
381 318 380 318
422 318 434 314
446 318 453 311
455 318 477 310
457 318 480 310
460 318 483 310
474 318 490 313
446 321 453 314
452 321 455 317
455 321 476 312
457 321 480 312
460 321 483 312
474 321 490 315
452 324 471 314
455 324 475 314
468 324 481 321
446 326 461 317
452 326 470 317
455 326 474 317
438 329 453 320
441 329 456 320
449 329 461 322
466 329 487 318
463 332 475 332
438 335 447 331
441 335 450 330
446 335 455 331
452 335 461 334
455 335 463 334
457 335 469 335
463 335 474 334
466 335 478 335
468 335 483 335
452 337 460 337
471 337 486 337
474 337 489 337
477 337 492 337
