338 149 329 149
323 154 307 158
328 154 325 152
333 154 329 152
338 154 355 150
338 160 355 154
343 160 360 155
369 160 369 153
307 165 314 157
343 165 359 159
349 165 364 160
354 165 370 160
359 165 375 159
380 165 386 160
281 170 270 175
302 170 291 174
317 170 333 159
338 170 354 163
349 170 360 165
354 170 371 164
359 170 377 164
380 170 385 164
385 170 391 165
281 175 271 180
312 175 303 179
317 175 308 180
349 175 360 171
395 175 408 180
307 180 297 184
312 180 302 183
395 180 408 184
286 186 281 184
390 186 398 190
395 186 407 190
281 191 275 189
286 191 280 189
307 191 295 194
317 191 302 196
328 191 322 189
395 191 407 195
271 196 265 196
312 196 301 200
328 196 322 195
375 196 379 200
390 196 408 212
395 196 412 212
401 196 416 203
271 201 265 200
317 201 307 204
380 201 353 202
390 201 396 200
395 201 402 201
401 201 416 217
291 206 293 200
317 206 317 210
349 206 322 215
375 206 343 211
380 206 350 211
395 206 410 224
276 212 269 210
302 212 300 210
312 212 312 215
349 212 318 221
354 212 326 221
375 212 343 217
380 212 349 217
385 212 400 229
390 212 406 228
395 212 411 229
401 212 416 228
312 217 307 222
317 217 312 223
349 217 318 226
354 217 323 227
369 217 337 227
380 217 396 234
385 217 400 234
395 217 410 234
401 217 415 234
276 222 275 222
302 222 300 222
312 222 306 228
343 222 307 232
354 222 322 232
359 222 316 233
395 222 410 239
406 222 405 260
338 227 300 236
343 227 306 237
354 227 316 238
359 227 323 239
364 227 328 239
369 227 333 239
385 227 365 238
349 232 306 244
354 232 315 244
359 232 323 245
364 232 328 245
369 232 336 243
390 232 384 237
349 238 310 249
380 238 352 248
390 238 384 242
395 238 391 243
349 243 310 255
354 243 322 254
364 243 326 253
380 243 349 253
359 248 321 259
364 248 326 260
375 248 343 258
380 248 348 258
395 248 390 250
343 253 307 265
349 253 312 265
364 253 326 266
375 253 343 263
380 253 349 264
390 253 380 258
333 258 295 268
349 258 310 269
369 258 328 270
375 258 344 268
380 258 347 269
302 264 290 274
328 264 296 273
333 264 302 273
349 264 307 275
359 264 318 276
369 264 327 274
406 264 410 261
302 269 291 237
333 269 301 278
349 269 307 280
369 269 327 280
375 269 353 273
395 269 396 270
302 274 299 295
343 274 305 284
354 274 314 286
364 274 323 284
390 274 393 274
395 274 399 276
406 274 407 275
349 279 310 290
354 279 315 290
364 279 323 289
349 284 311 294
354 284 315 294
359 284 320 295
385 284 389 284
390 284 395 285
406 284 405 282
354 290 316 299
359 290 320 299
375 290 359 290
385 290 389 290
390 290 395 290
395 290 400 291
323 295 311 307
349 295 310 302
364 295 338 294
385 295 385 300
390 295 395 296
395 295 400 295
401 295 405 296
406 295 406 291
364 300 338 300
375 300 369 301
380 300 380 305
385 300 388 302
390 300 394 301
395 300 400 301
401 300 405 299
406 300 409 300
380 305 382 307
385 305 387 307
390 305 394 306
395 305 399 306
401 305 405 306
406 305 410 305
411 305 415 305
359 310 357 311
364 310 362 310
369 310 370 311
375 310 376 312
380 310 382 312
385 310 387 312
390 310 394 311
395 310 399 312
401 310 404 312
411 310 415 312
421 310 425 311
437 310 435 310
442 310 442 311
354 316 353 315
359 316 357 316
364 316 364 317
369 316 370 317
375 316 375 317
380 316 381 317
385 316 387 318
390 316 393 318
395 316 398 318
401 316 404 318
416 316 420 317
421 316 425 317
427 316 429 316
437 316 436 316
442 316 442 316
333 321 339 322
338 321 343 321
349 321 348 321
354 321 353 321
359 321 359 323
364 321 365 323
369 321 370 323
375 321 375 322
380 321 381 323
385 321 386 323
390 321 393 323
395 321 398 323
401 321 403 323
406 321 408 323
411 321 414 324
416 321 419 323
442 321 442 321
312 326 320 325
323 326 328 327
338 326 343 326
349 326 348 327
354 326 354 327
364 326 364 328
369 326 370 328
375 326 375 328
380 326 381 328
385 326 386 328
390 326 393 328
395 326 398 328
401 326 403 328
406 326 408 329
411 326 413 329
416 326 418 329
432 326 435 328
442 326 442 326
323 331 328 331
328 331 335 331
333 331 341 331
343 331 346 332
354 331 354 332
359 331 359 333
364 331 364 333
369 331 370 333
375 331 375 333
380 331 381 333
385 331 386 334
390 331 392 334
395 331 397 334
401 331 402 334
406 331 408 334
416 331 417 335
427 331 427 334
432 331 434 335
307 336 312 338
312 336 319 336
323 336 328 336
328 336 333 337
354 336 354 338
359 336 358 338
364 336 364 339
369 336 369 338
375 336 375 339
380 336 380 339
385 336 387 339
395 336 396 339
401 336 402 339
406 336 407 339
411 336 412 339
421 336 421 339
427 336 426 338
432 336 431 337
437 336 437 339
442 336 442 338
