551 205 568 209
565 211 600 278
573 216 593 209
534 227 549 216
604 233 604 236
540 236 566 278
568 236 576 248
607 236 615 231
548 239 573 278
604 239 611 233
534 244 539 225
565 244 574 262
582 244 579 256
616 244 623 262
531 247 536 245
548 247 573 281
582 247 571 241
607 250 603 253
534 253 538 252
540 253 542 252
542 253 544 253
616 253 610 251
624 253 626 267
551 256 605 269
554 256 607 269
590 256 583 242
613 256 606 254
616 256 609 255
621 256 623 268
627 256 629 270
537 258 537 258
554 258 607 272
616 258 608 257
627 258 628 272
630 258 632 273
590 261 583 246
613 261 605 260
630 261 632 275
537 264 569 281
590 264 584 264
627 267 617 267
635 267 628 275
528 270 540 268
602 270 601 272
621 270 613 271
627 270 617 271
630 270 619 271
635 270 622 271
619 273 610 273
633 273 619 274
635 273 621 274
542 275 570 271
613 275 606 275
630 275 615 277
633 275 618 278
635 275 621 278
565 278 560 282
602 278 587 286
621 278 610 277
630 278 615 280
633 278 618 280
635 278 622 281
638 278 624 281
641 278 627 282
644 278 630 282
647 278 634 282
559 281 556 286
562 281 559 286
571 281 566 286
573 281 568 286
610 281 604 279
613 281 606 279
621 281 609 279
635 281 622 283
638 281 624 284
548 284 582 278
556 284 553 287
559 284 556 288
562 284 559 288
565 284 561 289
568 284 557 279
585 284 583 286
638 284 623 287
562 287 558 291
565 287 561 291
568 287 564 291
576 287 570 290
579 287 574 290
588 287 584 289
593 287 590 289
627 287 617 292
635 287 620 290
545 290 543 289
551 290 550 291
554 290 552 291
571 290 567 293
590 290 587 291
593 290 590 291
554 292 552 293
556 292 555 294
562 292 559 295
565 292 561 296
568 292 564 296
571 292 566 296
573 292 570 296
576 292 572 296
579 292 575 296
585 292 582 295
588 292 585 295
596 292 592 293
610 292 605 294
548 295 549 294
565 295 562 298
568 295 563 298
571 295 567 299
573 295 570 300
576 295 573 299
579 295 575 299
585 295 582 298
588 295 585 298
596 295 592 296
568 298 563 301
571 298 567 301
573 298 570 302
576 298 572 302
582 298 578 301
585 298 582 301
588 298 585 301
593 298 589 299
596 298 592 299
599 298 594 298
607 298 602 297
610 298 604 297
624 298 618 302
562 301 560 304
571 301 566 304
582 301 578 304
585 301 581 304
588 301 584 304
593 301 589 302
596 301 592 302
599 301 594 302
610 301 604 300
616 301 606 307
624 301 618 304
568 304 563 305
573 304 569 306
576 304 573 306
579 304 576 305
582 304 578 306
585 304 581 306
590 304 585 306
596 304 591 305
599 304 594 305
604 304 599 304
627 304 615 305
565 306 562 308
571 306 566 308
573 306 568 308
576 306 573 308
579 306 575 309
582 306 578 310
585 306 580 309
593 306 588 310
599 306 594 308
624 306 612 304
630 306 622 308
571 309 565 311
579 309 576 312
582 309 578 312
596 309 591 311
599 309 593 311
604 309 599 309
624 309 618 311
573 312 569 311
582 312 578 315
585 312 581 313
588 312 584 313
590 312 587 313
593 312 589 314
604 312 599 312
607 312 602 313
610 312 605 313
613 312 609 313
616 312 612 313
624 312 618 313
627 312 615 309
630 312 622 312
635 312 624 311
573 315 568 314
576 315 571 314
579 315 575 315
585 315 581 316
588 315 584 316
590 315 586 316
604 315 600 315
607 315 602 315
610 315 605 315
613 315 609 315
619 315 614 315
630 315 621 315
633 315 624 315
635 315 627 315
638 315 630 315
