576 244 572 251
585 244 576 242
585 247 576 245
596 250 588 255
599 250 590 255
599 256 593 262
599 261 592 265
590 264 578 266
590 267 589 267
638 267 633 272
562 281 555 282
585 290 581 288
582 292 577 294
588 292 587 292
585 295 581 294
593 295 590 295
596 295 593 292
582 298 577 297
585 298 580 297
588 298 583 297
590 298 586 297
599 298 596 292
576 301 572 299
582 301 577 300
585 301 580 300
588 301 583 300
593 301 590 298
596 301 592 298
599 301 595 298
616 301 607 302
624 301 619 301
565 304 564 304
576 304 572 302
579 304 574 302
582 304 577 303
585 304 580 303
588 304 583 302
590 304 586 301
593 304 589 301
596 304 592 301
599 304 594 301
607 304 604 301
579 306 574 306
582 306 577 306
585 306 580 305
588 306 583 305
590 306 585 306
593 306 589 304
596 306 592 304
599 306 594 304
602 306 598 304
604 306 601 304
607 306 604 305
610 306 607 305
576 309 573 307
579 309 575 308
582 309 578 308
588 309 583 309
590 309 585 308
593 309 588 307
596 309 591 307
599 309 594 306
602 309 597 307
610 309 606 308
616 309 609 309
619 309 612 309
624 309 618 307
582 312 578 311
590 312 584 313
593 312 588 310
596 312 591 310
599 312 594 310
602 312 597 310
604 312 600 308
607 312 603 308
627 312 621 309
630 312 624 310
582 315 579 315
585 315 581 315
590 315 584 315
596 315 591 313
599 315 594 313
604 315 600 311
607 315 603 310
613 315 615 315
616 315 617 316
621 315 621 315
627 315 624 316
630 315 624 312
647 315 642 315
