430 217 430 217
432 217 433 216
435 217 435 216
437 217 437 217
448 217 446 216
467 217 470 217
469 217 472 217
477 217 477 216
480 217 480 216
482 217 490 217
485 217 493 216
430 219 430 220
432 219 433 219
435 219 435 219
437 219 438 221
440 219 440 221
443 219 440 218
445 219 442 219
472 219 475 219
477 219 478 219
482 219 453 219
485 219 455 219
509 219 495 219
430 222 430 222
432 222 433 222
451 222 445 222
453 222 448 222
461 222 469 222
485 222 485 220
430 224 430 225
432 224 433 225
440 224 438 225
443 224 440 225
448 224 443 224
467 224 464 227
493 224 501 224
496 224 503 225
430 227 430 227
432 227 433 227
448 227 442 228
474 227 469 230
477 227 477 224
490 227 499 229
493 227 502 227
430 230 429 230
432 230 433 229
451 230 445 229
453 230 448 229
472 230 467 233
474 230 469 233
430 232 429 235
453 232 448 232
456 232 453 232
469 232 458 230
474 232 469 235
477 232 493 240
522 232 520 227
430 235 429 238
469 235 464 235
530 235 532 235
472 238 467 238
501 238 518 245
511 238 508 233
514 238 512 233
533 238 525 245
535 238 535 248
467 240 462 243
488 240 471 235
496 240 511 249
503 240 519 248
506 240 521 248
535 240 535 250
437 243 437 248
440 243 440 248
459 243 458 243
469 243 464 243
488 243 472 237
490 243 474 237
501 243 517 251
430 246 430 251
432 246 435 251
437 246 437 251
459 246 456 246
467 246 462 246
488 246 474 240
498 246 514 254
430 248 430 254
437 248 438 257
448 248 446 249
451 248 447 249
453 248 450 249
461 248 458 250
464 248 461 249
472 248 470 251
474 248 472 251
533 248 530 246
430 251 429 257
432 251 432 256
443 251 440 251
448 251 446 251
451 251 448 251
453 251 450 253
459 251 456 253
474 251 472 254
488 251 477 248
522 251 503 249
525 251 505 249
430 254 430 243
445 254 443 253
448 254 446 254
451 254 447 254
453 254 450 256
464 254 460 254
467 254 463 254
488 254 487 256
514 254 522 264
432 256 433 259
435 256 435 245
451 256 447 256
474 256 469 256
477 256 472 257
490 256 491 259
493 256 498 264
509 256 525 237
525 256 524 267
538 256 538 266
430 259 429 265
448 259 445 259
451 259 448 260
461 259 459 260
467 259 463 260
469 259 466 260
477 259 474 260
488 259 480 256
503 259 519 242
509 259 525 241
514 259 522 270
517 259 525 270
530 259 530 262
538 259 538 269
430 261 430 268
437 261 435 262
443 261 441 261
445 261 443 261
448 261 446 262
451 261 449 262
453 261 451 262
456 261 454 262
464 261 461 262
472 261 469 263
477 261 473 262
517 261 525 272
525 261 527 264
435 264 432 264
437 264 435 264
440 264 438 264
448 264 445 266
456 264 453 265
467 264 464 265
469 264 466 265
472 264 468 265
474 264 472 265
485 264 482 265
509 264 525 249
527 264 530 267
538 264 538 251
437 267 434 269
440 267 437 269
453 267 450 268
464 267 462 267
469 267 466 267
474 267 471 268
477 267 474 268
482 267 479 269
485 267 482 269
488 267 485 267
493 267 477 259
514 267 509 282
538 267 538 253
430 269 429 272
435 269 432 272
437 269 435 272
445 269 443 270
448 269 445 270
467 269 462 272
469 269 464 272
477 269 474 270
480 269 477 271
482 269 480 271
485 269 482 271
490 269 487 271
501 269 498 271
514 269 509 285
535 269 533 256
538 269 538 256
430 272 429 274
435 272 432 274
437 272 435 275
443 272 440 272
445 272 443 272
448 272 445 273
451 272 448 273
461 272 456 275
464 272 459 275
467 272 462 274
474 272 471 274
477 272 475 274
480 272 477 274
485 272 482 274
488 272 485 274
490 272 487 274
503 272 501 274
538 272 538 259
430 275 430 277
435 275 433 277
437 275 435 277
443 275 440 275
445 275 443 275
448 275 445 276
451 275 448 276
453 275 451 275
467 275 463 278
474 275 471 277
477 275 474 277
480 275 477 277
485 275 482 277
501 275 499 278
503 275 500 278
517 275 512 275
519 275 514 274
538 275 538 261
435 277 433 279
437 277 435 279
440 277 437 278
443 277 440 277
445 277 442 278
448 277 446 278
451 277 448 278
453 277 451 278
456 277 454 278
459 277 456 278
474 277 471 280
490 277 488 277
498 277 495 277
514 277 509 277
538 277 538 264
430 280 429 282
435 280 432 282
437 280 435 282
443 280 440 283
448 280 446 281
451 280 449 280
453 280 451 280
459 280 456 279
469 280 466 282
480 280 477 282
488 280 485 280
493 280 490 282
498 280 495 280
503 280 501 283
514 280 509 280
440 283 438 283
445 283 442 283
448 283 445 283
451 283 449 283
456 283 456 283
461 283 459 283
477 283 475 283
482 283 479 285
485 283 482 284
490 283 487 282
493 283 490 285
496 283 493 283
498 283 495 283
503 283 501 285
451 285 448 286
453 285 451 286
461 285 458 286
472 285 469 285
485 285 480 291
488 285 485 286
490 285 487 285
496 285 493 286
498 285 495 288
501 285 498 288
503 285 501 287
506 285 503 287
538 285 538 309
443 288 442 293
451 288 448 289
453 288 451 290
459 288 455 289
461 288 458 289
464 288 461 289
469 288 466 290
472 288 469 290
477 288 475 288
480 288 478 288
488 288 485 288
490 288 487 288
501 288 498 290
503 288 500 291
533 288 535 291
538 288 538 290
430 290 429 289
443 290 442 295
448 290 446 293
456 290 453 292
459 290 456 292
461 290 458 292
464 290 461 291
467 290 464 291
472 290 469 293
474 290 471 291
477 290 475 291
488 290 485 291
493 290 490 291
503 290 500 296
533 290 535 293
538 290 538 293
430 293 429 291
445 293 446 299
456 293 454 295
459 293 456 295
461 293 458 295
467 293 463 293
477 293 474 296
488 293 485 294
490 293 487 294
496 293 493 293
498 293 495 294
501 293 498 294
448 296 445 296
451 296 448 298
453 296 451 298
456 296 454 297
461 296 458 298
467 296 463 296
469 296 467 296
472 296 469 296
474 296 472 296
488 296 484 296
490 296 487 296
493 296 490 296
496 296 493 296
498 296 495 296
501 296 498 296
464 298 461 299
467 298 463 299
469 298 466 299
472 298 469 299
474 298 471 299
477 298 474 298
480 298 477 298
488 298 484 299
490 298 487 299
493 298 491 298
496 298 493 298
501 298 498 299
506 298 503 301
514 298 511 296
533 298 525 306
435 301 432 301
448 301 445 301
464 301 461 301
467 301 463 301
469 301 466 302
477 301 474 301
480 301 477 301
482 301 479 302
485 301 482 302
488 301 485 302
490 301 488 301
493 301 490 301
514 301 511 301
440 304 437 304
469 304 466 304
472 304 469 305
474 304 472 304
477 304 474 304
482 304 479 305
485 304 482 304
488 304 485 304
490 304 488 304
493 304 490 304
496 304 493 304
506 304 501 306
435 306 432 307
437 306 434 307
440 306 432 299
443 306 438 306
448 306 440 299
451 306 443 298
461 306 456 305
477 306 474 307
485 306 482 307
488 306 486 307
490 306 487 307
493 306 489 307
514 306 525 290
522 306 517 291
538 306 538 302
440 309 435 309
448 309 443 307
488 309 485 309
490 309 487 310
514 309 524 293
435 312 432 314
453 312 454 312
456 312 457 312
459 312 459 312
474 312 475 312
477 312 478 312
482 312 478 314
485 312 483 312
488 312 482 315
490 312 486 311
493 312 488 311
498 312 493 311
453 314 454 315
461 314 462 314
464 314 464 316
469 314 469 314
472 314 472 314
480 314 475 316
482 314 478 316
517 314 519 309
443 317 438 317
451 317 451 317
453 317 454 317
461 317 461 319
472 317 469 317
474 317 472 316
482 317 477 319
496 317 490 317
498 317 496 317
509 317 508 315
511 317 511 317
519 317 519 316
527 317 530 320
538 317 538 320
430 320 429 322
443 320 438 320
445 320 441 320
461 320 461 322
467 320 464 322
477 320 475 319
493 320 487 319
496 320 490 319
498 320 493 319
501 320 498 320
519 320 519 319
522 320 522 319
530 320 532 322
535 320 535 322
538 320 538 322
430 322 429 325
453 322 454 325
472 322 470 323
490 322 482 322
493 322 486 322
496 322 490 322
498 322 493 322
501 322 496 322
503 322 499 322
506 322 501 322
511 322 509 322
514 322 512 322
517 322 514 322
519 322 517 322
527 322 528 325
430 325 429 328
472 325 469 325
474 325 472 325
477 325 474 326
480 325 477 326
488 325 479 325
490 325 482 325
493 325 485 324
496 325 490 325
498 325 494 326
501 325 496 325
503 325 498 325
506 325 500 325
511 325 509 325
522 325 522 325
530 325 530 325
533 325 532 325
535 325 535 325
538 325 538 325
435 327 432 328
440 327 435 328
467 327 463 328
469 327 466 328
472 327 469 328
474 327 472 328
477 327 475 328
480 327 477 327
482 327 479 328
493 327 485 327
498 327 493 328
501 327 496 328
503 327 498 327
506 327 501 327
511 327 509 328
519 327 516 328
522 327 519 327
525 327 521 327
527 327 524 327
530 327 530 327
533 327 532 328
535 327 535 328
538 327 538 327
