510 77 521 97
528 77 539 97
458 94 465 115
510 94 519 115
597 94 604 111
458 111 465 131
545 111 552 132
580 111 588 130
614 111 620 129
458 129 465 147
545 129 555 147
562 129 573 146
580 129 590 146
614 129 621 146
458 146 465 164
476 146 483 164
389 163 399 184
441 163 449 182
493 163 500 181
580 163 590 180
614 163 622 180
371 181 383 200
389 181 400 199
406 181 416 199
424 181 433 199
441 181 450 198
458 181 468 198
510 181 518 198
528 181 536 198
562 181 568 197
580 181 595 196
25 198 51 224
319 198 331 221
337 198 349 217
354 198 366 217
371 198 382 216
389 198 400 216
406 198 416 216
424 198 433 216
441 198 450 215
458 198 467 215
493 198 501 213
528 198 536 214
545 198 553 214
562 198 574 216
319 215 332 235
337 215 349 234
354 215 367 233
389 215 400 232
406 215 416 233
424 215 434 232
441 215 450 231
458 215 467 231
476 215 484 231
493 215 502 230
580 215 591 233
614 215 623 232
319 233 332 252
354 233 366 251
371 233 383 249
389 233 400 249
406 233 416 248
424 233 433 248
441 233 450 248
476 233 484 248
493 233 502 247
510 233 519 247
545 233 554 248
562 233 575 250
614 233 623 250
302 250 315 270
319 250 332 269
337 250 350 268
354 250 366 268
371 250 383 267
389 250 400 266
406 250 416 266
424 250 434 265
441 250 451 265
458 250 469 265
476 250 485 264
493 250 502 264
528 250 536 264
319 267 332 286
371 267 384 284
389 267 401 283
406 267 418 284
424 267 435 283
441 267 451 282
458 267 469 282
493 267 503 281
510 267 520 281
528 267 537 281
562 267 572 281
580 267 590 281
597 267 608 282
250 285 264 304
267 285 283 303
285 285 298 303
354 285 367 301
371 285 383 300
389 285 401 300
406 285 419 300
424 285 436 300
441 285 451 300
458 285 469 299
476 285 486 299
493 285 503 299
510 285 520 298
562 285 574 299
580 285 590 298
597 285 608 300
250 302 266 321
319 302 333 320
354 302 367 319
371 302 384 317
389 302 401 317
406 302 419 319
424 302 435 318
441 302 451 316
458 302 469 317
476 302 486 316
493 302 504 317
510 302 521 316
545 302 556 316
562 302 574 316
580 302 591 316
302 319 316 338
319 319 332 339
354 319 367 337
389 319 401 336
424 319 435 335
441 319 453 336
458 319 469 335
476 319 487 334
493 319 504 334
510 319 521 333
528 319 539 334
545 319 556 334
562 319 574 333
580 319 592 335
302 337 315 357
354 337 367 355
371 337 384 354
389 337 401 353
406 337 418 353
424 337 436 353
441 337 453 353
458 337 470 352
476 337 486 353
493 337 504 351
510 337 521 351
528 337 539 352
562 337 576 351
580 337 593 353
614 337 629 351
632 337 647 352
319 354 333 371
354 354 367 372
371 354 384 370
389 354 401 371
406 354 418 371
424 354 436 371
441 354 453 370
458 354 470 369
476 354 489 370
493 354 506 371
510 354 522 369
562 354 576 370
580 354 593 371
614 354 628 369
302 371 316 390
319 371 334 391
337 371 352 390
371 371 383 390
389 371 402 389
406 371 418 389
424 371 436 387
441 371 453 388
458 371 471 388
476 371 488 388
545 371 559 388
562 371 576 387
597 371 610 385
614 371 628 385
632 371 646 386
285 389 298 408
302 389 321 406
319 389 334 409
337 389 350 409
354 389 369 406
371 389 385 406
389 389 401 406
406 389 418 406
424 389 437 405
441 389 454 406
458 389 472 406
476 389 489 405
510 389 526 406
528 389 542 406
545 389 560 406
562 389 577 406
597 389 611 400
614 389 629 401
632 389 647 402
649 389 664 404
267 406 280 426
302 406 316 422
319 406 334 424
337 406 351 426
354 406 369 424
371 406 388 423
389 406 403 423
406 406 420 424
424 406 436 424
441 406 454 424
476 406 489 424
493 406 508 423
510 406 527 424
528 406 543 422
545 406 562 423
562 406 579 422
597 406 612 420
614 406 629 420
267 424 281 443
337 424 350 441
354 424 369 441
389 424 403 439
424 424 441 442
458 424 472 442
476 424 489 441
493 424 508 440
510 424 526 439
528 424 542 440
545 424 561 439
562 424 580 439
597 424 612 438
614 424 629 437
632 424 647 437
250 441 264 463
267 441 283 460
337 441 351 455
354 441 368 458
424 441 440 458
441 441 458 458
458 441 474 457
476 441 489 456
493 441 507 455
528 441 543 455
545 441 561 455
562 441 580 455
580 441 595 454
632 441 646 456
424 458 441 472
458 458 471 474
476 458 490 472
562 458 580 472
597 458 614 473
