455 230 463 247
457 230 465 247
441 233 451 242
460 233 465 250
435 236 447 247
438 236 449 245
441 236 451 245
463 236 477 251
433 239 450 251
468 239 480 257
408 241 422 239
455 241 444 262
468 241 480 260
405 244 421 241
408 244 424 242
411 244 430 246
468 244 479 266
403 247 419 242
405 247 421 245
408 247 424 246
416 247 438 252
444 247 470 265
466 247 472 278
411 250 424 251
444 250 469 268
466 250 471 281
411 252 446 256
460 252 439 279
452 258 428 269
477 261 483 285
479 261 486 284
419 263 425 267
444 263 453 254
446 263 456 254
449 263 459 258
477 263 483 287
422 266 431 272
411 269 420 257
422 269 431 275
446 272 423 284
405 274 413 262
422 274 425 264
441 274 445 281
405 277 413 265
427 280 427 305
468 280 433 299
490 280 489 281
394 282 422 290
419 282 449 301
441 282 447 284
394 285 422 293
438 285 444 287
441 285 447 287
446 285 453 287
449 285 456 287
466 285 444 310
444 288 450 289
449 288 455 291
452 288 458 290
493 288 493 287
493 291 494 291
493 293 494 294
394 302 417 281
392 304 397 302
394 304 400 302
441 304 452 290
394 307 400 305
455 307 451 305
378 313 378 312
474 313 490 296
493 313 493 319
378 315 378 315
405 315 406 309
408 315 408 310
411 315 411 310
414 315 414 310
474 315 486 303
477 315 490 303
493 315 493 321
405 318 405 312
408 318 408 312
414 318 412 313
416 318 414 313
460 318 452 317
468 318 458 321
474 318 486 305
477 318 490 306
479 318 492 306
405 321 405 315
411 321 409 316
477 321 489 309
479 321 492 309
493 324 491 317
389 326 378 320
397 326 393 317
400 326 396 317
403 326 398 317
485 326 481 323
488 326 485 323
490 326 488 323
400 329 396 320
403 329 399 320
414 329 428 325
416 329 431 324
474 329 472 325
485 329 481 327
488 329 484 326
490 329 490 329
493 329 493 329
400 332 398 322
416 332 421 330
474 332 473 328
477 332 476 328
479 332 479 328
485 332 484 332
488 332 487 332
490 332 490 332
493 332 493 332
408 335 411 334
419 335 433 332
433 335 442 334
468 335 468 334
471 335 471 334
474 335 474 334
477 335 477 334
479 335 480 332
482 335 481 335
485 335 484 335
488 335 487 335
490 335 490 335
400 337 387 337
408 337 409 337
463 337 462 337
466 337 465 337
468 337 468 337
471 337 471 337
474 337 475 337
477 337 477 337
479 337 479 337
485 337 484 337
488 337 486 337
