1 0 0 0.01118196174502373 
0 1 0 -0.06161215156316757 
0 0 1 -0.6309888362884521 
0 0 0 1 

0.9922649264335632 -0.03108947537839413 -0.1201822310686111 0.07540813088417053 
0.03092341311275959 0.999516487121582 -0.003246936947107315 -0.06098968163132668 
0.1202250644564629 -0.0004946233239024878 0.9927465319633484 -0.615601122379303 
0 0 0 1 

0.9471457600593567 -0.11534383893013 -0.299350380897522 0.1689618527889252 
0.09892408549785614 0.9926655888557434 -0.06949153542518616 -0.02453616075217724 
0.3051702380180359 0.03620562329888344 0.9516092538833618 -0.5912841558456421 
0 0 0 1 

0.9795005321502686 -0.02643457986414433 -0.1996995359659195 0.1107446774840355 
0.04012642055749893 0.9970893263816833 0.06482850760221481 -0.09339310973882675 
0.1974045783281326 -0.07151278108358383 0.9777103066444397 -0.5972679853439331 
0 0 0 1 

0.9717559218406677 -0.05416414514183998 -0.2296876013278961 0.125128835439682 
0.06584204733371735 0.9968822598457336 0.04348113015294075 -0.0812247097492218 
0.2266163527965546 -0.0573762021958828 0.9722925424575806 -0.5921578407287598 
0 0 0 1 

0.8978303670883179 -0.05369749292731285 -0.4370549619197845 0.2304967641830444 
0.05017894133925438 0.9985478520393372 -0.01960242167115211 -0.04129360243678093 
0.4374728798866272 -0.004331321455538273 0.8992210626602173 -0.550190269947052 
0 0 0 1 

0.827582061290741 -0.07067546993494034 -0.556877613067627 0.2901651263237 
0.04011556878685951 0.9969521760940552 -0.06691078841686249 -0.01565406285226345 
0.5599093437194824 0.03303468227386475 0.827894926071167 -0.5122569799423218 
0 0 0 1 

0.7672184109687805 -0.1233609244227409 -0.6294105648994446 0.3287027776241302 
0.07111643999814987 0.991640031337738 -0.1076685860753059 0.004336847458034754 
0.6374307870864868 0.03784383460879326 0.7695775032043457 -0.4803764224052429 
0 0 0 1 

0.7139973044395447 -0.2186666578054428 -0.6651260256767273 0.3528342545032501 
0.1328824311494827 0.975034236907959 -0.1779057681560516 0.03755448386073112 
0.6874227523803711 0.03864065185189247 0.7252287864685059 -0.453260749578476 
0 0 0 1 

0.6935882568359375 -0.233949601650238 -0.6813241243362427 0.360269159078598 
0.1364099234342575 0.9713377356529236 -0.1946674883365631 0.04433087259531021 
0.7073380947113037 0.04207973927259445 0.7056214213371277 -0.4431064426898956 
0 0 0 1 

