493 111 459 143
476 129 441 156
476 146 439 174
493 146 459 175
614 146 585 148
77 163 24 123
94 163 37 123
476 163 440 192
94 181 39 147
111 181 57 146
476 181 440 206
389 198 353 204
406 198 372 204
424 198 388 202
441 198 408 202
354 215 319 234
371 215 336 231
389 215 355 229
406 215 372 227
424 215 390 226
441 215 406 226
493 215 458 224
510 215 477 223
528 215 491 217
337 233 305 255
354 233 321 256
371 233 340 256
389 233 356 255
406 233 373 254
424 233 390 252
441 233 405 249
458 233 422 248
476 233 437 247
493 233 456 248
510 233 473 246
528 233 489 244
545 233 506 242
337 250 304 273
354 250 322 277
371 250 338 278
389 250 352 279
406 250 371 278
424 250 388 276
441 250 405 275
458 250 422 274
476 250 438 272
493 250 455 272
510 250 471 271
545 250 504 264
302 267 269 279
337 267 304 289
354 267 323 294
371 267 338 296
389 267 355 300
406 267 371 299
424 267 386 300
441 267 403 299
458 267 420 297
476 267 435 297
493 267 452 295
510 267 469 294
528 267 485 292
354 285 323 307
371 285 339 312
389 285 355 314
406 285 372 314
424 285 386 316
441 285 403 318
458 285 419 316
476 285 434 317
493 285 451 315
510 285 468 314
528 285 484 311
371 302 340 326
389 302 356 326
406 302 371 328
424 302 387 330
441 302 404 332
458 302 421 333
476 302 434 337
493 302 449 336
510 302 466 334
528 302 484 329
614 302 565 294
354 319 322 334
371 319 341 340
389 319 356 344
406 319 373 344
424 319 390 343
441 319 405 345
458 319 420 350
476 319 435 349
493 319 448 354
562 319 514 324
580 319 530 324
493 337 450 365
562 337 513 340
597 337 544 340
406 354 371 365
424 354 386 364
441 354 401 367
458 354 417 367
562 354 511 354
580 354 527 354
285 371 264 348
302 371 278 346
476 371 433 384
510 371 459 388
528 371 475 390
562 371 509 369
285 389 264 365
302 389 281 365
424 389 387 386
476 389 432 398
528 389 474 404
597 389 542 375
267 406 248 384
285 406 262 387
302 406 284 385
319 406 297 382
337 406 313 379
597 406 539 394
632 406 565 393
354 424 328 397
371 424 345 398
406 424 372 406
424 424 388 405
458 424 418 412
562 424 506 403
632 424 563 410
649 424 578 410
302 441 277 414
354 441 327 412
371 441 344 412
406 441 373 418
424 441 389 419
441 441 403 421
614 441 546 435
632 441 560 429
215 458 208 431
354 458 331 428
371 458 346 429
389 458 362 428
632 458 559 450
649 458 572 446
215 476 210 451
597 476 527 475
632 476 558 475
