476 146 428 12
493 146 449 11
42 163 32 21
458 163 407 36
476 163 431 33
493 163 453 33
458 181 407 55
476 181 430 56
493 181 454 56
528 181 500 9
545 181 516 10
614 181 592 5
337 198 268 51
389 198 323 77
406 198 346 75
424 198 366 72
441 198 390 68
493 198 452 70
562 198 502 32
580 198 553 27
597 198 572 24
614 198 593 25
354 215 283 110
371 215 304 106
389 215 327 104
406 215 348 101
424 215 370 101
441 215 391 97
458 215 412 96
493 215 454 91
528 215 493 85
580 215 535 45
597 215 572 42
614 215 595 38
302 233 232 87
319 233 258 118
337 233 265 136
354 233 286 136
371 233 309 135
389 233 330 133
406 233 350 129
424 233 374 127
441 233 392 124
458 233 413 121
476 233 433 119
493 233 455 118
510 233 474 115
528 233 496 113
545 233 517 111
580 233 542 68
597 233 560 66
614 233 597 60
632 233 614 58
337 250 269 158
354 250 290 159
371 250 310 160
389 250 329 159
406 250 351 155
424 250 374 155
441 250 393 150
458 250 415 150
476 250 436 146
493 250 456 143
510 250 476 143
545 250 516 135
580 250 554 97
597 250 571 92
614 250 596 89
285 267 219 153
302 267 234 175
319 267 253 172
337 267 271 177
354 267 294 181
371 267 313 180
389 267 333 183
406 267 353 182
424 267 374 180
441 267 396 178
458 267 415 175
476 267 436 173
493 267 455 170
510 267 477 169
528 267 497 166
545 267 516 158
597 267 570 109
614 267 595 109
267 285 185 193
285 285 216 191
302 285 238 190
319 285 256 193
337 285 276 197
354 285 296 200
371 285 316 203
389 285 335 201
406 285 359 202
424 285 377 201
441 285 397 201
458 285 417 199
476 285 437 197
493 285 456 194
510 285 479 192
528 285 497 188
580 285 542 156
597 285 578 133
614 285 597 132
267 302 198 212
285 302 218 209
302 302 242 209
319 302 259 203
337 302 279 217
354 302 298 219
371 302 318 222
389 302 338 221
406 302 360 220
441 302 400 217
458 302 419 219
476 302 439 221
493 302 458 219
510 302 479 215
528 302 497 209
545 302 511 193
562 302 529 190
580 302 543 186
597 302 564 181
614 302 595 150
250 319 184 235
267 319 207 234
285 319 228 228
302 319 248 226
337 319 284 235
354 319 301 238
371 319 321 241
389 319 338 238
406 319 364 238
424 319 381 237
441 319 401 236
458 319 419 235
493 319 458 242
545 319 511 211
562 319 533 211
580 319 551 210
597 319 569 208
614 319 583 200
285 337 231 241
302 337 262 242
354 337 304 255
371 337 324 256
389 337 347 256
406 337 364 254
424 337 381 252
441 337 401 252
458 337 421 253
476 337 441 252
510 337 476 252
528 337 495 244
562 337 533 231
580 337 549 229
597 337 568 229
285 354 240 262
371 354 328 274
389 354 347 271
406 354 365 269
424 354 385 266
441 354 405 268
458 354 421 267
476 354 438 268
493 354 459 269
510 354 475 268
545 354 513 259
562 354 532 247
580 354 549 245
285 371 242 276
319 371 276 273
337 371 296 274
441 371 405 283
458 371 424 284
476 371 442 285
493 371 459 284
510 371 478 289
528 371 495 286
562 371 528 265
580 371 547 264
267 389 226 294
285 389 246 291
302 389 269 289
319 389 280 290
337 389 301 292
354 389 313 292
371 389 334 293
389 389 353 291
406 389 372 292
458 389 426 300
476 389 442 300
493 389 458 299
528 389 498 305
614 389 582 272
632 389 587 264
250 406 211 314
267 406 229 317
285 406 250 314
302 406 269 314
319 406 287 311
371 406 337 308
389 406 354 307
406 406 372 307
424 406 389 307
441 406 407 306
510 406 479 320
528 406 498 317
632 406 594 290
649 406 612 295
250 424 216 335
337 424 302 318
354 424 322 316
371 424 339 321
406 424 373 323
424 424 391 321
441 424 408 320
458 424 427 319
493 424 460 322
614 424 576 314
632 424 594 312
649 424 609 312
250 441 220 351
267 441 237 350
337 441 302 332
354 441 323 334
441 441 411 336
493 441 464 342
510 441 484 341
614 441 576 334
632 441 592 332
649 441 607 331
302 458 241 456
354 458 326 349
371 458 359 357
389 458 359 346
406 458 378 344
424 458 392 345
441 458 412 352
528 458 484 359
545 458 505 356
562 458 520 333
580 458 543 348
614 458 579 353
632 458 594 349
649 458 607 346
215 476 202 406
406 476 378 360
424 476 399 361
597 476 561 371
