504 260 495 292
463 263 486 252
496 263 498 291
499 263 491 290
504 263 490 295
463 265 483 252
465 265 483 255
496 265 486 287
465 270 477 258
501 270 484 291
481 283 485 249
488 286 467 273
509 288 467 312
522 288 485 344
525 288 485 347
522 291 482 344
512 294 462 313
458 296 451 290
488 296 476 309
491 296 475 311
514 296 481 340
522 296 473 344
514 299 479 340
517 299 479 344
519 299 479 347
517 301 476 344
442 312 446 281
447 312 447 288
517 312 447 320
442 314 444 281
445 314 444 284
447 314 444 288
517 314 444 320
447 317 441 289
473 319 464 304
488 319 441 283
476 322 461 305
499 327 430 294
512 330 447 318
501 335 452 313
504 338 422 305
