317 149 316 150
323 149 323 150
328 149 328 149
333 149 333 149
338 149 339 150
343 149 344 150
349 149 348 149
354 149 354 149
359 149 359 149
364 149 364 149
369 149 369 149
375 149 374 149
307 154 306 155
312 154 311 155
317 154 317 154
323 154 323 154
328 154 328 154
333 154 333 154
338 154 338 155
343 154 343 155
349 154 348 155
354 154 353 154
359 154 358 154
364 154 363 154
369 154 368 154
375 154 374 154
380 154 379 154
302 160 300 160
307 160 306 160
312 160 311 160
317 160 317 160
323 160 323 159
328 160 327 160
333 160 332 160
338 160 337 160
343 160 342 160
349 160 347 159
354 160 352 160
359 160 357 160
364 160 362 160
369 160 367 160
375 160 373 159
380 160 379 159
385 160 385 159
390 160 389 159
291 165 290 165
302 165 300 165
307 165 305 165
312 165 311 165
317 165 316 165
323 165 321 165
328 165 326 165
333 165 332 165
338 165 337 165
343 165 342 165
354 165 352 165
359 165 357 165
364 165 362 165
369 165 367 165
375 165 373 165
380 165 378 165
385 165 384 165
390 165 389 164
286 170 285 170
291 170 290 170
297 170 296 170
302 170 301 171
307 170 306 171
312 170 311 170
323 170 321 170
328 170 326 170
333 170 332 170
338 170 336 170
343 170 342 170
349 170 346 170
354 170 352 171
364 170 361 170
369 170 368 170
375 170 372 170
380 170 378 170
385 170 383 170
390 170 389 170
395 170 395 169
276 175 275 176
281 175 281 175
286 175 286 175
291 175 290 176
297 175 295 176
307 175 305 176
317 175 314 176
323 175 319 176
328 175 324 176
333 175 330 176
343 175 340 175
349 175 345 175
354 175 352 176
359 175 358 176
369 175 366 176
375 175 372 175
380 175 378 175
385 175 383 175
390 175 388 175
395 175 395 175
401 175 401 175
271 180 271 181
276 180 276 181
286 180 286 181
291 180 290 181
307 180 303 181
312 180 309 181
317 180 314 181
323 180 319 181
328 180 324 181
333 180 330 181
338 180 335 181
349 180 345 181
354 180 350 180
359 180 355 181
364 180 361 180
369 180 366 181
375 180 372 181
380 180 377 180
385 180 383 180
390 180 389 180
395 180 394 180
401 180 400 180
406 180 406 180
265 186 266 186
271 186 271 185
276 186 276 185
281 186 282 186
286 186 286 186
302 186 298 186
312 186 308 186
317 186 314 186
323 186 319 186
328 186 324 186
333 186 329 186
338 186 334 186
349 186 344 186
354 186 350 186
359 186 355 186
364 186 360 186
369 186 366 186
375 186 372 186
380 186 378 186
385 186 383 186
390 186 388 185
395 186 394 185
401 186 399 185
406 186 405 185
411 186 411 186
265 191 265 192
271 191 271 191
276 191 276 191
281 191 280 191
286 191 285 192
297 191 293 192
302 191 297 192
312 191 308 191
317 191 313 191
323 191 318 191
333 191 329 191
338 191 334 191
343 191 339 192
349 191 344 192
354 191 352 191
364 191 360 190
369 191 365 191
375 191 373 191
380 191 378 191
385 191 384 191
390 191 388 190
395 191 394 191
401 191 399 191
406 191 405 191
411 191 411 191
265 196 266 197
271 196 270 196
276 196 275 196
281 196 280 196
286 196 284 197
297 196 293 196
302 196 297 196
307 196 302 196
312 196 308 197
317 196 314 196
323 196 319 196
328 196 324 196
333 196 329 196
338 196 334 196
343 196 340 196
349 196 345 196
354 196 350 196
364 196 361 196
369 196 365 195
375 196 371 196
380 196 379 195
385 196 383 195
390 196 388 196
395 196 394 196
401 196 399 196
406 196 405 197
411 196 411 197
416 196 416 196
265 201 265 202
271 201 270 201
276 201 275 201
281 201 281 201
286 201 284 202
297 201 293 201
302 201 298 202
312 201 308 201
317 201 314 201
323 201 319 201
349 201 345 201
354 201 350 202
359 201 356 202
364 201 361 201
369 201 366 202
375 201 372 201
380 201 376 201
385 201 383 200
390 201 389 200
395 201 394 201
401 201 399 201
406 201 405 202
411 201 411 202
416 201 416 201
265 206 265 206
271 206 270 206
276 206 275 206
281 206 280 206
286 206 284 206
297 206 293 207
312 206 309 206
317 206 316 206
333 206 329 207
343 206 340 207
349 206 345 207
354 206 351 207
359 206 356 206
369 206 366 207
380 206 376 206
385 206 384 206
390 206 389 206
395 206 394 206
401 206 399 206
406 206 405 207
411 206 411 207
416 206 417 206
260 212 261 213
265 212 265 212
271 212 270 212
276 212 276 212
281 212 280 212
286 212 285 212
291 212 290 212
297 212 295 212
302 212 300 212
307 212 306 213
312 212 312 212
317 212 317 211
328 212 324 213
333 212 329 212
343 212 340 212
349 212 345 213
354 212 350 212
359 212 358 212
364 212 362 212
369 212 368 212
375 212 373 212
380 212 379 212
385 212 384 212
390 212 389 212
395 212 395 211
401 212 400 211
406 212 405 212
411 212 411 212
416 212 417 212
260 217 261 216
265 217 266 217
271 217 271 217
276 217 276 217
281 217 281 217
286 217 286 217
291 217 291 217
297 217 296 217
302 217 301 217
312 217 311 217
317 217 316 217
333 217 329 218
343 217 340 217
349 217 346 217
359 217 357 217
364 217 362 218
369 217 369 217
385 217 384 217
390 217 390 217
395 217 395 217
401 217 400 217
406 217 405 217
411 217 411 217
416 217 417 217
265 222 261 222
271 222 271 222
276 222 276 222
281 222 281 222
286 222 286 222
291 222 291 222
297 222 296 222
302 222 301 223
307 222 305 223
312 222 311 223
317 222 316 222
328 222 324 222
333 222 329 222
338 222 335 222
349 222 346 222
354 222 352 223
359 222 357 223
364 222 362 222
369 222 368 222
380 222 375 222
385 222 381 222
390 222 390 222
395 222 395 222
401 222 400 222
406 222 405 222
411 222 411 222
271 227 270 227
276 227 276 228
281 227 281 227
286 227 286 227
291 227 290 227
297 227 295 227
302 227 302 226
312 227 309 228
317 227 316 227
328 227 324 227
333 227 330 228
338 227 334 228
343 227 342 228
349 227 347 228
359 227 356 228
364 227 361 228
369 227 367 228
380 227 375 229
385 227 384 228
390 227 389 228
401 227 400 227
406 227 405 227
411 227 411 228
416 227 417 227
281 232 281 233
286 232 286 232
291 232 290 233
302 232 300 232
307 232 306 232
317 232 314 233
323 232 319 233
328 232 324 232
333 232 329 233
338 232 335 233
343 232 341 232
354 232 351 234
359 232 356 234
364 232 362 233
369 232 368 233
375 232 373 232
380 232 378 232
385 232 384 233
390 232 389 233
395 232 394 232
401 232 401 231
406 232 406 232
411 232 412 232
416 232 416 233
281 238 281 238
286 238 286 238
291 238 291 238
297 238 295 238
302 238 301 237
307 238 305 237
317 238 313 238
323 238 318 238
328 238 324 238
333 238 329 238
343 238 340 238
349 238 347 239
359 238 356 238
369 238 367 238
375 238 372 238
380 238 378 238
385 238 383 238
390 238 389 238
395 238 394 238
401 238 401 237
406 238 406 237
411 238 412 238
416 238 416 238
281 243 281 242
286 243 286 242
291 243 290 243
297 243 295 243
302 243 300 243
307 243 305 242
317 243 313 243
323 243 318 243
328 243 324 243
333 243 330 243
338 243 334 243
343 243 340 243
349 243 347 243
354 243 352 243
359 243 357 243
369 243 367 244
375 243 373 243
380 243 378 243
385 243 384 243
390 243 389 243
395 243 394 243
401 243 401 242
406 243 407 243
411 243 412 243
416 243 416 243
281 248 281 247
286 248 286 248
291 248 291 248
297 248 295 248
302 248 301 248
307 248 305 249
312 248 310 249
323 248 319 248
328 248 324 248
333 248 329 248
338 248 335 249
343 248 342 248
349 248 347 248
354 248 352 248
359 248 357 248
364 248 362 248
375 248 373 248
380 248 378 248
385 248 383 248
390 248 389 248
395 248 394 248
401 248 401 248
406 248 407 248
286 253 286 253
291 253 291 253
297 253 295 253
302 253 300 254
307 253 305 254
312 253 310 253
323 253 319 253
328 253 324 254
333 253 332 254
349 253 347 253
354 253 351 254
364 253 362 254
375 253 373 254
380 253 378 254
385 253 383 254
390 253 388 254
395 253 394 254
401 253 401 253
406 253 406 254
286 258 286 258
291 258 290 258
297 258 295 259
302 258 300 258
307 258 305 258
312 258 311 258
317 258 316 258
328 258 325 258
333 258 331 258
343 258 340 259
349 258 349 259
359 258 356 259
364 258 362 258
369 258 367 258
375 258 373 259
380 258 378 259
385 258 383 259
390 258 389 259
395 258 395 260
401 258 401 259
406 258 405 258
411 258 410 258
281 264 281 263
286 264 285 263
291 264 290 263
297 264 295 263
302 264 300 263
307 264 305 264
312 264 310 264
317 264 316 264
323 264 321 264
328 264 326 263
333 264 331 263
338 264 336 264
343 264 343 264
349 264 349 263
354 264 353 264
364 264 361 263
369 264 367 264
375 264 372 264
380 264 378 264
385 264 384 264
390 264 390 264
395 264 396 264
401 264 400 264
406 264 405 264
411 264 410 264
416 264 415 264
281 269 281 267
286 269 285 268
291 269 289 268
302 269 299 269
307 269 304 269
312 269 310 269
323 269 321 269
328 269 326 269
343 269 342 269
349 269 348 269
354 269 353 270
359 269 357 269
369 269 368 269
375 269 373 268
380 269 378 270
385 269 384 270
390 269 391 269
395 269 396 268
401 269 401 269
406 269 405 269
416 269 416 269
421 269 420 270
281 274 281 273
286 274 285 274
291 274 290 274
297 274 294 274
307 274 304 274
312 274 310 274
317 274 315 274
323 274 321 275
328 274 327 274
333 274 333 273
343 274 341 275
349 274 347 274
354 274 352 275
359 274 357 275
369 274 366 274
375 274 374 279
380 274 379 275
385 274 385 275
390 274 391 274
395 274 396 273
401 274 401 273
406 274 406 274
411 274 411 274
416 274 416 276
281 279 280 279
286 279 285 279
291 279 290 279
297 279 295 279
302 279 300 279
312 279 309 279
317 279 315 279
328 279 327 279
343 279 341 280
349 279 347 280
354 279 353 280
359 279 358 281
385 279 385 279
390 279 390 279
401 279 401 279
406 279 406 279
411 279 411 279
416 279 417 280
281 284 280 284
286 284 285 284
291 284 290 285
297 284 295 284
302 284 300 284
312 284 308 284
317 284 314 284
323 284 319 284
328 284 324 285
338 284 336 285
349 284 347 285
354 284 353 285
359 284 358 285
364 284 364 285
375 284 374 284
380 284 380 284
385 284 385 284
390 284 390 284
395 284 395 284
411 284 411 286
286 290 285 291
291 290 290 289
297 290 295 289
302 290 300 289
312 290 308 289
317 290 313 289
323 290 319 290
328 290 326 290
333 290 331 290
343 290 343 291
349 290 347 291
354 290 353 290
359 290 357 290
364 290 363 289
369 290 370 289
375 290 375 289
380 290 381 289
390 290 390 290
395 290 395 290
401 290 400 289
291 295 290 294
297 295 296 295
302 295 300 295
307 295 305 295
312 295 310 295
317 295 316 295
333 295 331 295
338 295 337 296
343 295 342 296
349 295 347 296
354 295 352 296
359 295 358 295
369 295 368 294
375 295 375 295
380 295 380 295
385 295 385 294
395 295 395 295
401 295 400 295
406 295 405 295
411 295 411 294
416 295 418 295
286 300 286 299
291 300 291 301
297 300 296 301
302 300 301 300
307 300 306 300
317 300 314 300
323 300 321 300
333 300 328 299
338 300 333 300
343 300 341 301
349 300 347 300
354 300 352 300
359 300 358 300
375 300 375 300
380 300 379 300
385 300 385 300
395 300 394 300
401 300 400 300
406 300 406 300
411 300 410 300
416 300 417 300
297 305 297 306
302 305 301 306
307 305 306 305
312 305 311 305
328 305 323 305
333 305 328 305
338 305 337 305
349 305 348 306
354 305 353 306
364 305 363 305
369 305 369 305
375 305 375 305
380 305 380 305
385 305 385 306
390 305 389 305
401 305 400 305
406 305 406 305
411 305 411 305
416 305 417 305
302 310 301 311
307 310 306 310
312 310 311 310
317 310 316 310
328 310 324 310
333 310 332 310
338 310 338 310
343 310 344 309
349 310 349 311
354 310 354 311
359 310 359 310
369 310 369 310
375 310 374 311
380 310 379 311
385 310 384 312
390 310 389 311
395 310 395 311
401 310 400 310
406 310 406 310
411 310 411 310
416 310 417 310
421 310 422 310
432 310 433 310
437 310 438 310
442 310 442 310
302 316 301 317
307 316 306 316
312 316 311 316
317 316 316 315
323 316 321 315
328 316 326 315
333 316 332 315
338 316 338 315
343 316 344 315
349 316 350 315
354 316 354 315
364 316 363 316
369 316 369 316
375 316 374 316
380 316 380 316
385 316 384 317
390 316 390 316
395 316 395 316
401 316 400 316
406 316 406 316
411 316 411 316
416 316 417 316
421 316 421 316
427 316 427 316
437 316 437 317
442 316 443 316
307 321 306 322
323 321 322 321
328 321 328 321
333 321 333 321
338 321 338 321
343 321 344 320
349 321 349 320
354 321 354 321
364 321 363 322
369 321 369 321
375 321 374 321
380 321 380 321
385 321 385 321
390 321 390 321
395 321 395 321
401 321 400 321
406 321 405 321
411 321 411 321
416 321 416 321
421 321 422 321
427 321 427 321
437 321 437 321
442 321 442 322
307 326 307 328
312 326 312 327
317 326 317 327
323 326 322 327
328 326 328 326
338 326 338 326
343 326 344 326
349 326 350 327
354 326 352 327
359 326 358 327
364 326 363 327
369 326 369 327
375 326 374 327
380 326 379 327
385 326 385 326
390 326 390 326
395 326 395 326
401 326 400 326
406 326 405 326
411 326 411 326
416 326 416 326
421 326 421 326
427 326 427 326
432 326 432 327
442 326 442 326
307 331 308 332
312 331 312 331
323 331 322 331
328 331 328 330
333 331 333 331
338 331 338 332
343 331 343 332
349 331 348 332
354 331 353 331
359 331 359 331
369 331 369 331
375 331 374 331
380 331 380 332
385 331 384 332
390 331 390 331
395 331 395 331
401 331 400 331
406 331 405 331
411 331 411 331
416 331 416 331
421 331 421 331
427 331 427 331
437 331 438 332
302 336 302 336
307 336 308 336
312 336 313 336
323 336 323 335
328 336 328 337
333 336 333 337
338 336 338 337
349 336 347 337
354 336 353 337
359 336 358 336
364 336 364 336
369 336 368 336
375 336 373 336
380 336 380 337
385 336 384 337
390 336 390 337
395 336 395 336
401 336 400 336
406 336 405 337
411 336 410 337
416 336 416 337
421 336 421 337
427 336 427 337
432 336 432 337
437 336 437 337
442 336 442 336
