582 253 595 270
633 261 637 283
635 261 640 284
635 270 640 294
571 273 582 283
582 273 592 285
585 273 595 285
573 275 585 286
579 275 588 287
582 275 591 287
585 275 594 288
571 278 581 287
579 278 588 291
582 278 591 291
619 278 616 297
627 278 628 298
607 281 609 298
613 281 611 299
644 281 644 298
568 284 577 292
571 284 580 293
573 284 583 294
641 284 635 301
644 284 638 300
593 287 597 298
638 287 633 304
548 290 560 292
568 292 575 299
585 292 589 302
588 292 591 302
593 292 597 305
596 292 599 306
559 295 567 300
562 295 569 301
579 295 582 304
582 295 585 304
585 295 588 305
588 295 591 305
647 295 646 311
562 298 569 304
568 298 572 305
576 298 578 305
579 298 581 306
582 298 584 307
585 298 587 308
588 298 590 307
590 298 593 309
593 298 596 310
556 301 556 298
568 301 571 307
579 301 580 309
582 301 583 309
590 301 592 312
556 304 556 301
576 304 577 312
585 304 586 311
554 306 553 303
556 306 556 304
579 306 580 313
582 306 582 314
588 306 589 314
565 309 566 312
576 309 577 315
579 309 579 316
582 309 582 316
559 312 560 312
