573 202 573 202
576 202 576 202
571 205 568 216
571 208 568 219
576 208 574 219
559 211 559 225
576 211 575 225
528 216 528 250
568 216 565 225
573 216 573 225
576 219 574 234
582 219 579 233
585 219 582 233
590 219 587 236
593 219 589 237
582 222 579 236
585 222 582 236
590 222 587 239
593 222 590 239
565 225 568 244
579 225 579 242
588 225 585 239
593 225 590 242
596 225 592 242
565 227 570 247
599 227 596 248
579 230 579 247
585 230 582 241
593 230 591 249
596 230 593 250
599 230 597 251
602 230 599 251
604 230 602 252
565 233 570 253
579 233 578 250
596 233 595 256
602 233 599 253
604 233 602 255
607 233 605 256
596 236 595 259
599 236 598 259
602 236 601 259
607 236 605 259
534 239 543 264
596 239 595 262
599 239 598 262
602 239 601 262
604 239 604 261
562 242 568 270
585 242 585 262
588 242 588 262
593 242 593 265
596 242 596 265
602 242 602 265
604 242 604 265
585 244 584 265
588 244 589 265
593 244 593 267
596 244 597 268
613 244 619 270
534 250 556 279
610 250 610 274
613 250 613 273
551 253 566 277
556 253 568 278
610 253 610 276
613 253 613 276
616 253 615 276
621 256 621 278
528 258 529 290
607 258 600 276
621 258 621 280
630 258 631 280
633 258 633 279
607 261 599 278
610 261 602 278
613 261 608 279
616 261 610 278
619 261 616 282
630 261 630 283
633 261 633 283
635 261 636 284
576 264 576 281
579 264 579 282
582 264 582 282
585 264 585 282
610 264 607 284
613 264 610 284
619 264 613 285
624 264 621 286
627 264 624 286
579 267 567 290
599 267 595 284
602 267 598 286
604 267 602 286
607 267 605 286
610 267 607 286
613 267 610 287
627 267 624 292
585 270 571 292
593 270 590 298
633 270 630 295
582 273 582 287
585 273 585 287
588 273 587 287
613 273 607 292
616 273 610 292
621 273 618 290
624 273 621 289
585 275 584 289
593 275 590 301
619 275 613 294
621 275 617 295
624 275 621 293
630 275 625 295
542 278 553 296
565 278 565 292
579 278 577 292
582 278 580 292
585 278 583 292
588 278 585 293
599 278 594 294
604 278 601 303
613 278 606 296
619 278 613 297
621 278 615 297
627 278 621 298
633 278 627 298
641 278 634 298
582 281 580 295
585 281 582 295
588 281 585 295
633 281 627 301
635 281 630 301
638 281 632 301
641 281 635 301
644 281 638 301
604 284 599 301
633 284 626 303
635 284 630 303
638 284 633 304
641 284 635 304
644 284 638 303
537 287 543 303
604 287 599 304
616 287 610 303
619 287 614 304
633 287 627 306
635 287 629 306
638 287 633 307
641 287 635 306
644 287 638 306
554 290 548 298
556 290 551 297
562 290 556 298
576 290 570 298
599 290 594 304
616 290 610 306
619 290 613 306
638 290 632 309
641 290 635 309
644 290 638 309
554 292 548 300
559 292 551 301
562 292 554 300
568 292 560 300
599 292 593 306
602 292 596 307
613 292 607 309
616 292 610 309
641 292 635 312
548 295 540 301
559 295 551 304
562 295 554 303
565 295 557 303
568 295 560 303
571 295 563 302
573 295 565 302
576 295 568 302
582 295 574 301
585 295 577 301
590 295 584 300
593 295 587 306
621 295 613 311
548 298 539 304
551 298 545 305
554 298 548 306
559 298 551 306
571 298 562 304
573 298 565 304
576 298 568 305
579 298 570 305
582 298 574 304
585 298 577 304
588 298 579 304
593 298 587 309
604 298 596 309
610 298 599 310
619 298 610 314
624 298 616 314
647 298 646 309
551 301 545 310
554 301 548 309
562 301 556 309
568 301 560 308
571 301 562 307
573 301 565 307
576 301 567 307
579 301 570 307
582 301 573 306
585 301 576 307
588 301 579 307
590 301 582 309
602 301 593 311
604 301 596 312
610 301 599 312
554 304 551 313
556 304 554 313
562 304 556 311
568 304 559 311
571 304 562 312
573 304 564 310
576 304 567 309
579 304 570 309
582 304 573 309
585 304 576 309
588 304 579 311
590 304 582 311
593 304 584 311
596 304 587 311
599 304 590 312
635 304 629 309
556 306 554 316
573 306 565 312
576 306 567 312
579 306 569 312
582 306 573 312
585 306 576 311
635 306 629 312
573 309 564 315
576 309 567 315
607 315 582 315
627 315 627 315
644 315 644 315
647 315 647 315
