493 77 498 83
493 94 497 101
458 111 462 114
476 111 480 117
493 111 497 118
510 111 515 115
528 111 531 115
545 111 546 115
562 111 564 115
441 129 445 131
510 129 514 132
528 129 529 131
562 129 566 132
597 129 600 132
424 146 427 147
441 146 445 148
458 146 463 151
476 146 480 152
528 146 530 147
545 146 547 147
614 146 617 148
94 163 97 166
111 163 115 166
424 163 428 166
458 163 462 169
476 163 480 169
562 163 566 166
597 163 599 166
632 163 635 165
25 181 27 183
42 181 46 183
59 181 62 183
77 181 80 183
94 181 95 183
111 181 114 183
181 181 183 183
198 181 200 183
424 181 427 185
476 181 481 186
528 181 531 182
545 181 550 183
562 181 566 182
580 181 582 182
614 181 617 182
424 198 428 203
476 198 479 202
528 198 532 200
580 198 584 200
632 198 636 201
337 215 341 222
354 215 358 220
371 215 375 221
389 215 393 221
406 215 410 222
424 215 427 221
441 215 444 221
458 215 462 221
493 215 497 221
510 215 515 221
528 215 532 221
562 215 567 220
597 215 597 216
614 215 616 219
632 215 636 219
302 233 306 235
319 233 323 238
337 233 340 239
354 233 358 239
371 233 376 239
389 233 393 240
406 233 410 239
424 233 428 239
441 233 445 238
458 233 462 239
476 233 479 239
493 233 497 239
545 233 548 238
580 233 582 234
597 233 599 234
632 233 636 234
302 250 305 255
319 250 323 256
337 250 341 256
354 250 357 256
371 250 375 257
389 250 393 257
406 250 410 257
424 250 427 256
441 250 445 257
458 250 462 257
476 250 479 257
493 250 497 257
510 250 514 257
528 250 532 257
597 250 600 252
614 250 618 251
632 250 636 250
285 267 288 272
302 267 304 274
337 267 341 274
354 267 357 273
371 267 375 275
389 267 392 274
406 267 410 275
424 267 427 275
441 267 444 274
458 267 462 275
476 267 480 275
493 267 497 275
510 267 514 274
528 267 531 275
580 267 582 268
267 285 271 289
302 285 305 290
319 285 323 290
337 285 341 291
354 285 358 291
371 285 376 292
389 285 392 292
406 285 409 291
424 285 427 291
441 285 445 292
458 285 462 292
476 285 479 293
493 285 497 292
510 285 513 292
528 285 532 291
562 285 565 287
580 285 581 287
597 285 601 287
233 302 235 306
250 302 254 306
285 302 287 307
337 302 341 307
354 302 358 309
371 302 375 309
389 302 393 309
406 302 409 309
424 302 427 310
441 302 444 310
458 302 461 309
476 302 480 310
493 302 497 310
510 302 514 309
528 302 532 310
545 302 548 308
562 302 565 308
597 302 600 307
233 319 233 323
250 319 254 324
285 319 288 324
319 319 322 323
337 319 340 326
354 319 358 326
371 319 375 326
389 319 391 326
406 319 407 326
424 319 425 325
441 319 444 327
458 319 461 327
476 319 479 326
493 319 498 326
528 319 532 327
562 319 566 326
580 319 583 326
285 337 287 341
354 337 357 342
371 337 376 343
389 337 390 342
406 337 410 344
424 337 427 344
441 337 443 343
458 337 461 344
476 337 479 344
493 337 497 344
510 337 514 344
545 337 548 342
562 337 564 342
580 337 583 344
267 354 271 357
285 354 287 357
337 354 340 358
354 354 357 360
406 354 410 361
424 354 428 361
441 354 445 361
458 354 461 361
476 354 480 362
493 354 496 361
510 354 514 361
562 354 565 360
580 354 583 361
285 371 287 375
302 371 304 375
337 371 340 376
354 371 357 377
371 371 375 377
389 371 392 377
406 371 410 377
424 371 426 378
441 371 445 378
458 371 461 378
476 371 478 378
493 371 496 379
510 371 514 380
528 371 531 379
545 371 548 377
580 371 583 376
597 371 601 376
267 389 271 392
285 389 287 392
302 389 306 390
319 389 323 392
337 389 339 392
354 389 358 394
371 389 374 394
389 389 392 394
406 389 409 394
424 389 427 395
441 389 444 395
458 389 462 396
476 389 478 392
493 389 496 395
528 389 531 397
545 389 548 395
562 389 565 393
597 389 601 393
614 389 617 395
632 389 635 395
250 406 254 408
267 406 269 408
285 406 285 408
302 406 302 407
319 406 322 408
337 406 338 409
354 406 357 410
371 406 374 411
389 406 392 411
406 406 409 411
424 406 427 412
441 406 444 412
458 406 462 412
476 406 478 412
493 406 496 413
510 406 514 414
545 406 549 413
562 406 566 412
580 406 583 410
597 406 600 410
614 406 617 413
632 406 635 412
267 424 271 421
285 424 284 423
302 424 301 423
337 424 338 425
354 424 357 428
389 424 391 428
406 424 409 428
424 424 427 429
441 424 444 429
458 424 461 430
528 424 531 429
545 424 548 428
580 424 583 427
632 424 633 430
649 424 652 427
233 441 231 442
337 441 338 443
354 441 358 446
389 441 391 446
406 441 408 446
424 441 427 446
441 441 444 446
458 441 461 447
493 441 497 446
510 441 513 447
545 441 548 446
562 441 565 446
597 441 601 446
614 441 617 448
632 441 634 449
649 441 653 444
215 458 218 460
267 458 268 456
337 458 339 461
354 458 358 462
371 458 373 462
389 458 391 463
406 458 408 463
424 458 426 463
441 458 442 463
476 458 480 461
493 458 498 462
510 458 512 462
545 458 548 463
562 458 565 463
614 458 618 465
632 458 635 466
198 476 201 476
215 476 218 475
233 476 236 478
250 476 254 476
267 476 270 476
389 476 390 477
406 476 408 478
441 476 442 477
476 476 479 477
493 476 497 476
510 476 511 476
580 476 582 477
