493 111 471 176
77 163 37 136
94 163 54 137
424 181 400 207
389 198 364 235
406 198 383 235
424 198 399 236
337 215 312 261
354 215 330 260
371 215 348 261
389 215 364 260
406 215 381 259
424 215 398 259
441 215 415 258
458 215 432 260
476 215 449 256
493 215 466 259
510 215 482 259
528 215 498 257
319 233 295 278
337 233 312 281
354 233 329 283
371 233 346 284
389 233 364 285
406 233 380 284
424 233 397 283
441 233 412 282
458 233 430 283
493 233 463 282
528 233 496 281
545 233 512 279
302 250 276 286
337 250 312 297
371 250 346 306
389 250 363 309
406 250 378 310
424 250 395 309
441 250 411 307
476 250 443 306
493 250 459 307
510 250 476 307
528 250 493 306
337 267 311 311
354 267 330 317
389 267 361 327
406 267 377 327
424 267 393 330
441 267 408 330
458 267 426 331
476 267 441 328
493 267 457 329
510 267 474 329
528 267 491 324
302 285 276 310
319 285 294 322
337 285 312 326
354 285 329 333
371 285 345 339
441 285 410 348
476 285 442 351
493 285 456 348
510 285 473 349
528 285 489 344
233 302 213 321
250 302 230 321
337 302 311 341
354 302 328 350
371 302 345 353
389 302 363 355
406 302 380 358
424 302 392 356
493 302 454 370
510 302 471 365
528 302 486 361
580 302 537 344
354 319 327 364
371 319 343 367
389 319 359 368
406 319 373 368
424 319 389 370
441 319 406 372
562 319 518 361
580 319 535 363
371 337 344 381
389 337 358 381
441 337 406 385
476 337 437 391
493 337 452 395
510 337 464 394
562 337 516 377
580 337 531 380
406 354 372 393
424 354 391 395
476 354 436 405
493 354 449 410
510 354 464 412
562 354 515 393
267 371 242 377
302 371 275 372
441 371 406 411
493 371 448 423
510 371 464 428
528 371 480 430
267 389 243 392
285 389 260 392
337 389 306 399
354 389 324 402
371 389 339 407
389 389 356 408
458 389 420 426
510 389 464 443
597 389 541 420
614 389 555 421
632 389 573 420
267 406 245 412
285 406 262 412
354 406 324 415
371 406 339 419
389 406 355 423
406 406 371 426
424 406 386 428
597 406 539 439
632 406 569 439
371 424 339 432
389 424 354 436
406 424 369 440
424 424 385 440
441 424 402 443
354 441 320 444
424 441 385 453
441 441 400 457
545 441 495 450
233 458 207 464
371 458 334 460
389 458 352 461
406 458 369 462
562 458 504 468
215 476 192 478
233 476 208 477
250 476 224 476
406 476 368 478
