77 111 37 100
129 111 93 96
163 111 128 95
181 111 146 94
59 129 26 122
77 129 42 121
94 129 59 121
111 129 76 120
146 129 113 115
181 129 147 113
458 129 433 103
476 129 448 106
59 146 26 141
77 146 44 139
146 146 114 134
163 146 132 133
181 146 150 132
198 146 167 131
441 146 419 112
458 146 433 122
545 146 473 111
562 146 501 109
580 146 524 108
597 146 541 105
111 163 81 155
181 163 152 151
198 163 172 149
215 163 190 148
424 163 403 131
441 163 416 138
493 163 459 157
545 163 488 124
562 163 503 122
580 163 520 123
597 163 539 121
614 163 559 119
406 181 386 149
424 181 396 164
441 181 415 163
458 181 431 160
476 181 442 175
493 181 459 173
510 181 476 172
545 181 504 139
562 181 521 138
597 181 539 134
614 181 559 133
632 181 593 136
406 198 380 185
424 198 396 183
441 198 414 180
476 198 443 192
493 198 460 190
528 198 509 152
545 198 526 152
562 198 538 154
580 198 560 151
614 198 578 152
632 198 597 151
354 215 336 177
389 215 363 206
406 215 380 203
424 215 397 203
510 215 477 191
528 215 510 167
545 215 523 166
562 215 544 169
580 215 564 167
597 215 579 166
632 215 602 165
337 233 315 229
354 233 330 228
371 233 346 226
389 233 363 224
406 233 380 222
424 233 397 222
441 233 414 219
493 233 465 216
510 233 481 212
528 233 498 212
545 233 528 186
562 233 546 185
580 233 562 185
597 233 579 185
302 250 282 245
319 250 298 249
337 250 313 248
354 250 330 247
371 250 348 245
389 250 364 244
406 250 381 241
441 250 413 238
458 250 431 237
476 250 449 236
493 250 466 234
510 250 481 232
528 250 499 231
545 250 516 230
562 250 546 202
580 250 564 201
597 250 580 202
285 267 269 258
302 267 282 263
319 267 298 265
337 267 314 266
354 267 331 264
371 267 347 263
389 267 365 261
424 267 397 258
441 267 415 256
458 267 431 256
476 267 448 254
493 267 465 253
510 267 482 251
528 267 499 250
545 267 516 247
580 267 564 218
267 285 251 280
285 285 269 278
302 285 283 277
319 285 300 280
337 285 316 281
354 285 332 282
371 285 349 281
389 285 365 279
424 285 398 277
441 285 415 275
458 285 431 273
476 285 448 271
493 285 465 271
510 285 481 269
528 285 498 268
545 285 516 263
562 285 547 236
580 285 565 234
597 285 578 226
614 285 589 241
233 302 229 285
267 302 252 294
285 302 269 294
302 302 287 292
319 302 302 295
337 302 318 298
354 302 334 298
371 302 350 297
389 302 365 297
424 302 399 295
441 302 416 293
458 302 431 291
476 302 448 290
493 302 464 289
510 302 481 288
528 302 498 284
545 302 527 263
562 302 546 254
597 302 570 264
215 319 208 316
250 319 237 313
285 319 271 310
319 319 303 311
337 319 319 311
354 319 337 313
371 319 352 313
389 319 368 313
424 319 400 312
441 319 415 311
458 319 431 309
476 319 448 307
493 319 464 306
510 319 481 303
545 319 518 296
562 319 537 291
597 319 571 279
319 337 304 327
337 337 320 327
354 337 337 328
371 337 353 328
389 337 371 329
424 337 400 327
441 337 416 327
458 337 432 326
476 337 448 325
493 337 465 323
510 337 482 320
545 337 517 312
562 337 533 311
580 337 550 309
597 337 570 300
285 354 276 337
319 354 305 343
337 354 320 341
354 354 338 344
371 354 353 343
389 354 370 343
406 354 386 343
441 354 416 341
458 354 433 341
476 354 449 342
493 354 465 339
510 354 482 336
545 354 517 329
562 354 533 327
250 371 246 343
267 371 262 352
285 371 280 351
354 371 338 359
371 371 355 358
389 371 371 357
406 371 387 356
424 371 404 356
458 371 434 356
476 371 449 356
493 371 465 356
510 371 483 351
528 371 501 346
250 389 251 365
267 389 264 370
302 389 296 368
319 389 310 367
337 389 326 368
424 389 407 371
458 389 435 370
476 389 452 370
493 389 466 370
545 389 518 359
562 389 535 358
233 406 236 382
250 406 252 387
267 406 266 386
285 406 284 385
319 406 312 381
337 406 329 382
354 406 344 384
371 406 360 384
389 406 376 383
406 406 391 384
528 406 504 375
545 406 518 377
562 406 535 373
580 406 551 371
215 424 224 396
233 424 238 403
285 424 287 398
319 424 312 400
337 424 330 397
354 424 346 398
371 424 361 397
389 424 377 397
406 424 392 396
424 424 407 397
458 424 436 399
476 424 451 398
493 424 467 398
510 424 482 397
528 424 503 390
545 424 519 391
562 424 535 391
580 424 550 388
198 441 207 412
215 441 221 425
233 441 252 424
285 441 276 438
319 441 312 415
337 441 331 412
354 441 348 412
389 441 379 411
406 441 394 410
424 441 410 411
476 441 453 414
493 441 469 414
510 441 483 414
528 441 503 405
562 441 535 406
580 441 551 404
614 441 581 401
198 458 204 461
215 458 223 457
233 458 255 444
337 458 332 430
354 458 349 428
371 458 365 426
389 458 381 426
406 458 395 425
424 458 411 426
458 458 439 426
476 458 455 427
493 458 470 428
510 458 489 424
528 458 506 417
545 458 517 425
562 458 534 425
614 458 579 452
198 476 219 477
215 476 238 477
233 476 258 476
267 476 295 476
354 476 349 448
389 476 385 443
406 476 399 442
424 476 412 443
476 476 455 444
493 476 472 443
510 476 488 436
562 476 527 475
580 476 545 478
597 476 560 476
614 476 576 472
