59 111 34 116
77 111 51 116
129 111 106 115
163 111 142 115
181 111 159 115
59 129 37 135
77 129 54 135
111 129 90 135
146 129 124 133
181 129 160 133
458 129 443 130
476 129 454 137
493 129 474 141
528 129 508 139
59 146 36 155
77 146 55 154
94 146 73 153
111 146 91 152
129 146 108 152
146 146 126 152
163 146 143 151
181 146 161 151
198 146 178 151
441 146 425 146
458 146 441 148
510 146 482 163
597 146 558 145
59 163 40 171
77 163 54 172
94 163 72 172
111 163 87 171
129 163 106 171
146 163 126 171
163 163 140 170
181 163 161 170
198 163 179 168
215 163 199 167
424 163 408 163
441 163 424 162
458 163 437 176
476 163 452 179
493 163 468 180
545 163 508 161
580 163 530 160
597 163 556 162
614 163 577 163
406 181 391 179
424 181 408 179
441 181 422 188
458 181 435 192
476 181 449 198
493 181 468 197
545 181 506 177
562 181 524 176
580 181 539 175
597 181 557 177
614 181 577 178
632 181 595 176
406 198 387 207
424 198 401 208
441 198 419 207
458 198 435 214
476 198 450 215
493 198 467 214
528 198 507 190
545 198 524 189
580 198 546 192
597 198 558 193
614 198 577 196
632 198 601 193
371 215 355 227
389 215 369 228
406 215 384 226
424 215 401 226
441 215 419 226
458 215 434 229
476 215 452 230
493 215 469 228
510 215 493 206
528 215 508 205
545 215 523 205
562 215 542 208
580 215 562 209
597 215 578 209
632 215 604 207
337 233 323 244
354 233 335 247
371 233 352 246
389 233 367 246
406 233 384 245
424 233 402 245
441 233 419 243
493 233 469 243
510 233 486 241
545 233 526 223
562 233 544 223
580 233 560 224
597 233 574 225
632 233 608 223
319 250 302 265
337 250 318 265
354 250 335 265
371 250 353 265
389 250 369 264
406 250 385 263
424 250 401 262
441 250 418 262
458 250 435 262
476 250 452 262
493 250 470 261
528 250 502 259
562 250 543 241
580 250 560 241
597 250 575 241
285 267 268 278
302 267 285 280
319 267 302 282
337 267 319 283
354 267 335 283
371 267 351 282
389 267 368 282
406 267 385 280
424 267 401 280
441 267 419 280
458 267 434 280
476 267 451 279
493 267 469 278
510 267 485 277
545 267 519 276
562 267 544 257
580 267 560 257
597 267 576 256
267 285 253 295
285 285 269 297
302 285 285 296
319 285 302 298
337 285 319 299
354 285 336 299
371 285 351 300
389 285 368 299
406 285 385 299
424 285 402 299
441 285 417 298
458 285 435 297
493 285 467 296
510 285 484 294
528 285 501 294
562 285 543 275
580 285 560 274
614 285 589 273
233 302 230 303
250 302 233 314
285 302 268 313
302 302 286 312
319 302 303 314
337 302 319 315
354 302 336 316
371 302 352 316
389 302 369 317
406 302 385 316
424 302 402 316
441 302 419 315
458 302 434 314
493 302 467 313
510 302 484 312
528 302 500 310
545 302 523 299
562 302 543 293
580 302 559 291
215 319 200 325
233 319 217 331
250 319 236 330
267 319 254 327
319 319 303 330
337 319 319 330
354 319 337 333
371 319 353 332
389 319 370 333
406 319 386 333
424 319 402 333
441 319 418 333
458 319 434 332
493 319 467 330
510 319 484 329
545 319 525 319
562 319 542 319
580 319 559 314
215 337 199 339
267 337 254 343
285 337 271 341
319 337 303 347
337 337 320 348
354 337 337 348
371 337 353 348
389 337 370 349
406 337 385 347
424 337 402 347
441 337 417 348
458 337 435 349
493 337 468 348
510 337 484 345
528 337 500 343
545 337 518 340
580 337 552 336
597 337 572 328
267 354 254 356
285 354 271 357
354 354 337 364
371 354 352 364
389 354 369 364
406 354 385 363
424 354 402 363
441 354 419 364
476 354 451 364
493 354 466 363
510 354 483 362
545 354 517 358
562 354 534 357
580 354 551 357
267 371 254 373
285 371 269 375
302 371 288 376
319 371 304 377
337 371 321 377
354 371 338 379
371 371 354 380
389 371 369 379
406 371 386 379
424 371 402 378
441 371 420 381
458 371 435 381
493 371 466 380
510 371 484 378
545 371 518 374
562 371 534 374
267 389 255 392
285 389 269 392
302 389 288 392
319 389 304 391
337 389 321 394
441 389 420 396
528 389 502 390
545 389 517 390
562 389 534 389
233 406 222 408
250 406 238 407
267 406 254 406
285 406 270 411
302 406 289 408
319 406 305 407
337 406 322 407
354 406 338 409
371 406 355 409
389 406 372 409
406 406 387 409
424 406 404 412
458 406 436 411
493 406 466 409
528 406 503 406
545 406 518 404
580 406 551 405
215 424 205 425
233 424 230 422
267 424 253 422
285 424 267 423
302 424 286 423
319 424 306 426
354 424 339 425
371 424 356 425
389 424 372 425
406 424 387 425
424 424 404 425
441 424 422 425
476 424 451 426
493 424 468 427
510 424 483 426
528 424 502 421
545 424 519 417
562 424 531 435
580 424 550 421
597 424 566 419
198 441 189 440
215 441 212 441
233 441 231 439
267 441 252 441
285 441 271 441
302 441 286 440
319 441 306 444
337 441 323 442
354 441 340 440
389 441 372 441
406 441 389 441
424 441 405 441
441 441 420 442
458 441 437 441
493 441 468 443
510 441 485 441
528 441 502 437
545 441 521 431
562 441 532 452
580 441 550 438
597 441 567 437
614 441 583 435
198 458 189 457
215 458 205 458
250 458 235 459
267 458 253 459
285 458 272 460
302 458 286 457
337 458 325 458
354 458 342 459
371 458 357 456
389 458 374 456
406 458 389 456
424 458 405 456
441 458 421 457
493 458 468 459
510 458 487 453
528 458 503 452
545 458 519 449
580 458 550 455
597 458 566 454
614 458 583 452
198 476 188 476
233 476 218 478
250 476 234 476
267 476 253 476
285 476 271 477
302 476 290 476
354 476 344 475
371 476 359 475
389 476 375 474
406 476 390 473
424 476 404 473
441 476 422 473
476 476 452 475
493 476 467 476
510 476 484 472
528 476 502 471
545 476 518 473
562 476 533 475
580 476 550 475
597 476 565 474
614 476 581 474
