42 111 36 93
59 111 53 90
77 129 73 102
129 129 120 96
181 146 178 104
424 163 426 75
424 198 432 102
458 198 468 83
476 198 485 76
354 233 361 145
389 233 396 140
406 233 416 138
424 233 434 135
510 233 532 122
337 250 342 164
354 250 360 162
371 250 380 159
389 250 398 156
406 250 418 154
424 250 435 152
441 250 454 149
458 250 476 146
528 250 555 137
545 250 575 135
337 267 344 181
354 267 362 178
371 267 382 176
389 267 399 174
406 267 419 170
424 267 438 168
441 267 458 165
458 267 479 163
476 267 497 162
493 267 517 158
545 267 576 152
337 285 348 201
354 285 365 195
371 285 383 192
389 285 403 189
406 285 422 187
424 285 442 186
441 285 460 183
458 285 479 180
476 285 500 177
493 285 520 174
510 285 539 172
528 285 558 171
233 302 253 244
267 302 285 239
337 302 351 221
354 302 367 213
371 302 386 210
389 302 405 207
406 302 424 204
424 302 443 201
441 302 463 199
458 302 482 197
476 302 501 195
493 302 522 192
510 302 542 189
545 302 582 194
233 319 255 263
250 319 272 258
319 319 337 242
337 319 354 238
354 319 371 233
371 319 389 229
389 319 408 226
406 319 427 223
424 319 446 219
441 319 466 216
458 319 485 215
476 319 504 213
493 319 523 210
510 319 544 208
580 319 625 210
337 337 359 257
354 337 374 251
371 337 393 249
389 337 412 246
406 337 429 242
424 337 448 237
441 337 468 234
458 337 487 232
476 337 506 229
493 337 526 228
510 337 546 226
580 337 626 227
597 337 647 222
267 354 300 299
337 354 360 276
354 354 378 270
371 354 397 269
389 354 415 265
406 354 432 262
424 354 450 257
441 354 471 253
458 354 490 249
476 354 509 247
493 354 529 246
510 354 549 244
545 354 589 247
562 354 608 244
285 371 322 312
354 371 381 290
371 371 402 288
389 371 419 285
406 371 436 281
424 371 455 277
441 371 473 275
458 371 492 271
476 371 514 266
510 371 551 266
528 371 571 267
545 371 591 265
562 371 611 262
250 389 288 335
267 389 306 330
302 389 341 327
319 389 356 319
406 389 441 301
424 389 458 297
441 389 476 294
476 389 515 286
493 389 533 282
528 389 575 288
319 406 361 339
337 406 377 337
354 406 394 333
371 406 409 328
389 406 428 325
406 406 445 322
424 406 463 319
441 406 481 313
458 406 499 310
476 406 517 305
493 406 535 300
528 406 579 307
580 406 630 301
354 424 397 351
424 424 467 338
441 424 485 334
458 424 503 329
476 424 520 325
493 424 538 322
510 424 559 319
528 424 583 324
580 424 636 317
285 441 333 374
337 441 383 369
424 441 470 357
441 441 488 353
476 441 523 343
493 441 541 340
510 441 561 337
528 441 579 345
580 441 639 334
597 441 658 331
302 458 352 387
337 458 387 386
371 458 423 384
389 458 441 382
406 458 456 378
476 458 526 362
493 458 543 359
528 458 583 362
