25 129 61 166
42 129 77 163
77 129 101 161
94 146 122 172
111 146 140 169
129 146 156 166
441 146 420 119
510 146 492 107
545 146 535 110
580 146 587 82
597 146 603 78
493 163 465 73
545 163 538 128
562 163 571 122
580 163 587 100
614 163 614 102
406 181 332 172
458 181 438 97
476 181 454 94
493 181 469 90
562 181 555 142
580 181 574 141
614 181 614 124
458 198 441 114
476 198 456 110
493 198 471 106
545 198 560 164
597 198 582 163
614 198 598 164
458 215 444 133
476 215 459 127
493 215 477 125
545 215 563 187
354 233 356 171
371 233 371 169
389 233 386 168
406 233 403 165
441 233 434 161
493 233 481 152
545 233 566 209
562 233 583 197
371 250 372 180
389 250 388 178
406 250 406 177
441 250 436 173
458 250 452 171
476 250 468 168
493 250 486 168
510 250 504 165
528 250 520 163
562 250 594 217
614 250 606 178
337 267 341 197
354 267 357 194
476 267 472 181
493 267 487 178
510 267 506 178
528 267 522 176
545 267 540 177
614 267 609 197
285 285 304 233
337 285 343 213
354 285 359 207
371 285 374 203
389 285 388 201
424 285 424 199
441 285 439 196
458 285 455 194
528 285 526 190
545 285 544 190
233 302 258 265
250 302 273 264
267 302 290 260
285 302 306 255
319 302 333 237
337 302 347 230
354 302 361 222
371 302 376 216
389 302 392 213
424 302 424 208
441 302 441 206
458 302 456 204
476 302 473 203
493 302 491 201
510 302 507 199
545 302 549 211
250 319 274 278
267 319 291 274
319 319 334 253
337 319 349 247
354 319 363 238
476 319 476 214
493 319 491 213
510 319 509 213
545 319 555 227
233 337 262 289
267 337 296 295
285 337 315 296
319 337 337 270
337 337 354 262
371 337 382 250
406 337 412 241
424 337 428 236
441 337 445 233
458 337 459 229
545 337 553 241
580 337 593 238
267 354 299 318
285 354 318 317
319 354 340 286
337 354 355 280
354 354 369 269
371 354 384 268
406 354 414 260
424 354 431 255
441 354 448 250
458 354 462 244
476 354 480 241
493 354 496 240
510 354 514 242
267 371 302 336
285 371 320 334
319 371 347 319
337 371 359 300
354 371 374 295
371 371 392 288
389 371 407 286
406 371 420 280
424 371 435 274
441 371 450 270
458 371 466 263
476 371 482 257
510 371 519 259
528 371 540 273
545 371 557 269
562 371 575 266
250 389 281 358
267 389 306 350
302 389 337 345
319 389 352 340
389 389 411 306
406 389 427 302
424 389 438 293
441 389 456 289
458 389 472 285
476 389 485 275
493 389 503 274
510 389 530 289
528 389 548 291
545 389 562 287
233 406 260 383
250 406 279 379
267 406 308 370
302 406 337 363
319 406 353 357
337 406 370 346
354 406 385 341
371 406 400 336
389 406 416 330
406 406 431 325
441 406 460 308
458 406 475 302
476 406 492 296
493 406 507 290
528 406 553 308
545 406 568 305
233 424 266 399
250 424 284 394
267 424 301 395
285 424 335 387
337 424 373 366
354 424 389 361
371 424 404 357
389 424 421 351
406 424 435 346
441 424 465 333
458 424 481 321
476 424 495 315
493 424 509 308
528 424 556 327
545 424 572 336
580 424 600 332
198 441 253 443
215 441 262 419
233 441 284 416
302 441 346 441
337 441 375 384
354 441 393 381
389 441 424 370
406 441 439 365
441 441 471 354
458 441 485 342
476 441 498 330
493 441 512 324
528 441 560 346
562 441 585 351
215 458 269 436
233 458 291 430
267 458 326 423
319 458 358 404
337 458 378 400
354 458 395 397
371 458 411 395
389 458 427 389
406 458 443 385
441 458 485 373
458 458 520 367
476 458 503 350
510 458 542 346
528 458 566 361
562 458 585 373
580 458 601 369
198 476 277 473
302 476 357 477
337 476 371 476
354 476 389 475
389 476 432 408
406 476 449 405
424 476 468 399
441 476 487 390
562 476 587 390
