1 0 0 -0.2022774517536163 
0 1 0 -0.02555054239928722 
0 0 1 -0.5562111139297485 
0 0 0 1 

0.9994073510169983 0.0006155995652079582 0.03441764041781425 -0.2147392779588699 
-0.002984446240589023 0.9976248145103455 0.06881720572710037 -0.05814602598547935 
-0.0342935286462307 -0.068879134953022 0.9970353841781616 -0.5243868231773376 
0 0 0 1 

0.9985519051551819 0.00265172659419477 -0.05373053997755051 -0.1659480929374695 
0.001742211636155844 0.9966664910316467 0.08156464248895645 -0.0611623227596283 
0.05376771464943886 -0.08154014497995377 0.9952186346054077 -0.5369678735733032 
0 0 0 1 

0.9870821237564087 0.03268084675073624 -0.1568462997674942 -0.1075371280312538 
-0.01299320999532938 0.9920790195465088 0.1249412223696709 -0.0784989595413208 
0.1596871167421341 -0.1212893053889275 0.9796881079673767 -0.5399414300918579 
0 0 0 1 

0.9705976247787476 -0.05306508019566536 -0.2347855418920517 -0.05993927270174026 
0.1033821925520897 0.9727519750595093 0.2075225710868835 -0.1478065699338913 
0.2173758745193481 -0.2256935834884644 0.9496367573738098 -0.5306443572044373 
0 0 0 1 

0.9811707735061646 -0.0702589824795723 -0.1799098253250122 -0.08979933708906174 
0.1096305325627327 0.9694826006889343 0.2192825973033905 -0.1581600606441498 
0.1590129733085632 -0.2348774373531342 0.958930492401123 -0.5217058658599854 
0 0 0 1 

