604 239 604 243
602 242 602 246
604 242 604 246
607 244 606 249
607 247 606 251
613 247 611 252
616 247 613 253
610 250 607 254
613 250 610 255
616 250 613 255
619 250 616 256
616 256 612 260
619 256 614 260
613 258 608 263
616 258 612 263
619 258 615 264
624 258 617 263
545 264 552 269
616 264 611 268
624 264 618 269
627 264 620 269
613 267 607 271
621 267 617 272
627 267 620 272
548 270 555 273
627 270 620 275
630 270 623 275
633 270 626 276
635 270 629 276
616 273 609 277
619 273 612 277
621 273 615 277
624 273 618 277
630 273 623 278
633 273 626 278
635 273 628 279
613 275 608 280
616 275 610 280
619 275 612 280
621 275 615 280
624 275 618 280
627 275 621 281
633 275 626 281
635 275 628 282
621 278 615 283
624 278 618 283
627 278 621 283
633 278 625 284
635 278 628 285
638 278 630 285
616 281 609 283
619 281 612 284
633 281 624 287
635 281 628 288
638 281 631 289
641 281 633 287
610 284 602 288
613 284 605 286
616 284 609 286
619 284 612 287
621 284 615 287
624 284 617 287
630 284 621 288
638 284 631 292
602 287 593 293
610 287 602 292
613 287 605 291
619 287 612 290
621 287 615 290
624 287 617 290
630 287 621 290
633 287 624 291
641 287 632 292
602 290 593 296
607 290 598 294
610 290 601 295
613 290 605 294
621 290 614 293
624 290 617 293
630 290 621 293
633 290 624 293
635 290 627 294
638 290 630 294
641 290 633 294
644 290 636 295
604 292 598 300
607 292 601 300
613 292 604 297
630 292 621 296
635 292 626 297
638 292 630 297
641 292 632 297
647 292 638 298
571 295 567 299
593 295 586 299
604 295 598 302
607 295 600 302
565 298 563 302
568 298 566 302
599 298 591 302
602 298 594 306
627 298 616 302
630 298 619 302
647 298 644 306
565 301 563 305
576 301 573 302
590 301 585 302
593 301 588 301
619 301 609 305
621 301 613 306
627 301 617 305
630 301 619 305
635 301 625 304
638 301 628 304
647 301 646 309
565 304 563 308
576 304 573 306
579 304 576 303
590 304 585 305
593 304 587 305
616 304 606 307
633 304 622 307
635 304 625 307
638 304 628 307
644 304 634 308
579 306 576 306
596 306 591 307
599 306 593 307
607 306 599 309
619 306 609 311
633 306 622 310
641 306 631 311
644 306 634 311
647 306 640 311
568 309 566 309
573 309 569 309
576 309 572 310
579 309 576 309
582 309 579 309
630 309 619 313
635 309 624 312
638 309 627 313
641 309 630 313
644 309 633 313
647 309 636 314
573 312 568 312
576 312 572 313
582 312 579 313
585 312 581 312
588 312 584 313
610 312 603 314
624 312 615 315
638 312 627 316
576 315 571 315
579 315 574 315
585 315 581 315
