571 202 564 203
599 242 605 242
610 242 615 239
613 242 617 239
596 244 602 245
599 244 605 245
613 244 618 242
624 256 629 254
616 258 620 257
619 258 623 257
624 258 628 256
627 258 631 257
613 261 615 260
616 261 619 260
619 261 623 259
624 261 625 259
627 261 629 259
630 261 633 260
638 261 640 258
619 264 620 263
621 264 623 262
627 264 630 262
635 264 637 263
638 264 640 262
641 264 642 263
576 267 572 272
579 267 574 272
619 267 619 265
621 267 622 265
624 267 625 265
627 267 630 266
633 267 634 266
635 267 637 266
638 267 640 266
579 270 580 272
582 270 583 272
607 270 611 267
610 270 613 268
613 270 616 268
616 270 619 268
621 270 622 268
624 270 624 268
627 270 628 268
630 270 631 269
633 270 634 269
635 270 636 269
579 273 580 276
582 273 583 276
610 273 613 271
613 273 616 271
616 273 619 271
619 273 621 271
624 273 625 271
627 273 627 271
630 273 630 271
633 273 633 272
635 273 636 272
641 273 642 272
647 273 647 273
599 275 601 273
602 275 604 273
604 275 606 273
610 275 612 274
613 275 616 274
616 275 619 273
619 275 621 273
624 275 625 274
627 275 627 274
630 275 630 274
635 275 636 275
641 275 642 275
644 275 644 276
647 275 647 276
590 278 585 278
610 278 612 276
613 278 615 277
616 278 618 276
633 278 630 277
635 278 635 277
638 278 638 278
641 278 641 278
644 278 644 279
647 278 647 279
554 281 547 289
556 281 550 289
573 281 566 286
576 281 569 286
588 281 582 281
590 281 586 281
607 281 609 279
610 281 612 279
635 281 635 280
638 281 638 281
641 281 641 281
644 281 643 281
647 281 646 282
551 284 545 290
554 284 547 292
556 284 550 291
565 284 559 288
579 284 572 287
582 284 574 287
588 284 582 284
590 284 586 284
621 284 623 281
635 284 632 284
638 284 638 284
644 284 642 284
647 284 647 284
554 287 548 294
562 287 556 291
568 287 562 291
571 287 564 290
573 287 567 290
576 287 570 290
579 287 573 290
588 287 582 287
590 287 586 288
602 287 598 286
619 287 618 286
621 287 624 284
627 287 626 284
641 287 639 286
644 287 642 286
647 287 646 287
565 290 559 294
568 290 562 294
571 290 565 292
573 290 567 292
576 290 570 292
588 290 583 291
590 290 586 291
599 290 595 289
602 290 598 289
607 290 603 285
610 290 606 286
624 290 623 287
627 290 626 287
630 290 629 287
638 290 637 289
644 290 642 289
647 290 646 289
565 292 559 297
571 292 565 295
573 292 568 295
576 292 571 294
585 292 580 293
588 292 582 293
590 292 586 293
593 292 589 293
596 292 591 291
599 292 595 291
602 292 598 291
604 292 600 291
607 292 603 291
610 292 606 289
613 292 610 289
619 292 617 290
621 292 620 289
627 292 626 289
630 292 629 290
647 292 647 292
559 295 556 300
568 295 564 298
573 295 568 297
585 295 580 296
590 295 586 295
593 295 589 295
596 295 592 296
599 295 595 295
602 295 597 294
604 295 600 294
607 295 603 294
610 295 605 292
616 295 612 293
621 295 619 293
624 295 623 293
627 295 625 292
630 295 629 292
644 295 641 294
647 295 646 295
559 298 559 305
565 298 561 301
568 298 564 301
571 298 567 301
576 298 573 299
585 298 580 298
590 298 586 298
599 298 595 297
602 298 598 298
604 298 600 297
607 298 603 297
610 298 605 297
613 298 608 297
616 298 611 297
619 298 617 297
621 298 617 296
624 298 620 296
627 298 624 296
630 298 626 296
633 298 631 295
647 298 646 299
568 301 564 303
573 301 571 302
576 301 573 301
579 301 576 301
585 301 581 301
602 301 598 300
604 301 601 301
610 301 605 300
613 301 608 300
616 301 611 300
619 301 615 300
621 301 618 300
624 301 622 300
630 301 626 299
633 301 629 299
635 301 632 299
638 301 636 299
644 301 641 299
647 301 644 299
559 304 559 306
573 304 571 304
576 304 573 304
579 304 576 304
582 304 579 304
585 304 581 304
588 304 584 302
590 304 587 302
596 304 593 302
613 304 609 303
616 304 612 303
619 304 615 303
621 304 618 304
624 304 622 304
633 304 629 302
635 304 632 302
638 304 636 302
641 304 638 302
644 304 643 302
647 304 646 303
579 306 577 307
582 306 580 307
585 306 582 307
588 306 584 307
590 306 588 305
593 306 591 305
596 306 593 305
613 306 609 306
616 306 612 306
619 306 615 306
621 306 618 306
630 306 626 305
633 306 629 305
635 306 631 305
638 306 635 305
641 306 638 305
644 306 641 305
647 306 646 305
585 309 582 310
588 309 585 310
590 309 589 308
593 309 591 308
596 309 593 308
602 309 599 308
610 309 608 309
613 309 610 308
616 309 614 309
619 309 616 309
627 309 623 307
630 309 626 308
633 309 628 308
635 309 632 308
638 309 635 308
641 309 637 307
644 309 640 307
647 309 646 308
573 312 572 313
582 312 580 314
588 312 585 313
604 312 602 311
607 312 604 311
610 312 608 311
613 312 612 312
616 312 615 312
619 312 617 312
630 312 626 311
635 312 631 311
638 312 635 310
641 312 637 310
644 312 640 310
647 312 643 311
582 315 581 315
599 315 597 314
602 315 600 314
604 315 602 314
607 315 605 314
610 315 608 315
613 315 611 315
619 315 617 315
621 315 620 315
624 315 623 315
635 315 631 314
641 315 637 314
644 315 640 314
647 315 646 314
