554 211 554 216
556 213 556 220
562 213 588 214
537 219 542 220
548 222 551 226
604 227 604 230
607 227 607 229
613 227 613 227
604 230 606 232
607 230 610 232
613 230 615 231
599 233 573 245
604 233 606 235
613 233 614 234
610 236 613 237
621 242 617 243
545 244 567 221
619 244 588 265
542 247 566 224
602 247 612 269
621 250 615 253
548 253 574 231
621 253 613 256
624 253 616 256
573 256 572 248
571 258 571 252
599 261 608 258
599 264 607 261
633 264 629 280
630 267 619 272
635 267 628 275
537 270 555 264
627 270 618 275
630 270 620 276
531 273 550 266
534 273 553 267
573 273 622 292
579 273 626 293
627 273 617 278
531 275 549 269
534 275 552 270
540 275 564 271
542 275 567 272
616 275 608 280
621 275 612 281
633 275 622 282
635 275 625 282
638 275 629 283
531 278 548 272
537 278 562 274
542 278 566 275
616 278 607 283
630 278 622 285
633 278 625 286
545 281 569 276
537 284 561 281
548 284 572 278
630 284 623 289
540 287 563 283
542 287 566 283
537 290 560 285
540 290 563 286
542 290 566 287
545 290 568 287
599 290 591 287
534 292 557 288
537 292 559 289
542 292 565 290
545 292 568 290
548 292 570 292
624 292 612 288
534 295 556 290
537 295 559 291
542 295 564 293
545 295 567 293
548 295 570 294
542 298 563 296
545 298 566 297
593 298 597 308
537 301 549 294
542 301 561 299
548 301 568 299
551 301 569 302
588 301 593 311
599 301 581 302
633 301 627 308
540 304 559 303
596 304 600 313
627 304 623 312
537 306 555 305
585 306 592 315
599 306 603 315
619 306 612 311
621 306 615 312
624 306 619 313
627 306 622 314
641 306 637 312
610 309 596 313
621 309 614 314
616 312 611 314
571 315 572 315
588 315 632 315
590 315 585 315
613 315 598 316
644 315 647 316
