540 211 578 225
542 211 581 225
540 213 578 228
604 213 613 243
537 216 575 230
540 216 578 231
573 216 539 215
604 216 613 245
551 227 586 243
562 230 586 234
590 230 604 245
593 230 607 244
582 236 599 258
542 239 572 254
582 239 599 262
556 242 584 266
573 242 586 264
576 242 589 264
610 242 618 258
613 242 629 267
613 244 620 262
576 247 592 271
579 247 595 270
599 250 606 262
607 250 611 267
610 250 613 267
619 250 623 266
621 250 626 266
610 253 613 269
616 253 619 269
619 253 622 270
624 253 629 270
619 256 620 273
627 256 628 274
630 256 631 274
559 258 583 277
607 258 611 272
616 258 615 275
619 258 619 275
627 258 629 277
630 258 631 277
633 258 635 277
635 258 639 278
602 261 604 271
607 261 610 275
610 261 613 276
630 261 632 279
633 261 635 279
635 261 639 280
613 264 615 279
621 264 624 282
627 264 630 283
633 264 635 287
540 267 564 278
596 267 602 295
610 267 612 281
630 267 633 289
635 267 633 283
638 267 636 283
542 270 567 281
582 273 594 282
599 275 600 292
604 275 609 289
537 278 544 275
599 278 599 295
627 278 626 298
638 278 639 293
644 278 644 293
565 281 576 287
644 281 645 296
647 281 648 296
540 284 560 294
644 284 645 298
647 284 648 299
542 287 552 286
630 287 625 301
635 287 632 301
638 287 638 301
641 287 641 301
644 287 644 302
647 287 647 302
551 290 558 290
562 290 569 290
565 290 572 290
568 290 574 291
576 290 582 294
582 290 587 294
635 290 631 304
638 290 638 304
545 292 552 288
565 292 570 292
576 292 581 297
582 292 585 297
585 292 590 297
593 292 598 301
633 292 628 307
644 292 644 305
647 292 647 305
565 295 570 296
568 295 573 296
571 295 576 297
579 295 583 300
588 295 591 300
590 295 593 300
593 295 596 301
621 295 620 306
624 295 622 307
647 295 647 308
551 298 557 294
565 298 569 299
568 298 572 298
571 298 575 299
579 298 580 303
585 298 587 303
588 298 590 303
590 298 593 303
593 298 596 304
596 298 599 304
599 298 601 304
602 298 604 305
624 298 622 309
638 298 637 311
565 301 569 301
568 301 571 301
571 301 574 302
576 301 578 304
588 301 589 306
590 301 592 306
593 301 595 306
596 301 598 306
599 301 601 307
602 301 604 307
630 301 616 306
633 301 630 313
635 301 634 313
638 301 637 313
647 301 646 314
565 304 568 304
568 304 571 304
571 304 574 305
576 304 578 307
579 304 580 307
582 304 583 306
585 304 587 306
576 306 577 309
579 306 580 310
582 306 583 309
585 306 586 310
588 306 589 310
621 306 613 308
627 306 616 308
562 309 563 306
565 309 568 308
568 309 571 308
571 309 574 311
576 309 577 311
579 309 580 312
582 309 582 312
585 309 585 312
588 309 589 312
593 309 592 313
607 309 604 314
624 309 613 311
630 309 619 312
647 309 648 291
565 312 565 312
568 312 568 312
624 312 612 314
579 315 579 315
582 315 582 315
585 315 586 315
613 315 628 316
627 315 633 316
