632 146 650 178
632 163 649 194
649 163 666 195
684 163 705 196
718 163 741 198
736 163 760 197
753 163 778 199
770 163 798 201
788 163 815 202
614 181 633 210
632 181 648 212
649 181 666 212
666 181 685 213
684 181 705 213
701 181 723 213
718 181 742 215
736 181 760 215
753 181 778 217
770 181 794 217
805 181 819 220
614 198 631 228
632 198 648 229
649 198 665 229
666 198 683 229
718 198 742 232
736 198 758 231
753 198 776 232
770 198 793 233
788 198 813 236
614 215 630 244
632 215 646 245
649 215 664 247
666 215 682 247
614 233 630 261
632 233 646 261
649 233 664 262
788 233 811 270
580 250 596 276
597 250 612 277
632 250 646 280
649 250 664 280
666 250 682 281
684 250 701 282
528 267 543 291
545 267 561 292
562 267 576 293
580 267 594 294
597 267 612 294
614 267 628 295
632 267 647 296
649 267 664 297
666 267 680 298
684 267 698 299
701 267 716 300
718 267 733 301
736 267 751 302
788 267 810 306
493 285 507 307
510 285 526 308
528 285 542 309
545 285 559 309
562 285 575 310
580 285 592 311
597 285 610 311
614 285 628 313
632 285 645 314
649 285 662 315
666 285 679 315
684 285 697 316
701 285 714 317
718 285 733 318
736 285 749 319
753 285 768 320
770 285 793 322
788 285 811 324
493 302 507 324
510 302 524 324
528 302 540 325
545 302 558 326
562 302 575 326
580 302 592 328
597 302 609 328
614 302 626 329
632 302 643 329
649 302 662 331
666 302 678 331
684 302 696 333
701 302 713 334
718 302 732 335
736 302 749 336
753 302 768 337
770 302 793 340
788 302 815 344
493 319 506 342
510 319 524 342
528 319 539 341
545 319 557 342
562 319 575 344
580 319 593 345
597 319 609 346
614 319 626 346
632 319 644 348
649 319 660 347
666 319 678 348
684 319 695 349
701 319 713 351
736 319 749 354
753 319 766 355
770 319 790 358
788 319 811 362
458 337 471 357
476 337 487 357
493 337 506 357
528 337 539 359
545 337 556 360
562 337 575 362
580 337 594 364
597 337 608 363
614 337 625 363
632 337 644 364
649 337 659 365
684 337 695 366
701 337 712 367
718 337 730 370
753 337 767 372
770 337 791 376
788 337 812 377
441 354 455 372
458 354 472 373
476 354 486 375
493 354 504 376
528 354 538 376
545 354 556 377
562 354 573 378
580 354 592 380
666 354 676 381
684 354 694 384
701 354 712 385
718 354 729 386
736 354 748 387
753 354 766 389
770 354 784 391
788 354 802 392
458 371 470 391
476 371 486 392
493 371 504 394
510 371 522 394
528 371 539 394
545 371 556 396
614 371 625 398
632 371 641 400
649 371 658 403
666 371 678 403
684 371 694 402
753 371 768 407
770 371 784 408
788 371 801 408
476 389 485 411
493 389 503 413
528 389 539 412
562 389 573 412
597 389 609 417
614 389 626 418
632 389 642 417
666 389 676 420
684 389 694 421
718 389 730 423
753 389 767 426
770 389 783 425
788 389 802 426
59 406 87 401
94 406 117 404
111 406 134 404
493 406 502 429
528 406 538 429
545 406 555 429
562 406 571 430
580 406 588 431
614 406 626 435
632 406 641 435
649 406 659 433
666 406 677 438
770 406 783 442
788 406 803 444
77 424 97 421
94 424 115 421
528 424 537 449
562 424 572 447
580 424 588 450
597 424 605 449
614 424 623 452
632 424 641 453
649 424 659 450
684 424 694 456
701 424 709 454
718 424 731 456
753 424 765 456
42 441 70 433
77 441 97 436
476 441 483 460
493 441 500 461
510 441 516 460
545 441 554 461
562 441 571 465
597 441 605 467
649 441 659 469
666 441 676 468
718 441 734 471
753 441 763 470
770 441 783 470
788 441 801 470
42 458 68 452
129 458 148 457
458 458 465 474
476 458 484 472
493 458 499 471
545 458 553 474
562 458 570 479
42 476 67 468
94 476 110 474
111 476 125 475
129 476 145 474
146 476 161 475
632 476 643 478
