457 230 457 234
460 230 460 234
463 230 463 233
466 230 466 234
468 230 468 234
474 233 473 236
414 239 414 246
466 239 462 239
477 239 474 240
397 241 399 249
408 241 408 249
460 241 456 242
463 241 459 242
466 241 463 242
471 241 470 241
474 241 473 241
477 241 476 242
397 244 398 252
403 244 401 253
408 244 408 252
414 244 413 249
416 244 415 248
400 247 399 256
403 247 401 256
405 247 404 256
408 247 408 255
411 247 410 253
414 247 413 252
416 247 415 251
425 247 423 249
446 247 443 249
452 247 454 245
471 247 470 245
386 250 387 255
397 250 396 259
400 250 399 259
403 250 401 259
405 250 405 259
408 250 408 258
416 250 415 254
449 250 451 248
452 250 454 248
471 250 469 248
474 250 471 248
381 252 381 259
383 252 384 261
386 252 387 262
392 252 392 262
394 252 395 262
397 252 398 262
400 252 401 261
403 252 404 261
405 252 406 261
408 252 409 261
414 252 415 261
416 252 416 258
419 252 418 258
471 252 468 251
474 252 471 251
479 252 479 253
381 255 381 264
383 255 385 264
386 255 387 265
389 255 389 265
392 255 392 265
394 255 396 264
397 255 399 264
400 255 401 264
403 255 404 264
405 255 407 263
408 255 410 263
411 255 412 263
414 255 415 264
444 255 432 258
471 255 466 254
479 255 479 256
381 258 382 267
383 258 385 267
386 258 387 268
389 258 390 267
392 258 393 267
394 258 395 267
397 258 398 267
400 258 401 267
403 258 405 266
405 258 407 266
408 258 409 266
411 258 412 266
414 258 415 266
419 258 417 260
444 258 432 261
449 258 441 263
479 258 480 258
381 261 382 270
383 261 384 270
386 261 387 270
389 261 391 270
392 261 393 270
394 261 395 270
400 261 402 269
403 261 405 269
405 261 407 268
408 261 409 268
411 261 412 268
414 261 415 269
427 261 426 262
457 261 450 282
479 261 479 261
482 261 482 261
381 263 382 273
383 263 385 273
386 263 388 273
389 263 390 273
392 263 393 272
394 263 396 273
405 263 407 271
408 263 409 271
411 263 412 271
427 263 426 265
430 263 430 265
460 263 466 265
477 263 477 265
479 263 480 265
482 263 483 265
383 266 385 276
386 266 388 276
389 266 390 276
392 266 393 275
394 266 396 276
383 269 383 278
386 269 388 278
389 269 390 278
394 269 396 278
397 269 398 278
416 269 418 272
455 269 461 273
463 269 468 270
466 269 468 273
479 269 480 269
482 269 483 269
383 272 383 281
386 272 388 281
389 272 391 281
392 272 393 281
397 272 399 281
457 272 463 276
463 272 466 275
468 272 472 275
471 272 475 275
474 272 477 275
389 274 391 284
474 274 477 278
477 274 481 281
490 274 491 273
389 277 391 287
441 277 444 295
446 277 446 288
460 277 464 280
463 277 466 280
466 277 469 280
468 277 472 279
485 277 486 275
490 277 490 275
389 280 391 290
392 280 396 297
408 280 404 277
430 280 430 291
433 280 433 290
460 280 464 283
463 280 467 284
466 280 469 282
468 280 472 284
471 280 474 284
479 280 483 293
485 280 485 277
405 282 402 280
408 282 404 279
411 282 408 280
422 282 415 280
436 282 436 293
466 282 470 287
468 282 472 286
471 282 474 287
488 282 488 280
490 282 491 281
383 285 383 287
386 285 385 287
400 285 399 287
425 285 422 286
427 285 424 285
441 285 444 302
449 285 453 293
457 285 462 288
460 285 464 287
463 285 466 287
466 285 470 289
488 285 489 283
490 285 491 283
383 288 383 289
394 288 394 286
411 288 407 285
419 288 413 285
425 288 422 288
468 288 473 290
381 291 380 299
386 291 386 292
427 291 427 291
455 291 461 293
457 291 463 293
468 291 473 292
471 291 480 304
474 291 456 289
479 291 463 289
482 291 466 289
392 293 394 298
419 293 416 291
427 293 427 293
430 293 430 293
455 293 459 295
460 293 464 296
477 293 459 293
479 293 461 290
414 296 410 292
416 296 414 293
419 296 417 293
460 296 464 299
488 296 470 295
493 296 493 303
378 299 378 298
419 299 417 296
457 299 463 301
463 299 469 301
490 299 472 298
493 299 493 306
378 302 378 302
400 302 400 300
403 302 403 302
405 302 406 302
416 302 416 299
422 302 421 299
425 302 428 307
427 302 431 307
430 302 431 302
438 302 442 301
457 302 464 304
482 302 462 301
493 302 493 309
378 304 378 304
394 304 396 304
400 304 401 303
403 304 403 305
405 304 406 305
408 304 409 305
411 304 411 306
414 304 414 302
416 304 417 303
419 304 419 302
422 304 422 302
425 304 425 302
427 304 431 310
430 304 431 305
433 304 433 304
457 304 464 306
460 304 467 307
466 304 472 306
482 304 462 305
490 304 469 304
493 304 493 311
378 307 378 307
392 307 393 306
397 307 398 306
405 307 407 311
414 307 414 308
416 307 417 308
419 307 419 305
422 307 422 305
427 307 431 313
430 307 434 313
441 307 442 307
444 307 445 307
446 307 453 310
452 307 456 307
455 307 460 310
457 307 462 309
460 307 467 309
463 307 470 308
466 307 472 308
468 307 475 309
471 307 477 311
490 307 469 307
378 310 378 310
392 310 392 309
394 310 395 309
397 310 397 309
408 310 411 314
416 310 417 311
422 310 425 311
425 310 427 311
430 310 433 316
433 310 437 316
441 310 441 310
444 310 444 310
446 310 454 313
455 310 459 313
457 310 461 312
460 310 467 312
463 310 470 312
466 310 473 312
468 310 475 312
471 310 478 315
490 310 493 317
422 313 423 313
425 313 427 314
430 313 434 319
433 313 437 319
438 313 442 319
452 313 457 315
455 313 459 316
457 313 462 316
466 313 473 315
471 313 478 317
477 313 482 317
479 313 484 317
378 315 378 316
381 315 380 316
383 315 383 315
416 315 420 317
425 315 427 316
427 315 431 319
449 315 450 318
452 315 457 318
455 315 459 318
457 315 462 318
466 315 473 318
479 315 484 320
378 318 378 318
381 318 380 318
383 318 383 318
386 318 386 318
392 318 392 318
416 318 420 319
419 318 422 319
427 318 431 321
444 318 448 321
449 318 450 321
452 318 457 321
455 318 459 321
378 321 378 321
381 321 380 321
383 321 383 321
414 321 417 323
422 321 425 322
425 321 428 322
427 321 431 324
430 321 433 324
433 321 436 324
438 321 440 324
441 321 442 324
444 321 448 324
446 321 451 323
449 321 454 323
452 321 457 324
455 321 459 324
378 324 377 324
381 324 380 324
383 324 383 324
386 324 386 324
389 324 388 324
394 324 394 324
419 324 420 325
422 324 425 325
425 324 428 326
427 324 431 326
430 324 434 327
436 324 437 327
438 324 440 327
441 324 442 327
444 324 448 327
446 324 451 327
449 324 454 327
452 324 457 327
455 324 459 327
463 324 468 327
466 324 471 324
490 324 492 323
378 326 377 327
383 326 383 326
386 326 386 326
405 326 408 326
408 326 409 328
414 326 414 328
416 326 417 328
419 326 420 328
422 326 423 328
425 326 428 328
433 326 436 331
436 326 439 331
438 326 442 331
441 326 445 331
444 326 448 330
446 326 451 330
449 326 454 330
452 326 457 330
455 326 460 330
460 326 465 329
463 326 468 329
466 326 471 329
468 326 474 330
493 326 493 326
378 329 378 329
381 329 382 329
386 329 389 329
408 329 409 331
414 329 414 330
416 329 417 330
419 329 420 330
422 329 423 330
433 329 436 334
436 329 439 333
438 329 443 333
441 329 445 333
444 329 448 333
446 329 451 333
449 329 454 333
452 329 457 332
455 329 460 333
457 329 463 332
460 329 465 332
463 329 468 332
466 329 470 332
471 329 477 334
474 329 479 333
408 332 409 333
414 332 414 333
416 332 417 333
425 332 426 333
427 332 432 332
433 332 436 336
436 332 439 336
438 332 442 335
441 332 445 335
444 332 447 336
446 332 450 335
449 332 454 335
455 332 460 335
460 332 465 335
463 332 468 335
466 332 471 335
468 332 474 335
493 332 493 333
378 335 378 335
383 335 386 335
416 335 417 335
419 335 420 335
378 337 378 337
383 337 386 337
386 337 389 337
403 337 403 337
405 337 406 337
408 337 408 337
411 337 411 337
414 337 414 337
425 337 425 337
455 337 460 337
468 337 470 337
471 337 474 337
490 337 490 337
493 337 494 337
