441 233 441 238
471 233 464 244
474 233 466 244
441 236 438 240
444 236 441 241
455 236 448 244
416 239 414 241
433 239 430 242
436 239 433 243
438 239 435 245
408 241 408 243
414 241 413 243
416 241 417 243
427 241 425 245
433 241 430 247
438 241 434 248
441 241 437 248
446 241 445 248
460 241 453 250
463 241 456 250
466 241 458 250
471 241 458 252
408 244 408 246
411 244 411 246
416 244 416 247
425 244 423 248
427 244 425 248
430 244 428 248
436 244 431 250
446 244 444 251
463 244 455 252
474 244 467 253
479 244 469 253
411 247 410 249
414 247 413 249
419 247 419 250
471 247 461 255
477 247 466 255
479 247 469 261
411 250 411 252
414 250 413 252
416 250 416 252
419 250 419 252
452 250 452 254
466 250 458 257
477 250 466 258
414 252 414 256
416 252 417 257
419 252 425 255
466 252 458 260
468 252 461 260
477 252 466 260
414 255 414 260
466 255 458 263
468 255 461 263
419 258 413 265
466 258 459 270
463 261 456 273
474 261 461 275
386 263 408 252
457 263 449 274
433 266 428 277
466 269 460 267
381 272 383 273
411 272 408 279
433 272 427 273
479 272 466 272
411 274 407 281
479 274 466 275
482 274 468 275
485 274 471 277
378 277 378 270
386 277 406 270
400 277 383 275
479 277 463 278
485 277 477 286
490 277 486 284
389 280 409 273
438 280 432 288
485 280 477 289
389 282 408 276
403 282 387 284
425 282 415 286
427 282 418 288
433 282 426 290
436 282 429 290
438 282 432 290
425 285 415 291
427 285 418 291
430 285 422 293
438 285 432 293
482 285 474 292
405 288 396 293
422 288 411 282
430 288 421 296
433 288 424 297
436 288 429 298
438 288 432 296
466 293 474 288
383 296 382 296
414 296 396 306
463 296 469 291
389 299 390 298
392 299 394 298
430 299 419 278
433 299 424 280
430 302 419 282
468 302 490 301
430 304 419 296
468 304 488 304
392 307 393 304
430 307 418 299
460 307 474 297
463 307 477 297
466 307 484 306
468 307 488 306
471 307 493 303
430 310 418 304
433 310 421 304
466 310 485 309
468 310 487 308
471 310 490 308
386 313 396 299
430 313 418 307
433 313 422 307
468 313 487 311
471 313 490 311
378 318 379 328
438 318 426 305
471 318 490 314
427 321 413 312
438 321 426 309
452 321 448 317
436 324 420 315
449 324 431 319
446 326 448 319
449 326 432 321
455 326 448 322
405 329 446 322
455 329 448 325
457 329 451 326
460 329 471 328
403 332 440 326
416 332 395 317
419 332 399 317
411 335 392 324
419 335 400 321
403 337 378 337
430 337 454 337
