0.946843147277832 -0.1159442365169525 -0.3000747561454773 0.1696456521749496 
0.1006906181573868 0.9927353858947754 -0.06586258858442307 -0.02608627639710903 
0.305531233549118 0.03214678913354874 0.9516391754150391 -0.5911598205566406 
0 0 0 1 

0.9688811898231506 -0.03497257828712463 -0.245042622089386 0.1326111406087875 
0.04573965072631836 0.9982156157493591 0.03838544711470604 -0.0781090185046196 
0.24326291680336 -0.04839913919568062 0.9687520265579224 -0.5905073881149292 
0 0 0 1 

0.9082709550857544 -0.005422618705779314 -0.418347030878067 0.2192866802215576 
0.001924562733620405 0.9999595880508423 -0.008783066645264626 -0.04576649889349937 
0.4183777272701263 0.007172266487032175 0.9082446694374084 -0.5535429120063782 
0 0 0 1 

0.8443742394447327 -0.04770772531628609 -0.5336254239082336 0.2775176167488098 
0.02320240065455437 0.998349130153656 -0.05254145711660385 -0.02215099334716797 
0.5352511405944824 0.03198325634002686 0.8440872430801392 -0.5187100768089294 
0 0 0 1 

0.7881154417991638 -0.1051323562860489 -0.6064825654029846 0.3161452412605286 
0.05942792817950249 0.9936990141868591 -0.09502966701984406 -0.001309429528191686 
0.6126518249511719 0.03885232284665108 0.7893972992897034 -0.4889625310897827 
0 0 0 1 

0.7325530052185059 -0.2105385512113571 -0.6473325490951538 0.3430067002773285 
0.1305319517850876 0.9767663478851318 -0.1699672937393188 0.03455889225006104 
0.668077290058136 0.0400124303996563 0.7430151700973511 -0.4612075090408325 
0 0 0 1 

0.5858789682388306 -0.2860944867134094 -0.7582187056541443 0.3927969336509705 
0.1420678347349167 0.9573823213577271 -0.2514673173427582 0.07190252840518951 
0.797848641872406 0.03961088880896568 0.6015549898147583 -0.3891418874263763 
0 0 0 1 

0.5639630556106567 -0.1953624337911606 -0.8023583889007568 0.4032358527183533 
0.1025681644678116 0.9806612133979797 -0.1666832119226456 0.02987824007868767 
0.8194054365158081 0.01170670334249735 0.5730946660041809 -0.3742148578166962 
0 0 0 1 

0.5233150720596313 -0.09709152579307556 -0.8465897440910339 0.4107807874679565 
0.117077574133873 0.9922583699226379 -0.04142670333385468 -0.02834580838680267 
0.8440579175949097 -0.07743749767541885 0.5306310057640076 -0.347099781036377 
0 0 0 1 

0.5260639190673828 -0.06883209198713303 -0.8476549386978149 0.412781685590744 
0.08882156014442444 0.9957153797149658 -0.02573144063353539 -0.0331852026283741 
0.8457939624786377 -0.06175366789102554 0.5299235582351685 -0.3496975600719452 
0 0 0 1 

