582 208 580 218
585 208 583 217
588 208 586 217
590 208 592 216
579 211 577 220
582 211 580 220
585 211 583 220
588 211 586 220
579 213 576 223
582 213 579 223
585 213 582 223
588 213 585 223
599 213 598 221
576 219 571 228
579 219 575 228
588 219 584 229
610 219 603 226
573 222 566 233
579 222 571 237
582 222 574 231
590 222 581 232
602 222 605 241
621 222 621 231
624 222 624 231
562 225 563 224
576 225 568 240
579 225 570 240
624 225 624 234
627 225 627 235
576 227 568 243
579 227 570 244
621 227 621 236
627 227 627 238
630 227 629 239
576 230 567 246
588 230 577 234
638 230 636 243
548 233 563 230
571 233 563 249
573 233 566 252
582 233 570 246
590 233 580 238
635 233 632 242
638 233 636 246
548 236 563 232
576 236 568 256
596 236 590 239
621 236 617 246
624 236 619 246
635 236 632 244
624 239 618 249
635 239 632 247
635 242 632 254
638 242 634 252
610 244 606 251
621 244 608 264
624 244 617 262
627 244 621 262
638 244 634 255
641 244 638 252
593 247 575 259
627 247 620 265
630 247 623 263
633 247 626 263
635 247 629 263
638 247 634 258
641 247 638 255
542 250 542 240
610 250 592 268
613 250 596 269
627 250 619 267
630 250 623 266
633 250 626 266
531 253 532 252
548 253 561 239
590 253 573 269
607 253 592 271
616 253 600 272
621 253 610 272
627 253 619 271
630 253 623 270
633 253 626 269
635 253 629 269
641 253 640 251
531 256 531 255
540 256 546 247
588 256 576 272
604 256 588 273
607 256 591 273
610 256 594 274
613 256 597 274
619 256 606 275
627 256 616 274
630 256 619 274
633 256 625 273
537 258 544 249
540 258 547 249
602 258 585 274
613 258 597 277
630 258 619 277
534 261 541 252
537 261 544 252
540 261 547 252
545 261 550 256
548 261 553 256
551 261 556 256
602 261 585 277
604 261 588 277
624 261 612 280
627 261 615 280
531 264 538 255
540 264 544 259
542 264 547 259
545 264 549 259
554 264 558 260
579 264 567 270
604 264 588 279
531 267 537 261
534 267 539 261
540 267 544 262
542 267 546 262
545 267 549 262
548 267 552 261
554 267 557 267
621 267 609 285
638 267 639 268
531 270 537 264
534 270 539 264
540 270 543 264
542 270 546 265
545 270 548 265
616 270 601 287
627 270 632 270
638 270 639 271
641 270 641 271
528 273 533 267
531 273 536 267
534 273 538 267
540 273 543 267
542 273 545 268
545 273 549 268
548 273 551 269
551 273 554 269
554 273 554 272
633 273 635 270
635 273 638 273
641 273 641 273
531 275 536 270
534 275 538 270
537 275 541 270
542 275 545 272
588 275 574 284
607 275 586 287
630 275 635 276
635 275 638 276
638 275 641 277
528 278 529 273
531 278 536 273
534 278 539 274
537 278 542 273
540 278 545 274
551 278 550 279
554 278 553 279
565 278 559 283
573 278 571 284
585 278 571 286
588 278 577 287
624 278 628 282
633 278 637 283
638 278 641 280
528 281 532 275
531 281 535 276
534 281 538 276
540 281 541 278
542 281 547 277
576 281 565 286
590 281 577 290
593 281 580 291
596 281 583 291
610 281 612 282
619 281 621 284
624 281 627 285
630 281 633 286
633 281 636 286
540 284 544 278
576 284 564 289
579 284 567 290
582 284 570 291
590 284 577 293
593 284 580 293
596 284 583 294
604 284 590 300
613 284 614 286
616 284 617 287
619 284 620 287
621 284 624 287
624 284 627 288
627 284 629 288
630 284 632 289
638 284 639 283
641 284 642 283
540 287 544 281
542 287 547 281
571 287 558 291
573 287 561 291
576 287 563 292
579 287 566 293
582 287 570 294
593 287 579 296
596 287 582 297
607 287 609 288
610 287 612 288
613 287 614 290
619 287 620 290
621 287 623 290
624 287 626 291
627 287 629 291
630 287 632 292
638 287 639 287
641 287 642 286
644 287 644 286
537 290 541 283
540 290 544 283
542 290 547 284
573 290 560 295
579 290 565 295
585 290 571 297
588 290 573 297
604 290 605 291
607 290 608 291
610 290 611 292
613 290 614 293
616 290 617 293
619 290 620 294
621 290 623 293
624 290 626 294
630 290 632 294
635 290 636 292
638 290 639 289
641 290 641 289
644 290 644 289
534 292 538 286
537 292 540 286
540 292 543 286
542 292 546 287
568 292 554 297
576 292 562 297
579 292 566 298
585 292 570 299
588 292 572 300
593 292 579 300
596 292 582 301
602 292 602 294
604 292 605 294
607 292 608 295
610 292 611 296
613 292 614 296
616 292 617 295
619 292 620 295
621 292 623 296
624 292 625 296
630 292 631 297
638 292 639 295
641 292 641 295
644 292 644 292
647 292 647 292
531 295 536 292
540 295 542 289
542 295 545 289
568 295 554 300
573 295 560 299
602 295 602 296
604 295 605 297
607 295 608 298
610 295 611 298
613 295 613 298
616 295 617 299
619 295 619 299
621 295 622 299
627 295 626 300
630 295 631 300
635 295 635 301
641 295 641 300
647 295 647 296
531 298 536 295
537 298 539 293
573 298 566 302
607 298 607 300
610 298 610 301
613 298 613 301
616 298 616 302
619 298 619 303
621 298 621 302
624 298 624 302
627 298 628 303
635 298 635 303
647 298 647 299
582 301 579 303
588 301 582 304
593 301 594 302
604 301 603 301
619 301 619 305
621 301 621 305
630 301 631 305
647 301 647 303
540 304 545 300
551 304 550 303
579 304 575 306
582 304 578 306
585 304 581 306
588 304 585 305
590 304 590 305
593 304 593 304
599 304 598 304
604 304 603 304
607 304 606 305
610 304 609 305
613 304 612 305
619 304 616 305
627 304 627 307
630 304 630 308
635 304 634 308
638 304 637 308
647 304 646 305
573 306 566 308
576 306 569 309
579 306 574 309
582 306 577 308
588 306 585 308
593 306 591 307
599 306 597 306
602 306 600 307
604 306 603 307
607 306 605 307
610 306 609 308
613 306 612 308
619 306 615 308
621 306 620 309
624 306 623 310
627 306 626 310
635 306 634 311
641 306 640 312
647 306 646 308
554 309 547 305
573 309 565 311
576 309 568 312
579 309 572 312
585 309 580 311
593 309 590 310
596 309 593 309
599 309 596 310
602 309 599 310
604 309 602 310
607 309 605 310
610 309 608 310
613 309 611 311
619 309 615 311
621 309 620 312
624 309 623 313
630 309 629 313
633 309 633 314
554 312 546 311
556 312 550 312
559 312 552 313
565 312 555 312
568 312 558 312
571 312 561 313
573 312 564 314
576 312 568 314
585 312 578 314
588 312 583 312
590 312 586 313
596 312 592 312
599 312 595 313
602 312 598 313
604 312 601 312
607 312 604 313
610 312 608 313
613 312 610 314
619 312 617 315
556 315 549 315
559 315 551 315
565 315 555 315
582 315 575 316
585 315 578 316
588 315 581 315
593 315 589 315
599 315 593 315
602 315 596 315
604 315 599 315
607 315 602 315
619 315 620 314
