627 225 620 231
534 273 534 266
576 273 566 274
573 275 563 276
579 275 569 277
585 275 572 277
534 278 534 272
568 278 556 279
585 278 571 280
590 278 575 281
593 278 578 281
534 281 534 275
540 281 538 276
531 284 531 279
534 284 534 279
540 284 540 278
624 284 627 289
627 284 629 290
630 284 632 290
573 287 558 286
579 287 562 287
627 287 629 292
630 287 632 293
537 290 537 283
540 290 540 283
573 290 557 289
579 290 561 289
630 290 632 296
531 292 533 285
537 292 537 286
540 292 540 286
624 292 625 298
627 292 628 298
630 292 632 298
633 292 634 299
534 295 535 292
540 295 538 290
542 295 541 290
627 295 628 301
630 295 631 301
633 295 633 302
635 295 637 302
638 295 640 303
565 298 548 296
616 298 616 300
619 298 619 300
621 298 622 301
624 298 624 302
627 298 628 304
630 298 631 304
633 298 633 305
635 298 636 305
585 301 581 302
588 301 584 302
610 301 610 303
613 301 612 303
616 301 615 303
619 301 619 303
621 301 622 304
624 301 624 304
565 304 550 302
568 304 552 303
579 304 572 304
582 304 577 305
585 304 581 305
588 304 586 305
590 304 589 305
599 304 597 304
602 304 600 304
604 304 603 304
607 304 606 305
610 304 609 306
613 304 612 306
616 304 615 306
619 304 618 306
621 304 621 307
624 304 624 307
627 304 627 308
641 304 642 312
579 306 573 307
582 306 577 307
585 306 580 308
588 306 584 308
590 306 589 308
596 306 594 307
599 306 597 308
602 306 599 307
604 306 603 308
607 306 605 308
610 306 608 308
613 306 611 309
619 306 617 309
621 306 621 310
624 306 623 310
627 306 626 311
630 306 629 311
568 309 555 307
579 309 571 310
582 309 576 310
585 309 579 311
588 309 582 310
596 309 593 310
599 309 596 310
602 309 598 310
604 309 601 310
607 309 605 311
610 309 608 311
613 309 611 311
616 309 613 312
619 309 617 312
624 309 623 313
627 309 626 314
568 312 554 310
571 312 558 310
579 312 571 313
582 312 574 313
590 312 585 312
593 312 589 313
596 312 592 313
599 312 595 313
602 312 597 313
604 312 601 313
607 312 604 313
554 315 545 313
556 315 548 312
559 315 551 316
576 315 566 316
579 315 570 316
582 315 574 316
585 315 577 316
590 315 585 315
593 315 588 315
596 315 592 315
599 315 594 315
602 315 597 315
