568 208 591 205
562 213 546 217
568 213 550 218
562 216 545 220
593 219 600 215
571 222 577 222
576 222 585 218
579 222 589 218
582 222 592 217
585 222 595 217
596 222 602 218
579 225 588 221
582 227 594 226
585 227 595 220
590 230 601 228
582 233 593 232
590 233 599 231
573 236 552 251
576 236 588 236
599 236 607 256
602 236 612 257
604 236 617 258
607 236 620 259
596 239 604 258
599 239 607 258
604 239 613 260
607 239 619 262
610 239 622 262
534 242 548 265
596 242 605 241
604 242 612 263
610 242 622 266
590 244 600 244
593 244 603 262
585 247 596 263
616 247 624 268
548 250 562 283
582 250 595 266
585 250 598 267
531 253 541 271
531 256 541 274
604 256 574 274
633 256 633 274
635 256 638 280
596 258 595 277
599 258 599 277
602 258 606 274
633 258 636 282
635 258 638 282
531 261 543 278
537 261 545 280
554 261 560 275
596 261 595 283
602 261 606 277
604 261 599 279
607 261 611 279
621 261 619 281
630 261 628 284
633 261 634 284
635 261 637 284
638 261 641 285
531 264 542 280
573 264 579 282
576 264 585 284
599 264 602 284
602 264 605 281
604 264 608 282
621 264 618 285
624 264 620 286
627 264 623 286
630 264 627 286
635 264 634 287
638 264 640 289
542 267 538 267
554 267 547 272
559 267 553 278
562 267 557 278
582 267 583 294
602 267 605 285
604 267 607 285
607 267 613 289
624 267 620 289
627 267 623 289
641 267 643 292
551 270 563 292
576 270 584 287
596 270 596 292
607 270 613 292
627 270 622 292
537 273 539 281
571 273 580 293
576 273 584 290
638 273 638 294
571 275 579 296
573 275 582 296
638 275 640 302
647 275 647 299
559 278 564 289
590 278 592 299
641 278 641 316
537 281 538 287
604 281 605 298
613 281 611 298
627 281 625 299
630 281 629 300
537 284 536 280
562 284 567 294
565 284 569 294
568 284 572 295
588 284 589 299
602 284 601 300
610 284 616 308
633 284 633 304
545 287 541 285
562 287 567 297
565 287 569 297
568 287 571 298
630 287 629 307
545 290 541 288
548 290 544 288
551 290 550 292
562 290 565 299
565 290 568 300
573 290 575 297
576 290 578 298
582 290 582 301
588 290 587 302
590 290 590 302
596 290 594 303
599 290 597 303
602 290 600 304
551 292 549 295
556 292 553 293
562 292 564 302
565 292 567 303
571 292 572 301
573 292 575 302
576 292 577 302
582 292 581 304
588 292 586 304
590 292 589 304
596 292 594 306
599 292 597 306
602 292 600 306
607 292 604 307
616 292 612 309
559 295 556 295
565 295 567 307
573 295 574 305
576 295 577 305
582 295 581 306
585 295 583 306
588 295 586 306
593 295 592 308
599 295 597 309
610 295 606 310
635 295 626 312
638 295 628 312
556 298 555 300
559 298 558 301
562 298 562 303
568 298 569 307
573 298 574 308
576 298 576 308
582 298 581 309
585 298 583 309
590 298 589 309
602 298 598 310
604 298 601 311
562 301 561 305
565 301 564 305
588 301 586 311
590 301 588 312
596 301 593 312
599 301 595 313
602 301 598 314
613 301 608 315
562 304 560 308
565 304 563 308
576 304 576 312
579 304 578 312
585 304 583 312
590 304 588 315
647 304 646 311
579 306 578 315
588 315 575 315
