59 129 31 63
111 129 86 54
77 146 49 78
94 146 66 77
476 146 463 45
458 163 448 78
476 181 470 92
406 198 400 109
371 215 363 137
389 215 383 134
406 215 401 130
441 215 433 135
458 215 453 133
337 233 325 163
354 233 346 160
371 233 365 156
389 233 383 154
406 233 402 152
458 233 457 149
476 233 478 142
319 250 308 184
337 250 327 181
354 250 347 179
371 250 366 177
389 250 384 175
406 250 403 173
424 250 422 171
458 250 459 167
476 250 479 164
493 250 499 162
510 250 518 159
302 267 294 206
319 267 311 204
337 267 329 203
354 267 347 200
371 267 365 197
389 267 384 196
406 267 404 194
424 267 423 192
441 267 441 190
458 267 460 188
476 267 479 185
493 267 499 183
302 285 296 224
319 285 313 224
337 285 330 221
354 285 348 219
371 285 366 219
389 285 385 215
406 285 403 214
424 285 422 211
441 285 442 209
458 285 461 208
476 285 479 206
493 285 499 203
510 285 517 199
233 302 237 242
267 302 272 238
302 302 299 240
319 302 315 241
337 302 332 240
354 302 349 239
371 302 367 238
389 302 386 235
406 302 404 234
424 302 423 232
441 302 441 230
458 302 460 229
476 302 479 227
493 302 499 224
215 319 221 261
302 319 301 256
319 319 318 254
337 319 337 257
354 319 351 257
371 319 368 256
389 319 386 255
406 319 405 254
424 319 424 251
441 319 442 249
458 319 460 247
476 319 478 245
493 319 499 241
528 319 546 230
545 319 563 228
198 337 212 278
215 337 227 274
233 337 245 271
302 337 307 273
319 337 321 273
337 337 335 274
354 337 353 274
371 337 371 272
389 337 389 271
406 337 407 271
424 337 424 270
441 337 443 267
458 337 460 266
476 337 479 264
493 337 500 259
510 337 521 253
528 337 538 251
267 354 286 280
319 354 322 289
337 354 340 292
354 354 357 289
371 354 375 288
389 354 391 288
406 354 408 287
424 354 424 286
441 354 443 288
458 354 461 285
476 354 480 281
510 354 521 272
545 354 558 268
250 371 271 295
267 371 287 297
337 371 343 306
354 371 362 306
371 371 377 303
389 371 393 301
406 371 411 301
424 371 428 301
441 371 445 302
476 371 482 298
510 371 523 288
528 371 540 288
250 389 273 313
267 389 289 312
406 389 413 316
424 389 430 317
441 389 446 319
510 389 522 305
528 389 542 303
250 406 273 333
267 406 290 330
285 406 308 328
441 406 449 331
458 406 463 332
562 406 576 313
302 424 323 344
371 424 391 342
476 424 484 348
198 441 234 369
215 441 251 368
302 441 324 361
319 441 344 358
337 441 362 355
389 441 409 354
493 441 509 348
510 441 528 344
545 441 558 351
562 441 576 350
198 458 235 382
302 458 326 378
337 458 365 373
354 458 380 370
493 458 511 362
510 458 528 360
562 458 575 366
