42 111 36 99
59 111 53 99
493 111 492 84
111 129 107 115
129 129 124 114
146 129 142 113
423 129 423 101
441 129 440 104
476 129 472 105
493 129 490 103
42 146 36 136
129 146 125 132
163 146 159 131
423 146 423 120
441 146 440 120
458 146 455 125
476 146 472 124
493 146 490 119
545 146 541 117
562 146 559 116
25 163 29 156
129 163 126 150
146 163 144 149
389 163 389 138
406 163 407 137
423 163 424 138
458 163 454 143
476 163 473 142
510 163 510 133
562 163 560 134
580 163 578 134
389 181 390 156
441 181 439 162
476 181 473 160
493 181 496 151
545 181 548 150
580 181 577 148
597 181 596 148
389 198 388 178
406 198 405 177
423 198 421 178
476 198 474 176
528 198 532 168
597 198 600 166
371 215 370 198
389 215 388 197
406 215 405 197
423 215 421 197
441 215 439 197
458 215 457 196
493 215 496 186
580 215 584 183
597 215 601 183
354 233 354 216
371 233 370 216
389 233 388 215
406 233 405 215
458 233 458 213
476 233 476 211
510 233 515 205
562 233 568 202
580 233 585 202
597 233 602 201
337 250 335 235
354 250 354 235
371 250 371 234
389 250 388 233
406 250 406 232
423 250 423 232
458 250 458 231
476 250 476 230
493 250 495 230
510 250 512 227
562 250 568 219
580 250 584 218
302 267 302 254
319 267 319 253
337 267 337 252
354 267 353 252
371 267 370 251
389 267 388 251
406 267 406 250
423 267 424 250
441 267 441 249
458 267 458 248
476 267 475 247
493 267 493 247
510 267 511 246
580 267 585 234
250 285 258 267
285 285 287 271
302 285 302 271
319 285 319 271
337 285 337 270
354 285 354 270
371 285 371 269
389 285 389 268
406 285 406 268
423 285 424 267
441 285 441 267
458 285 459 266
476 285 476 266
493 285 494 265
510 285 511 263
580 285 585 252
267 302 271 288
302 302 302 288
337 302 337 288
354 302 354 287
371 302 372 287
389 302 389 286
406 302 407 286
423 302 424 285
441 302 442 285
458 302 459 284
476 302 477 284
493 302 495 283
545 302 551 273
562 302 567 271
215 319 224 304
233 319 242 306
302 319 305 306
319 319 322 305
337 319 339 304
354 319 355 305
371 319 372 304
389 319 390 304
406 319 407 303
423 319 425 303
441 319 442 302
458 319 460 302
476 319 477 301
493 319 495 300
510 319 513 296
528 319 533 296
545 319 548 296
562 319 565 294
215 337 220 322
302 337 306 322
319 337 322 322
337 337 339 322
354 337 357 322
371 337 374 322
389 337 391 321
406 337 408 321
423 337 425 320
441 337 443 320
476 337 477 318
493 337 495 317
510 337 513 314
528 337 530 314
545 337 547 314
267 354 275 337
302 354 307 338
319 354 324 338
337 354 340 340
354 354 358 338
371 354 376 339
389 354 392 339
406 354 408 338
423 354 425 337
441 354 443 337
458 354 460 336
476 354 478 335
493 354 495 333
528 354 531 332
545 354 547 331
267 371 274 354
302 371 308 354
319 371 325 355
337 371 341 355
354 371 359 354
371 371 377 355
389 371 394 355
406 371 408 353
423 371 426 354
441 371 443 354
458 371 460 353
510 371 514 349
528 371 530 349
250 389 260 370
302 389 310 369
389 389 395 371
406 389 409 370
423 389 427 370
441 389 444 370
458 389 461 370
493 389 496 366
510 389 513 366
233 406 249 388
302 406 311 385
319 406 328 385
337 406 344 387
354 406 361 386
371 406 378 386
406 406 411 387
423 406 427 386
441 406 444 386
458 406 460 385
476 406 478 385
493 406 497 382
510 406 515 381
562 406 566 380
215 423 231 405
233 423 248 407
319 423 329 402
337 423 345 402
371 423 379 402
389 423 395 401
406 423 411 402
423 423 429 402
441 423 444 403
458 423 462 403
476 423 478 402
510 423 515 397
198 441 217 420
319 441 329 418
354 441 363 418
371 441 380 419
389 441 397 418
406 441 413 418
441 441 445 419
458 441 463 420
476 441 478 419
528 441 532 414
545 441 547 416
562 441 565 414
181 458 200 435
198 458 219 440
354 458 363 434
371 458 380 434
389 458 397 433
476 458 482 431
493 458 499 430
528 458 531 433
545 458 548 433
562 458 566 431
580 458 584 425
181 476 200 457
