0.8792598247528076 -0.2118001729249954 0.4266647696495056 0.06054634600877762 
-0.00323570379987359 0.8930338025093079 0.449977844953537 -0.29991415143013 
-0.4763314723968506 -0.397027999162674 0.7845234274864197 -0.5343801379203796 
0 0 0 1 

0.8620483875274658 -0.2607703506946564 0.4345932006835938 0.08753322064876556 
-0.01144133880734444 0.8472492694854736 0.5310721397399902 -0.3148990571498871 
-0.5066966414451599 -0.4627821743488312 0.7273863554000854 -0.4740109741687775 
0 0 0 1 

0.8347829580307007 -0.2970939576625824 0.4635433256626129 0.1026114746928215 
-0.0456283837556839 0.8016932606697083 0.5959914326667786 -0.320713222026825 
-0.5486850738525391 -0.5186741948127747 0.6556839346885681 -0.4478595852851868 
0 0 0 1 

0.8049520254135132 -0.319683849811554 0.4998542964458466 0.1083461940288544 
-0.09202978014945984 0.7649782299995422 0.6374469995498657 -0.3312779366970062 
-0.5861592292785645 -0.5591157674789429 0.5863503217697144 -0.4385935664176941 
0 0 0 1 

0.7833600640296936 -0.3226395547389984 0.5312727093696594 0.1102764755487442 
-0.1539936512708664 0.7273420095443726 0.6687746047973633 -0.3553680181503296 
-0.6021901369094849 -0.6057039499282837 0.5200862288475037 -0.4312473833560944 
0 0 0 1 

0.8103899359703064 -0.3419091403484344 0.4757796227931976 0.1278118193149567 
-0.1539054811000824 0.6593136787414551 0.7359473705291748 -0.4011698961257935 
-0.5653151273727417 -0.6696294546127319 0.4816794693470001 -0.4269026219844818 
0 0 0 1 

0.8463598489761353 -0.3138152658939362 0.4303426742553711 0.1236801967024803 
-0.0789189413189888 0.7251766920089722 0.6840251684188843 -0.4689894318580627 
-0.5267320275306702 -0.6128935813903809 0.5889945030212402 -0.4536271989345551 
0 0 0 1 

0.8205692172050476 -0.2267319858074188 0.5246509909629822 0.06493560969829559 
-0.1636582762002945 0.7863020896911621 0.5957724452018738 -0.5631185173988342 
-0.5476148128509521 -0.5747359395027161 0.6081086993217468 -0.4949212670326233 
0 0 0 1 

0.8325275182723999 -0.1726599633693695 0.5263898968696594 0.06649952381849289 
-0.1518306583166122 0.8426932096481323 0.5165418386459351 -0.4556574523448944 
-0.5327712893486023 -0.5099574327468872 0.6753501892089844 -0.4861792027950287 
0 0 0 1 

0.8287083506584167 -0.1132133230566978 0.5481103658676147 0.05549928173422813 
-0.1845631897449493 0.8692672252655029 0.4585965871810913 -0.4424986839294434 
-0.5283735990524292 -0.4812038540840149 0.699474036693573 -0.4886732399463654 
0 0 0 1 

