425 236 438 237
455 236 467 241
405 239 415 237
411 239 424 238
414 239 427 238
425 239 437 240
427 239 440 241
446 239 459 242
452 239 464 243
455 239 467 243
397 241 409 240
411 241 424 240
416 241 429 241
419 241 432 242
430 241 441 246
433 241 444 246
446 241 458 246
452 241 464 247
455 241 466 247
408 244 420 243
411 244 423 243
416 244 426 244
430 244 440 249
433 244 443 249
438 244 449 248
446 244 457 252
452 244 464 250
455 244 469 250
436 247 449 252
403 250 414 246
405 250 420 247
414 250 424 247
416 250 426 247
419 250 431 251
449 250 463 258
452 250 466 259
389 252 400 248
414 252 423 250
419 252 431 253
433 252 454 252
452 252 466 261
386 255 394 252
389 255 400 250
397 255 408 251
400 255 411 252
405 255 417 251
411 255 423 253
425 255 437 259
468 255 479 263
394 258 405 254
397 258 407 254
400 258 410 254
414 258 426 256
427 258 439 262
430 258 445 260
433 258 448 260
436 258 451 260
457 258 466 256
460 258 469 256
397 261 408 256
411 261 422 258
427 261 439 266
430 261 445 263
433 261 448 263
436 261 451 263
438 261 454 263
441 261 457 261
474 261 486 268
386 263 399 257
419 263 433 259
422 263 434 270
425 263 436 268
427 263 442 265
430 263 445 266
433 263 448 266
436 263 451 266
438 263 454 266
441 263 456 265
386 266 399 263
389 266 400 260
422 266 433 273
425 266 436 271
427 266 442 268
430 266 444 269
433 266 448 269
436 266 450 269
441 266 456 269
386 269 399 268
400 269 408 263
427 269 441 271
430 269 444 271
433 269 447 272
438 269 454 269
392 272 402 266
394 272 405 266
400 272 408 266
430 272 444 274
438 272 453 272
392 274 401 272
405 274 413 269
427 274 441 275
427 277 441 278
438 277 456 275
471 277 484 283
389 280 400 280
394 280 406 281
427 280 441 280
436 280 450 281
444 280 455 281
471 280 484 285
389 282 400 284
392 282 403 284
394 282 406 286
438 282 450 286
471 282 483 288
389 285 400 286
392 285 403 286
411 285 419 287
425 285 436 286
427 285 439 286
430 285 442 286
436 285 447 289
438 285 449 289
468 285 480 291
392 288 403 289
411 288 418 289
430 288 441 289
436 288 447 291
441 288 449 292
444 288 454 292
446 288 457 293
460 288 472 293
466 288 478 293
468 288 480 294
477 288 487 295
479 288 489 294
485 288 493 295
389 291 398 291
400 291 408 292
430 291 440 292
438 291 446 295
441 291 449 295
444 291 452 296
455 291 467 294
457 291 470 294
471 291 481 297
474 291 484 298
477 291 486 297
411 293 418 293
425 293 435 293
427 293 438 294
430 293 440 294
436 293 443 297
438 293 446 298
441 293 449 298
444 293 452 298
446 293 454 298
449 293 461 295
452 293 463 296
455 293 466 296
457 293 469 296
466 293 475 299
468 293 478 299
471 293 480 300
474 293 483 300
482 293 490 297
485 293 492 298
392 296 400 295
394 296 405 298
427 296 437 296
436 296 443 301
438 296 445 300
441 296 448 300
444 296 451 301
446 296 458 297
449 296 461 298
455 296 466 299
457 296 468 299
460 296 469 302
463 296 471 302
477 296 486 301
482 296 489 300
485 296 492 301
400 299 408 297
425 299 434 299
430 299 438 299
438 299 445 303
441 299 448 304
444 299 451 304
449 299 460 300
452 299 463 301
455 299 465 301
457 299 466 304
460 299 469 304
474 299 483 303
479 299 486 303
482 299 489 303
397 302 406 300
400 302 409 300
422 302 431 301
427 302 435 302
444 302 454 304
449 302 460 303
471 302 479 308
392 304 398 302
397 304 405 303
403 304 411 303
427 304 434 304
436 304 443 306
444 304 453 307
446 304 456 307
452 304 460 307
455 304 463 307
457 304 466 308
493 304 494 311
392 307 397 305
397 307 405 306
416 307 423 304
425 307 432 306
427 307 434 307
433 307 439 308
436 307 442 308
438 307 445 308
441 307 448 309
444 307 451 310
446 307 453 310
449 307 456 310
452 307 460 310
455 307 463 310
457 307 466 310
460 307 468 313
463 307 471 313
466 307 473 313
403 310 410 307
422 310 429 309
427 310 433 310
433 310 439 311
436 310 442 311
441 310 446 312
444 310 450 312
446 310 453 312
452 310 459 313
455 310 462 313
457 310 465 313
482 310 486 312
485 310 488 312
493 310 493 316
416 313 422 310
422 313 428 311
425 313 431 311
433 313 438 313
438 313 445 314
441 313 448 314
444 313 450 314
457 313 464 315
460 313 467 315
463 313 470 316
466 313 473 317
468 313 476 317
419 315 425 314
422 315 427 314
425 315 431 314
430 315 433 316
436 315 441 315
449 315 456 316
452 315 459 317
460 315 467 318
463 315 471 319
466 315 474 319
471 315 477 319
477 315 480 320
479 315 483 319
482 315 485 319
493 315 493 322
422 318 427 317
425 318 430 317
438 318 443 318
441 318 446 319
444 318 449 319
446 318 452 319
455 318 461 319
460 318 467 321
471 318 476 322
477 318 479 323
479 318 482 322
400 321 406 318
419 321 423 319
436 321 440 321
446 321 453 322
457 321 462 324
466 321 470 326
468 321 472 325
474 321 477 325
477 321 479 325
416 324 420 322
419 324 423 322
425 324 427 322
427 324 430 322
436 324 438 323
438 324 442 323
441 324 446 324
449 324 455 324
452 324 455 326
460 324 467 325
411 326 412 324
416 326 420 324
419 326 423 324
422 326 426 324
427 326 430 325
436 326 438 326
438 326 444 326
441 326 447 326
446 326 450 326
449 326 452 326
463 326 468 328
466 326 471 328
485 326 487 329
488 326 489 329
394 329 395 328
397 329 397 328
416 329 419 326
427 329 430 328
436 329 438 328
438 329 441 329
444 329 447 329
446 329 450 329
449 329 452 329
466 329 470 331
479 329 478 332
482 329 481 332
485 329 484 332
394 332 392 331
414 332 416 329
416 332 419 329
419 332 421 328
422 332 424 328
425 332 426 328
427 332 429 330
436 332 438 331
441 332 443 331
446 332 450 332
449 332 455 332
452 332 458 332
471 332 472 334
474 332 475 334
386 335 386 332
389 335 388 334
405 335 407 333
408 335 410 333
411 335 413 332
414 335 416 332
416 335 419 333
419 335 421 333
425 335 427 333
427 335 429 333
436 335 437 334
441 335 442 334
444 335 446 335
468 335 469 336
471 335 472 336
474 335 475 336
490 335 492 336
405 337 403 337
411 337 413 335
414 337 415 336
416 337 418 336
425 337 427 337
427 337 429 337
436 337 437 337
441 337 442 337
444 337 446 337
463 337 467 337
485 337 484 337
