576 211 579 200
579 211 582 200
576 213 578 203
582 216 584 205
585 216 587 205
579 219 581 207
576 222 577 209
585 222 586 209
534 225 540 214
576 227 576 213
588 227 588 215
590 227 591 216
576 230 576 216
579 230 578 216
573 233 572 218
576 233 575 218
579 233 578 219
585 233 585 220
596 233 597 224
573 236 571 222
576 236 574 222
579 236 577 222
573 239 571 225
576 239 574 225
593 239 591 226
548 242 550 224
582 242 576 229
548 244 550 226
548 247 549 229
573 247 565 237
548 250 549 232
554 253 552 235
556 253 555 235
545 258 545 240
548 258 547 240
554 261 554 244
630 261 626 262
633 261 629 263
551 264 552 254
630 264 625 265
633 264 628 266
638 264 635 265
556 267 558 255
633 267 627 268
635 267 630 268
638 267 635 269
542 270 543 262
602 270 603 262
630 270 625 270
599 273 599 265
633 273 627 274
644 273 640 276
545 275 546 267
593 275 593 266
644 275 639 278
630 278 623 279
641 278 635 281
644 278 638 281
619 281 615 280
627 281 621 284
644 281 638 284
616 284 612 283
619 284 615 283
624 284 617 287
627 284 620 287
616 287 612 286
619 287 615 287
641 287 636 291
619 290 614 290
621 290 617 290
604 295 599 297
599 298 602 298
616 298 608 299
599 301 602 302
602 301 604 302
644 301 641 303
644 304 641 305
647 304 647 304
641 306 639 308
644 306 642 308
647 306 647 308
638 309 636 310
641 309 639 311
647 309 646 310
630 312 625 312
644 312 642 313
647 312 646 313
635 315 628 315
641 315 638 315
644 315 641 315
647 315 645 315
