548 208 552 206
554 208 557 207
562 208 563 208
565 208 566 207
573 208 573 207
576 208 577 207
537 211 540 210
540 211 543 210
542 211 546 210
551 211 550 211
554 211 556 210
562 211 563 210
565 211 567 212
571 211 571 210
579 211 579 208
582 211 582 208
585 211 585 208
534 213 537 213
537 213 540 213
540 213 543 213
545 213 545 214
548 213 549 213
551 213 551 214
554 213 554 213
556 213 558 214
562 213 565 216
565 213 567 215
571 213 571 213
573 213 574 211
576 213 576 211
579 213 579 211
582 213 581 210
585 213 584 211
531 216 534 216
534 216 537 216
540 216 542 215
542 216 544 216
545 216 547 216
554 216 555 216
556 216 557 216
562 216 565 219
571 216 571 216
573 216 573 216
576 216 576 212
579 216 579 213
582 216 582 213
585 216 584 214
588 216 587 213
531 219 534 219
537 219 538 218
540 219 541 218
542 219 544 219
545 219 547 219
551 219 551 219
554 219 554 219
556 219 557 219
568 219 568 218
579 219 579 216
582 219 581 217
585 219 584 217
588 219 587 216
537 222 538 221
540 222 542 221
545 222 546 222
571 222 571 221
576 222 576 217
579 222 579 219
582 222 581 219
590 222 590 219
528 225 529 222
531 225 534 222
537 225 539 224
540 225 541 224
542 225 544 224
559 225 563 228
571 225 571 224
573 225 573 222
576 225 575 221
579 225 579 221
582 225 581 221
585 225 584 221
588 225 587 221
590 225 590 222
528 227 529 227
531 227 532 227
534 227 535 227
537 227 539 227
542 227 545 226
548 227 549 227
573 227 573 224
576 227 576 224
579 227 578 224
582 227 581 224
585 227 584 224
588 227 587 224
590 227 590 225
528 230 529 230
531 230 532 230
534 230 535 230
537 230 538 230
540 230 541 229
545 230 545 230
551 230 551 227
554 230 554 227
565 230 565 227
571 230 570 227
573 230 573 226
576 230 576 227
579 230 578 227
585 230 585 226
588 230 588 227
593 230 593 227
528 233 529 232
534 233 534 232
559 233 559 230
562 233 562 230
565 233 565 230
568 233 567 230
573 233 573 229
579 233 578 229
582 233 581 229
596 233 596 232
528 236 529 235
531 236 533 235
537 236 539 233
542 236 543 233
545 236 545 232
559 236 559 232
562 236 562 232
568 236 567 232
571 236 570 232
573 236 572 232
576 236 575 232
579 236 578 232
582 236 582 232
585 236 585 231
588 236 588 231
596 236 596 235
599 236 599 235
534 239 536 236
537 239 539 236
542 239 542 235
545 239 545 235
548 239 547 233
559 239 559 235
562 239 561 235
565 239 564 235
568 239 567 235
571 239 570 235
576 239 575 235
582 239 576 238
585 239 584 234
528 242 529 239
531 242 532 239
540 242 540 238
542 242 542 238
548 242 549 238
551 242 551 238
554 242 553 237
556 242 556 237
559 242 559 237
562 242 561 238
565 242 564 237
568 242 567 237
573 242 570 239
585 242 584 235
596 242 596 239
599 242 599 239
531 244 532 242
534 244 534 241
537 244 537 241
545 244 545 240
548 244 548 240
551 244 551 240
554 244 553 240
556 244 556 240
559 244 559 240
568 244 567 240
585 244 584 238
588 244 588 236
596 244 596 242
599 244 599 241
528 247 528 247
531 247 531 244
540 247 539 244
542 247 542 244
545 247 545 243
548 247 548 243
554 247 553 243
556 247 556 243
559 247 559 243
571 247 567 244
573 247 570 244
593 247 593 245
596 247 595 245
599 247 599 244
602 247 602 245
531 250 531 247
540 250 539 246
548 250 545 247
551 250 548 247
554 250 551 247
556 250 554 246
559 250 557 247
562 250 559 247
573 250 571 253
596 250 596 247
599 250 599 247
602 250 602 248
604 250 604 248
531 253 531 250
540 253 539 249
548 253 545 250
551 253 548 249
554 253 551 249
556 253 554 249
559 253 556 249
562 253 559 250
585 253 584 253
590 253 593 247
599 253 599 249
602 253 602 250
604 253 605 250
610 253 610 252
616 253 616 252
528 256 528 256
534 256 534 256
537 256 537 256
556 256 554 252
593 256 595 250
602 256 602 253
604 256 605 253
607 256 607 253
616 256 619 254
619 256 622 254
630 256 630 256
528 258 528 258
531 258 531 258
534 258 534 258
537 258 537 258
542 258 543 258
585 258 579 266
590 258 593 252
604 258 604 255
607 258 610 256
610 258 615 256
616 258 619 256
619 258 621 256
621 258 624 256
531 261 531 260
534 261 534 261
568 261 576 269
599 261 599 256
613 261 616 258
616 261 619 258
619 261 621 258
621 261 624 259
624 261 627 259
627 261 629 259
633 261 635 261
528 264 528 262
534 264 536 264
537 264 539 264
596 264 599 258
599 264 601 258
602 264 604 258
604 264 607 259
610 264 612 260
613 264 615 260
616 264 619 260
619 264 621 261
621 264 624 261
624 264 627 262
627 264 629 262
531 267 532 266
534 267 536 267
537 267 539 267
540 267 541 269
542 267 545 269
545 267 548 269
548 267 553 270
593 267 596 261
596 267 599 261
599 267 601 261
602 267 605 261
604 267 608 262
607 267 610 262
610 267 613 263
613 267 615 263
616 267 618 263
619 267 621 264
621 267 624 264
624 267 627 265
627 267 630 265
630 267 633 265
633 267 635 265
635 267 638 265
638 267 640 265
528 270 528 266
534 270 536 269
540 270 541 272
562 270 559 267
571 270 573 275
590 270 594 264
593 270 596 264
596 270 599 264
599 270 601 264
602 270 605 264
604 270 607 265
610 270 612 266
613 270 615 266
616 270 618 266
619 270 621 267
621 270 624 267
624 270 627 268
627 270 629 268
633 270 635 268
635 270 639 268
638 270 641 268
641 270 643 268
534 273 537 273
542 273 545 273
545 273 547 273
559 273 556 269
562 273 559 270
565 273 561 270
593 273 599 267
599 273 601 267
602 273 604 267
604 273 607 268
610 273 612 269
613 273 615 269
616 273 618 269
619 273 621 270
621 273 624 270
624 273 627 270
627 273 629 271
630 273 633 271
638 273 641 271
641 273 644 270
528 275 528 274
540 275 542 275
542 275 544 276
545 275 547 275
548 275 550 275
562 275 559 272
579 275 579 282
593 275 599 270
602 275 604 271
604 275 608 271
607 275 610 272
610 275 612 273
613 275 614 272
616 275 618 273
619 275 621 273
621 275 624 273
624 275 627 273
627 275 630 273
630 275 632 274
633 275 636 274
635 275 638 274
638 275 641 274
641 275 644 274
644 275 646 273
540 278 541 281
545 278 547 278
559 278 565 280
568 278 571 281
571 278 573 281
573 278 576 281
585 278 589 275
593 278 599 272
596 278 601 272
602 278 605 273
604 278 607 275
616 278 618 276
619 278 621 276
621 278 624 276
624 278 627 276
627 278 630 276
630 278 632 277
633 278 635 277
635 278 638 277
638 278 641 277
641 278 644 277
644 278 646 276
528 281 529 280
545 281 547 281
548 281 550 282
551 281 553 281
554 281 556 282
585 281 590 278
588 281 593 278
596 281 602 276
599 281 604 276
604 281 607 278
607 281 610 278
610 281 612 278
613 281 615 278
616 281 619 279
619 281 622 279
621 281 624 279
627 281 630 280
630 281 633 280
633 281 635 280
635 281 638 279
638 281 641 280
641 281 643 280
644 281 646 280
542 284 544 284
548 284 549 284
551 284 553 284
554 284 556 284
556 284 559 284
559 284 562 284
562 284 564 283
588 284 593 281
593 284 599 278
599 284 602 281
602 284 605 281
604 284 606 281
607 284 610 281
610 284 613 281
613 284 615 281
616 284 618 282
619 284 621 282
621 284 624 282
627 284 630 283
630 284 633 283
633 284 635 283
635 284 638 283
638 284 641 283
641 284 643 283
644 284 646 283
540 287 545 286
548 287 549 287
551 287 553 287
554 287 556 287
556 287 559 287
559 287 561 287
562 287 564 287
573 287 575 286
576 287 578 286
593 287 595 284
596 287 599 284
599 287 602 284
602 287 604 284
604 287 606 285
610 287 613 284
613 287 615 284
616 287 618 284
619 287 621 284
621 287 624 284
633 287 635 286
635 287 638 286
638 287 641 286
641 287 644 286
644 287 646 286
537 290 542 290
542 290 545 290
545 290 547 290
548 290 550 290
551 290 553 290
554 290 556 289
556 290 558 290
559 290 561 290
562 290 564 290
571 290 572 289
573 290 575 289
576 290 578 289
590 290 592 287
593 290 595 287
596 290 598 286
599 290 600 286
602 290 603 286
604 290 606 287
607 290 609 287
610 290 612 287
613 290 615 287
616 290 618 286
619 290 621 286
638 290 640 289
644 290 646 289
542 292 545 292
548 292 550 293
551 292 553 293
554 292 555 293
556 292 559 292
559 292 561 292
565 292 566 292
568 292 570 292
573 292 574 293
576 292 578 292
582 292 582 291
585 292 586 291
590 292 592 290
593 292 595 290
599 292 600 289
602 292 603 290
604 292 607 290
607 292 609 290
613 292 614 289
616 292 618 289
630 292 633 291
633 292 636 292
641 292 641 292
644 292 644 292
647 292 647 292
545 295 548 295
548 295 551 295
551 295 553 295
556 295 557 296
559 295 560 296
562 295 563 295
565 295 565 295
568 295 568 295
571 295 571 296
573 295 573 296
576 295 576 296
582 295 584 295
585 295 586 295
588 295 590 295
590 295 592 292
593 295 595 292
596 295 598 292
599 295 600 293
602 295 603 293
607 295 609 292
613 295 615 293
616 295 618 292
619 295 621 292
627 295 629 294
630 295 632 295
633 295 635 295
641 295 641 294
644 295 644 294
647 295 647 295
545 298 548 298
548 298 551 298
554 298 554 297
556 298 557 298
559 298 560 298
562 298 562 298
565 298 565 297
568 298 568 298
571 298 570 298
573 298 573 298
579 298 579 298
582 298 582 298
585 298 587 298
588 298 590 298
593 298 595 295
596 298 597 295
599 298 600 295
602 298 604 297
604 298 607 297
610 298 612 297
613 298 616 298
616 298 618 296
627 298 630 297
630 298 632 298
633 298 635 297
635 298 638 298
638 298 641 298
644 298 644 298
554 301 554 300
556 301 556 300
559 301 559 300
562 301 562 301
565 301 565 300
568 301 568 301
571 301 571 301
576 301 576 301
582 301 582 301
585 301 585 301
588 301 588 301
590 301 591 300
593 301 594 300
599 301 600 298
604 301 607 300
607 301 609 299
610 301 613 301
613 301 616 301
616 301 618 301
627 301 629 300
630 301 632 300
633 301 635 300
635 301 638 301
638 301 641 301
554 304 553 303
556 304 556 303
559 304 559 303
562 304 562 303
565 304 565 304
568 304 568 304
571 304 570 304
573 304 573 304
579 304 579 304
582 304 582 304
585 304 584 304
588 304 588 303
590 304 590 303
596 304 596 303
599 304 600 303
602 304 603 303
604 304 606 303
607 304 609 303
610 304 613 303
613 304 616 304
616 304 618 303
619 304 620 303
621 304 623 303
624 304 627 303
633 304 635 304
635 304 638 304
638 304 641 304
644 304 644 303
647 304 647 303
556 306 557 306
559 306 559 306
562 306 562 306
565 306 565 306
568 306 568 307
571 306 571 307
573 306 574 307
576 306 576 307
579 306 579 306
582 306 582 306
585 306 585 306
588 306 588 307
590 306 590 306
593 306 593 306
599 306 599 306
602 306 603 306
604 306 606 306
610 306 613 306
613 306 616 307
616 306 619 307
619 306 621 306
621 306 623 306
635 306 638 306
638 306 640 306
644 306 644 306
647 306 647 306
559 309 559 309
562 309 562 309
565 309 565 309
568 309 568 309
571 309 570 309
573 309 574 309
579 309 579 309
590 309 590 310
593 309 594 310
596 309 596 309
602 309 602 309
604 309 605 309
607 309 608 308
610 309 612 309
613 309 615 309
616 309 618 310
619 309 621 309
621 309 623 309
624 309 626 309
627 309 629 309
630 309 632 309
633 309 634 310
635 309 637 309
638 309 640 309
644 309 645 309
647 309 647 309
565 312 565 312
568 312 568 312
571 312 570 312
573 312 574 312
576 312 577 313
579 312 580 312
582 312 583 312
585 312 586 311
588 312 589 312
593 312 594 312
596 312 597 312
599 312 599 312
602 312 602 312
604 312 604 312
607 312 607 312
610 312 611 311
613 312 614 311
619 312 620 312
621 312 623 312
624 312 626 312
627 312 629 312
630 312 632 312
635 312 636 312
641 312 642 312
644 312 645 312
647 312 647 312
562 315 561 315
565 315 565 315
568 315 567 315
571 315 571 315
573 315 574 315
576 315 577 316
579 315 580 315
582 315 583 315
588 315 589 315
590 315 592 315
599 315 601 315
604 315 604 315
607 315 606 315
610 315 610 315
613 315 613 315
616 315 616 315
619 315 620 315
621 315 623 315
624 315 626 315
627 315 629 315
630 315 633 315
633 315 635 315
635 315 638 315
641 315 642 315
644 315 645 315
647 315 647 315
