430 217 430 216
435 217 435 216
437 217 438 216
440 217 444 216
480 217 489 217
482 217 493 217
485 217 496 216
498 217 480 217
501 217 484 217
503 217 487 216
430 219 430 220
432 219 436 220
482 219 493 219
485 219 496 219
498 219 479 221
501 219 481 220
435 222 433 222
467 222 461 220
469 222 464 220
496 222 476 221
501 222 482 223
430 224 430 224
432 224 439 228
437 224 434 226
456 224 438 221
467 224 461 223
477 224 474 224
496 224 476 224
498 224 479 223
503 224 485 222
506 224 488 222
430 227 430 226
456 227 439 224
461 227 456 226
472 227 484 249
474 227 471 229
493 227 514 225
503 227 482 225
432 230 434 228
467 230 459 231
469 230 462 231
430 232 429 235
443 232 474 233
519 232 492 239
430 235 430 237
432 235 432 237
443 235 475 236
490 235 485 230
430 238 429 240
432 238 435 240
472 238 453 254
485 238 478 238
488 238 481 238
493 238 489 235
535 238 535 255
432 240 435 242
467 240 448 250
474 240 480 261
477 240 456 241
480 240 461 243
482 240 464 243
485 240 477 241
488 240 481 241
456 243 434 255
464 243 439 257
467 243 445 255
469 243 448 255
472 243 451 258
474 243 454 258
480 243 462 246
490 243 485 245
511 243 491 256
535 243 535 263
538 243 538 262
435 246 433 246
456 246 434 257
467 246 445 258
469 246 449 257
488 246 498 256
503 246 511 248
538 246 538 265
464 248 442 260
477 248 458 261
488 248 498 259
430 251 430 249
474 251 452 264
496 251 475 258
503 251 509 254
517 251 511 234
519 251 515 234
430 254 430 252
459 254 434 263
461 254 440 265
467 254 444 265
469 254 447 265
496 254 475 261
459 256 435 268
461 256 437 266
522 256 511 254
461 259 437 269
464 259 440 269
469 259 444 268
472 259 447 268
477 259 452 267
493 259 484 275
535 259 536 271
538 259 538 271
432 261 431 257
459 261 436 272
461 261 438 271
467 261 441 271
469 261 444 270
474 261 450 270
477 261 452 270
480 261 455 269
482 261 458 269
496 261 475 267
514 261 503 282
535 261 536 274
456 264 433 275
461 264 439 273
469 264 447 273
474 264 451 273
477 264 452 272
480 264 455 272
485 264 459 271
490 264 467 270
493 264 473 270
496 264 475 270
517 264 529 255
519 264 531 255
535 264 536 277
453 267 431 278
461 267 441 274
474 267 451 276
477 267 453 275
482 267 456 275
485 267 459 275
488 267 461 274
490 267 467 274
498 267 481 272
509 267 484 266
519 267 532 258
522 267 535 258
533 267 535 266
535 267 535 240
456 269 436 277
461 269 440 279
464 269 442 278
467 269 445 278
469 269 448 278
474 269 450 278
477 269 453 278
480 269 457 278
485 269 459 277
490 269 464 276
496 269 470 273
509 269 485 269
522 269 516 248
525 269 519 248
432 272 433 249
461 272 440 282
464 272 442 282
467 272 445 281
469 272 447 281
472 272 451 281
485 272 459 280
493 272 467 277
496 272 470 277
498 272 473 275
503 272 479 272
511 272 507 268
514 272 510 268
525 272 520 250
527 272 522 250
538 272 538 286
430 275 429 312
451 275 431 281
456 275 437 283
464 275 443 284
467 275 445 284
469 275 448 284
474 275 451 284
482 275 456 284
485 275 460 283
488 275 463 283
490 275 465 280
493 275 468 279
496 275 470 279
498 275 473 278
501 275 476 278
503 275 478 274
506 275 482 275
511 275 507 272
522 275 517 254
525 275 520 253
538 275 537 257
451 277 431 284
456 277 437 286
464 277 443 288
467 277 446 287
474 277 451 287
480 277 455 287
485 277 460 286
493 277 468 282
498 277 472 282
538 277 538 260
451 280 432 290
453 280 435 289
456 280 437 289
464 280 443 291
472 280 449 290
482 280 457 288
485 280 460 289
498 280 472 285
527 280 526 278
456 283 438 291
488 283 463 292
501 283 475 288
519 283 486 282
538 283 538 305
459 285 438 295
472 285 452 290
490 285 467 291
527 285 530 272
535 285 535 308
538 285 538 308
453 288 436 294
467 288 446 295
474 288 452 296
477 288 455 292
482 288 460 292
498 288 472 290
501 288 475 290
535 288 535 314
448 290 434 305
461 290 442 299
464 290 444 299
467 290 447 299
474 290 453 298
477 290 456 294
448 293 434 309
459 293 442 302
464 293 445 302
472 293 451 302
477 293 456 297
482 293 461 298
503 293 479 295
514 293 522 270
482 296 461 300
496 296 473 296
501 296 476 298
503 296 479 298
506 296 484 297
509 296 487 294
472 298 453 304
477 298 457 303
480 298 460 303
485 298 465 303
496 298 473 298
503 298 480 301
509 298 487 297
514 298 493 296
490 301 468 299
501 301 476 305
503 301 479 304
538 301 538 311
451 304 438 315
461 304 440 312
474 304 454 307
480 304 459 306
482 304 463 306
493 304 471 304
496 304 474 304
511 304 491 303
517 304 514 309
474 306 451 308
493 306 471 308
496 306 474 307
498 306 477 306
506 306 483 307
511 306 492 312
517 306 515 311
482 309 462 309
485 309 466 310
488 309 469 310
517 309 516 313
525 309 526 310
480 312 457 312
493 312 475 311
496 312 477 310
522 312 523 310
445 314 435 315
477 314 461 315
480 314 464 315
493 314 475 313
496 314 477 312
525 314 527 315
488 317 470 316
490 317 472 316
493 317 475 316
527 317 530 315
530 317 533 315
538 317 538 315
451 320 435 317
453 320 438 317
477 320 455 320
482 320 467 320
488 320 470 319
490 320 472 319
527 320 530 321
538 320 538 318
430 322 429 318
432 322 432 318
451 322 436 324
453 322 445 322
482 322 468 323
485 322 470 321
488 322 473 321
514 322 488 323
538 322 538 320
430 325 429 321
432 325 432 322
469 325 442 322
480 325 465 326
482 325 468 326
485 325 470 325
514 325 516 326
517 325 507 323
525 325 522 325
527 325 525 325
538 325 538 324
430 327 430 327
432 327 433 327
453 327 445 327
469 327 454 327
480 327 464 328
490 327 482 327
493 327 476 327
519 327 494 328
525 327 522 327
527 327 525 327
530 327 528 327
535 327 532 327
