430 217 430 216
445 217 440 216
448 217 443 216
451 217 445 216
490 217 488 216
430 219 430 219
445 219 441 219
506 222 501 219
472 224 466 224
474 224 469 224
506 224 500 222
509 224 503 222
430 227 430 224
493 227 488 225
496 227 490 224
501 227 496 224
503 227 499 224
506 227 501 224
509 227 503 224
519 227 514 225
522 227 517 227
430 230 430 228
437 230 438 230
464 230 464 230
493 230 488 229
503 230 498 227
506 230 501 227
519 230 514 230
474 232 470 229
477 232 472 229
493 232 487 232
511 232 508 227
525 232 519 232
527 232 522 233
474 235 469 232
519 235 512 235
525 235 517 236
461 238 461 235
472 238 466 234
477 238 472 233
482 238 477 236
525 238 517 238
448 240 449 237
459 240 458 238
461 240 461 238
467 243 466 240
522 243 522 240
533 243 532 243
538 243 538 248
522 246 522 243
538 246 538 251
467 248 464 246
469 248 467 246
530 248 527 246
459 251 456 249
461 251 458 249
469 251 466 249
530 251 530 248
456 254 453 251
485 254 480 251
498 254 501 252
501 254 503 251
430 256 429 258
448 256 448 251
456 256 453 254
459 256 456 254
482 256 477 254
498 256 501 254
430 259 429 261
432 259 432 261
456 259 453 257
485 259 482 256
488 259 488 259
498 259 496 256
430 261 429 263
432 261 432 264
445 261 445 254
467 261 464 259
485 261 482 259
488 261 488 261
538 261 538 259
430 264 429 266
432 264 432 266
517 264 514 264
538 264 538 261
482 267 477 264
517 267 514 266
432 269 432 270
437 269 435 270
459 269 456 268
482 269 477 267
485 269 482 266
488 269 485 267
490 269 487 267
493 269 490 267
430 272 429 272
459 272 456 270
482 272 480 270
485 272 483 269
488 272 485 269
490 272 487 269
493 272 490 269
496 272 493 270
498 272 496 270
501 272 499 270
430 275 430 275
482 275 480 272
490 275 487 272
493 275 490 272
430 277 430 278
482 277 479 275
485 277 482 275
488 277 485 275
490 277 487 275
493 277 490 275
496 277 492 275
503 277 501 275
509 277 507 277
430 280 430 280
432 280 432 280
485 280 482 277
488 280 485 277
490 280 488 277
493 280 490 277
506 280 505 280
440 283 438 280
482 283 479 280
485 283 482 280
488 283 485 280
493 283 490 279
496 283 493 279
530 283 531 288
440 285 438 283
443 285 440 283
488 285 485 282
501 285 498 282
448 288 446 285
493 288 490 285
451 290 448 288
493 290 490 288
496 290 492 288
522 290 525 291
525 290 527 291
440 293 440 288
448 293 446 289
493 293 490 290
496 293 493 291
501 293 498 288
514 293 516 295
519 293 520 295
522 293 525 293
525 293 527 293
435 296 435 290
443 296 442 293
482 296 480 291
514 296 516 298
517 296 519 298
533 296 533 293
430 298 429 291
435 298 435 293
437 298 437 293
440 298 440 295
480 298 477 295
496 298 493 293
498 298 496 294
533 298 533 296
435 301 435 295
437 301 437 295
496 301 493 297
498 301 497 296
435 304 435 298
437 304 437 298
459 304 456 302
493 304 491 299
496 304 492 302
511 304 508 307
538 304 538 301
437 306 437 301
459 306 456 304
461 306 458 304
493 306 490 304
496 306 493 303
527 306 530 307
493 309 490 306
461 312 453 304
472 312 470 309
430 314 429 315
472 314 469 312
503 314 498 312
514 314 511 315
430 317 429 318
440 317 443 317
443 317 446 317
474 317 472 315
477 317 475 314
503 317 498 314
514 317 511 317
430 320 429 320
432 320 432 320
435 320 438 320
437 320 441 319
440 320 443 319
443 320 445 319
445 320 448 320
448 320 451 319
451 320 454 319
453 320 456 320
456 320 461 319
488 320 483 320
517 320 514 319
530 320 532 319
430 322 429 322
435 322 437 322
437 322 441 322
440 322 443 321
443 322 445 322
445 322 448 322
448 322 450 322
456 322 461 321
459 322 464 322
472 322 467 319
488 322 485 323
490 322 488 322
493 322 490 322
496 322 493 322
498 322 496 322
511 322 511 322
514 322 514 322
519 322 516 321
525 322 525 322
527 322 530 322
530 322 533 322
430 325 430 325
432 325 432 326
435 325 435 325
437 325 441 324
440 325 443 324
445 325 448 325
451 325 454 325
456 325 459 325
459 325 462 325
485 325 482 325
493 325 490 324
496 325 493 324
506 325 506 325
509 325 508 324
511 325 511 324
514 325 514 325
525 325 525 325
527 325 527 325
530 325 530 325
533 325 534 323
538 325 538 325
430 327 430 328
432 327 433 328
435 327 435 328
440 327 440 328
443 327 443 328
445 327 446 328
459 327 462 327
482 327 479 328
485 327 483 328
490 327 488 328
493 327 490 327
496 327 493 328
503 327 501 327
506 327 504 327
509 327 508 328
519 327 511 327
525 327 524 328
527 327 527 328
530 327 531 328
533 327 533 328
535 327 536 328
538 327 538 328
