528 199 528 199
534 199 531 199
537 199 533 199
542 199 543 199
545 199 545 199
573 199 570 199
576 199 573 199
579 199 579 199
582 199 582 199
531 202 528 203
534 202 531 202
537 202 533 202
571 202 567 202
573 202 570 202
576 202 574 202
579 202 579 202
582 202 582 202
585 202 585 202
531 205 528 205
534 205 530 205
571 205 568 205
573 205 571 205
576 205 574 205
579 205 578 205
582 205 581 205
585 205 585 205
588 205 588 205
590 205 590 205
593 205 593 205
537 208 534 211
568 208 568 208
571 208 570 208
573 208 573 208
579 208 578 208
582 208 581 208
585 208 585 208
590 208 590 208
593 208 593 208
596 208 595 208
531 211 529 214
534 211 532 214
568 211 567 211
571 211 570 211
573 211 573 211
576 211 576 211
579 211 578 211
582 211 582 210
585 211 584 210
588 211 588 211
590 211 591 211
593 211 593 211
596 211 596 211
565 213 565 213
568 213 568 213
571 213 570 213
573 213 572 213
576 213 576 213
579 213 579 213
582 213 582 213
585 213 584 213
588 213 587 213
590 213 590 213
593 213 593 214
596 213 596 214
528 216 528 219
540 216 537 216
556 216 553 219
565 216 564 216
568 216 567 216
571 216 570 216
573 216 573 216
576 216 576 216
579 216 579 216
582 216 582 216
585 216 585 216
588 216 588 216
590 216 590 216
593 216 593 216
596 216 596 216
599 216 599 216
531 219 531 219
568 219 567 219
571 219 570 219
573 219 573 219
576 219 576 219
579 219 579 219
582 219 582 219
585 219 585 219
588 219 588 219
590 219 591 219
593 219 593 219
596 219 596 219
599 219 599 219
528 222 528 222
551 222 551 221
571 222 570 222
573 222 573 222
576 222 576 222
579 222 578 222
582 222 582 222
585 222 584 222
588 222 588 221
590 222 590 222
593 222 594 223
596 222 596 222
599 222 599 222
602 222 602 222
604 222 604 222
607 222 607 222
528 225 528 225
531 225 531 225
571 225 571 225
573 225 573 225
576 225 576 225
579 225 579 225
593 225 594 226
596 225 596 225
599 225 599 225
602 225 602 225
604 225 604 225
607 225 607 224
528 227 529 228
531 227 531 228
534 227 534 228
542 227 543 228
551 227 551 227
565 227 567 228
571 227 571 228
573 227 574 228
576 227 576 227
579 227 579 227
593 227 593 228
596 227 596 228
599 227 599 228
602 227 601 227
604 227 604 227
607 227 607 227
531 230 531 230
534 230 534 231
537 230 537 231
540 230 540 231
542 230 543 231
545 230 546 230
548 230 549 230
551 230 551 230
556 230 554 228
571 230 571 231
576 230 576 230
585 230 582 230
590 230 590 231
593 230 593 231
596 230 596 231
599 230 599 230
602 230 602 231
604 230 604 230
607 230 607 230
610 230 609 230
528 233 528 233
531 233 531 233
534 233 534 234
537 233 536 233
540 233 539 234
542 233 542 234
545 233 545 234
554 233 554 232
562 233 564 233
571 233 571 233
576 233 576 233
590 233 590 233
593 233 593 233
596 233 596 233
599 233 599 234
602 233 602 233
604 233 605 233
607 233 607 233
610 233 610 233
528 236 528 236
531 236 531 236
534 236 534 236
537 236 537 236
540 236 539 236
542 236 542 236
545 236 545 236
573 236 574 235
576 236 576 235
579 236 579 235
582 236 582 236
593 236 593 236
596 236 596 236
599 236 598 237
602 236 602 236
604 236 604 236
607 236 607 236
610 236 610 236
613 236 613 236
528 239 528 239
531 239 531 239
534 239 534 239
537 239 537 239
540 239 539 239
542 239 542 239
551 239 550 239
554 239 554 239
568 239 568 238
571 239 570 238
573 239 573 238
576 239 576 238
588 239 591 235
590 239 591 239
593 239 593 239
596 239 596 239
599 239 599 239
602 239 602 239
604 239 604 239
607 239 607 239
610 239 610 239
613 239 613 239
616 239 616 239
619 239 619 239
528 242 528 242
531 242 531 242
534 242 534 242
537 242 537 242
540 242 539 241
542 242 542 241
545 242 545 242
548 242 548 242
554 242 551 242
556 242 554 242
585 242 584 242
590 242 591 242
593 242 593 242
596 242 596 242
599 242 599 242
602 242 602 242
604 242 604 242
607 242 606 242
610 242 610 242
613 242 613 242
616 242 616 242
619 242 619 242
621 242 622 242
528 244 529 245
531 244 531 244
534 244 534 244
537 244 537 244
540 244 539 244
542 244 542 244
545 244 545 245
548 244 548 245
551 244 551 245
579 244 579 244
585 244 584 244
590 244 590 244
593 244 593 245
596 244 596 245
599 244 599 244
602 244 602 244
604 244 604 245
607 244 607 245
610 244 610 245
613 244 612 245
616 244 616 245
619 244 619 245
621 244 621 245
624 244 624 244
528 247 528 247
531 247 531 247
534 247 534 247
537 247 537 248
540 247 539 247
542 247 542 247
545 247 545 247
548 247 548 247
551 247 551 248
556 247 554 247
559 247 559 245
565 247 562 248
573 247 571 247
576 247 574 247
579 247 577 247
582 247 582 247
588 247 588 247
590 247 591 247
593 247 593 247
596 247 596 247
599 247 598 247
602 247 601 247
604 247 604 247
607 247 607 247
610 247 611 247
613 247 613 248
616 247 616 247
619 247 619 247
621 247 621 247
624 247 624 247
627 247 627 247
630 247 630 247
528 250 528 250
531 250 531 250
534 250 534 250
537 250 537 251
540 250 540 250
542 250 542 250
545 250 545 250
548 250 548 250
551 250 551 250
554 250 554 250
568 250 565 250
571 250 568 250
576 250 574 250
579 250 577 250
582 250 582 250
585 250 585 250
588 250 588 250
590 250 591 250
593 250 593 250
596 250 596 250
599 250 598 250
602 250 602 250
604 250 604 250
607 250 607 250
610 250 610 250
613 250 613 250
616 250 616 250
619 250 619 250
621 250 621 250
624 250 624 250
627 250 627 250
630 250 630 250
633 250 632 250
528 253 528 253
531 253 531 253
534 253 534 252
537 253 537 253
540 253 540 253
542 253 542 253
545 253 545 253
548 253 548 253
551 253 550 253
554 253 553 253
556 253 556 252
562 253 560 252
565 253 565 253
571 253 570 253
579 253 579 253
582 253 582 253
585 253 584 253
588 253 588 253
590 253 591 253
593 253 593 253
596 253 596 253
599 253 598 253
602 253 602 253
604 253 605 253
607 253 608 253
610 253 610 253
613 253 613 253
616 253 616 253
619 253 619 253
621 253 621 253
624 253 624 253
627 253 627 253
630 253 630 253
633 253 632 253
528 256 528 256
531 256 531 255
534 256 534 255
537 256 537 256
540 256 540 256
542 256 542 256
545 256 545 256
548 256 548 256
551 256 551 256
554 256 554 256
556 256 556 256
559 256 559 256
562 256 562 256
565 256 565 256
568 256 568 256
571 256 571 256
573 256 573 256
576 256 576 256
579 256 579 256
582 256 582 256
585 256 584 256
588 256 587 256
590 256 590 256
593 256 593 256
596 256 596 256
599 256 599 256
602 256 602 256
604 256 604 256
607 256 607 256
610 256 610 256
613 256 613 256
616 256 616 256
619 256 619 256
621 256 622 256
624 256 624 256
627 256 627 256
630 256 629 256
633 256 632 256
635 256 635 256
638 256 638 256
528 258 529 259
531 258 531 258
534 258 534 258
537 258 537 258
540 258 540 259
542 258 542 259
545 258 545 259
548 258 548 259
551 258 550 259
554 258 554 259
556 258 556 259
559 258 559 258
562 258 563 259
565 258 566 258
568 258 568 259
571 258 571 259
573 258 573 259
576 258 576 259
579 258 579 259
582 258 582 259
585 258 585 258
588 258 587 258
590 258 590 259
593 258 593 259
596 258 596 259
599 258 599 259
602 258 602 258
604 258 604 258
607 258 607 259
610 258 610 258
613 258 613 259
616 258 616 259
619 258 619 259
621 258 622 259
624 258 625 259
627 258 627 259
630 258 630 259
635 258 635 259
638 258 638 258
641 258 640 258
528 261 528 261
537 261 536 261
540 261 539 261
542 261 543 261
545 261 546 261
548 261 548 261
551 261 551 262
554 261 554 261
556 261 556 261
562 261 563 262
565 261 566 262
568 261 568 262
571 261 571 262
573 261 573 262
576 261 576 261
579 261 579 261
582 261 582 261
585 261 585 261
588 261 587 262
590 261 590 261
593 261 592 261
596 261 596 262
599 261 599 262
602 261 602 262
604 261 605 261
607 261 607 261
610 261 610 261
613 261 612 261
616 261 615 261
619 261 619 262
621 261 621 262
624 261 624 261
627 261 627 261
630 261 630 262
633 261 633 261
638 261 638 261
641 261 640 261
644 261 643 261
647 261 647 262
540 264 539 264
545 264 546 264
548 264 548 264
551 264 551 265
554 264 554 265
556 264 556 264
562 264 562 264
565 264 565 264
568 264 568 264
571 264 570 264
573 264 573 264
576 264 576 264
579 264 579 264
582 264 582 264
585 264 585 264
588 264 587 264
590 264 590 264
593 264 593 264
596 264 596 265
599 264 599 265
602 264 602 264
604 264 604 264
607 264 607 264
610 264 610 264
616 264 616 265
619 264 619 265
621 264 622 264
624 264 624 264
627 264 627 265
630 264 630 265
633 264 632 265
638 264 637 264
641 264 640 264
644 264 644 264
647 264 647 265
534 267 536 271
548 267 548 267
551 267 551 267
554 267 554 267
556 267 556 267
562 267 562 267
565 267 565 267
568 267 568 267
571 267 571 267
573 267 573 267
576 267 576 267
579 267 579 267
582 267 582 267
585 267 585 267
588 267 587 267
590 267 590 267
593 267 593 267
596 267 596 268
599 267 599 267
602 267 602 267
604 267 604 266
607 267 607 266
610 267 610 267
613 267 612 267
616 267 616 267
621 267 622 267
624 267 624 267
627 267 627 267
630 267 630 268
633 267 632 267
635 267 635 267
647 267 647 267
540 270 540 270
542 270 542 270
545 270 545 270
548 270 548 270
551 270 551 270
554 270 554 270
556 270 556 270
559 270 559 270
562 270 562 270
565 270 565 270
568 270 568 270
571 270 570 270
573 270 573 270
576 270 576 270
579 270 579 270
582 270 582 270
585 270 585 270
588 270 588 270
590 270 590 270
593 270 593 270
596 270 596 270
599 270 599 270
602 270 602 270
607 270 607 270
610 270 610 270
613 270 612 270
616 270 615 270
624 270 625 270
627 270 627 270
630 270 629 270
633 270 632 270
635 270 635 271
638 270 638 270
644 270 643 269
540 273 540 273
542 273 543 273
545 273 545 273
548 273 548 273
551 273 551 272
554 273 554 272
556 273 556 273
559 273 559 273
562 273 562 273
565 273 565 273
568 273 568 273
571 273 571 273
573 273 574 273
576 273 576 273
579 273 579 273
582 273 582 273
585 273 585 272
588 273 588 273
590 273 590 273
593 273 593 273
596 273 596 273
599 273 599 273
602 273 602 273
607 273 607 273
610 273 610 272
613 273 612 272
616 273 615 273
621 273 622 274
630 273 629 273
633 273 632 273
635 273 635 273
638 273 638 273
641 273 640 272
644 273 643 272
647 273 646 273
542 275 543 276
545 275 545 276
548 275 548 275
551 275 551 275
554 275 554 275
556 275 556 275
559 275 559 276
562 275 562 276
565 275 565 275
568 275 568 275
571 275 571 276
573 275 574 276
576 275 576 276
579 275 580 276
582 275 582 276
585 275 585 275
588 275 588 275
590 275 590 276
593 275 593 275
596 275 596 276
599 275 599 276
602 275 602 276
604 275 604 276
607 275 607 276
610 275 610 275
613 275 612 275
616 275 616 276
619 275 618 276
621 275 622 276
624 275 625 276
627 275 627 276
630 275 630 276
633 275 633 276
635 275 635 275
638 275 638 275
641 275 641 276
644 275 644 275
647 275 647 275
542 278 543 279
545 278 545 278
548 278 548 278
551 278 551 278
554 278 554 278
556 278 557 278
559 278 559 278
562 278 562 278
565 278 565 278
568 278 568 278
571 278 571 278
573 278 573 278
576 278 576 279
579 278 579 278
582 278 582 278
585 278 585 278
588 278 588 278
590 278 590 278
593 278 593 278
596 278 596 279
599 278 599 279
602 278 602 279
604 278 605 279
607 278 607 278
610 278 610 278
613 278 612 278
616 278 615 278
619 278 619 278
621 278 622 278
624 278 624 278
627 278 627 278
630 278 630 278
635 278 635 278
638 278 638 279
641 278 641 279
644 278 644 278
647 278 647 278
542 281 543 281
545 281 545 281
548 281 548 281
551 281 551 281
554 281 554 281
556 281 557 281
559 281 559 281
562 281 562 281
565 281 565 281
568 281 568 281
571 281 571 281
573 281 573 281
576 281 576 281
579 281 580 281
582 281 582 281
585 281 585 281
588 281 588 281
590 281 590 281
593 281 593 281
596 281 596 281
599 281 599 281
602 281 601 281
604 281 604 281
607 281 607 281
610 281 610 281
613 281 613 281
616 281 615 281
619 281 619 281
621 281 621 281
624 281 624 281
627 281 627 281
630 281 629 281
635 281 635 281
638 281 638 281
641 281 641 281
644 281 644 281
647 281 646 281
545 284 545 285
548 284 548 284
551 284 551 284
554 284 554 283
556 284 557 283
559 284 559 284
562 284 562 284
565 284 565 284
568 284 568 284
571 284 571 284
573 284 573 284
576 284 576 284
579 284 579 283
582 284 582 283
585 284 585 283
588 284 588 284
590 284 590 284
593 284 593 284
596 284 596 284
599 284 599 284
602 284 602 284
604 284 604 284
607 284 607 284
610 284 610 284
613 284 613 284
616 284 616 284
624 284 623 284
641 284 642 284
644 284 644 284
647 284 647 284
542 287 542 287
545 287 545 287
548 287 548 287
551 287 551 286
554 287 554 287
556 287 556 287
559 287 559 287
562 287 562 287
565 287 565 287
568 287 568 287
571 287 571 287
573 287 574 287
576 287 577 286
579 287 579 286
582 287 582 286
585 287 585 287
588 287 588 287
590 287 590 286
593 287 593 287
596 287 596 287
599 287 599 287
602 287 602 287
604 287 604 286
607 287 607 287
610 287 610 287
613 287 613 287
616 287 616 288
621 287 621 287
627 287 625 287
641 287 642 287
644 287 644 287
647 287 647 287
545 290 545 289
548 290 548 289
551 290 551 289
554 290 554 289
556 290 556 290
559 290 559 290
562 290 562 289
565 290 565 289
568 290 568 290
571 290 571 289
573 290 574 289
576 290 576 290
579 290 579 290
582 290 582 289
588 290 587 290
590 290 591 290
593 290 593 290
596 290 596 289
599 290 599 289
602 290 602 290
604 290 604 289
607 290 607 289
610 290 609 289
613 290 612 289
616 290 616 290
621 290 621 290
624 290 624 290
630 290 627 289
633 290 633 289
638 290 638 290
641 290 641 290
644 290 644 290
647 290 647 290
545 292 546 292
548 292 548 292
551 292 551 292
554 292 554 292
556 292 556 293
559 292 560 292
562 292 562 292
565 292 565 292
568 292 568 292
571 292 571 293
573 292 573 292
576 292 576 293
582 292 582 293
585 292 584 292
588 292 588 292
590 292 591 292
593 292 593 292
596 292 596 292
599 292 599 292
602 292 601 292
604 292 604 292
607 292 606 292
610 292 609 292
613 292 612 292
616 292 615 292
619 292 619 293
621 292 621 293
624 292 624 292
627 292 627 293
630 292 630 293
633 292 632 292
635 292 635 292
638 292 638 293
641 292 641 293
644 292 644 292
647 292 647 293
548 295 548 295
551 295 551 295
554 295 554 295
556 295 556 295
559 295 559 295
562 295 562 295
565 295 565 294
568 295 568 295
571 295 571 295
573 295 573 295
576 295 576 295
579 295 579 295
588 295 588 295
590 295 591 295
593 295 594 295
599 295 599 295
602 295 601 295
604 295 604 295
607 295 607 295
610 295 610 295
613 295 613 295
616 295 616 295
619 295 619 295
621 295 621 295
624 295 624 295
627 295 627 295
633 295 632 295
635 295 635 295
641 295 641 295
644 295 644 295
647 295 647 295
556 298 556 298
559 298 559 298
562 298 562 298
565 298 565 297
568 298 568 298
571 298 570 298
573 298 573 298
576 298 576 298
579 298 579 298
582 298 582 298
585 298 585 298
588 298 588 298
590 298 590 298
593 298 594 298
596 298 596 298
599 298 598 298
602 298 601 298
604 298 604 298
607 298 607 298
610 298 610 298
613 298 612 298
616 298 615 298
619 298 618 298
621 298 622 298
624 298 625 298
627 298 627 298
630 298 630 298
633 298 632 298
635 298 635 298
641 298 641 298
644 298 644 298
647 298 647 298
559 301 559 300
562 301 562 301
565 301 565 301
568 301 568 301
571 301 570 301
573 301 573 301
576 301 576 301
579 301 579 301
582 301 582 300
585 301 585 301
588 301 587 301
590 301 590 300
593 301 593 301
596 301 596 301
599 301 599 301
602 301 602 301
604 301 604 301
607 301 607 301
610 301 610 300
613 301 612 301
616 301 615 301
619 301 619 301
621 301 622 301
624 301 624 300
627 301 626 300
630 301 629 300
633 301 632 301
635 301 636 301
638 301 638 301
641 301 642 301
644 301 644 301
647 301 647 301
559 304 559 303
562 304 562 303
565 304 565 304
568 304 567 304
571 304 570 303
573 304 573 304
576 304 576 303
579 304 579 303
582 304 582 303
585 304 585 304
588 304 588 304
590 304 591 303
593 304 593 303
596 304 596 303
599 304 599 304
602 304 602 304
604 304 605 304
607 304 607 304
610 304 610 304
613 304 613 303
619 304 619 304
621 304 622 304
624 304 624 303
627 304 627 303
630 304 630 304
633 304 632 303
635 304 635 304
638 304 638 304
641 304 641 304
644 304 644 304
647 304 647 304
568 306 567 306
571 306 570 306
573 306 573 306
576 306 576 306
579 306 579 306
582 306 582 306
585 306 585 307
588 306 588 307
590 306 590 306
593 306 593 306
596 306 596 307
599 306 599 307
602 306 602 307
604 306 604 307
607 306 607 307
610 306 609 307
613 306 613 306
616 306 615 306
619 306 618 306
621 306 622 307
630 306 630 306
633 306 633 306
635 306 635 307
638 306 638 306
641 306 641 306
644 306 643 307
647 306 647 306
579 309 579 309
582 309 582 309
585 309 585 309
588 309 587 309
590 309 590 309
593 309 592 310
596 309 596 309
599 309 599 310
602 309 602 311
604 309 604 310
607 309 607 310
610 309 609 310
613 309 613 309
616 309 615 309
619 309 619 309
621 309 622 309
624 309 624 309
627 309 627 309
630 309 630 309
633 309 632 309
635 309 635 309
638 309 638 309
641 309 641 310
644 309 644 309
647 309 647 309
579 312 580 312
582 312 582 312
585 312 585 312
588 312 588 312
590 312 590 313
593 312 593 313
596 312 596 312
599 312 599 312
604 312 605 313
607 312 607 312
610 312 610 312
613 312 613 312
616 312 616 312
619 312 619 312
621 312 622 312
624 312 624 313
627 312 627 313
630 312 630 313
633 312 633 312
635 312 635 312
638 312 638 312
641 312 641 312
644 312 644 312
647 312 647 312
582 315 582 315
585 315 585 315
588 315 588 315
593 315 593 315
596 315 596 315
599 315 599 315
602 315 602 315
604 315 605 315
607 315 607 315
610 315 610 315
613 315 613 315
616 315 615 315
619 315 618 315
621 315 622 315
624 315 624 315
627 315 627 315
630 315 630 315
633 315 633 315
635 315 635 315
638 315 638 315
641 315 641 315
644 315 644 315
647 315 647 315
