630 261 635 281
610 264 618 284
619 267 624 287
616 270 618 286
619 270 624 289
633 273 635 291
613 275 618 292
641 275 641 294
644 275 644 294
647 275 647 293
616 278 622 295
613 281 616 300
627 281 630 296
604 284 604 297
607 284 607 300
610 284 610 300
602 287 601 300
604 287 604 301
607 287 607 303
610 287 611 303
613 287 613 304
616 287 616 303
559 290 559 296
571 290 568 295
579 290 576 298
582 290 579 297
590 290 587 298
602 290 600 303
604 290 603 303
607 290 607 306
610 290 610 306
616 290 615 306
633 290 625 304
638 290 635 309
647 290 646 306
554 292 551 294
562 292 559 297
565 292 562 297
568 292 565 298
573 292 571 300
582 292 578 300
588 292 584 301
590 292 587 301
593 292 590 301
604 292 602 306
607 292 604 305
647 292 647 309
559 295 560 303
565 295 562 300
568 295 565 303
571 295 568 301
573 295 570 303
588 295 584 303
590 295 587 303
593 295 590 304
596 295 593 304
604 295 601 308
621 295 616 311
624 295 618 311
630 295 624 311
633 295 626 312
635 295 629 312
638 295 632 312
568 298 565 306
585 298 580 305
588 298 583 305
590 298 587 305
565 301 565 309
579 301 574 309
582 301 577 308
571 304 568 309
573 304 570 309
599 304 593 310
