0.9370536208152771 -0.277638852596283 0.2117711454629898 -0.2747695446014404 
0.2380879372358322 0.9516437649726868 0.1941344290971756 -0.1496982276439667 
-0.2554300129413605 -0.1314941495656967 0.9578437805175781 -0.4400064051151276 
0 0 0 1 

0.9358259439468384 -0.3461073637008667 0.06662864238023758 -0.1962032169103622 
0.3242546916007996 0.9195096492767334 0.2221729457378387 -0.1803720593452454 
-0.1381614208221436 -0.1863105297088623 0.9727280139923096 -0.4622852206230164 
0 0 0 1 

0.9615190625190735 -0.2519014179706573 0.1096656173467636 -0.2190010398626328 
0.2367245107889175 0.9622027277946472 0.1346372216939926 -0.1208280101418495 
-0.1394359469413757 -0.1034956425428391 0.9848076701164246 -0.468408614397049 
0 0 0 1 

0.9089966416358948 -0.370081752538681 0.1917403191328049 -0.2436983585357666 
0.3578853905200958 0.9288108348846436 0.09606386721134186 -0.1212154924869537 
-0.2136420011520386 -0.01870059780776501 0.9767329692840576 -0.452871561050415 
0 0 0 1 

0.9333808422088623 -0.2956597208976746 0.2034339755773544 -0.2408852130174637 
0.3020917773246765 0.9532786011695862 -0.0005928312311880291 -0.05787568911910057 
-0.1937539726495743 0.06200912967324257 0.9790884852409363 -0.4472630023956299 
0 0 0 1 

0.97635418176651 -0.02154812030494213 0.2151002883911133 -0.2689631581306458 
-0.06677120923995972 0.9163066744804382 0.3948716223239899 -0.186644122004509 
-0.2056065648794174 -0.3998970687389374 0.8932010531425476 -0.3731376826763153 
0 0 0 1 

0.9717785120010376 -0.02818615734577179 0.2342050671577454 -0.2775876522064209 
-0.08098053932189941 0.8926397562026978 0.4434369802474976 -0.2060142755508423 
-0.2215595245361328 -0.4498885869979858 0.8651655912399292 -0.3521654605865479 
0 0 0 1 

0.9593974351882935 -0.1822913140058517 0.2152352929115295 -0.2611742615699768 
0.1557603925466537 0.9785927534103394 0.1345168203115463 -0.0890941247344017 
-0.235149011015892 -0.09552984684705734 0.9672532081604004 -0.4098714590072632 
0 0 0 1 

0.922231137752533 -0.3320240378379822 0.1981153786182404 -0.2412637025117874 
0.2835279703140259 0.9291346073150635 0.2373196333646774 -0.1518105417490005 
-0.2628717124462128 -0.1626922339200974 0.9510150551795959 -0.3870974481105804 
0 0 0 1 

0.9216072559356689 -0.3383974134922028 0.1900726109743118 -0.2374237924814224 
0.2866325080394745 0.9236051440238953 0.2545488774776459 -0.159059002995491 
-0.2616907358169556 -0.1801130473613739 0.9481968283653259 -0.3865745365619659 
0 0 0 1 

