430 217 430 216
432 217 433 216
435 217 435 216
459 217 459 217
430 219 430 219
461 219 465 223
517 222 520 220
430 224 430 226
432 224 435 225
459 224 460 227
485 224 491 225
480 227 485 228
480 230 485 231
482 230 488 231
514 235 515 232
517 235 518 231
522 243 525 239
525 243 527 239
527 243 530 239
519 246 521 242
525 246 527 242
519 248 522 245
453 251 461 248
459 251 467 248
461 251 470 248
464 251 473 248
522 251 525 245
464 254 473 250
522 254 525 247
448 259 459 256
451 259 461 256
480 259 489 254
459 261 467 256
488 261 494 255
474 264 484 259
477 267 487 263
480 267 490 263
493 267 503 262
477 269 487 265
482 269 493 265
488 269 498 265
493 269 504 265
488 272 498 268
490 272 501 268
493 272 504 267
448 275 459 270
490 275 501 271
493 275 504 270
496 275 506 270
493 277 503 273
498 277 510 273
503 277 512 268
501 280 512 276
443 285 453 282
488 285 499 282
490 285 501 281
443 288 453 284
490 288 501 284
448 293 459 289
477 293 489 288
482 293 494 288
485 293 496 287
480 296 491 291
482 296 494 290
485 296 497 291
490 296 502 291
464 298 475 295
480 298 492 293
482 298 494 293
456 301 466 298
464 301 475 297
467 304 478 300
469 304 480 300
472 304 483 300
474 304 486 299
477 304 488 299
464 306 476 303
474 306 486 302
459 309 473 305
474 309 486 305
482 309 494 305
469 312 481 310
477 312 494 307
480 312 490 307
480 314 498 309
453 317 463 317
445 320 457 320
448 320 460 320
451 320 462 320
448 322 460 322
451 322 462 322
445 325 458 323
453 325 463 324
456 325 466 324
437 327 451 328
461 327 473 328
