430 217 430 217
432 217 433 217
435 217 436 217
469 217 455 216
430 219 430 220
432 219 433 222
467 219 470 220
472 219 474 220
474 219 477 220
480 219 516 219
490 219 509 218
493 219 511 218
430 222 430 223
432 222 433 225
435 222 436 225
461 222 449 218
467 222 469 223
469 222 472 223
490 222 508 221
498 222 505 221
430 224 430 226
432 224 432 228
461 224 463 225
464 224 466 225
467 224 468 226
469 224 471 226
472 224 477 226
474 224 482 227
477 224 485 228
480 224 488 227
430 227 430 228
464 227 465 228
467 227 468 229
469 227 471 229
472 227 477 229
474 227 480 229
477 227 485 229
451 232 454 230
459 232 460 231
451 235 453 233
474 235 494 236
474 238 493 239
443 243 462 240
445 243 465 240
456 243 451 238
530 243 531 268
443 246 462 242
496 246 502 240
445 248 464 245
453 248 467 247
456 248 470 247
459 248 472 248
506 248 524 247
522 248 507 234
535 248 535 248
538 248 538 248
443 251 470 244
451 251 447 247
456 251 470 251
459 251 472 251
522 251 508 237
525 251 526 238
535 251 535 251
538 251 538 251
496 254 485 238
535 254 534 253
435 256 440 240
456 256 468 254
493 256 482 240
503 256 523 259
506 256 525 258
538 259 538 243
430 261 430 231
488 261 501 248
490 261 504 249
493 261 506 248
506 261 501 245
538 261 538 245
461 264 486 252
488 264 500 251
490 264 503 251
493 264 506 251
509 264 524 269
440 267 457 264
459 267 481 255
464 267 486 255
469 267 489 256
488 267 500 253
490 267 503 253
493 267 506 254
506 267 521 272
430 269 429 259
467 269 487 258
469 269 489 259
485 269 500 256
538 272 538 271
493 275 506 259
496 275 512 260
498 275 514 261
430 280 430 254
432 280 435 301
472 280 491 258
525 280 524 278
430 283 429 257
432 283 433 282
477 283 497 262
519 283 521 281
538 283 538 278
432 285 433 285
501 285 515 266
519 285 521 284
522 285 523 283
527 285 526 283
453 288 482 266
501 290 516 269
527 290 528 286
430 296 429 302
501 296 516 272
503 296 518 272
522 296 522 289
525 296 524 309
530 296 532 273
430 298 429 304
432 298 434 276
443 298 474 269
527 298 528 292
533 298 536 295
538 298 538 299
430 301 430 293
440 301 454 304
456 301 485 275
459 301 488 275
527 301 528 295
430 304 430 296
432 304 433 310
440 304 454 306
459 304 490 279
469 304 499 276
488 304 495 312
493 304 510 275
527 304 525 297
530 304 528 298
533 304 531 298
461 306 493 280
480 306 501 276
482 306 504 276
488 306 510 276
496 306 515 277
527 306 524 300
530 306 528 301
535 306 534 301
538 306 538 304
445 309 472 294
482 309 503 279
485 309 506 279
488 309 509 279
493 309 512 280
496 309 515 280
511 309 517 283
525 309 521 303
533 309 530 306
538 309 538 307
472 312 494 287
474 312 497 287
482 312 503 281
485 312 506 282
488 312 509 282
490 312 512 282
496 312 515 283
530 312 524 307
538 312 538 310
488 314 509 285
490 314 511 285
432 317 436 316
482 317 503 296
430 320 433 318
432 320 435 319
435 320 439 319
535 320 535 307
538 320 538 315
430 322 433 321
432 322 436 321
467 322 452 322
469 322 456 322
511 322 512 322
514 322 517 322
538 322 538 318
430 325 430 324
432 325 436 324
464 325 450 325
467 325 452 325
498 325 501 324
501 325 503 325
503 325 505 325
506 325 508 325
511 325 512 325
514 325 514 325
535 325 535 321
538 325 538 321
430 327 430 327
432 327 436 327
445 327 467 327
461 327 447 327
464 327 450 327
496 327 497 327
498 327 500 327
501 327 503 327
503 327 506 327
506 327 508 327
511 327 512 327
514 327 514 327
517 327 517 327
519 327 520 327
522 327 523 327
530 327 529 326
533 327 531 326
535 327 534 327
538 327 538 324
