94 77 92 75
111 77 109 75
129 77 127 75
42 94 41 92
59 94 58 92
77 94 76 92
94 94 92 93
111 94 109 92
129 94 126 92
406 94 405 91
424 94 423 91
441 94 441 91
458 94 458 92
476 94 474 91
493 94 492 91
25 111 24 110
42 111 41 110
59 111 57 110
77 111 76 109
94 111 92 110
111 111 110 110
129 111 127 109
389 111 387 110
406 111 405 108
424 111 423 110
441 111 441 109
458 111 458 109
476 111 475 108
493 111 491 108
510 111 508 108
42 129 39 128
59 129 58 127
77 129 76 128
94 129 94 128
111 129 112 128
129 129 129 127
146 129 146 127
163 129 164 127
181 129 181 127
371 129 371 127
389 129 387 125
406 129 405 126
424 129 423 127
441 129 440 126
458 129 458 126
476 129 476 126
493 129 493 126
510 129 509 126
528 129 527 126
545 129 544 126
25 146 26 145
42 146 45 144
59 146 59 145
77 146 76 145
94 146 96 144
111 146 114 144
129 146 132 145
146 146 149 144
163 146 164 144
371 146 370 144
389 146 388 143
406 146 406 144
424 146 423 143
441 146 440 144
458 146 458 144
476 146 476 143
493 146 495 144
510 146 511 145
528 146 527 145
545 146 545 145
562 146 561 143
354 163 354 162
371 163 370 161
389 163 388 161
406 163 405 160
424 163 422 160
441 163 440 161
458 163 459 162
476 163 475 161
493 163 494 160
510 163 510 161
528 163 525 162
545 163 545 161
562 163 561 160
354 181 353 179
371 181 370 179
389 181 387 178
406 181 405 178
424 181 422 178
441 181 439 179
458 181 456 179
476 181 475 180
493 181 493 180
510 181 510 179
528 181 526 180
545 181 544 178
562 181 562 178
337 198 336 196
354 198 353 196
371 198 371 196
406 198 405 195
424 198 422 195
458 198 457 196
476 198 474 197
493 198 493 197
510 198 511 197
528 198 527 195
545 198 545 195
562 198 561 195
319 215 319 213
337 215 335 214
354 215 354 212
371 215 370 213
389 215 388 214
406 215 404 213
424 215 422 213
441 215 440 213
458 215 457 213
493 215 493 214
510 215 510 213
528 215 527 214
545 215 544 213
562 215 562 213
302 233 302 231
319 233 318 231
337 233 335 231
354 233 353 231
371 233 371 231
389 233 388 231
406 233 405 230
424 233 423 230
441 233 441 231
458 233 458 230
476 233 475 231
510 233 510 231
528 233 527 230
545 233 544 231
267 250 266 249
285 250 284 248
302 250 301 248
319 250 318 248
337 250 336 248
354 250 354 249
371 250 371 249
389 250 388 248
406 250 405 247
424 250 423 247
441 250 440 248
458 250 458 248
476 250 476 248
510 250 509 248
528 250 527 248
545 250 544 250
250 267 250 266
267 267 267 266
285 267 284 266
302 267 301 266
319 267 318 266
337 267 336 266
354 267 353 265
371 267 371 266
389 267 388 266
406 267 405 264
424 267 423 265
441 267 440 265
458 267 457 265
476 267 475 264
493 267 492 265
510 267 509 265
528 267 527 265
545 267 545 265
215 285 214 284
233 285 231 285
250 285 249 283
267 285 267 282
302 285 303 283
319 285 318 283
337 285 336 283
354 285 353 283
371 285 371 283
389 285 388 282
406 285 405 283
424 285 423 283
441 285 440 283
458 285 458 282
476 285 475 282
493 285 492 283
510 285 508 284
528 285 527 282
198 302 197 301
215 302 214 301
233 302 232 302
250 302 249 301
285 302 284 300
302 302 301 300
319 302 318 301
337 302 336 300
354 302 353 301
371 302 371 300
389 302 388 301
406 302 406 300
424 302 423 301
441 302 440 300
458 302 458 299
476 302 475 300
493 302 493 301
510 302 509 300
528 302 527 300
198 319 197 318
215 319 214 318
233 319 232 318
250 319 249 318
302 319 301 318
319 319 318 318
337 319 336 318
354 319 354 318
371 319 371 318
389 319 388 317
406 319 406 317
424 319 422 318
441 319 440 317
458 319 458 318
476 319 475 317
493 319 492 317
510 319 510 317
250 337 250 335
267 337 267 336
302 337 301 336
319 337 319 336
337 337 336 334
354 337 354 334
371 337 370 335
389 337 389 335
406 337 406 335
424 337 423 334
441 337 440 335
458 337 458 335
476 337 475 334
493 337 492 335
233 354 233 353
250 354 250 353
267 354 267 355
285 354 285 355
319 354 319 352
337 354 337 353
354 354 353 352
371 354 370 352
389 354 389 353
406 354 406 354
424 354 423 351
441 354 440 352
458 354 458 353
476 354 475 352
493 354 493 351
510 354 510 351
528 354 527 352
233 371 232 370
250 371 250 371
267 371 269 374
285 371 287 367
302 371 303 371
319 371 320 369
337 371 337 370
354 371 353 370
371 371 371 370
389 371 389 369
406 371 405 369
424 371 423 369
441 371 440 369
458 371 458 370
476 371 475 370
493 371 493 369
510 371 510 369
528 371 527 370
215 389 215 387
233 389 233 390
250 389 248 392
267 389 267 390
285 389 285 387
302 389 303 389
319 389 319 388
337 389 337 387
354 389 354 387
371 389 372 388
389 389 389 387
406 389 406 387
424 389 423 387
441 389 441 387
476 389 475 386
493 389 493 386
510 389 510 387
528 389 528 388
215 406 216 409
233 406 233 410
250 406 248 410
267 406 266 408
285 406 283 410
302 406 303 405
319 406 320 404
337 406 336 403
354 406 355 405
371 406 371 404
389 406 388 404
406 406 406 405
424 406 423 404
441 406 440 404
458 406 458 404
476 406 476 404
493 406 493 403
510 406 510 403
528 406 528 404
198 424 198 424
215 424 215 424
233 424 229 423
250 424 249 424
267 424 267 425
285 424 285 421
302 424 302 420
319 424 319 422
337 424 336 420
354 424 351 421
371 424 371 422
389 424 388 422
406 424 405 422
424 424 422 422
441 424 439 423
458 424 458 422
476 424 475 422
493 424 493 421
510 424 510 421
528 424 528 420
198 441 198 441
215 441 215 439
233 441 230 440
250 441 253 445
267 441 269 438
285 441 283 438
302 441 300 437
319 441 318 440
337 441 338 441
354 441 354 439
371 441 373 440
389 441 389 439
406 441 405 437
424 441 424 440
441 441 441 440
458 441 458 438
476 441 476 438
493 441 493 437
510 441 509 438
528 441 527 438
215 458 215 457
233 458 233 457
250 458 248 459
267 458 264 459
285 458 282 457
302 458 301 455
319 458 324 458
337 458 338 457
354 458 354 458
371 458 372 458
389 458 388 458
406 458 408 457
424 458 424 457
441 458 441 458
458 458 460 455
493 458 493 455
510 458 510 455
528 458 528 456
233 476 233 475
250 476 251 475
267 476 265 476
285 476 280 476
302 476 300 476
319 476 322 476
337 476 338 475
354 476 354 475
371 476 373 474
389 476 387 475
406 476 407 475
424 476 423 476
441 476 441 475
458 476 457 474
476 476 475 474
493 476 495 474
510 476 509 473
