511 217 465 217
519 217 517 216
533 217 530 216
535 217 535 216
538 217 538 217
430 219 429 219
511 219 465 219
514 219 468 219
535 219 535 219
538 219 538 219
430 222 429 221
432 222 432 221
464 222 468 222
469 222 454 219
474 222 457 220
477 222 460 220
480 222 462 220
511 222 444 222
535 222 535 222
538 222 538 222
430 224 429 224
432 224 432 224
469 224 454 222
477 224 460 222
480 224 462 222
511 224 443 225
535 224 535 224
538 224 538 224
430 227 429 226
432 227 432 226
467 227 450 230
477 227 459 224
480 227 462 225
509 227 483 226
538 227 538 227
430 230 429 229
480 230 503 272
482 230 506 272
535 230 535 227
430 232 429 233
435 232 437 243
437 232 440 243
430 235 430 237
432 235 434 245
435 235 437 245
472 235 453 230
432 238 431 240
432 240 431 242
533 240 532 303
538 240 538 235
435 251 438 265
501 251 455 256
432 254 435 268
533 254 536 246
490 256 444 289
493 256 446 289
496 256 449 289
538 256 538 303
453 259 460 292
493 259 446 292
496 259 449 292
535 259 534 314
538 259 538 314
435 261 433 261
445 261 434 235
448 261 437 235
453 261 460 295
490 261 444 262
493 261 446 295
535 261 534 316
538 261 538 316
435 264 433 264
496 264 498 269
525 264 534 257
459 267 441 289
533 267 531 323
461 269 449 257
533 269 531 325
535 269 535 289
538 269 538 289
501 272 527 303
533 272 534 306
538 272 538 292
437 275 433 276
451 275 467 308
538 275 538 295
430 277 429 300
461 277 494 283
485 277 470 315
506 277 483 307
535 277 532 309
437 280 433 281
496 280 497 305
506 280 483 310
535 280 532 311
525 285 524 278
430 293 429 303
533 293 535 309
538 293 538 281
430 296 429 305
506 296 489 302
525 296 529 298
527 296 532 298
533 296 535 297
430 298 429 308
456 298 494 302
506 298 489 304
533 298 535 276
451 301 449 284
456 301 494 304
488 301 479 268
506 301 489 307
538 301 538 288
451 304 435 294
453 304 438 294
509 304 492 309
527 304 523 284
430 306 429 293
451 306 435 297
453 306 438 297
503 306 510 308
506 306 513 308
509 306 492 312
430 309 430 296
485 309 499 303
506 309 513 311
535 309 535 296
435 312 435 308
437 312 438 308
448 312 462 303
509 312 500 316
538 312 538 301
459 317 472 312
430 320 429 321
456 320 445 319
459 320 448 319
501 320 511 321
522 320 508 318
432 322 437 323
453 322 442 321
456 322 445 322
467 322 451 322
469 322 453 322
472 322 456 322
474 322 458 322
514 322 499 324
525 322 512 321
432 325 437 326
440 325 434 326
456 325 445 325
461 325 461 325
464 325 464 325
472 325 456 325
474 325 459 325
480 325 467 325
514 325 498 326
525 325 512 324
535 325 536 322
453 327 442 327
456 327 445 327
459 327 447 327
461 327 475 328
467 327 467 328
469 327 453 328
472 327 455 328
474 327 450 327
498 327 463 327
511 327 502 327
514 327 505 327
517 327 507 327
530 327 531 328
533 327 534 328
535 327 536 327
