430 217 430 217
432 217 432 217
464 217 449 216
443 219 436 220
485 219 444 218
490 219 455 217
493 219 458 218
430 222 430 220
443 222 436 222
493 222 458 220
506 222 503 222
509 222 512 223
509 224 512 225
538 243 538 226
493 251 504 231
503 254 519 241
432 256 431 259
519 259 508 242
535 259 535 243
430 261 429 239
533 261 529 240
535 261 533 240
519 267 507 236
533 267 527 246
432 269 431 228
533 269 527 249
535 269 536 256
527 272 525 257
496 275 444 224
501 275 450 224
535 275 532 232
488 277 438 228
517 277 503 242
535 277 532 234
490 280 441 228
535 280 532 237
490 283 442 229
501 283 470 225
435 285 434 267
535 285 534 233
490 288 442 234
496 288 448 232
509 288 465 231
511 288 471 231
517 288 477 231
530 288 527 274
440 290 443 273
490 290 443 236
498 290 454 234
501 290 457 235
503 290 459 234
511 290 470 234
517 290 477 234
519 290 479 233
525 290 484 233
430 293 429 271
445 293 449 277
488 293 442 239
496 293 451 238
501 293 456 238
509 293 467 238
511 293 471 237
514 293 475 237
525 293 484 235
527 293 487 235
469 296 508 281
493 296 448 241
496 296 451 242
503 296 457 241
509 296 468 240
522 296 480 238
527 296 487 238
456 298 452 288
459 298 456 288
464 298 488 317
490 298 446 243
493 298 448 244
496 298 451 244
527 298 486 241
530 298 488 240
496 301 452 246
506 301 460 246
509 301 463 245
530 301 488 243
533 301 491 243
435 304 431 273
485 304 443 246
496 304 451 249
498 304 454 249
506 304 461 248
525 304 474 244
533 304 492 249
535 304 493 244
485 306 444 250
496 306 452 251
498 306 455 251
506 306 461 252
538 306 494 245
485 309 444 253
517 309 466 248
519 309 472 247
522 309 474 247
480 312 438 247
498 312 455 254
501 312 458 254
503 312 461 254
432 314 432 307
498 314 456 257
501 314 459 257
509 314 464 257
535 314 489 254
430 317 429 312
503 317 461 260
522 317 475 257
503 320 462 262
538 320 538 321
443 322 435 320
456 322 444 320
535 322 533 288
538 322 538 324
430 325 429 324
440 325 433 323
443 325 435 324
445 325 438 324
456 325 444 322
506 325 465 265
509 325 467 265
519 325 470 265
430 327 430 327
432 327 433 327
451 327 448 327
456 327 452 327
464 327 450 328
477 327 514 328
485 327 481 328
519 327 471 268
538 327 538 327
