389 163 351 14
597 163 610 14
389 181 349 33
406 181 371 31
424 181 391 28
597 181 608 35
371 198 328 54
389 198 351 55
406 198 372 54
424 198 395 52
441 198 415 50
337 215 282 82
354 215 305 80
371 215 329 80
389 215 352 79
406 215 374 77
476 215 460 76
493 215 482 77
319 233 263 102
337 233 285 100
354 233 308 100
371 233 331 101
389 233 350 101
406 233 377 100
424 233 396 100
441 233 417 98
458 233 438 98
476 233 460 97
493 233 482 99
510 233 503 98
580 233 581 103
285 250 223 124
302 250 242 123
319 250 264 123
337 250 285 123
354 250 308 122
371 250 331 122
389 250 353 122
406 250 373 121
424 250 393 122
441 250 417 121
458 250 438 121
476 250 460 120
493 250 481 120
510 250 501 118
528 250 521 123
562 250 561 124
580 250 581 118
285 267 227 146
302 267 246 147
319 267 266 145
337 267 287 145
354 267 309 144
371 267 331 144
389 267 353 144
406 267 374 142
424 267 393 141
441 267 418 141
458 267 438 143
476 267 459 142
493 267 481 141
545 267 537 142
562 267 561 143
233 285 174 168
267 285 210 168
302 285 250 169
319 285 268 167
337 285 288 166
354 285 310 166
371 285 331 166
389 285 353 165
406 285 375 165
424 285 397 166
441 285 417 163
458 285 439 164
476 285 460 162
510 285 500 164
528 285 516 162
545 285 540 161
302 302 253 188
319 302 273 188
337 302 291 187
354 302 312 188
371 302 333 186
389 302 353 186
406 302 375 187
424 302 396 187
441 302 418 184
458 302 439 185
476 302 460 184
493 302 480 183
510 302 499 182
215 319 158 212
233 319 178 211
267 319 224 210
302 319 257 209
319 319 275 209
337 319 294 209
354 319 314 208
371 319 335 207
389 319 355 207
406 319 377 207
424 319 397 206
441 319 418 205
458 319 439 204
476 319 460 203
493 319 480 203
510 319 499 203
528 319 519 202
302 337 260 230
337 337 296 229
354 337 315 228
371 337 338 228
389 337 357 227
406 337 378 227
424 337 395 225
441 337 418 226
458 337 440 226
476 337 459 225
493 337 480 223
510 337 499 223
528 337 518 221
267 354 230 243
285 354 250 244
337 354 299 248
354 354 320 247
371 354 341 247
389 354 358 246
406 354 377 244
424 354 399 244
441 354 419 245
458 354 440 245
510 354 499 241
528 354 518 240
250 371 213 266
337 371 304 266
406 371 381 265
424 371 401 265
441 371 419 265
458 371 439 265
493 371 481 261
510 371 498 259
528 371 517 259
545 371 536 256
233 389 197 283
267 389 232 281
285 389 246 281
319 389 291 281
371 389 346 281
389 389 366 281
406 389 384 282
424 389 402 282
441 389 421 282
493 389 478 279
510 389 498 276
545 389 536 276
562 389 554 277
233 406 199 305
250 406 213 303
267 406 231 300
337 406 314 300
354 406 330 298
371 406 349 298
389 406 367 298
406 406 385 299
424 406 403 298
441 406 421 298
476 406 460 300
545 406 535 295
250 424 218 322
267 424 229 319
337 424 316 317
354 424 334 316
371 424 352 316
406 424 386 315
441 424 421 315
493 424 479 313
510 424 497 310
528 424 517 309
545 424 534 314
562 424 552 312
580 424 571 309
233 441 200 338
250 441 217 340
267 441 233 338
285 441 252 340
371 441 354 332
389 441 370 330
406 441 389 331
424 441 406 330
441 441 424 331
458 441 442 333
476 441 459 330
528 441 516 328
580 441 569 325
302 458 273 357
354 458 338 352
371 458 355 349
389 458 369 350
406 458 387 347
424 458 406 347
441 458 423 349
476 458 461 346
493 458 478 344
580 458 570 343
406 476 389 364
