542 264 549 269
545 264 552 269
548 264 556 269
630 273 632 269
627 278 628 273
630 278 631 275
624 281 625 276
627 281 628 276
627 284 628 279
548 287 561 292
627 287 628 282
630 287 630 283
548 290 561 294
619 290 624 284
635 290 639 290
641 290 642 290
551 292 564 296
627 292 627 288
630 292 630 288
633 292 633 288
641 292 642 292
551 295 564 299
593 295 599 290
596 295 602 291
624 295 626 291
630 295 630 291
635 295 638 294
599 298 605 294
630 298 630 294
633 298 633 293
641 298 642 295
554 301 567 303
562 301 574 300
565 301 577 300
582 301 590 305
585 301 592 302
590 301 598 303
599 301 605 298
619 301 620 296
627 301 629 297
644 301 645 299
647 301 647 299
554 304 567 305
562 304 574 303
565 304 577 303
568 304 579 306
582 304 591 307
588 304 595 306
590 304 598 305
627 304 630 299
641 304 641 298
647 304 648 301
562 306 574 307
571 306 581 309
573 306 584 310
579 306 588 311
582 306 591 310
585 306 593 309
590 306 597 308
619 306 619 302
621 306 625 303
638 306 638 301
641 306 641 301
644 306 644 301
556 309 567 311
559 309 570 312
568 309 578 310
585 309 593 312
590 309 597 312
593 309 601 311
641 309 641 303
647 309 647 304
568 312 578 313
571 312 581 313
573 312 583 314
576 312 587 314
585 312 593 314
596 312 603 313
613 312 619 310
616 312 621 311
638 312 640 306
644 312 644 305
568 315 574 315
571 315 578 315
573 315 582 316
593 315 599 316
596 315 602 315
613 315 624 315
616 315 627 315
621 315 629 315
630 315 633 315
641 315 640 313
644 315 643 314
647 315 647 308
