554 216 572 213
556 216 575 213
551 219 569 216
554 219 572 216
556 219 575 216
559 219 577 216
568 219 584 215
571 219 588 217
545 222 562 220
548 222 567 220
551 222 570 220
554 222 573 219
556 222 575 219
559 225 576 222
565 225 582 221
534 227 552 225
537 227 557 225
542 227 566 223
565 227 582 224
568 227 585 223
534 230 552 229
562 230 579 225
534 233 552 232
568 233 584 232
571 233 586 233
559 236 578 233
568 236 584 236
568 239 585 240
571 239 589 239
562 242 582 236
559 250 571 248
562 284 580 272
604 287 626 281
565 292 581 280
590 292 607 280
579 298 593 294
568 301 580 294
571 301 584 293
582 301 596 296
588 301 602 297
590 301 605 297
596 301 611 296
559 304 571 299
562 304 574 298
565 304 577 298
568 304 580 298
571 304 584 297
573 304 588 296
576 304 590 299
579 304 593 299
582 304 596 298
585 304 600 298
593 304 609 300
568 306 580 301
573 306 588 300
579 306 592 302
582 306 596 302
588 306 601 303
590 306 604 302
593 306 608 303
596 306 612 302
573 309 586 303
576 309 589 305
579 309 592 306
582 309 595 305
588 309 602 307
590 309 604 306
593 309 607 306
568 312 579 308
571 312 582 309
573 312 585 309
576 312 589 308
579 312 592 308
582 312 595 308
590 312 605 310
630 312 642 307
633 312 646 306
568 315 580 311
571 315 582 313
573 315 586 312
576 315 589 311
582 315 600 314
590 315 609 315
593 315 611 313
633 315 647 310
