1 0 0 -0.2022774517536163 
0 1 0 -0.02555054239928722 
0 0 1 -0.5562111139297485 
0 0 0 1 

0.9986028075218201 -0.0504462718963623 0.01573707163333893 -0.2008798718452454 
0.04929014295339584 0.9965494871139526 0.06678097695112228 -0.06731660664081573 
-0.01905159465968609 -0.06591200083494186 0.9976435899734497 -0.5289557576179504 
0 0 0 1 

0.9920592904090881 -0.07304480671882629 -0.1023851484060287 -0.1342910975217819 
0.08213652670383453 0.9927645325660706 0.08759050071239471 -0.0782245546579361 
0.09524627029895782 -0.09530457854270935 0.9908809661865234 -0.5443657636642456 
0 0 0 1 

0.9475044012069702 -0.1843650341033936 0.2612371146678925 -0.3097976744174957 
0.1616491377353668 0.981126070022583 0.1061183661222458 -0.09135577827692032 
-0.2758710980415344 -0.05831881240010262 0.9594237804412842 -0.4440306723117828 
0 0 0 1 

0.9347484111785889 -0.2733295857906342 0.2270157635211945 -0.2825743556022644 
0.2354463040828705 0.9550029635429382 0.1803726702928543 -0.1433054208755493 
-0.2661019563674927 -0.1151529625058174 0.9570420384407043 -0.4374469518661499 
0 0 0 1 

0.9408067464828491 -0.328829824924469 0.08217949420213699 -0.2058898359537125 
0.304485023021698 0.9264566898345947 0.2212841808795929 -0.176570788025856 
-0.1489006578922272 -0.183163195848465 0.9717406034469604 -0.4594313502311707 
0 0 0 1 

0.9614641070365906 -0.245505228638649 0.1237487196922302 -0.2266581952571869 
0.229046031832695 0.9642347693443298 0.1333758234977722 -0.1190878376364708 
-0.1520673334598541 -0.09989185631275177 0.983309268951416 -0.4651383459568024 
0 0 0 1 

0.9173498153686523 -0.3378411829471588 0.2105528712272644 -0.2562708556652069 
0.3281110823154449 0.9411903619766235 0.08064574003219604 -0.10945163667202 
-0.2254157960414886 -0.004895548801869154 0.974250316619873 -0.4493080675601959 
0 0 0 1 

0.9888501763343811 -0.1269919723272324 0.07777028530836105 -0.2082855254411697 
0.1226482689380646 0.9907357692718506 0.05830894038081169 -0.0591629296541214 
-0.08445460349321365 -0.04812036082148552 0.9952647089958191 -0.4747032821178436 
0 0 0 1 

0.9903236627578735 -0.1111500933766365 0.08309385925531387 -0.1976117938756943 
0.108378104865551 0.9934145212173462 0.03717115521430969 -0.05193084850907326 
-0.08667825162410736 -0.02780584804713726 0.9958481788635254 -0.467204213142395 
0 0 0 1 

