422 239 419 240
436 239 433 240
427 241 425 242
430 241 428 242
436 241 433 242
425 244 422 245
427 244 425 245
430 244 429 245
436 244 433 245
449 244 447 244
452 244 451 245
455 244 454 245
408 247 407 250
446 247 446 247
449 247 449 247
452 247 451 247
455 247 454 247
457 247 456 247
430 250 429 250
433 250 432 250
444 250 443 250
446 250 446 250
449 250 448 250
452 250 451 250
455 250 454 250
457 250 456 250
460 250 460 250
463 250 462 250
430 252 430 253
433 252 432 253
436 252 435 253
438 252 438 253
441 252 441 253
444 252 443 253
446 252 446 253
449 252 449 253
452 252 452 252
457 252 457 252
460 252 459 252
463 252 462 252
466 252 465 252
468 252 468 252
408 255 407 258
411 255 410 258
427 255 428 255
430 255 430 255
449 255 448 256
455 255 454 255
460 255 457 255
430 258 430 257
433 258 432 257
444 258 443 258
449 258 448 258
452 258 451 258
457 258 455 257
460 258 457 258
463 258 460 258
411 261 410 263
416 261 414 264
427 261 428 260
433 261 433 260
452 261 451 261
463 261 460 263
466 261 463 263
411 263 410 267
430 263 430 263
436 263 435 264
444 263 442 263
460 263 457 264
425 266 424 266
436 266 435 267
441 266 440 266
444 266 443 266
446 266 445 266
460 266 457 266
411 269 410 272
422 269 420 269
425 269 424 269
427 269 427 269
444 269 443 269
446 269 445 269
422 272 420 271
425 272 424 271
438 272 437 272
446 272 446 271
457 272 455 269
460 272 457 270
463 272 460 269
471 272 469 271
419 274 419 274
422 274 421 274
425 274 424 273
427 274 427 274
460 274 457 272
463 274 460 272
468 274 468 274
471 274 470 275
419 277 416 277
422 277 419 278
427 277 427 276
466 277 463 275
471 277 470 277
411 280 410 281
419 280 416 279
422 280 420 280
427 280 425 283
430 280 430 285
441 280 441 280
463 280 460 277
471 280 470 282
405 282 405 283
408 282 408 283
411 282 410 283
419 282 416 282
422 282 419 282
441 282 441 283
444 282 444 283
446 282 446 283
455 282 454 285
460 282 456 280
463 282 460 280
466 282 465 285
471 282 470 284
474 282 474 284
477 282 477 284
482 282 482 283
485 282 485 283
408 285 408 285
441 285 440 285
444 285 443 285
460 285 457 282
463 285 462 288
466 285 466 287
468 285 468 286
479 285 479 286
482 285 482 285
485 285 484 285
488 285 487 285
403 288 403 288
411 288 410 288
441 288 441 289
444 288 444 289
463 288 462 291
477 288 476 288
479 288 479 288
482 288 481 288
485 288 484 288
488 288 487 288
397 291 397 293
405 291 405 291
411 291 410 291
433 291 433 294
438 291 438 293
479 291 479 291
482 291 481 291
485 291 484 291
378 293 378 293
400 293 400 293
403 293 403 293
405 293 405 293
411 293 410 293
446 293 446 291
449 293 449 293
468 293 468 294
392 296 389 297
397 296 397 296
400 296 399 297
403 296 402 297
405 296 405 297
411 296 411 296
414 296 413 296
430 296 431 299
433 296 433 299
446 296 446 296
449 296 449 296
474 296 473 297
488 296 488 297
490 296 491 297
493 296 493 298
394 299 394 299
397 299 397 299
400 299 400 300
403 299 403 300
405 299 406 300
411 299 411 299
414 299 414 299
416 299 416 299
419 299 420 298
433 299 433 301
446 299 447 299
466 299 465 302
479 299 479 300
485 299 485 300
488 299 488 300
490 299 490 300
493 299 493 300
392 302 392 302
394 302 394 302
397 302 398 302
400 302 400 303
403 302 403 303
408 302 408 303
414 302 413 302
430 302 430 304
441 302 440 301
444 302 443 301
446 302 447 302
474 302 474 303
477 302 477 303
479 302 480 303
482 302 482 303
490 302 491 303
389 304 389 305
392 304 392 305
394 304 395 305
397 304 398 305
400 304 399 305
405 304 405 305
408 304 408 305
425 304 424 301
430 304 430 307
433 304 433 307
444 304 443 304
446 304 446 305
449 304 449 304
471 304 471 306
477 304 477 306
479 304 479 306
485 304 485 305
493 304 493 305
386 307 386 308
389 307 389 308
392 307 392 307
394 307 395 308
397 307 397 308
400 307 400 308
405 307 405 308
408 307 408 308
411 307 411 308
422 307 419 305
425 307 424 304
441 307 441 307
444 307 443 307
446 307 446 307
455 307 454 307
457 307 458 308
460 307 461 308
463 307 463 308
474 307 474 308
477 307 476 309
479 307 479 309
482 307 482 308
485 307 485 308
383 310 383 310
386 310 386 310
389 310 388 310
392 310 392 312
394 310 395 310
397 310 398 311
400 310 400 311
403 310 403 311
405 310 405 310
414 310 413 310
425 310 424 308
449 310 449 310
455 310 455 310
457 310 458 310
463 310 463 311
466 310 466 311
471 310 471 310
474 310 474 311
477 310 476 312
488 310 487 311
490 310 490 310
493 310 493 310
381 313 380 313
383 313 384 313
386 313 386 313
389 313 388 312
392 313 394 315
397 313 400 315
403 313 402 313
405 313 405 313
436 313 436 313
444 313 443 313
446 313 446 313
449 313 449 313
452 313 452 313
455 313 455 313
457 313 458 313
460 313 460 313
463 313 463 313
466 313 466 314
468 313 469 313
471 313 472 313
378 315 378 316
381 315 380 316
383 315 383 316
386 315 386 316
389 315 389 315
392 315 391 315
403 315 402 316
405 315 405 316
408 315 407 316
411 315 410 316
416 315 416 316
422 315 422 316
425 315 425 316
433 315 433 316
438 315 438 316
441 315 441 316
444 315 443 316
446 315 446 316
449 315 449 315
452 315 451 316
455 315 455 315
457 315 457 316
463 315 463 316
468 315 468 317
474 315 473 317
378 318 378 319
381 318 381 318
383 318 383 319
386 318 386 318
389 318 389 318
392 318 391 318
394 318 394 318
405 318 405 319
408 318 408 319
411 318 410 319
414 318 413 319
416 318 416 318
419 318 419 319
422 318 422 319
425 318 424 319
427 318 426 319
430 318 429 319
433 318 432 319
438 318 438 319
441 318 440 319
444 318 443 319
446 318 446 319
449 318 449 318
455 318 454 318
460 318 460 318
466 318 466 319
378 321 378 321
381 321 381 321
383 321 383 321
386 321 386 321
389 321 389 321
392 321 391 321
394 321 394 321
397 321 400 321
400 321 403 321
405 321 405 321
408 321 408 321
411 321 410 321
414 321 413 321
416 321 416 321
419 321 419 321
422 321 421 321
430 321 430 321
433 321 433 321
436 321 436 322
438 321 438 322
441 321 441 322
444 321 444 321
446 321 446 321
449 321 449 321
463 321 464 321
468 321 471 321
477 321 477 321
378 324 378 324
381 324 381 324
383 324 383 324
386 324 386 324
389 324 389 324
392 324 391 324
394 324 394 324
397 324 400 323
403 324 402 324
405 324 405 324
408 324 408 324
411 324 410 324
425 324 424 324
427 324 427 324
430 324 430 324
433 324 433 324
436 324 436 324
438 324 438 324
441 324 441 324
444 324 444 324
446 324 446 324
449 324 449 324
452 324 452 324
457 324 457 324
460 324 460 324
463 324 463 324
378 326 378 326
381 326 380 326
383 326 384 327
386 326 386 326
389 326 389 326
392 326 392 326
394 326 394 326
397 326 398 326
400 326 400 327
403 326 402 327
405 326 405 327
414 326 413 327
416 326 416 327
419 326 419 327
422 326 422 327
425 326 424 327
427 326 427 327
430 326 430 327
433 326 433 326
436 326 436 326
438 326 438 326
441 326 441 326
444 326 443 327
446 326 446 327
449 326 450 326
457 326 458 327
460 326 460 327
463 326 463 327
378 329 378 329
381 329 380 329
383 329 384 329
386 329 386 329
405 329 405 329
408 329 408 329
411 329 411 329
414 329 413 330
416 329 416 330
419 329 419 329
422 329 422 329
425 329 424 329
427 329 427 329
430 329 430 329
433 329 433 329
436 329 435 329
438 329 438 329
441 329 441 329
446 329 447 329
455 329 455 330
457 329 457 330
460 329 460 330
378 332 378 332
381 332 381 332
383 332 383 332
386 332 386 332
389 332 388 332
392 332 391 332
394 332 394 332
397 332 397 332
400 332 400 332
403 332 403 332
405 332 405 332
408 332 408 332
411 332 411 332
414 332 413 332
416 332 416 332
419 332 419 332
422 332 421 332
425 332 424 331
427 332 427 332
430 332 430 332
433 332 432 332
436 332 435 332
438 332 438 332
444 332 444 331
446 332 447 331
449 332 449 331
452 332 452 332
457 332 457 332
460 332 461 332
463 332 463 332
378 335 378 334
381 335 381 335
383 335 383 335
386 335 386 335
389 335 389 335
392 335 392 335
394 335 394 335
397 335 397 335
400 335 400 335
403 335 403 335
405 335 405 335
408 335 408 335
411 335 411 335
414 335 413 335
416 335 416 335
419 335 419 335
422 335 421 334
425 335 424 334
427 335 427 334
430 335 430 335
433 335 433 335
436 335 435 335
438 335 438 335
441 335 441 334
444 335 444 334
449 335 449 335
455 335 454 335
457 335 457 335
460 335 460 335
463 335 463 335
466 335 465 335
378 337 378 337
381 337 381 337
383 337 383 337
386 337 386 337
389 337 389 337
392 337 392 337
394 337 394 337
400 337 400 337
403 337 402 337
405 337 405 337
408 337 408 337
411 337 411 337
414 337 413 337
416 337 416 337
419 337 419 337
422 337 421 337
425 337 424 337
427 337 427 337
430 337 430 337
438 337 438 337
441 337 442 337
444 337 444 337
446 337 447 337
449 337 449 337
455 337 454 337
457 337 457 337
460 337 460 337
463 337 463 337
466 337 466 337
