146 129 77 32
181 146 132 48
545 163 554 89
389 181 384 40
441 181 446 60
371 198 363 57
476 198 513 35
354 215 340 74
371 215 363 74
389 215 386 74
424 215 436 36
458 215 479 74
510 215 555 73
319 233 298 93
337 233 316 93
354 233 341 93
371 233 365 93
389 233 389 92
406 233 410 93
424 233 433 95
441 233 459 90
458 233 480 91
476 233 506 92
302 250 270 114
319 250 295 112
337 250 318 111
354 250 342 111
371 250 364 111
389 250 390 112
406 250 415 110
424 250 437 110
441 250 461 110
458 250 486 110
476 250 508 110
493 250 529 112
545 250 590 136
267 267 233 146
285 267 246 138
302 267 269 132
319 267 293 132
337 267 318 130
354 267 343 130
371 267 367 130
389 267 392 130
406 267 416 130
424 267 441 130
441 267 463 127
458 267 489 128
476 267 511 129
233 285 183 193
267 285 232 173
285 285 251 172
302 285 272 154
319 285 295 151
337 285 321 150
354 285 346 149
371 285 371 150
389 285 394 149
406 285 419 148
424 285 444 148
441 285 468 146
458 285 492 146
476 285 514 149
493 285 545 183
510 285 559 177
545 285 596 173
233 302 187 213
250 302 217 208
267 302 240 207
302 302 275 186
319 302 302 178
337 302 323 172
354 302 348 170
371 302 373 168
389 302 397 168
406 302 422 168
424 302 447 168
441 302 472 167
458 302 494 168
476 302 512 183
493 302 546 195
510 302 561 189
528 302 579 184
215 319 165 233
233 319 187 233
250 319 217 232
267 319 243 242
285 319 263 257
302 319 278 208
319 319 299 205
337 319 324 198
354 319 348 193
371 319 376 192
389 319 400 190
406 319 424 189
424 319 449 189
441 319 474 188
458 319 497 190
476 319 517 206
493 319 537 206
528 319 582 201
250 337 224 260
267 337 247 264
285 337 270 272
302 337 282 242
319 337 305 232
337 337 326 228
354 337 352 227
371 337 381 224
389 337 401 214
406 337 424 209
424 337 452 211
441 337 475 209
458 337 497 209
493 337 539 226
510 337 563 226
250 354 228 295
267 354 249 290
285 354 271 290
319 354 311 269
337 354 329 253
354 354 355 252
371 354 378 252
389 354 403 247
406 354 425 242
424 354 455 235
441 354 478 234
458 354 500 242
476 354 519 254
493 354 540 252
233 371 213 312
250 371 233 311
267 371 250 310
285 371 270 312
302 371 296 308
319 371 315 290
354 371 359 286
389 371 405 279
406 371 430 274
424 371 455 266
441 371 481 259
476 371 519 283
493 371 538 285
510 371 561 286
528 371 586 277
545 371 608 279
233 389 198 353
267 389 249 330
285 389 271 330
302 389 300 326
319 389 318 326
337 389 340 324
354 389 362 321
371 389 383 316
389 389 407 312
406 389 433 300
424 389 454 296
441 389 485 289
493 389 539 306
510 389 569 293
528 389 590 297
545 389 611 296
215 406 183 370
233 406 203 370
250 406 231 367
285 406 270 347
319 406 321 341
337 406 344 347
354 406 363 345
371 406 384 341
389 406 409 338
424 406 456 328
441 406 483 315
458 406 501 325
476 406 519 332
510 406 571 319
528 406 595 317
545 406 615 312
215 424 187 388
250 424 236 385
267 424 271 386
302 424 306 382
319 424 311 366
337 424 346 372
354 424 365 364
371 424 384 364
389 424 410 362
406 424 434 358
424 424 455 353
441 424 483 343
458 424 504 352
476 424 522 352
510 424 575 338
528 424 598 337
198 441 187 417
215 441 198 410
233 441 203 393
285 441 291 399
302 441 312 398
319 441 326 394
337 441 347 391
354 441 367 389
371 441 386 387
389 441 413 385
406 441 433 385
424 441 467 372
441 441 485 371
458 441 503 370
476 441 526 369
493 441 556 361
215 458 207 432
233 458 242 441
250 458 238 410
319 458 329 414
337 458 348 409
354 458 368 408
371 458 390 407
389 458 414 405
406 458 436 408
424 458 459 408
441 458 491 388
458 458 507 386
476 458 530 394
493 458 559 381
233 476 245 460
250 476 285 472
267 476 300 472
302 476 476 476
354 476 371 428
389 476 419 428
406 476 440 425
441 476 464 473
493 476 564 408
