25 94 64 89
42 94 78 89
146 94 184 74
129 111 164 90
25 129 49 111
42 129 67 110
59 129 88 108
77 129 102 105
94 129 115 104
111 129 137 105
129 129 157 105
163 129 207 101
528 129 662 35
129 146 159 119
42 163 48 143
423 181 484 32
441 181 501 28
545 181 614 152
406 198 460 52
423 198 483 53
476 198 558 97
493 198 573 95
528 198 628 92
545 198 615 185
562 198 640 186
354 215 401 120
371 215 420 120
389 215 442 119
406 215 465 88
423 215 484 83
441 215 500 112
458 215 532 117
493 215 579 116
545 215 616 203
562 215 643 206
319 233 361 137
337 233 380 136
354 233 401 136
371 233 421 135
389 233 443 133
441 233 508 129
458 233 536 131
476 233 555 131
562 233 644 222
302 250 339 153
319 250 357 152
337 250 379 150
354 250 401 151
371 250 426 149
389 250 446 150
406 250 468 148
423 250 489 148
441 250 510 147
458 250 532 146
493 250 578 148
285 267 318 176
302 267 337 170
319 267 358 168
337 267 380 167
354 267 402 166
371 267 423 166
389 267 448 166
406 267 470 164
423 267 493 164
441 267 513 162
458 267 538 162
476 267 559 162
493 267 581 165
285 285 318 212
302 285 341 192
319 285 360 185
337 285 382 183
354 285 404 182
371 285 427 181
389 285 450 181
406 285 471 180
423 285 494 180
441 285 519 178
458 285 542 177
476 285 563 179
250 302 283 247
267 302 310 241
302 302 343 216
319 302 362 208
337 302 384 202
354 302 406 199
371 302 430 196
389 302 452 197
406 302 474 197
423 302 499 197
441 302 523 195
458 302 544 196
493 302 590 222
250 319 284 266
267 319 311 283
302 319 339 246
319 319 364 232
337 319 383 224
354 319 407 221
371 319 430 218
389 319 454 216
406 319 477 214
423 319 501 215
441 319 524 214
458 319 547 217
493 319 590 237
510 319 617 237
250 337 284 292
267 337 314 303
285 337 333 307
302 337 345 269
319 337 366 251
337 337 385 250
354 337 409 249
371 337 436 245
389 337 454 240
406 337 480 234
423 337 503 234
441 337 527 234
458 337 549 237
476 337 572 259
493 337 593 257
510 337 618 256
250 354 289 328
267 354 310 326
285 354 336 324
319 354 370 301
337 354 389 278
354 354 413 279
371 354 433 278
389 354 459 274
406 354 484 274
423 354 503 253
441 354 531 259
458 354 553 270
476 354 576 284
493 354 595 283
233 371 274 345
250 371 286 351
267 371 307 346
285 371 329 344
302 371 354 343
319 371 375 334
354 371 416 330
371 371 436 311
389 371 464 305
406 371 484 301
423 371 506 291
441 371 535 286
458 371 557 296
476 371 576 315
493 371 598 314
510 371 623 312
528 371 649 311
233 389 272 367
250 389 287 370
285 389 327 362
302 389 358 361
319 389 377 362
337 389 397 359
354 389 417 354
371 389 438 349
389 389 464 343
406 389 488 325
423 389 510 321
441 389 540 317
476 389 578 349
493 389 599 332
510 389 626 331
528 389 650 330
545 389 673 330
215 406 254 383
233 406 272 386
250 406 290 387
285 406 347 390
302 406 364 389
319 406 380 378
337 406 396 380
354 406 419 382
371 406 439 375
389 406 462 373
406 406 487 366
423 406 512 358
441 406 539 341
458 406 561 337
476 406 577 373
510 406 631 350
528 406 656 351
215 423 253 404
267 423 311 415
302 423 365 407
319 423 383 405
337 423 406 407
354 423 422 402
371 423 442 402
389 423 464 401
406 423 487 400
423 423 510 400
441 423 533 373
458 423 550 397
476 423 581 393
493 423 606 388
510 423 638 369
528 423 659 380
198 441 250 458
233 441 279 437
250 441 294 437
267 441 312 437
285 441 334 427
302 441 366 428
319 441 386 426
337 441 405 426
354 441 423 425
371 441 445 421
389 441 466 422
406 441 492 420
423 441 513 419
476 441 585 413
528 441 656 404
233 458 282 458
250 458 299 456
267 458 318 454
285 458 338 450
302 458 367 450
319 458 390 449
337 458 405 443
354 458 423 442
371 458 445 443
389 458 468 441
406 458 485 452
423 458 518 445
441 458 538 444
458 458 568 443
476 458 591 445
493 458 620 418
510 458 646 418
233 476 281 472
250 476 301 475
267 476 321 474
285 476 341 474
302 476 358 473
319 476 387 469
337 476 408 465
354 476 426 465
371 476 450 472
389 476 470 471
406 476 487 472
423 476 520 469
441 476 540 469
458 476 572 468
493 476 595 479
