476 146 474 31
493 146 491 31
510 146 524 30
528 146 544 29
545 146 558 33
493 163 493 52
510 163 512 50
528 163 530 50
545 163 557 43
562 163 578 44
371 181 349 19
389 181 369 17
493 181 494 69
510 181 513 69
528 181 532 70
545 181 554 68
562 181 581 65
371 198 346 37
389 198 370 37
406 198 388 37
424 198 419 12
441 198 440 15
528 198 535 87
545 198 556 86
337 215 295 67
354 215 324 57
371 215 347 59
389 215 372 61
406 215 397 47
424 215 417 43
441 215 439 47
458 215 465 63
562 215 591 101
319 233 276 84
337 233 300 82
354 233 324 80
371 233 349 80
389 233 371 81
441 233 440 82
458 233 466 84
476 233 489 84
545 233 580 80
319 250 274 101
337 250 300 101
354 250 325 102
371 250 347 103
389 250 371 102
406 250 397 103
424 250 420 103
441 250 443 104
458 250 466 104
476 250 489 104
493 250 512 106
528 250 561 94
545 250 582 94
285 267 229 126
302 267 250 124
319 267 275 124
337 267 299 124
354 267 326 124
371 267 348 125
389 267 372 125
406 267 397 126
424 267 420 125
441 267 443 124
458 267 468 126
476 267 489 125
510 267 512 148
267 285 211 158
285 285 234 156
302 285 257 153
319 285 277 147
337 285 299 145
354 285 326 145
371 285 349 147
389 285 373 146
406 285 394 143
424 285 420 145
441 285 444 146
458 285 469 147
476 285 492 149
493 285 503 166
510 285 525 166
528 285 549 163
215 302 155 193
233 302 171 184
250 302 197 182
267 302 223 181
302 302 259 176
319 302 280 171
337 302 303 171
354 302 326 170
371 302 350 168
389 302 375 169
406 302 399 169
424 302 422 169
441 302 446 168
458 302 467 169
510 302 532 181
528 302 552 180
215 319 156 209
233 319 176 208
250 319 201 206
267 319 228 210
285 319 248 209
302 319 262 201
319 319 282 196
337 319 303 193
354 319 328 192
371 319 352 192
389 319 375 191
406 319 399 191
424 319 423 192
441 319 446 191
458 319 470 191
476 319 489 201
493 319 511 199
510 319 533 199
250 337 209 227
267 337 231 233
302 337 265 225
319 337 284 219
337 337 304 218
354 337 323 217
371 337 353 216
389 337 376 215
406 337 401 214
424 337 424 214
441 337 446 214
458 337 471 216
476 337 490 221
493 337 512 220
510 337 533 219
250 354 214 251
267 354 230 250
285 354 249 248
319 354 286 243
337 354 307 242
354 354 334 242
371 354 356 242
389 354 376 240
406 354 402 240
424 354 424 237
441 354 447 237
458 354 469 239
476 354 489 244
493 354 511 242
233 371 191 279
250 371 215 271
267 371 229 269
285 371 248 270
302 371 270 268
354 371 337 268
371 371 358 267
389 371 377 264
406 371 402 264
424 371 423 262
441 371 448 259
458 371 469 262
476 371 489 266
493 371 511 261
510 371 525 278
528 371 551 267
545 371 572 269
215 389 180 296
233 389 194 300
250 389 215 296
285 389 247 287
302 389 268 297
319 389 301 294
337 389 321 293
354 389 340 291
371 389 360 290
389 389 380 287
406 389 403 286
424 389 425 284
441 389 448 282
476 389 491 283
493 389 506 290
510 389 530 289
528 389 552 285
545 389 572 286
215 406 174 320
233 406 193 317
250 406 213 315
267 406 254 322
302 406 279 318
319 406 303 316
337 406 321 314
354 406 341 312
371 406 362 311
389 406 383 310
406 406 405 309
424 406 426 307
441 406 448 305
458 406 468 307
476 406 489 307
510 406 532 307
528 406 553 304
215 424 177 340
233 424 196 336
250 424 219 333
285 424 267 338
302 424 285 338
319 424 303 337
337 424 323 333
354 424 342 330
371 424 359 330
389 424 385 331
406 424 406 328
424 424 427 328
441 424 449 326
458 424 467 326
476 424 490 327
493 424 511 326
510 424 533 326
528 424 554 324
545 424 572 324
215 441 181 359
285 441 264 358
302 441 284 356
319 441 302 357
337 441 322 354
354 441 339 352
371 441 361 352
389 441 387 351
406 441 406 348
424 441 426 347
441 441 446 350
458 441 466 346
476 441 486 349
493 441 511 348
510 441 536 346
528 441 555 344
215 458 180 375
233 458 200 371
250 458 234 388
267 458 236 370
302 458 282 373
319 458 304 372
337 458 322 372
354 458 341 370
371 458 367 370
389 458 387 368
406 458 407 370
424 458 428 367
441 458 447 368
458 458 467 369
476 458 491 366
493 458 513 367
510 458 535 367
233 476 230 408
319 476 305 391
354 476 344 390
389 476 390 389
406 476 410 388
458 476 480 386
