545 258 542 278
545 264 542 280
545 267 542 282
548 267 545 283
604 267 609 286
545 270 542 285
540 273 538 288
542 273 541 288
602 273 606 289
604 275 609 293
635 275 635 292
548 278 543 292
638 278 635 296
599 281 597 295
602 281 600 295
610 281 610 295
619 281 620 292
641 281 637 296
644 281 641 296
647 281 646 296
604 284 603 298
610 284 609 298
613 284 612 298
562 287 558 300
602 287 599 301
604 287 602 301
607 287 605 301
610 287 609 302
613 287 612 302
630 287 629 298
647 287 647 301
551 290 541 297
554 290 544 297
599 290 596 303
604 290 601 304
607 290 605 305
610 290 608 304
641 290 638 304
556 292 546 300
559 292 558 305
571 292 566 304
573 292 569 303
590 292 586 301
593 292 589 301
607 292 606 309
610 292 609 309
613 292 614 310
559 295 558 308
562 295 563 309
571 295 567 306
573 295 570 306
593 295 589 304
630 295 623 309
638 295 636 310
571 298 567 308
630 298 623 312
633 298 626 312
573 301 569 309
576 301 571 310
588 301 583 307
590 301 586 307
596 301 590 309
599 301 592 310
588 304 581 312
596 304 589 312
599 304 592 313
