458 25 621 151
476 25 639 152
510 42 729 162
528 42 750 163
545 42 769 164
458 59 625 177
476 59 641 176
528 59 751 181
545 59 782 182
458 77 627 192
476 77 643 190
528 77 752 205
545 77 779 204
580 77 800 198
597 77 805 191
441 94 609 207
458 94 626 205
476 94 643 205
562 94 784 222
580 94 800 220
597 94 812 218
441 111 609 222
458 111 625 220
476 111 643 222
562 111 782 240
580 111 796 240
597 111 810 240
424 129 598 243
458 129 621 240
562 129 797 257
580 129 812 257
389 146 567 258
580 146 814 271
406 163 580 268
424 163 596 270
441 163 614 269
458 163 634 269
476 163 649 269
493 163 668 270
510 163 692 270
528 163 709 270
545 163 732 271
580 163 814 294
337 181 514 279
354 181 528 280
371 181 544 280
389 181 560 280
406 181 574 281
441 181 605 281
458 181 622 282
493 181 661 282
510 181 682 282
528 181 705 284
545 181 731 288
580 181 799 273
302 198 487 296
337 198 513 295
354 198 527 293
371 198 541 292
389 198 556 293
406 198 573 293
424 198 592 295
458 198 621 294
476 198 640 295
493 198 662 297
510 198 681 298
528 198 707 302
545 198 739 307
302 215 487 313
337 215 512 309
354 215 526 308
371 215 540 308
406 215 569 307
424 215 586 308
441 215 602 307
493 215 663 312
510 215 681 314
528 215 706 321
562 215 755 324
285 233 472 330
302 233 487 328
337 233 512 324
354 233 526 324
371 233 539 322
389 233 557 325
458 233 619 324
476 233 636 323
493 233 654 325
528 233 700 333
267 250 458 343
285 250 473 343
302 250 488 344
319 250 501 345
354 250 526 339
371 250 538 340
389 250 556 341
406 250 572 342
424 250 586 341
441 250 602 341
458 250 617 340
476 250 635 340
493 250 654 340
510 250 680 350
528 250 706 354
545 250 738 362
562 250 757 362
580 250 780 362
250 267 447 354
285 267 472 356
319 267 501 360
406 267 573 359
424 267 589 360
441 267 605 361
458 267 625 364
476 267 642 366
493 267 663 368
510 267 679 370
545 267 738 382
562 267 759 382
580 267 779 382
302 285 487 377
319 285 501 381
371 285 537 372
389 285 558 377
406 285 574 378
424 285 593 379
441 285 608 379
458 285 625 381
476 285 642 382
493 285 659 383
510 285 682 387
545 285 739 398
562 285 767 402
302 302 484 398
319 302 500 398
354 302 526 397
371 302 542 398
389 302 558 396
406 302 575 398
424 302 592 399
441 302 607 399
458 302 624 400
476 302 643 400
493 302 662 404
510 302 681 406
528 302 698 408
545 302 752 414
562 302 767 417
302 319 481 418
319 319 500 418
371 319 542 417
389 319 559 418
406 319 575 420
424 319 592 421
441 319 609 421
458 319 627 421
476 319 643 422
493 319 661 420
510 319 679 423
545 319 751 449
562 319 773 448
285 337 467 431
302 337 481 429
319 337 498 432
337 337 513 437
371 337 542 437
389 337 559 436
406 337 577 440
424 337 593 441
441 337 611 444
458 337 630 443
476 337 646 445
493 337 662 442
528 337 731 471
545 337 752 470
285 354 460 448
302 354 477 448
337 354 504 452
354 354 525 456
371 354 543 458
389 354 558 458
406 354 577 459
424 354 594 459
441 354 612 461
458 354 631 462
476 354 648 465
493 354 660 460
267 371 430 469
302 371 478 467
337 371 512 468
371 371 542 475
389 371 558 476
406 371 576 478
441 371 608 479
528 458 805 436
