458 25 539 137
458 42 540 151
476 42 556 150
493 42 578 153
510 42 630 146
528 42 649 147
545 42 667 147
476 59 598 168
493 59 614 167
510 59 631 166
528 59 651 163
545 59 666 162
441 77 528 178
458 77 544 177
476 77 559 176
545 77 670 183
562 77 684 181
597 77 698 173
441 94 529 192
458 94 543 190
476 94 559 190
545 94 665 199
580 94 689 199
597 94 699 192
614 94 715 191
441 111 530 207
458 111 544 204
476 111 561 205
597 111 698 213
614 111 715 208
441 129 528 224
476 129 562 221
597 129 698 226
614 129 717 222
389 146 491 243
423 146 518 239
476 146 567 237
562 146 687 240
580 146 703 243
614 146 720 240
371 163 473 254
493 163 584 250
510 163 600 248
528 163 618 247
545 163 638 248
319 181 429 273
337 181 443 269
354 181 457 268
406 181 500 266
423 181 515 265
441 181 531 265
458 181 549 265
476 181 565 264
493 181 580 263
510 181 596 261
528 181 617 262
545 181 641 263
597 181 706 293
337 198 442 284
354 198 456 280
371 198 470 280
406 198 499 279
423 198 515 278
441 198 529 278
458 198 545 277
476 198 562 277
493 198 578 276
510 198 597 276
528 198 618 278
545 198 644 280
580 198 686 259
597 198 706 309
319 215 430 300
337 215 442 298
354 215 455 296
389 215 484 293
406 215 498 293
423 215 513 292
441 215 529 291
458 215 544 291
476 215 560 291
493 215 578 290
510 215 595 290
285 233 404 321
319 233 429 315
337 233 442 313
354 233 455 311
389 233 483 309
406 233 499 308
423 233 513 307
441 233 529 306
458 233 543 304
476 233 559 304
493 233 575 304
510 233 595 305
528 233 616 307
545 233 645 315
597 233 708 326
267 250 391 335
285 250 404 334
302 250 420 333
337 250 443 328
354 250 456 326
371 250 470 326
406 250 499 325
423 250 515 323
441 250 530 322
458 250 545 322
476 250 560 322
493 250 576 322
510 250 598 324
528 250 619 325
545 250 646 330
562 250 662 328
580 250 681 328
597 250 709 342
250 267 376 347
267 267 391 346
285 267 404 347
337 267 442 344
354 267 455 343
389 267 484 341
406 267 499 341
423 267 515 340
441 267 531 340
458 267 546 341
476 267 562 340
493 267 579 340
545 267 648 348
562 267 665 347
580 267 684 347
285 285 407 389
302 285 422 366
337 285 442 361
371 285 470 358
406 285 505 360
441 285 534 358
458 285 550 357
476 285 565 356
493 285 582 358
510 285 602 360
545 285 653 367
562 285 670 365
580 285 690 367
302 302 420 385
337 302 447 385
354 302 461 382
371 302 475 378
389 302 490 377
406 302 507 378
441 302 537 376
458 302 551 376
476 302 567 374
493 302 585 376
510 302 601 377
528 302 615 376
545 302 654 385
562 302 673 384
319 319 434 405
354 319 463 401
371 319 477 400
389 319 492 399
406 319 507 398
441 319 539 397
458 319 554 396
476 319 570 396
493 319 585 392
510 319 601 392
545 319 659 410
562 319 677 411
597 319 723 415
632 319 760 412
302 337 416 420
319 337 429 420
337 337 448 421
354 337 463 419
371 337 477 419
389 337 493 417
406 337 510 418
423 337 525 417
441 337 541 417
476 337 573 417
493 337 585 412
545 337 661 431
562 337 678 429
580 337 692 410
597 337 706 417
285 354 393 439
302 354 409 438
319 354 426 437
337 354 446 438
354 354 464 439
371 354 479 439
389 354 493 436
406 354 510 436
423 354 528 436
441 354 543 437
458 354 560 436
476 354 578 437
510 354 619 450
528 354 643 452
545 354 662 450
562 354 678 448
597 354 706 434
649 354 777 446
267 371 375 457
319 371 428 458
337 371 445 457
354 371 462 456
371 371 480 457
389 371 495 457
406 371 512 457
423 371 528 457
441 371 544 458
458 371 562 455
597 371 709 455
285 389 395 454
371 389 483 476
389 389 497 476
406 389 513 477
423 389 530 475
441 389 548 473
458 389 567 473
476 389 588 473
302 406 427 469
