497 242 495 241
491 245 490 245
500 245 501 245
485 248 483 251
488 251 484 255
479 254 475 257
482 254 480 255
491 254 486 257
494 254 490 258
472 261 470 260
476 261 473 260
494 261 491 259
457 264 462 264
485 264 483 264
494 264 492 264
457 267 461 267
460 270 461 271
463 270 464 271
451 273 449 274
457 273 459 274
460 273 461 274
463 273 464 274
445 276 446 276
448 276 449 276
451 276 453 275
454 276 456 276
457 276 459 276
460 276 462 276
454 279 456 279
476 279 484 283
460 282 463 279
460 285 462 282
469 288 467 286
411 297 412 301
411 300 412 304
420 300 427 300
411 303 412 307
420 303 427 303
414 306 419 307
417 306 422 307
420 306 428 306
427 310 434 310
433 328 441 334
436 328 443 334
445 328 446 335
439 340 440 348
442 340 443 347
