537 213 540 213
540 213 543 212
542 213 546 212
545 213 552 211
548 213 556 210
568 213 576 210
540 216 543 215
562 216 572 213
568 216 576 213
571 216 579 213
573 216 581 213
542 219 548 215
548 219 555 215
551 219 559 215
554 219 562 215
559 219 567 215
562 219 570 215
568 219 576 215
571 219 578 215
528 222 528 220
554 222 561 218
556 222 564 217
559 222 567 217
562 222 569 217
565 222 573 217
568 222 575 218
537 225 545 219
540 225 548 219
554 225 561 220
556 225 564 219
573 225 579 221
576 225 582 221
534 227 541 221
537 227 544 221
562 227 569 222
531 230 538 224
534 230 541 224
551 230 556 223
559 230 565 224
562 230 568 225
565 230 571 225
568 230 575 225
540 233 545 224
542 233 548 225
545 233 551 225
548 233 554 226
551 233 556 226
556 233 562 227
559 233 565 227
562 233 568 227
565 233 571 227
582 233 586 228
613 233 614 256
531 236 535 230
540 236 546 228
542 236 548 228
545 236 551 228
554 236 559 229
556 236 562 229
559 236 565 230
562 236 569 230
565 236 571 230
579 236 583 231
582 236 586 231
531 239 532 229
537 239 542 231
545 239 551 231
551 239 556 232
554 239 553 234
559 239 565 232
562 239 568 232
582 239 586 234
534 242 539 233
537 242 542 233
540 242 545 233
588 242 591 240
528 244 532 235
534 244 538 235
585 244 586 236
588 244 589 237
602 244 593 268
613 244 605 256
528 247 532 238
537 247 541 238
545 247 549 240
554 247 562 238
588 247 588 240
551 250 565 238
554 250 562 241
593 250 594 244
619 250 608 266
528 253 529 242
540 253 546 243
551 253 564 241
593 253 594 246
619 253 607 269
540 256 546 246
593 256 593 249
596 256 596 249
610 256 593 271
621 256 610 272
531 258 534 249
548 258 545 254
596 258 596 252
599 258 599 253
599 261 599 259
638 261 635 267
641 261 637 267
531 264 537 257
534 264 540 257
540 264 545 261
638 264 634 271
534 270 536 265
633 270 628 276
638 270 634 274
641 270 637 274
644 270 642 277
534 273 536 268
540 273 542 267
542 273 545 267
545 273 549 266
635 273 631 277
528 275 528 265
537 275 539 270
540 275 542 269
542 275 545 269
616 275 593 258
647 275 645 280
537 278 539 272
545 278 549 272
602 278 598 279
619 278 599 262
641 278 638 281
647 278 645 283
534 281 537 276
537 281 541 278
545 281 549 275
579 281 578 255
619 281 621 284
621 281 624 284
638 281 636 283
641 281 638 283
647 281 645 286
534 284 537 278
540 284 544 279
542 284 546 279
545 284 550 280
554 284 559 277
556 284 562 277
573 284 571 281
576 284 573 281
638 284 635 286
641 284 638 286
644 284 642 285
537 287 540 282
540 287 544 282
542 287 547 282
548 287 554 283
568 287 566 284
573 287 571 284
576 287 574 284
582 287 578 287
635 287 633 288
638 287 636 288
641 287 639 288
644 287 642 288
534 290 540 285
540 290 543 284
542 290 547 285
545 290 551 285
551 290 557 286
556 290 562 286
568 290 566 286
571 290 569 287
573 290 572 287
576 290 575 287
602 290 604 295
627 290 626 293
630 290 629 294
647 290 647 292
534 292 540 287
537 292 543 288
540 292 545 287
542 292 548 287
548 292 553 288
551 292 557 289
556 292 562 289
562 292 567 289
571 292 569 289
573 292 572 289
576 292 575 289
602 292 603 295
607 292 611 298
537 295 543 291
540 295 545 290
542 295 548 290
545 295 551 291
548 295 554 291
551 295 556 292
554 295 560 293
559 295 564 292
562 295 567 292
571 295 569 292
573 295 572 292
576 295 575 292
582 295 582 293
585 295 587 294
588 295 591 295
593 295 595 298
638 295 638 297
647 295 646 297
534 298 539 297
537 298 542 296
540 298 546 296
542 298 548 293
545 298 551 294
548 298 554 294
551 298 556 295
556 298 561 295
559 298 564 294
562 298 566 294
565 298 569 295
573 298 573 295
579 298 581 296
582 298 584 297
585 298 588 297
590 298 593 300
593 298 595 301
596 298 598 302
604 298 607 302
627 298 626 301
630 298 628 301
633 298 635 301
534 301 538 299
537 301 543 299
542 301 548 296
545 301 551 296
548 301 554 297
551 301 557 297
559 301 564 297
562 301 566 297
565 301 569 297
576 301 581 300
579 301 584 300
582 301 587 300
585 301 589 300
593 301 596 304
596 301 599 304
599 301 601 304
602 301 604 305
604 301 607 305
607 301 610 305
624 301 623 303
627 301 626 303
630 301 631 304
633 301 634 304
644 301 644 302
647 301 647 302
540 304 545 300
542 304 548 299
545 304 551 300
548 304 554 300
554 304 558 300
556 304 561 301
559 304 564 300
562 304 567 300
565 304 570 300
568 304 572 301
571 304 575 302
576 304 581 303
579 304 584 303
582 304 586 303
585 304 589 304
588 304 592 303
599 304 601 306
602 304 604 307
604 304 607 307
607 304 610 308
610 304 613 307
616 304 616 306
621 304 620 305
624 304 623 305
627 304 628 306
630 304 631 306
633 304 633 306
635 304 637 307
641 304 640 305
644 304 643 305
647 304 647 305
540 306 545 303
542 306 548 304
545 306 551 303
548 306 554 303
551 306 556 303
556 306 562 304
559 306 565 304
562 306 567 304
568 306 573 304
571 306 576 305
573 306 578 306
576 306 581 306
579 306 583 306
582 306 586 306
585 306 589 306
593 306 596 307
596 306 598 307
616 306 616 309
641 306 641 308
644 306 644 308
647 306 647 308
545 309 550 306
548 309 553 306
551 309 556 306
554 309 560 306
556 309 559 303
559 309 565 307
562 309 567 307
565 309 570 307
571 309 575 307
573 309 578 308
576 309 581 308
579 309 584 309
582 309 585 309
585 309 589 309
588 309 592 309
596 309 599 310
599 309 602 310
602 309 605 311
616 309 616 311
627 309 627 312
633 309 634 312
641 309 641 311
644 309 644 311
647 309 647 311
551 312 556 312
559 312 564 310
565 312 569 310
568 312 572 310
571 312 575 310
573 312 578 311
576 312 581 311
579 312 584 311
582 312 586 312
585 312 589 312
588 312 591 312
590 312 594 312
638 312 637 314
641 312 640 314
644 312 643 313
647 312 646 314
562 315 566 313
565 315 570 313
571 315 575 314
573 315 578 314
576 315 580 314
579 315 583 314
582 315 586 314
585 315 588 315
588 315 591 315
590 315 594 315
593 315 597 315
596 315 600 315
604 315 606 315
607 315 609 315
635 315 634 316
638 315 636 316
641 315 639 316
644 315 643 316
