430 228 448 230
433 228 450 230
438 228 453 231
444 228 457 231
446 228 459 231
449 228 462 232
452 228 465 232
457 228 472 231
422 230 434 233
425 230 436 233
435 230 451 233
441 230 454 234
444 230 457 234
446 230 459 234
449 230 463 234
452 230 466 235
455 230 468 235
457 230 471 235
416 233 431 234
425 233 439 235
438 233 453 237
441 233 456 237
446 233 459 237
449 233 459 240
455 233 464 238
457 233 468 237
425 236 438 238
427 236 442 238
433 236 446 239
435 236 449 239
438 236 453 239
441 236 456 239
455 236 467 241
457 236 470 242
460 236 474 238
435 239 449 242
441 239 455 242
446 239 461 244
463 239 475 248
414 241 430 240
419 241 435 242
444 241 458 246
460 241 473 250
463 241 476 250
403 244 415 242
408 244 421 243
411 244 426 243
460 244 473 252
463 244 476 253
408 247 420 246
411 247 424 246
414 247 426 249
460 247 473 255
463 247 476 256
466 247 477 256
397 250 409 245
400 250 412 245
403 250 415 246
435 250 456 249
463 250 476 259
466 250 478 259
400 252 412 248
403 252 417 248
405 252 420 248
414 252 429 250
416 252 431 250
430 252 444 254
433 252 453 254
435 252 455 254
463 252 475 262
466 252 478 262
397 255 409 251
400 255 411 251
403 255 417 251
408 255 421 251
411 255 426 252
414 255 428 252
416 255 431 252
427 255 440 256
430 255 443 256
433 255 452 256
435 255 455 256
466 255 478 265
477 255 477 253
386 258 399 253
389 258 403 253
394 258 406 253
397 258 408 253
400 258 411 253
403 258 417 254
405 258 419 254
408 258 422 254
414 258 428 255
416 258 431 255
422 258 439 261
427 258 440 258
430 258 443 259
433 258 449 260
435 258 454 260
381 261 394 254
383 261 397 255
386 261 399 255
389 261 402 255
400 261 411 256
403 261 413 256
405 261 419 257
414 261 425 258
427 261 443 262
430 261 446 263
433 261 449 263
435 261 453 263
474 261 491 268
381 263 393 258
383 263 397 258
394 263 407 257
405 263 417 260
408 263 422 261
414 263 425 260
427 263 443 265
430 263 446 265
433 263 449 265
435 263 453 266
471 263 489 270
386 266 400 259
389 266 402 259
394 266 406 259
397 266 408 259
403 266 413 260
408 266 422 264
419 266 433 273
425 266 440 267
430 266 445 269
433 266 448 269
435 266 452 269
441 266 457 269
468 266 486 272
471 266 488 272
474 266 491 272
381 269 393 261
383 269 396 261
386 269 399 261
394 269 405 262
397 269 408 263
400 269 410 262
403 269 413 263
405 269 415 263
408 269 419 267
414 269 427 275
425 269 439 270
427 269 442 271
430 269 445 271
433 269 448 272
435 269 451 271
438 269 453 272
441 269 456 272
466 269 482 275
468 269 485 275
471 269 488 275
474 269 490 275
477 269 492 277
383 272 395 264
386 272 398 263
389 272 401 264
408 272 418 270
419 272 432 277
425 272 438 274
427 272 442 273
430 272 445 274
433 272 448 274
435 272 451 274
438 272 453 275
441 272 456 275
466 272 481 277
468 272 484 278
471 272 487 278
477 272 491 280
389 274 401 267
408 274 418 272
411 274 421 271
427 274 441 276
430 274 444 276
433 274 448 276
435 274 450 277
438 274 453 277
466 274 481 280
468 274 484 281
471 274 487 281
477 274 491 283
383 277 395 272
389 277 401 270
392 277 404 271
411 277 423 284
419 277 430 281
427 277 442 279
430 277 444 279
433 277 447 279
435 277 450 280
438 277 453 280
466 277 481 282
468 277 484 284
471 277 487 283
477 277 490 287
392 280 403 274
400 280 413 283
403 280 414 283
411 280 420 281
422 280 436 279
425 280 438 279
435 280 450 283
468 280 483 286
471 280 486 286
477 280 490 289
422 282 435 282
425 282 438 282
427 282 441 283
430 282 443 284
433 282 447 284
452 282 473 273
463 282 477 288
466 282 480 288
468 282 483 289
474 282 487 289
485 282 493 287
403 285 414 286
419 285 429 284
422 285 434 284
425 285 437 285
427 285 439 285
430 285 443 286
433 285 446 286
452 285 473 277
455 285 476 271
460 285 475 290
463 285 477 290
466 285 480 291
471 285 484 292
474 285 487 292
389 288 400 285
394 288 406 280
400 288 411 288
414 288 423 289
425 288 437 287
427 288 439 288
433 288 444 289
441 288 458 286
444 288 464 285
449 288 469 280
452 288 473 280
455 288 476 276
460 288 474 293
466 288 478 294
468 288 481 294
471 288 483 295
474 288 487 295
479 288 490 292
493 288 493 283
389 291 399 288
397 291 408 291
408 291 417 289
414 291 422 292
416 291 426 290
419 291 429 289
422 291 434 290
425 291 436 290
427 291 439 290
433 291 443 292
435 291 445 294
444 291 461 281
446 291 464 281
449 291 469 282
452 291 473 282
455 291 469 294
463 291 475 296
466 291 478 297
468 291 480 297
471 291 483 297
474 291 486 297
479 291 490 296
485 291 492 296
397 293 407 294
400 293 411 291
405 293 414 292
408 293 416 292
411 293 419 292
416 293 426 293
422 293 433 292
425 293 436 293
433 293 443 295
438 293 448 297
444 293 462 283
452 293 461 299
457 293 471 294
460 293 471 300
463 293 475 299
466 293 477 299
468 293 479 299
479 293 489 298
485 293 492 299
394 296 404 291
400 296 411 294
405 296 413 295
408 296 416 295
411 296 419 295
414 296 421 295
416 296 425 295
427 296 437 296
430 296 440 296
433 296 442 297
435 296 445 298
446 296 466 296
455 296 465 302
457 296 468 302
460 296 471 302
463 296 475 302
466 296 477 302
471 296 482 301
479 296 488 300
490 296 492 304
378 299 378 298
394 299 404 297
397 299 408 297
400 299 410 297
405 299 413 298
408 299 416 298
411 299 419 299
414 299 421 299
416 299 425 298
425 299 434 298
427 299 437 298
430 299 439 299
433 299 441 300
435 299 444 300
438 299 447 300
455 299 465 304
457 299 468 305
460 299 470 305
468 299 479 304
471 299 482 303
488 299 491 307
378 302 378 301
394 302 405 299
397 302 407 299
400 302 410 300
403 302 413 300
408 302 416 301
411 302 419 301
414 302 421 301
422 302 431 300
427 302 436 301
430 302 439 302
433 302 441 303
435 302 444 302
438 302 447 303
441 302 453 304
452 302 463 305
463 302 473 306
466 302 476 306
468 302 479 307
471 302 482 307
479 302 486 306
482 302 488 307
493 302 494 307
378 304 378 303
392 304 399 301
394 304 404 302
397 304 407 302
400 304 410 302
405 304 415 303
416 304 425 302
419 304 428 302
422 304 431 303
425 304 433 303
433 304 440 305
435 304 444 305
441 304 448 306
444 304 453 307
449 304 459 307
452 304 462 307
455 304 465 308
457 304 467 308
460 304 471 309
463 304 473 309
466 304 476 309
468 304 479 309
471 304 480 312
479 304 485 309
482 304 488 309
493 304 494 310
378 307 378 306
389 307 396 304
392 307 399 304
394 307 403 305
400 307 410 305
411 307 418 305
414 307 421 305
422 307 430 306
425 307 433 306
427 307 436 306
433 307 439 308
435 307 444 308
441 307 448 309
444 307 453 309
446 307 455 309
449 307 458 310
452 307 461 310
455 307 464 310
457 307 467 310
460 307 470 311
463 307 474 311
466 307 476 312
477 307 482 311
479 307 485 311
485 307 488 312
488 307 490 312
493 307 494 313
378 310 378 309
403 310 412 307
405 310 415 307
411 310 419 307
414 310 421 307
416 310 424 308
419 310 426 308
425 310 433 308
427 310 435 309
435 310 442 311
438 310 445 312
441 310 448 312
444 310 450 313
446 310 454 313
449 310 458 312
452 310 461 313
455 310 464 313
457 310 467 314
460 310 470 314
463 310 473 314
466 310 476 314
477 310 481 314
479 310 484 314
485 310 488 315
493 310 494 316
378 313 378 312
381 313 380 313
389 313 389 313
392 313 397 310
405 313 413 309
408 313 416 310
411 313 419 310
414 313 421 310
416 313 423 311
419 313 426 311
422 313 429 311
425 313 432 311
427 313 435 310
433 313 439 312
441 313 448 315
444 313 451 315
446 313 455 313
460 313 470 316
463 313 473 317
466 313 475 317
471 313 475 320
474 313 479 318
477 313 481 317
479 313 484 317
488 313 490 319
490 313 493 319
378 315 378 315
386 315 386 316
397 315 406 312
408 315 415 312
414 315 420 313
416 315 423 314
419 315 426 314
425 315 430 314
430 315 435 315
433 315 438 315
435 315 441 315
438 315 444 315
446 315 455 316
449 315 459 316
455 315 464 316
457 315 467 320
460 315 470 319
466 315 473 320
474 315 479 320
477 315 481 320
479 315 484 320
485 315 488 319
378 318 378 318
383 318 383 318
386 318 386 318
389 318 388 318
392 318 391 319
403 318 408 313
411 318 417 315
416 318 422 316
419 318 425 317
425 318 430 316
427 318 432 316
430 318 435 317
435 318 441 318
438 318 443 318
441 318 447 318
444 318 450 319
446 318 453 319
449 318 458 318
455 318 461 319
471 318 476 323
474 318 478 323
477 318 481 323
482 318 486 322
488 318 490 322
490 318 493 322
383 321 382 321
386 321 385 321
389 321 388 321
394 321 400 316
400 321 399 319
403 321 408 316
419 321 424 319
425 321 430 319
427 321 432 319
430 321 434 320
433 321 438 320
435 321 441 321
438 321 444 321
441 321 447 321
444 321 449 321
446 321 453 322
449 321 456 322
455 321 461 322
457 321 464 322
466 321 473 323
471 321 474 325
474 321 478 326
479 321 484 323
485 321 487 325
488 321 490 325
490 321 492 325
383 324 383 324
386 324 384 324
389 324 387 323
392 324 391 323
411 324 415 320
419 324 423 321
422 324 426 321
425 324 429 321
427 324 431 322
430 324 434 322
433 324 437 323
435 324 441 323
438 324 444 324
441 324 447 324
444 324 449 324
446 324 451 324
449 324 455 325
452 324 458 325
455 324 461 325
457 324 463 325
460 324 467 325
463 324 470 325
479 324 480 327
482 324 484 327
485 324 487 327
488 324 490 328
490 324 492 328
389 326 387 326
392 326 391 325
394 326 393 325
397 326 396 325
411 326 414 324
416 326 420 323
419 326 423 324
422 326 425 324
425 326 428 324
427 326 431 324
430 326 433 325
433 326 437 326
435 326 440 327
438 326 443 327
444 326 448 326
446 326 451 326
452 326 458 328
455 326 460 328
457 326 463 328
460 326 466 328
463 326 469 328
468 326 472 329
471 326 475 329
477 326 478 329
479 326 481 329
482 326 483 330
485 326 486 330
488 326 490 330
386 329 385 328
392 329 391 330
394 329 393 328
397 329 395 328
403 329 401 328
408 329 411 327
414 329 417 326
416 329 420 326
425 329 428 327
433 329 436 328
435 329 440 329
441 329 445 330
449 329 454 329
452 329 457 330
457 329 463 331
460 329 466 331
466 329 469 332
468 329 472 332
471 329 474 331
477 329 478 332
479 329 480 332
482 329 483 332
493 329 493 329
383 332 382 330
386 332 385 330
403 332 401 331
411 332 414 329
414 332 417 329
419 332 422 328
449 332 451 334
452 332 454 333
455 332 457 333
463 332 469 333
471 332 472 334
474 332 474 334
485 332 486 333
488 332 488 332
493 332 493 332
383 335 382 332
386 335 384 333
392 335 389 334
405 335 407 332
408 335 410 332
411 335 414 332
414 335 417 332
416 335 420 333
419 335 422 333
422 335 425 333
425 335 427 331
427 335 430 332
433 335 434 332
438 335 442 335
444 335 445 335
446 335 448 336
477 335 477 336
479 335 479 335
485 335 483 335
488 335 487 335
490 335 491 335
403 337 404 337
408 337 410 335
411 337 414 335
414 337 416 335
419 337 422 336
427 337 427 337
430 337 430 337
435 337 437 337
441 337 443 337
444 337 445 337
460 337 465 337
471 337 471 337
488 337 486 337
490 337 490 337
