568 202 535 216
576 202 583 202
568 205 535 220
579 205 587 206
568 213 569 200
540 216 543 204
559 219 567 225
562 222 573 227
565 225 576 232
599 225 595 227
582 227 575 205
599 227 595 230
602 227 601 233
599 230 595 232
602 230 598 232
604 230 604 236
602 233 598 236
545 236 578 228
576 236 587 241
602 236 598 239
576 239 587 245
585 239 596 241
607 242 610 238
596 244 622 263
607 244 612 243
610 244 616 243
548 247 581 267
571 247 588 250
576 247 590 250
582 247 598 248
537 250 544 261
540 250 548 261
593 250 604 244
604 250 614 250
542 253 551 265
588 253 601 249
599 253 610 253
613 253 624 258
616 253 627 257
534 256 542 266
540 256 547 267
545 256 554 271
548 256 556 268
599 256 610 256
621 256 624 252
627 256 624 249
534 258 542 268
537 258 544 268
548 258 557 273
596 258 608 258
599 258 610 258
613 258 628 267
619 258 619 255
627 258 627 255
534 261 542 271
556 261 571 284
593 261 603 275
596 261 607 275
613 261 628 272
616 261 631 271
633 261 631 256
542 264 548 276
556 264 536 233
588 264 599 278
590 264 602 278
596 264 607 278
599 264 611 278
610 264 628 278
621 264 636 279
633 264 631 260
635 264 635 260
638 264 639 260
641 264 641 260
545 267 550 276
548 267 553 275
551 267 556 276
556 267 571 287
593 267 605 278
630 267 631 263
633 267 632 263
635 267 635 263
638 267 639 264
641 267 643 264
548 270 554 279
551 270 565 287
554 270 569 289
559 270 574 290
571 270 579 285
576 270 589 282
582 270 586 288
585 270 596 282
588 270 600 284
590 270 602 280
593 270 605 281
596 270 607 282
604 270 620 284
607 270 625 283
638 270 639 267
641 270 642 267
644 270 646 267
537 273 533 282
551 273 556 281
556 273 561 283
576 273 587 284
579 273 590 284
585 273 594 284
588 273 599 286
590 273 602 287
644 273 644 269
647 273 647 270
585 275 594 290
588 275 597 290
590 275 603 290
644 275 644 272
647 275 647 274
585 278 594 292
559 287 564 293
565 287 569 293
568 287 571 293
599 287 605 298
602 287 617 295
607 287 614 297
613 287 623 295
616 287 625 294
548 290 547 288
551 290 551 290
554 290 554 290
556 290 557 291
562 290 565 296
565 290 568 296
568 290 571 296
571 290 574 296
604 290 611 301
607 290 614 301
610 290 617 301
616 290 625 298
621 290 631 301
551 292 550 293
554 292 555 293
562 292 565 299
565 292 568 298
568 292 570 298
573 292 576 296
607 292 614 305
610 292 617 304
613 292 620 305
551 295 552 297
556 295 557 296
562 295 566 301
565 295 568 301
568 295 571 301
571 295 574 301
573 295 576 299
576 295 579 302
585 295 586 301
588 295 590 301
590 295 594 302
599 295 603 304
602 295 606 304
616 295 625 310
619 295 628 310
621 295 631 310
644 295 645 301
554 298 553 296
559 298 559 298
562 298 566 305
565 298 568 304
568 298 571 305
573 298 576 304
576 298 580 304
582 298 583 304
585 298 586 304
588 298 590 304
590 298 594 304
593 298 597 305
602 298 604 307
556 301 556 300
559 301 559 301
562 301 563 304
571 301 574 304
573 301 576 306
596 301 598 307
599 301 600 307
602 301 605 309
630 301 632 313
633 301 634 312
641 301 642 313
559 304 560 304
565 304 566 307
571 304 574 307
576 304 579 308
582 304 584 307
585 304 586 308
593 304 594 311
596 304 598 310
599 304 601 310
568 306 568 308
571 306 574 310
573 306 577 309
576 306 579 311
582 306 584 310
585 306 586 310
565 309 566 311
568 309 569 310
571 309 573 313
573 309 576 314
576 309 579 314
627 309 611 308
585 312 588 313
630 312 611 312
582 315 580 315
585 315 588 315
588 315 592 315
590 315 595 315
624 315 603 315
627 315 606 315
630 315 631 315
