328 149 331 149
343 149 337 147
307 154 307 155
312 154 312 154
317 154 317 154
328 154 327 154
333 154 332 154
338 154 338 154
343 154 343 154
349 154 349 154
354 154 355 154
359 154 360 154
364 154 364 154
369 154 369 154
375 154 374 154
307 160 307 160
312 160 311 160
317 160 316 160
323 160 322 159
328 160 326 160
338 160 337 160
343 160 342 159
359 160 360 159
364 160 364 159
369 160 369 159
375 160 374 159
380 160 380 159
385 160 384 157
291 165 291 166
297 165 296 165
302 165 301 166
307 165 306 165
312 165 311 165
317 165 316 165
323 165 321 165
328 165 325 165
333 165 330 165
338 165 336 165
349 165 346 165
354 165 351 165
359 165 358 164
364 165 364 165
369 165 368 165
375 165 373 165
380 165 379 164
385 165 385 164
390 165 390 163
281 170 281 169
286 170 285 171
291 170 290 171
297 170 295 171
302 170 300 171
307 170 305 170
312 170 311 171
317 170 316 171
323 170 320 170
328 170 325 170
338 170 334 171
343 170 340 170
349 170 346 170
359 170 357 170
364 170 362 170
369 170 368 170
375 170 373 170
380 170 378 170
385 170 384 170
390 170 391 169
395 170 396 169
281 175 280 176
286 175 284 176
291 175 290 176
297 175 295 176
302 175 299 176
307 175 305 176
312 175 310 176
317 175 315 176
323 175 320 175
328 175 325 176
338 175 334 176
343 175 339 176
349 175 345 176
354 175 351 176
359 175 356 175
364 175 362 175
369 175 367 175
375 175 372 175
380 175 378 175
385 175 384 175
390 175 389 174
395 175 396 174
271 180 270 180
276 180 275 180
281 180 279 181
286 180 285 180
291 180 290 181
297 180 295 181
302 180 301 186
307 180 304 180
312 180 310 181
323 180 320 181
328 180 325 181
338 180 334 181
343 180 339 181
354 180 350 181
359 180 357 181
364 180 362 181
369 180 368 180
375 180 373 180
380 180 378 180
385 180 383 181
390 180 389 179
395 180 395 179
401 180 401 179
271 186 271 187
276 186 275 186
281 186 279 186
286 186 285 186
291 186 289 186
302 186 301 189
312 186 308 186
317 186 314 186
328 186 324 187
333 186 329 186
338 186 334 186
343 186 339 186
349 186 345 186
354 186 350 186
359 186 358 185
364 186 364 185
369 186 368 185
375 186 373 185
380 186 378 186
385 186 384 185
390 186 389 185
395 186 395 185
401 186 401 184
406 186 407 184
276 191 275 190
281 191 279 191
286 191 284 191
312 191 310 192
323 191 318 192
328 191 324 192
333 191 329 192
338 191 333 191
343 191 339 191
349 191 344 190
354 191 353 191
359 191 359 191
364 191 364 190
369 191 368 190
380 191 378 191
385 191 384 191
390 191 389 191
395 191 395 190
401 191 401 189
406 191 406 189
276 196 275 196
281 196 279 196
286 196 284 197
307 196 306 197
312 196 310 198
323 196 320 196
328 196 326 197
343 196 342 196
354 196 350 196
359 196 355 196
364 196 363 196
369 196 367 196
375 196 373 196
380 196 378 196
385 196 384 196
390 196 389 196
395 196 395 196
401 196 401 195
406 196 407 195
411 196 412 194
276 201 276 202
281 201 281 201
286 201 284 201
291 201 289 202
302 201 297 202
307 201 306 203
312 201 310 202
317 201 316 202
323 201 321 201
328 201 326 202
333 201 330 202
338 201 336 201
343 201 342 201
349 201 347 202
359 201 355 201
364 201 362 202
369 201 368 201
375 201 373 201
380 201 378 201
385 201 384 201
390 201 389 202
406 201 407 200
411 201 412 199
271 206 270 207
276 206 275 207
281 206 280 207
286 206 284 207
291 206 289 207
297 206 295 207
302 206 301 207
307 206 306 207
312 206 311 207
317 206 316 207
323 206 322 206
328 206 326 207
338 206 336 207
343 206 342 207
354 206 351 206
359 206 357 206
369 206 368 207
375 206 375 206
380 206 379 207
385 206 384 206
390 206 390 207
395 206 395 207
401 206 402 207
406 206 408 206
411 206 411 204
271 212 269 211
276 212 275 212
281 212 280 212
286 212 285 212
291 212 290 212
297 212 295 212
302 212 300 212
323 212 322 211
328 212 326 212
333 212 331 212
343 212 342 212
349 212 346 211
354 212 352 213
359 212 358 212
364 212 362 212
369 212 367 212
375 212 375 212
380 212 380 212
385 212 384 211
390 212 390 211
395 212 395 212
401 212 402 212
406 212 407 211
411 212 411 211
271 217 264 213
276 217 274 218
281 217 281 218
286 217 287 217
291 217 292 217
297 217 296 217
302 217 300 217
307 217 305 218
317 217 313 218
328 217 324 217
338 217 336 217
349 217 345 217
354 217 352 218
359 217 357 218
369 217 368 217
375 217 373 217
380 217 379 217
385 217 384 217
390 217 390 217
395 217 396 217
401 217 402 216
406 217 408 216
271 222 264 218
276 222 275 222
281 222 281 222
286 222 286 222
291 222 292 221
297 222 296 222
302 222 300 222
307 222 305 223
317 222 312 223
323 222 320 222
333 222 331 223
343 222 340 223
354 222 352 223
359 222 357 223
369 222 368 222
375 222 373 223
380 222 379 222
385 222 384 222
390 222 390 222
395 222 396 222
401 222 402 221
406 222 408 221
281 227 281 229
286 227 287 228
291 227 292 226
297 227 295 227
302 227 300 228
307 227 305 228
312 227 310 228
323 227 319 228
328 227 325 228
333 227 331 228
343 227 339 228
349 227 345 228
364 227 361 229
369 227 368 228
375 227 373 228
380 227 378 227
385 227 385 227
390 227 390 227
395 227 396 227
401 227 402 227
406 227 407 225
281 232 281 234
286 232 286 232
291 232 291 232
297 232 295 233
302 232 300 233
307 232 305 234
317 232 314 233
323 232 319 233
328 232 324 233
333 232 331 233
338 232 336 232
349 232 347 233
359 232 355 234
364 232 361 233
375 232 373 233
385 232 385 232
390 232 390 232
395 232 395 232
286 238 286 238
291 238 291 237
297 238 296 238
302 238 300 239
307 238 305 238
312 238 311 238
317 238 315 238
328 238 324 238
338 238 336 238
349 238 347 238
359 238 356 238
364 238 361 239
369 238 367 238
380 238 378 238
385 238 385 237
390 238 390 237
395 238 396 237
291 243 291 243
297 243 296 243
302 243 300 243
307 243 305 243
312 243 311 244
317 243 315 243
328 243 324 243
333 243 331 243
343 243 339 243
349 243 345 243
354 243 351 244
359 243 356 244
364 243 362 243
369 243 367 243
375 243 372 243
380 243 379 243
385 243 385 243
390 243 390 243
395 243 396 243
411 243 412 238
291 248 291 248
297 248 295 248
302 248 300 248
307 248 305 248
312 248 310 248
317 248 315 249
328 248 325 249
333 248 330 249
338 248 335 249
343 248 339 249
349 248 347 249
354 248 352 248
359 248 356 249
364 248 362 249
369 248 367 248
375 248 373 249
380 248 379 249
385 248 384 248
390 248 390 248
395 248 395 248
401 248 400 247
291 253 291 253
297 253 296 253
302 253 300 253
307 253 305 254
312 253 310 254
317 253 315 254
328 253 324 254
333 253 329 254
338 253 334 254
343 253 340 254
349 253 345 254
354 253 350 254
364 253 361 254
380 253 378 254
385 253 384 253
390 253 390 253
395 253 395 254
411 253 411 242
291 258 291 258
297 258 296 258
302 258 301 258
307 258 306 259
312 258 310 259
323 258 319 259
328 258 324 259
333 258 329 259
338 258 334 259
343 258 340 259
349 258 345 259
354 258 351 259
359 258 356 259
364 258 361 260
369 258 367 259
375 258 373 259
380 258 378 258
385 258 384 259
390 258 390 259
395 258 395 259
291 264 291 268
297 264 296 263
302 264 300 264
307 264 305 264
317 264 314 264
323 264 319 264
328 264 324 265
333 264 330 264
338 264 335 264
343 264 340 264
349 264 345 264
354 264 351 264
359 264 357 264
369 264 367 264
375 264 373 265
380 264 378 265
385 264 384 263
390 264 391 264
395 264 395 264
411 264 410 257
297 269 296 269
302 269 300 268
307 269 305 269
317 269 314 270
323 269 319 270
328 269 324 270
333 269 329 270
338 269 334 270
343 269 340 269
349 269 345 269
354 269 350 269
359 269 357 269
364 269 363 269
375 269 373 270
380 269 378 269
385 269 384 269
390 269 391 269
411 269 412 284
302 274 301 274
307 274 306 274
317 274 314 275
323 274 319 275
328 274 324 275
333 274 329 275
338 274 335 275
343 274 340 275
349 274 344 275
354 274 350 274
364 274 363 275
369 274 368 275
375 274 373 275
380 274 378 275
385 274 385 275
390 274 391 274
395 274 396 274
291 279 292 279
297 279 297 279
302 279 301 280
307 279 305 280
312 279 310 280
323 279 319 280
328 279 323 280
333 279 329 280
338 279 334 280
343 279 339 280
349 279 345 280
354 279 350 279
359 279 357 280
369 279 368 280
375 279 373 280
380 279 379 280
385 279 385 280
390 279 391 279
395 279 395 280
297 284 296 284
302 284 301 284
307 284 306 285
312 284 310 285
323 284 319 285
328 284 324 285
333 284 329 285
338 284 335 285
343 284 340 285
349 284 345 285
354 284 351 285
359 284 357 285
364 284 362 285
369 284 368 286
375 284 374 285
380 284 379 285
390 284 391 284
395 284 396 284
401 284 401 284
297 290 298 289
302 290 301 288
307 290 306 289
312 290 311 290
317 290 315 290
328 290 324 290
333 290 329 291
338 290 335 291
343 290 340 291
349 290 345 290
354 290 350 290
359 290 357 290
364 290 362 290
369 290 368 290
380 290 379 290
385 290 385 290
390 290 391 289
395 290 396 289
401 290 402 289
302 295 302 294
307 295 307 294
312 295 311 295
317 295 316 295
323 295 322 295
333 295 329 296
343 295 339 296
349 295 345 295
359 295 355 295
364 295 364 295
369 295 368 296
385 295 385 295
390 295 390 294
395 295 396 294
401 295 401 295
406 295 406 295
411 295 410 295
302 300 302 302
307 300 307 301
312 300 312 300
317 300 316 300
323 300 321 300
333 300 330 301
338 300 336 301
349 300 346 300
354 300 350 300
359 300 354 301
364 300 364 300
375 300 376 299
380 300 381 299
390 300 390 300
395 300 396 299
401 300 401 300
406 300 405 300
411 300 410 300
307 305 307 306
312 305 311 306
317 305 316 305
323 305 321 305
328 305 326 306
333 305 331 306
343 305 340 306
349 305 345 306
354 305 351 305
364 305 360 306
369 305 370 305
375 305 376 304
380 305 380 305
385 305 386 306
390 305 391 307
395 305 396 305
401 305 401 305
406 305 406 305
411 305 411 305
416 305 416 305
307 310 308 310
312 310 312 311
317 310 317 311
323 310 322 311
328 310 327 311
333 310 331 311
338 310 337 311
349 310 347 309
359 310 355 311
364 310 361 312
369 310 370 310
375 310 375 310
380 310 380 310
385 310 386 310
390 310 391 311
401 310 401 310
406 310 406 310
411 310 411 310
416 310 416 310
421 310 423 310
432 310 432 310
437 310 437 310
442 310 443 310
323 316 322 316
338 316 339 316
349 316 348 315
354 316 354 316
359 316 358 316
364 316 364 316
369 316 370 315
375 316 375 315
380 316 380 315
385 316 385 315
390 316 390 316
395 316 396 316
401 316 401 316
406 316 406 315
411 316 411 315
416 316 416 315
421 316 422 316
427 316 427 316
437 316 437 315
442 316 443 316
312 321 313 321
328 321 328 321
333 321 334 321
338 321 339 321
343 321 344 320
349 321 348 320
354 321 353 320
359 321 358 321
364 321 364 321
369 321 370 320
375 321 375 320
380 321 380 321
385 321 385 322
390 321 390 321
395 321 396 321
401 321 401 321
406 321 406 321
411 321 411 321
416 321 416 321
421 321 421 320
427 321 426 320
442 321 443 320
307 326 308 327
312 326 312 327
317 326 318 326
323 326 323 326
328 326 329 326
338 326 339 326
343 326 343 326
349 326 349 325
354 326 355 325
359 326 359 326
364 326 365 326
369 326 369 326
375 326 375 326
380 326 380 325
385 326 385 326
390 326 390 327
395 326 396 326
401 326 401 326
406 326 406 326
411 326 411 326
416 326 417 326
421 326 421 326
427 326 427 326
432 326 432 326
442 326 442 326
302 331 302 332
307 331 307 331
312 331 313 331
323 331 324 331
328 331 328 331
338 331 339 331
343 331 344 331
354 331 355 330
359 331 359 331
364 331 364 331
369 331 369 331
375 331 374 331
380 331 379 330
385 331 385 332
390 331 390 332
395 331 396 331
401 331 401 331
406 331 406 331
411 331 411 331
416 331 417 332
421 331 421 331
427 331 426 330
432 331 432 332
437 331 438 332
302 336 302 336
307 336 308 336
312 336 312 336
323 336 324 336
328 336 329 336
333 336 334 336
338 336 339 336
343 336 345 336
349 336 350 335
359 336 359 336
364 336 364 337
369 336 370 336
375 336 375 336
380 336 380 337
385 336 385 337
390 336 391 337
395 336 396 337
401 336 401 337
406 336 406 337
411 336 411 337
416 336 416 337
421 336 421 336
427 336 426 336
432 336 432 337
437 336 437 337
442 336 442 336
