383 228 386 237
397 274 399 287
400 274 402 287
394 277 396 291
400 277 401 291
403 277 404 290
408 277 409 291
411 277 411 291
408 280 409 294
414 280 414 294
381 282 381 286
400 285 401 299
408 285 408 300
411 285 410 301
397 288 398 299
400 288 401 302
405 288 405 303
408 288 407 303
378 291 377 298
411 291 410 306
414 293 412 309
416 293 415 310
436 293 435 309
386 296 383 304
425 296 423 310
378 299 378 306
381 299 381 307
394 299 391 307
422 299 420 313
427 299 426 317
430 299 429 317
378 302 378 309
381 302 380 309
386 302 383 309
427 302 427 320
430 302 429 319
433 302 431 320
436 302 434 320
438 302 438 320
389 304 385 312
394 304 389 312
394 307 388 315
397 307 391 315
400 307 394 316
403 307 397 316
378 313 378 321
389 313 382 321
392 313 385 321
394 313 387 321
397 313 390 322
400 313 394 322
405 313 399 322
378 315 378 324
397 315 391 324
400 315 393 324
378 318 378 326
381 318 381 327
