383 225 411 228
378 228 378 233
383 228 386 237
389 233 416 240
378 236 379 248
397 244 425 258
392 250 416 260
389 252 414 262
392 252 416 262
394 255 408 248
383 258 406 267
392 261 411 262
403 261 426 275
411 261 429 262
416 261 434 264
400 263 413 257
392 266 409 271
394 266 412 269
405 266 431 291
397 269 415 275
408 269 434 294
389 272 436 276
378 274 378 262
381 274 382 259
397 274 399 287
400 274 402 287
378 277 378 265
381 277 381 265
394 277 396 291
397 277 398 291
400 277 401 291
403 277 404 290
408 277 409 291
411 277 411 291
414 277 414 291
378 280 378 268
397 280 399 294
400 280 401 294
403 280 404 294
408 280 409 294
411 280 412 294
414 280 414 294
381 282 381 286
397 282 399 296
400 282 402 297
405 282 405 297
408 282 408 297
411 282 411 298
414 282 414 298
425 282 424 301
430 282 438 279
400 285 401 299
405 285 405 300
408 285 408 300
411 285 410 301
414 285 414 301
416 285 415 301
419 285 419 301
422 285 421 302
386 288 389 298
397 288 398 299
400 288 401 302
405 288 405 303
408 288 407 303
416 288 415 304
419 288 418 305
422 288 421 305
425 288 424 307
436 288 443 288
378 291 377 298
411 291 410 306
422 291 421 308
441 291 446 290
378 293 377 301
381 293 381 301
400 293 401 305
414 293 412 309
416 293 415 310
433 293 430 308
436 293 435 309
438 293 438 309
441 293 438 306
378 296 377 303
381 296 381 304
386 296 383 304
400 296 400 308
425 296 423 310
438 296 437 314
378 299 378 306
381 299 381 307
394 299 391 307
416 299 418 315
422 299 420 313
425 299 423 314
427 299 426 317
430 299 429 317
433 299 432 317
436 299 435 317
438 299 438 317
441 299 441 318
444 299 445 312
378 302 378 309
381 302 380 309
386 302 383 309
397 302 392 309
400 302 394 310
405 302 406 314
427 302 427 320
430 302 429 319
433 302 431 320
436 302 434 320
438 302 438 320
441 302 441 321
444 302 444 322
378 304 377 312
389 304 385 312
394 304 389 312
397 304 391 312
400 304 394 312
405 304 408 318
433 304 431 322
436 304 434 323
438 304 437 324
441 304 440 324
394 307 388 315
397 307 391 315
400 307 394 316
403 307 397 316
436 307 434 326
438 307 437 326
441 307 440 326
392 310 385 318
394 310 388 318
397 310 391 318
400 310 394 319
403 310 397 320
378 313 378 321
389 313 382 321
392 313 385 321
394 313 387 321
397 313 390 322
400 313 394 322
403 313 396 322
405 313 399 322
378 315 378 324
397 315 391 324
400 315 393 324
403 315 396 325
378 318 378 326
381 318 381 327
378 321 378 329
400 324 396 331
446 324 449 321
394 332 402 317
383 335 387 325
405 335 392 335
408 335 398 335
416 335 406 335
419 335 409 335
446 335 445 333
408 337 394 337
411 337 398 337
