333 149 343 147
343 149 368 154
317 154 326 152
323 154 332 152
328 154 338 152
369 154 375 155
375 154 379 155
312 160 322 159
317 160 326 158
333 160 358 159
343 160 352 158
375 160 384 163
312 165 322 165
323 165 332 164
281 175 291 169
286 175 300 169
390 180 389 175
317 186 339 185
375 186 390 180
276 191 300 185
286 191 301 190
291 191 306 192
312 191 333 191
323 191 364 190
328 191 370 190
255 196 270 181
260 196 275 181
291 196 306 196
297 196 311 197
317 196 359 195
328 196 370 195
333 196 374 195
276 201 290 201
286 201 306 200
307 201 317 202
333 201 374 199
411 201 406 191
260 206 274 207
265 206 279 207
281 206 291 212
312 206 352 201
317 206 359 202
323 206 363 202
328 206 370 201
380 206 395 206
411 206 406 201
265 212 277 212
286 212 295 213
312 212 348 205
317 212 359 206
328 212 369 206
354 212 379 206
380 212 396 210
265 217 276 216
271 217 281 216
276 217 286 217
323 217 364 212
333 217 371 212
364 217 385 212
380 217 396 215
271 222 280 221
281 222 291 221
297 222 333 212
317 222 360 217
323 222 364 216
333 222 371 217
364 222 386 218
271 227 275 223
281 227 292 227
317 227 359 221
323 227 363 221
333 227 370 221
338 227 374 221
369 227 393 224
375 227 396 224
291 232 333 226
297 232 338 227
317 232 359 225
323 232 363 225
333 232 370 227
338 232 374 226
359 232 386 228
364 232 390 228
375 232 396 228
406 232 401 212
297 238 339 231
307 238 349 231
317 238 360 230
323 238 364 231
333 238 370 232
349 238 380 233
359 238 386 232
369 238 392 233
375 238 395 232
276 243 287 238
281 243 291 239
286 243 296 238
312 243 355 236
317 243 361 236
323 243 364 236
333 243 371 237
338 243 374 232
349 243 381 238
359 243 385 238
369 243 392 238
375 243 396 238
406 243 400 226
276 248 286 243
281 248 292 244
286 248 297 244
297 248 338 243
312 248 355 241
317 248 359 241
323 248 364 241
328 248 368 241
349 248 381 243
359 248 385 244
369 248 392 243
375 248 396 243
286 253 323 249
291 253 333 247
297 253 339 248
302 253 343 248
307 253 348 248
312 253 355 246
349 253 382 247
359 253 386 248
375 253 396 248
297 258 338 252
302 258 343 252
307 258 349 252
312 258 354 252
338 258 376 254
359 258 387 254
369 258 393 253
375 258 397 253
401 258 396 259
297 264 337 258
302 264 344 257
307 264 350 258
312 264 359 258
323 264 364 258
338 264 376 258
406 264 411 257
297 269 337 263
307 269 351 262
323 269 366 262
328 269 370 262
338 269 377 263
297 274 338 268
302 274 344 268
307 274 349 268
312 274 359 268
323 274 365 268
328 274 370 267
343 274 381 258
297 279 338 274
302 279 344 274
307 279 350 274
317 279 360 274
323 279 365 274
338 279 375 269
349 279 371 284
385 279 387 279
390 279 391 279
395 279 396 279
401 279 402 280
286 284 324 279
291 284 329 280
297 284 335 280
302 284 344 280
307 284 350 280
312 284 355 280
317 284 360 279
323 284 365 279
328 284 369 278
385 284 388 284
390 284 392 284
395 284 396 285
401 284 402 285
406 284 405 284
411 284 410 285
291 290 329 285
302 290 343 285
307 290 349 285
312 290 354 285
317 290 360 286
328 290 365 289
385 290 387 289
390 290 392 289
395 290 397 290
401 290 401 289
406 290 406 289
307 295 349 291
312 295 355 295
317 295 360 291
385 295 388 294
390 295 392 294
395 295 398 294
401 295 402 295
406 295 406 295
302 300 345 301
312 300 355 300
385 300 388 299
390 300 392 299
395 300 398 299
401 300 403 300
406 300 408 300
411 300 413 300
359 305 365 305
364 305 372 304
375 305 381 301
385 305 388 304
390 305 393 304
395 305 398 305
406 305 408 305
411 305 413 305
323 310 354 311
359 310 365 309
369 310 375 307
375 310 380 306
390 310 393 309
401 310 403 309
406 310 408 310
411 310 412 310
416 310 418 310
421 310 423 310
437 310 438 311
442 310 443 310
354 316 359 317
359 316 364 314
369 316 374 312
375 316 378 315
380 316 383 314
385 316 388 315
390 316 393 314
395 316 398 315
401 316 403 315
406 316 408 314
411 316 413 315
416 316 419 315
421 316 423 315
427 316 428 315
442 316 443 316
312 321 312 321
317 321 318 320
328 321 329 320
349 321 350 323
354 321 359 321
364 321 369 317
385 321 388 320
390 321 393 320
395 321 398 320
401 321 403 319
406 321 407 319
416 321 418 319
421 321 423 320
442 321 443 319
307 326 308 326
312 326 312 326
317 326 317 326
323 326 323 325
328 326 328 325
333 326 335 326
349 326 350 326
359 326 364 323
364 326 369 323
380 326 383 325
385 326 388 325
390 326 393 325
395 326 398 325
401 326 403 325
406 326 408 324
411 326 413 324
416 326 418 325
421 326 424 325
427 326 429 325
437 326 438 325
442 326 443 324
302 331 302 332
307 331 307 330
312 331 312 331
317 331 317 331
328 331 328 331
333 331 333 330
349 331 350 333
375 331 378 327
385 331 388 330
390 331 393 330
395 331 398 330
401 331 403 330
411 331 413 330
416 331 418 330
421 331 424 331
427 331 430 331
432 331 436 331
307 336 306 336
312 336 312 336
317 336 318 336
323 336 323 337
328 336 328 337
333 336 333 336
338 336 339 337
343 336 344 338
354 336 356 336
359 336 364 332
385 336 388 335
395 336 398 335
406 336 408 334
411 336 414 336
416 336 419 335
421 336 423 336
427 336 430 337
432 336 435 336
437 336 440 336
