328 149 336 147
343 149 344 147
349 149 349 147
297 154 301 154
312 154 311 154
317 154 317 153
328 154 327 152
333 154 333 153
343 154 344 152
349 154 349 152
354 154 357 152
359 154 361 152
364 154 366 152
369 154 372 153
375 154 378 153
286 160 289 160
297 160 297 159
302 160 302 159
307 160 306 158
312 160 311 158
317 160 318 158
323 160 323 158
328 160 327 158
333 160 333 158
338 160 342 158
343 160 347 159
349 160 352 159
354 160 358 159
359 160 362 158
364 160 367 158
369 160 372 157
281 165 281 165
286 165 287 165
291 165 292 164
297 165 297 164
302 165 302 164
307 165 306 164
312 165 314 164
317 165 319 164
323 165 325 164
328 165 331 165
333 165 336 165
338 165 342 164
343 165 348 164
349 165 353 164
354 165 359 165
359 165 363 164
364 165 369 164
369 165 374 164
380 165 383 163
271 170 254 196
276 170 260 196
281 170 281 170
286 170 286 170
291 170 292 170
297 170 299 171
307 170 310 171
312 170 315 170
317 170 321 170
323 170 327 171
328 170 332 171
333 170 338 171
338 170 343 170
343 170 348 170
349 170 354 169
354 170 360 170
359 170 364 170
364 170 369 170
369 170 374 169
375 170 379 169
380 170 384 169
385 170 388 168
395 170 395 167
276 175 275 176
281 175 279 175
286 175 285 175
291 175 295 175
307 175 311 176
312 175 317 176
317 175 323 176
323 175 327 176
328 175 333 176
333 175 338 176
338 175 343 175
343 175 349 176
349 175 355 175
354 175 360 175
359 175 365 175
364 175 370 175
369 175 375 175
375 175 380 175
380 175 385 174
385 175 389 174
271 180 270 181
276 180 275 181
281 180 280 181
286 180 286 181
291 180 296 182
297 180 301 182
302 180 306 182
307 180 312 181
312 180 318 182
317 180 323 182
323 180 328 182
328 180 333 182
338 180 343 180
343 180 349 183
354 180 360 181
359 180 366 181
369 180 375 181
375 180 380 180
380 180 385 180
385 180 391 180
390 180 395 180
395 180 399 179
276 186 274 186
281 186 280 186
291 186 296 188
297 186 301 188
302 186 307 188
307 186 312 188
312 186 318 188
317 186 323 187
323 186 328 187
328 186 333 186
354 186 360 186
359 186 365 186
364 186 370 186
375 186 381 186
380 186 386 186
385 186 391 185
390 186 395 185
395 186 399 185
406 186 407 183
271 191 270 191
297 191 302 194
302 191 307 194
307 191 311 194
312 191 317 194
317 191 323 194
323 191 328 194
333 191 338 194
343 191 350 191
349 191 355 191
354 191 360 192
364 191 370 192
375 191 381 191
380 191 386 190
385 191 391 191
390 191 396 191
395 191 400 190
406 191 407 189
260 196 264 186
271 196 270 196
276 196 277 196
281 196 281 196
291 196 297 198
297 196 302 199
302 196 307 199
307 196 311 200
312 196 316 200
317 196 322 199
323 196 328 199
328 196 334 198
338 196 344 197
349 196 355 196
354 196 360 197
359 196 366 196
375 196 381 197
380 196 386 196
385 196 391 196
390 196 396 196
395 196 400 196
401 196 404 195
411 196 413 194
260 201 260 202
265 201 264 202
271 201 270 202
276 201 277 202
281 201 284 203
312 201 316 204
317 201 322 205
323 201 328 205
328 201 333 204
333 201 339 204
364 201 371 202
369 201 376 202
375 201 381 202
380 201 386 202
385 201 391 202
390 201 396 201
395 201 400 201
401 201 405 200
406 201 410 200
260 206 258 206
265 206 264 208
271 206 270 208
276 206 277 208
281 206 284 208
286 206 291 208
297 206 302 208
302 206 307 207
317 206 323 209
323 206 328 210
328 206 333 210
338 206 344 207
343 206 350 207
349 206 355 207
354 206 360 207
364 206 370 207
369 206 375 208
375 206 380 207
380 206 386 207
385 206 391 207
390 206 396 206
395 206 400 206
401 206 405 205
406 206 410 205
416 206 417 204
260 212 258 212
265 212 263 213
271 212 269 212
276 212 275 212
286 212 291 212
297 212 301 212
302 212 307 212
307 212 313 213
312 212 318 213
333 212 339 215
338 212 344 211
343 212 349 212
349 212 354 212
354 212 360 212
359 212 364 211
375 212 379 211
380 212 386 212
385 212 391 212
390 212 395 212
395 212 400 212
401 212 405 211
406 212 410 210
416 212 417 209
260 217 259 217
265 217 263 218
271 217 269 218
276 217 273 218
281 217 280 217
286 217 289 217
297 217 301 219
323 217 328 218
338 217 344 218
343 217 349 218
354 217 360 216
359 217 364 216
369 217 374 215
375 217 379 216
380 217 385 217
385 217 391 217
390 217 395 217
395 217 400 217
401 217 405 216
411 217 412 215
416 217 417 214
265 222 264 222
271 222 269 222
276 222 274 223
281 222 281 222
286 222 290 223
297 222 302 224
317 222 323 225
323 222 330 225
328 222 333 224
333 222 339 224
338 222 344 225
349 222 355 222
354 222 360 221
359 222 364 221
364 222 369 220
369 222 374 222
375 222 380 222
380 222 385 222
395 222 400 222
401 222 405 221
411 222 413 220
416 222 417 219
271 227 270 227
276 227 275 228
281 227 281 228
286 227 289 229
297 227 302 231
302 227 306 229
307 227 312 228
328 227 334 229
333 227 339 228
338 227 345 231
343 227 350 229
349 227 355 229
354 227 360 228
359 227 365 227
364 227 370 228
369 227 376 228
375 227 381 228
380 227 385 227
385 227 389 227
406 227 407 225
411 227 412 224
416 227 417 225
276 232 276 234
281 232 281 234
286 232 290 235
291 232 297 236
297 232 301 236
302 232 306 235
307 232 313 235
312 232 318 234
317 232 322 234
323 232 329 236
328 232 334 234
338 232 345 236
343 232 350 234
349 232 355 233
354 232 360 233
359 232 365 234
364 232 371 233
369 232 376 233
375 232 381 233
380 232 385 233
390 232 395 232
395 232 400 231
406 232 407 230
411 232 412 231
276 238 277 239
281 238 282 239
286 238 291 242
297 238 302 241
302 238 308 241
307 238 313 240
312 238 319 240
328 238 334 239
333 238 340 241
338 238 345 241
343 238 350 239
349 238 355 239
354 238 360 239
359 238 365 239
364 238 371 239
369 238 376 238
375 238 381 238
380 238 386 238
385 238 391 237
390 238 395 237
395 238 400 236
406 238 407 235
411 238 412 235
276 243 276 244
281 243 281 244
286 243 290 247
291 243 297 246
297 243 302 246
317 243 323 246
323 243 329 246
328 243 334 244
343 243 350 245
349 243 355 244
354 243 361 244
359 243 365 244
364 243 371 244
369 243 376 244
375 243 381 244
380 243 386 243
385 243 391 242
390 243 395 242
406 243 407 241
411 243 412 240
276 248 276 249
281 248 281 248
291 248 296 251
302 248 306 252
307 248 312 251
317 248 324 251
323 248 330 252
349 248 355 249
354 248 361 249
359 248 365 249
364 248 370 249
369 248 376 249
375 248 381 248
390 248 395 247
406 248 407 246
271 253 275 254
281 253 286 254
286 253 290 256
297 253 300 255
307 253 313 256
323 253 330 256
333 253 340 255
338 253 345 255
343 253 350 255
354 253 360 254
359 253 366 254
364 253 370 254
369 253 376 254
375 253 381 254
380 253 385 252
385 253 389 252
390 253 395 253
401 253 402 251
406 253 406 252
271 258 275 260
276 258 280 260
281 258 285 260
286 258 290 262
291 258 296 262
297 258 301 261
302 258 308 261
307 258 313 262
312 258 319 262
323 258 329 262
333 258 340 260
338 258 345 259
343 258 350 260
349 258 355 259
354 258 361 262
364 258 370 259
369 258 376 260
375 258 381 259
380 258 385 258
385 258 389 256
395 258 397 256
271 264 275 266
276 264 280 266
281 264 285 267
286 264 291 267
291 264 297 267
297 264 302 266
317 264 323 267
323 264 328 268
333 264 339 266
343 264 350 265
349 264 356 265
359 264 366 265
364 264 371 265
375 264 380 264
390 264 392 262
395 264 396 263
411 264 407 262
271 269 275 271
276 269 280 271
281 269 285 273
286 269 291 272
291 269 296 272
297 269 302 272
302 269 307 271
338 269 345 270
343 269 350 270
349 269 356 270
354 269 361 269
359 269 366 270
364 269 370 270
369 269 375 269
375 269 380 269
380 269 384 268
390 269 391 269
406 269 413 262
416 269 413 273
271 274 275 275
276 274 279 277
281 274 285 278
286 274 291 278
291 274 296 277
297 274 302 278
302 274 307 278
312 274 317 278
323 274 329 275
328 274 335 275
333 274 340 275
338 274 345 275
343 274 350 275
349 274 356 275
354 274 361 275
359 274 366 275
364 274 371 275
369 274 375 274
385 274 387 274
390 274 391 274
395 274 396 274
416 274 412 277
276 279 276 281
281 279 285 283
286 279 290 283
291 279 297 283
297 279 302 283
302 279 307 283
307 279 312 283
317 279 324 284
323 279 329 284
328 279 334 283
333 279 340 281
338 279 345 281
343 279 350 281
354 279 361 280
359 279 366 278
364 279 370 278
369 279 375 278
375 279 379 279
385 279 388 278
390 279 391 278
395 279 395 280
401 279 401 279
416 279 411 284
276 284 275 286
281 284 286 289
286 284 290 288
291 284 296 288
297 284 302 288
302 284 308 288
307 284 313 288
333 284 339 286
338 284 344 286
359 284 364 284
369 284 374 284
385 284 387 284
390 284 392 284
395 284 396 285
276 290 276 292
281 290 282 292
286 290 290 293
291 290 296 293
302 290 308 293
307 290 313 293
312 290 319 293
323 290 329 291
328 290 335 291
333 290 339 291
338 290 344 291
343 290 349 291
349 290 355 291
359 290 364 290
380 290 382 290
385 290 387 289
390 290 391 289
395 290 396 290
406 290 406 290
281 295 281 296
286 295 291 299
291 295 296 299
297 295 302 298
307 295 314 298
312 295 319 299
317 295 324 298
323 295 328 298
333 295 340 296
338 295 345 296
349 295 354 296
354 295 359 296
385 295 386 294
390 295 391 294
395 295 397 294
401 295 401 294
406 295 407 295
411 295 411 296
286 300 287 302
302 300 306 302
312 300 318 303
323 300 328 304
328 300 333 304
333 300 338 306
338 300 344 301
343 300 350 301
359 300 362 301
375 300 375 300
385 300 385 300
390 300 391 299
395 300 397 299
401 300 402 299
406 300 407 300
411 300 412 300
291 305 296 307
302 305 304 307
307 305 312 308
312 305 318 308
323 305 328 309
338 305 345 305
364 305 365 306
369 305 370 305
375 305 375 305
380 305 379 306
385 305 384 305
395 305 396 304
406 305 407 305
411 305 412 305
291 310 292 312
302 310 304 312
307 310 311 313
312 310 317 314
317 310 322 314
338 310 344 310
354 310 356 312
364 310 365 311
375 310 373 310
380 310 378 310
385 310 384 311
390 310 389 310
395 310 396 310
401 310 401 311
406 310 406 311
411 310 412 310
416 310 417 310
437 310 439 311
442 310 442 310
291 316 292 317
297 316 303 317
307 316 309 317
338 316 345 317
343 316 349 316
354 316 356 316
359 316 359 315
369 316 367 316
375 316 372 316
380 316 378 317
385 316 383 316
390 316 389 316
395 316 395 316
401 316 400 317
406 316 405 316
411 316 410 316
416 316 416 315
421 316 421 316
432 316 434 316
437 316 439 316
442 316 443 316
312 321 315 322
317 321 318 322
323 321 323 321
343 321 343 322
349 321 349 322
354 321 355 321
364 321 362 321
369 321 367 321
375 321 371 322
380 321 377 322
385 321 383 321
390 321 389 322
395 321 395 322
437 321 438 322
442 321 443 321
307 326 308 327
312 326 312 327
317 326 318 327
323 326 323 327
333 326 333 326
338 326 339 327
343 326 343 327
349 326 349 326
369 326 367 326
375 326 372 327
380 326 377 326
385 326 383 326
395 326 393 327
401 326 398 327
406 326 404 327
411 326 409 327
416 326 413 327
421 326 419 327
437 326 437 326
442 326 443 325
302 331 303 332
307 331 308 331
312 331 313 331
317 331 318 332
323 331 323 332
328 331 328 331
338 331 339 331
343 331 343 331
349 331 348 331
359 331 355 332
364 331 361 332
369 331 366 332
375 331 371 332
380 331 377 332
390 331 388 333
395 331 393 332
401 331 398 332
411 331 408 332
416 331 413 332
421 331 418 333
427 331 423 332
302 336 303 336
307 336 309 336
312 336 314 336
317 336 319 336
323 336 324 337
328 336 328 337
333 336 334 336
343 336 343 335
354 336 350 337
359 336 354 337
364 336 360 337
369 336 366 337
375 336 371 337
380 336 377 337
385 336 383 337
390 336 388 338
395 336 393 338
401 336 398 338
406 336 403 337
411 336 407 337
416 336 412 337
421 336 418 337
427 336 423 337
432 336 427 337
437 336 433 336
