328 154 338 154
364 154 374 159
312 160 320 158
317 160 325 158
354 160 354 164
359 160 364 164
369 160 379 165
375 160 353 158
380 160 389 170
302 165 305 169
317 165 321 165
349 165 348 169
354 165 353 169
276 170 275 180
281 170 279 179
286 170 285 180
317 170 326 169
323 170 332 169
276 175 276 185
317 175 327 174
328 175 339 175
333 175 343 175
312 180 322 180
333 180 375 184
286 191 311 190
291 191 317 190
271 196 285 198
333 196 381 196
411 196 400 189
260 201 274 202
265 201 280 202
276 201 290 203
281 201 313 195
286 201 317 196
333 201 381 201
349 201 385 200
411 201 396 184
260 206 274 206
286 206 317 202
291 206 321 205
297 206 326 206
328 206 376 205
333 206 381 205
406 206 394 189
260 212 274 211
276 212 286 217
406 212 395 193
265 217 275 216
271 217 280 217
281 217 318 244
286 217 300 216
323 217 374 210
333 217 381 212
354 217 385 210
406 217 395 200
416 217 401 216
265 222 271 221
271 222 279 221
291 222 328 254
297 222 314 218
338 222 343 196
291 227 327 259
307 227 354 216
286 232 323 265
291 232 327 264
302 232 312 227
338 232 380 221
364 232 391 228
286 238 323 270
291 238 349 227
297 238 354 227
307 238 360 227
312 238 364 226
333 238 380 231
338 238 380 226
369 238 391 233
281 243 291 244
291 243 349 232
297 243 354 231
312 243 366 231
317 243 371 232
359 243 384 237
369 243 391 238
281 248 291 238
333 248 380 238
359 248 385 241
369 248 391 243
390 248 371 289
395 248 377 289
302 253 354 242
297 258 349 247
302 258 359 248
323 258 375 252
364 258 391 253
401 258 392 268
291 264 344 253
297 264 349 253
302 264 360 252
307 264 365 253
333 264 381 253
291 269 344 258
297 269 350 258
302 269 359 258
307 269 365 258
323 269 375 258
328 269 380 258
395 269 391 273
401 269 402 264
302 274 359 263
307 274 365 262
312 274 371 263
323 274 376 263
328 274 381 263
297 279 354 269
302 279 360 268
307 279 365 269
328 279 381 268
406 279 406 279
297 284 354 275
302 284 360 275
343 284 365 301
385 284 386 284
390 284 390 284
297 290 355 281
302 290 360 281
307 290 364 281
317 290 372 280
328 290 375 285
390 290 390 289
401 290 398 291
312 295 366 288
390 295 390 295
395 295 395 295
302 300 355 295
380 300 381 298
385 300 385 299
390 300 390 299
395 300 395 300
401 300 400 300
406 300 406 300
375 305 376 305
380 305 381 304
385 305 386 304
390 305 390 304
395 305 396 305
406 305 406 305
411 305 412 305
380 310 381 310
385 310 386 309
390 310 391 309
395 310 396 309
401 310 401 309
406 310 405 309
411 310 411 310
416 310 416 310
432 310 429 310
437 310 439 310
442 310 443 310
349 316 356 316
354 316 361 316
364 316 366 314
375 316 376 312
380 316 380 314
385 316 386 314
395 316 396 314
401 316 401 314
406 316 406 314
411 316 411 314
416 316 417 315
421 316 423 316
432 316 432 316
437 316 438 316
442 316 443 316
338 321 343 321
343 321 348 321
369 321 371 318
375 321 376 318
390 321 391 317
395 321 396 319
401 321 401 319
406 321 406 319
411 321 411 319
421 321 423 321
432 321 432 320
437 321 438 321
442 321 444 321
317 326 316 324
323 326 322 323
364 326 366 323
369 326 371 323
375 326 376 323
380 326 381 323
385 326 386 323
395 326 396 324
401 326 401 324
411 326 411 324
421 326 422 324
427 326 428 326
437 326 439 326
442 326 444 325
307 331 308 327
312 331 312 328
323 331 322 328
333 331 329 331
349 331 351 328
359 331 361 328
375 331 376 328
380 331 381 329
385 331 386 328
390 331 391 329
406 331 406 328
421 331 422 329
427 331 427 330
432 331 433 330
312 336 318 326
323 336 322 333
328 336 325 336
333 336 329 337
338 336 333 337
349 336 351 332
354 336 356 336
359 336 361 333
364 336 365 334
369 336 371 333
375 336 376 333
385 336 386 334
390 336 391 334
395 336 396 334
401 336 401 333
406 336 407 334
411 336 412 334
421 336 422 335
432 336 433 335
