633 258 638 280
633 261 637 283
633 264 636 285
635 264 640 286
635 270 639 293
571 273 581 282
576 273 587 283
573 275 584 285
613 275 611 292
582 278 589 287
635 278 636 296
582 281 589 292
551 284 561 289
568 284 576 291
582 284 589 295
585 284 591 295
593 284 598 297
610 284 611 297
613 284 613 298
619 284 623 300
630 284 632 300
647 284 647 302
548 287 558 291
551 287 561 291
568 287 576 294
613 287 613 301
619 287 622 303
568 290 574 296
571 290 576 296
573 290 579 296
576 290 583 297
579 290 585 298
585 290 589 299
590 290 594 300
616 290 616 305
647 290 647 306
568 292 573 299
571 292 576 299
573 292 578 299
579 292 582 301
582 292 585 301
585 292 588 301
588 292 591 302
590 292 594 302
593 292 596 303
619 292 621 309
559 295 566 302
565 295 570 302
568 295 572 303
571 295 575 303
576 295 579 303
579 295 582 304
582 295 585 304
585 295 588 304
590 295 593 305
593 295 596 305
596 295 599 306
565 298 569 305
568 298 571 305
588 298 590 306
573 301 575 307
576 301 578 307
579 301 580 308
582 301 583 308
585 301 587 308
588 301 589 309
599 301 599 309
630 301 621 312
556 304 556 304
559 304 559 304
573 304 575 310
576 304 578 310
579 304 580 310
582 304 583 311
559 306 559 307
562 306 562 307
565 306 567 311
573 306 575 312
576 306 577 312
579 306 580 313
565 309 565 311
559 312 559 310
562 312 562 312
576 315 573 315
