554 222 572 245
559 222 575 244
562 222 579 243
565 222 582 243
559 225 576 247
562 225 579 247
576 225 597 260
579 225 600 259
531 227 532 255
576 227 597 263
579 233 579 230
582 236 582 233
565 239 534 226
568 239 536 225
602 239 602 233
604 239 605 232
604 242 605 236
613 242 612 232
579 244 535 251
610 244 610 238
568 247 565 242
528 250 529 291
593 253 597 250
607 253 613 243
616 253 622 250
576 256 591 277
602 256 610 250
616 256 623 255
619 256 625 255
624 256 621 246
627 256 624 246
571 258 581 278
630 258 628 251
531 261 544 285
537 261 550 283
568 261 578 282
627 261 631 267
635 261 637 260
638 261 640 260
531 264 546 289
579 264 595 282
585 264 599 282
588 264 601 282
630 264 636 276
638 264 640 263
641 264 643 262
568 267 585 284
613 267 617 279
630 267 633 279
633 267 639 279
531 270 542 295
542 270 562 296
545 270 565 294
573 270 587 291
604 270 612 283
607 270 615 283
613 270 620 282
624 270 626 280
627 270 631 283
633 270 637 282
641 270 641 268
545 273 564 298
559 273 578 296
573 273 587 293
607 273 615 285
613 273 617 282
633 273 638 285
638 273 638 269
641 273 641 270
644 273 644 270
545 275 552 296
551 275 572 300
579 275 591 296
556 278 578 298
602 278 609 293
559 281 582 301
647 281 646 280
554 284 549 294
596 284 596 292
610 284 558 289
633 284 576 270
635 284 579 270
638 284 583 268
542 287 551 309
554 287 549 298
602 287 600 292
647 287 647 286
556 290 550 300
559 290 553 300
596 290 595 296
599 290 598 297
602 290 601 297
630 290 627 299
556 292 550 303
596 292 595 302
599 292 598 301
602 292 601 300
607 292 605 300
610 292 608 300
630 292 627 302
635 292 630 301
638 292 634 301
641 292 638 301
599 295 596 305
607 295 605 303
610 295 608 303
638 295 635 305
641 295 638 305
582 298 573 305
599 298 597 308
638 298 635 307
641 298 638 307
579 301 571 307
585 301 577 306
599 301 597 311
585 304 577 309
588 304 580 308
644 304 646 299
576 306 568 311
579 306 571 310
582 306 574 310
588 306 580 311
590 306 584 310
599 306 591 313
613 306 607 313
644 306 644 303
647 306 647 302
576 309 569 314
579 309 571 313
582 309 574 313
585 309 577 311
593 309 584 313
596 309 587 312
644 309 644 306
582 312 574 315
585 312 577 315
633 312 638 310
635 312 642 310
579 315 567 315
602 315 591 315
627 315 634 315
633 315 639 315
