463 230 462 231
477 230 465 231
416 239 409 246
455 239 439 234
460 239 448 233
479 239 467 235
378 241 378 246
397 241 397 244
400 241 397 250
408 241 403 249
411 241 405 247
466 241 454 236
468 241 457 236
471 241 459 236
474 241 462 236
378 244 378 248
392 244 388 250
394 244 392 251
403 244 398 253
411 244 406 252
444 244 431 239
452 244 436 239
471 244 460 239
474 244 462 238
477 244 465 239
378 247 378 251
392 247 389 253
403 247 398 256
405 247 401 255
408 247 403 255
411 247 406 255
441 247 428 243
444 247 431 243
463 247 448 240
474 247 462 242
477 247 466 242
389 250 384 261
400 250 395 259
405 250 401 258
408 250 403 258
411 250 406 258
414 250 409 258
441 250 428 246
446 250 433 246
452 250 438 246
477 250 466 247
400 252 393 262
403 252 400 261
405 252 403 261
411 252 407 261
414 252 409 261
441 252 428 249
477 252 467 250
378 255 378 265
383 255 380 265
386 255 383 265
392 255 387 267
394 255 390 266
397 255 392 265
400 255 395 265
403 255 398 265
405 255 401 265
408 255 404 264
411 255 407 264
414 255 409 263
438 255 426 251
460 255 443 248
378 258 378 268
386 258 384 268
392 258 387 269
397 258 392 268
403 258 399 267
405 258 401 267
408 258 404 267
430 258 451 248
452 258 432 257
383 261 381 271
386 261 383 271
394 261 393 273
397 261 396 272
405 261 403 273
408 261 406 273
411 261 408 270
378 263 378 279
386 263 383 273
392 263 387 273
394 263 390 273
408 263 406 276
416 263 412 267
419 263 415 266
444 263 438 257
460 263 440 274
378 266 378 282
389 266 386 276
392 266 390 278
394 266 393 279
400 266 395 276
405 266 401 274
414 266 409 270
416 266 412 269
427 266 455 259
430 266 421 260
444 266 430 272
479 266 471 261
386 269 385 281
392 269 391 281
405 269 401 278
416 269 419 282
416 272 419 286
479 272 468 263
482 272 474 261
474 274 443 262
485 277 488 283
386 280 408 285
394 280 391 286
488 280 489 286
383 282 382 284
422 282 413 277
444 282 458 268
479 282 469 276
482 282 472 277
383 285 382 287
392 285 388 287
477 285 447 271
479 285 450 271
485 285 483 289
403 288 381 290
446 288 444 285
477 288 447 274
389 291 388 298
474 291 472 292
477 291 447 276
381 293 380 293
400 293 396 295
460 293 475 286
463 293 479 286
488 293 487 295
490 293 490 295
381 296 380 296
383 296 382 296
392 296 388 290
400 296 396 298
460 296 487 301
477 296 475 295
490 296 490 298
392 299 390 301
397 299 394 301
400 299 397 300
405 299 411 298
389 302 386 303
397 302 394 303
400 302 397 303
403 302 399 303
485 302 458 284
392 304 389 306
394 304 392 306
392 307 389 309
394 307 392 309
405 307 402 314
422 307 473 303
452 307 453 296
394 310 391 312
452 310 453 299
493 310 487 298
386 313 386 313
452 313 454 302
482 313 478 303
493 313 493 314
378 315 378 315
381 315 380 315
386 315 386 315
471 315 446 315
482 315 480 306
378 318 378 318
381 318 380 318
383 318 383 318
389 318 389 318
392 318 392 318
471 318 445 319
482 318 479 308
490 318 487 306
378 321 378 321
381 321 380 321
383 321 383 321
389 321 389 321
449 321 456 313
468 321 443 321
471 321 445 321
490 321 487 309
378 324 377 323
381 324 380 324
383 324 383 324
389 324 388 324
405 324 398 323
408 324 401 324
416 324 409 324
419 324 412 323
446 324 453 316
449 324 456 316
466 324 440 325
468 324 443 324
471 324 445 325
490 324 487 312
378 326 378 327
381 326 380 327
389 326 387 326
392 326 389 326
405 326 398 326
446 326 453 319
449 326 457 319
452 326 459 318
488 326 485 316
490 326 487 316
378 329 378 329
383 329 384 329
389 329 386 329
488 329 485 320
490 329 488 319
378 332 378 332
403 332 393 332
455 332 458 335
457 332 460 335
471 332 446 330
378 335 378 335
400 335 390 334
403 335 392 334
405 335 395 335
425 335 435 335
438 335 418 333
449 335 452 335
471 335 445 333
400 337 390 337
403 337 393 337
460 337 460 337
463 337 463 337
485 337 477 337
