485 250 485 248
467 259 468 258
476 262 465 270
479 262 468 270
467 265 467 262
479 265 480 263
467 271 483 258
482 276 489 279
461 279 477 272
443 285 450 282
435 288 441 283
438 288 445 282
443 288 450 285
432 291 438 285
476 291 480 259
426 294 426 294
443 294 459 279
446 294 462 279
482 294 492 283
429 297 435 290
432 297 437 291
438 297 441 291
440 297 444 291
473 297 483 292
423 300 421 301
432 300 438 293
467 300 480 294
473 300 482 295
491 300 477 312
426 303 426 297
464 303 477 297
473 303 483 298
429 306 429 301
458 306 466 301
467 306 474 303
470 306 477 303
414 309 438 329
455 309 462 303
458 309 465 303
461 309 468 303
464 309 471 303
467 309 474 306
458 312 464 306
461 312 468 306
464 312 471 305
467 312 474 313
455 315 455 308
461 315 465 308
464 315 471 309
464 318 463 319
470 318 476 318
473 318 480 317
482 318 490 316
485 318 493 316
491 318 474 321
464 321 463 321
458 324 459 324
464 324 462 324
467 324 464 325
458 327 453 327
461 327 463 328
467 327 464 327
467 330 465 329
455 333 456 330
458 333 458 329
461 333 462 333
464 333 465 333
467 333 468 333
461 336 460 333
464 336 471 331
467 336 474 331
473 336 486 327
464 339 471 333
467 339 474 333
485 348 471 339
