430 217 430 216
432 217 432 216
435 217 434 216
437 217 437 219
490 217 471 216
493 217 474 216
430 219 429 219
432 219 432 219
437 219 437 222
443 219 439 222
445 219 442 221
472 219 473 222
490 219 471 219
501 219 492 219
503 219 495 220
501 222 492 222
503 222 495 222
506 222 497 221
480 224 484 224
503 224 495 225
480 227 484 226
503 227 495 227
517 227 500 221
519 227 506 221
456 230 450 229
514 230 497 224
517 230 501 224
519 230 503 224
485 235 487 235
456 240 439 241
464 240 474 240
467 240 476 240
503 240 518 226
533 240 532 227
453 243 436 244
464 243 474 243
467 243 476 242
480 243 482 234
511 243 489 230
530 243 529 229
464 246 474 245
511 246 489 232
445 248 440 266
456 248 460 238
503 248 490 243
430 251 429 227
467 254 442 238
469 254 444 238
472 254 447 238
472 256 445 240
490 256 492 246
493 256 465 241
496 256 468 241
522 256 518 224
525 256 521 239
527 256 524 239
430 259 429 254
490 259 463 243
493 259 465 243
519 259 516 227
522 259 516 242
525 259 519 242
527 259 523 242
437 261 439 243
440 261 442 243
482 261 458 243
496 261 490 247
503 261 500 240
522 261 516 245
525 261 519 245
527 261 522 245
443 264 445 246
461 264 443 252
469 264 440 245
517 267 508 254
533 267 532 250
430 269 429 257
488 269 466 249
430 272 429 259
435 272 438 235
490 272 466 251
493 272 469 251
503 272 476 247
517 272 481 248
538 272 538 253
485 275 461 255
493 275 469 254
503 275 476 251
519 275 511 256
522 275 498 250
530 275 533 271
535 275 535 255
538 275 538 255
443 277 445 258
480 277 459 259
509 277 485 251
517 277 509 258
519 277 495 254
522 277 498 254
525 277 501 253
535 277 534 232
538 277 538 258
443 280 445 261
474 280 455 258
482 280 461 261
485 280 464 259
509 280 484 253
519 280 495 256
522 280 498 256
535 280 535 235
498 283 474 256
501 283 476 256
506 283 482 255
509 283 485 255
522 283 497 258
525 283 500 258
535 283 534 239
490 285 477 259
509 285 485 258
527 285 509 264
535 285 535 243
477 288 461 263
490 288 469 264
511 288 487 259
514 288 503 263
517 288 506 263
538 288 538 267
432 290 435 290
477 290 460 266
482 290 464 266
488 290 468 265
503 290 480 264
517 290 506 267
519 290 508 266
538 290 538 248
432 293 435 293
474 293 458 268
485 293 466 269
488 293 468 269
490 293 471 269
503 293 479 267
506 293 482 267
511 293 498 269
519 293 508 269
432 296 435 296
472 296 456 274
477 296 461 270
488 296 469 272
490 296 471 272
519 296 505 270
522 296 508 271
525 296 511 271
538 296 538 274
469 298 453 281
474 298 459 272
488 298 470 275
517 298 503 272
525 298 511 274
430 301 429 283
432 301 432 283
435 301 434 282
467 301 451 283
469 301 453 283
535 301 529 279
430 304 429 285
432 304 434 301
472 304 456 286
477 304 461 277
490 304 475 277
493 304 477 277
509 304 476 275
482 306 469 280
430 309 429 309
453 309 443 298
456 309 445 298
482 309 469 283
488 309 472 283
496 309 480 280
498 309 482 279
451 312 440 301
453 312 442 301
456 312 445 301
480 312 464 283
485 312 471 285
496 312 479 282
517 312 495 282
538 312 538 279
451 314 440 303
477 314 461 282
490 314 474 287
493 314 477 288
430 317 429 304
435 317 433 319
451 317 440 317
453 317 443 317
456 317 445 317
459 317 448 317
493 317 477 290
496 317 480 290
498 317 483 290
514 317 493 288
519 317 495 288
448 320 435 319
451 320 439 319
453 320 442 320
456 320 445 320
493 320 478 293
496 320 479 293
511 320 492 290
430 322 430 322
451 322 438 322
453 322 442 322
456 322 446 322
459 322 448 322
464 322 453 322
469 322 466 322
477 322 463 292
480 322 466 292
493 322 478 296
498 322 483 293
506 322 488 296
517 322 498 295
535 322 500 292
430 325 430 325
432 325 433 325
469 325 467 325
480 325 466 295
535 325 515 290
538 325 538 324
430 327 430 327
432 327 435 328
459 327 501 327
461 327 453 327
480 327 466 297
503 327 472 327
506 327 475 327
509 327 476 327
511 327 480 327
517 327 519 327
522 327 525 328
525 327 528 328
533 327 532 327
538 327 538 327
