461 206 487 241
455 209 481 244
448 212 475 248
455 212 483 248
458 212 483 251
455 215 476 254
448 221 458 262
476 256 499 284
408 259 406 300
458 265 437 278
448 268 409 293
455 268 434 282
458 268 437 281
461 268 441 281
405 271 416 311
451 271 431 284
455 271 433 285
458 271 437 283
451 274 431 287
455 274 434 287
448 277 449 303
451 277 452 303
467 277 473 312
448 280 449 306
455 280 455 306
458 280 458 305
461 280 462 306
451 284 452 309
458 284 459 309
461 284 462 309
455 305 492 330
445 318 446 362
