559 199 567 199
545 202 551 202
548 202 553 201
559 202 573 200
565 202 579 201
573 202 587 201
576 202 591 201
579 202 594 201
588 202 600 202
545 205 545 204
571 205 583 204
573 205 586 204
576 205 588 204
579 205 594 202
582 205 596 203
542 208 545 207
545 208 548 207
551 208 565 204
554 208 567 204
562 208 574 204
568 208 580 204
579 208 591 206
585 208 598 206
588 208 600 206
590 208 603 206
559 211 571 206
562 211 574 206
582 211 595 209
585 211 597 209
588 211 600 209
590 211 603 209
540 213 551 207
568 213 579 209
571 213 582 209
573 213 585 210
576 213 592 208
582 213 594 212
585 213 596 212
588 213 600 211
528 216 539 213
540 216 551 210
551 216 563 209
554 216 565 210
556 216 568 210
571 216 582 212
573 216 585 212
576 216 588 212
588 216 600 214
531 219 543 210
534 219 546 210
537 219 548 211
545 219 557 211
548 219 560 211
576 219 586 216
588 219 597 218
590 219 600 218
531 222 543 213
540 222 551 213
542 222 554 213
554 222 565 215
590 222 600 220
534 225 545 215
540 225 551 216
542 225 554 216
545 225 557 216
548 225 560 217
551 225 562 217
590 225 599 223
534 227 544 218
540 227 551 218
542 227 554 219
545 227 556 219
551 227 562 220
556 227 566 221
559 227 574 221
542 230 554 225
545 230 557 224
551 230 559 225
556 230 563 224
559 230 574 223
562 230 577 220
607 230 607 231
551 233 560 227
559 233 566 227
568 233 583 223
613 233 610 234
528 236 537 229
551 236 560 230
559 236 566 230
528 239 537 231
531 239 540 231
534 239 543 231
537 239 548 236
534 242 544 239
537 242 547 240
573 242 581 241
604 242 595 244
619 242 610 242
528 244 538 242
531 244 541 242
534 244 544 242
537 244 546 242
540 244 549 242
588 244 575 249
528 247 538 245
531 247 541 245
551 247 558 247
607 247 595 259
610 247 599 254
616 247 607 256
621 247 613 255
531 250 541 248
534 250 543 248
542 250 549 248
545 250 553 251
548 250 556 250
562 250 567 272
588 250 573 253
590 250 576 253
593 250 579 252
596 250 583 256
604 250 593 261
607 250 595 261
528 253 529 226
531 253 532 225
545 253 552 253
548 253 556 253
585 253 570 256
590 253 575 256
607 253 595 264
616 253 601 261
624 253 616 260
540 256 547 257
571 256 564 253
579 256 563 239
593 256 579 258
613 256 599 264
616 256 602 264
619 256 604 264
627 256 622 265
579 258 563 242
596 258 582 261
616 258 602 266
619 258 605 266
627 258 622 268
562 261 603 243
593 261 579 265
630 264 622 272
633 264 625 272
638 264 637 271
528 267 538 260
624 267 614 274
627 267 617 274
630 267 622 274
633 267 625 274
641 267 639 274
528 270 533 260
568 270 553 262
630 270 622 276
633 270 628 276
630 273 622 279
647 273 646 283
531 275 535 274
537 275 541 274
545 275 550 274
548 275 553 273
551 275 557 273
568 275 599 272
644 275 643 282
647 275 646 285
545 278 550 276
551 278 556 276
565 278 596 276
571 278 603 275
534 281 538 278
579 281 577 278
585 281 583 279
545 284 550 282
554 284 556 279
573 284 566 304
585 284 583 281
644 284 638 288
545 287 548 285
551 287 553 283
593 287 590 287
596 287 593 286
644 287 638 290
551 290 554 286
604 290 599 289
607 290 603 289
545 292 548 291
554 292 556 288
604 292 600 293
607 292 606 295
610 292 608 295
641 292 635 294
596 295 592 296
604 295 601 295
610 295 608 297
630 295 629 299
582 298 577 299
604 298 601 298
588 301 583 301
590 301 586 301
604 301 601 300
607 301 604 300
613 301 609 301
588 304 583 304
590 304 586 304
593 304 588 304
607 304 604 303
613 304 609 303
590 306 585 308
593 306 588 307
596 306 591 307
599 306 594 307
602 306 597 304
604 306 600 304
607 306 603 306
613 306 608 306
647 306 647 302
593 309 588 310
599 309 593 309
604 309 600 306
624 309 621 312
627 309 623 312
647 309 647 307
579 312 577 313
588 312 583 313
590 312 586 313
613 312 609 313
624 312 618 312
644 312 644 310
647 312 647 310
585 315 580 315
588 315 583 315
590 315 585 315
596 315 589 315
599 315 592 315
602 315 595 315
604 315 601 315
607 315 604 315
610 315 615 315
619 315 624 315
624 315 629 314
627 315 632 314
633 315 641 315
647 315 647 313
