559 199 559 199
579 199 579 200
548 202 548 202
554 202 553 202
562 202 562 202
579 202 579 202
545 205 545 205
551 205 550 205
554 205 553 205
582 205 584 205
590 205 590 205
545 208 545 208
548 208 548 208
588 208 589 210
534 211 534 211
537 211 537 211
540 211 540 211
545 211 545 211
548 211 548 211
582 211 584 213
585 211 587 213
528 213 529 213
531 213 531 214
537 213 537 214
540 213 539 214
542 213 542 214
537 216 537 217
582 216 585 216
585 216 587 216
590 216 591 216
593 216 593 216
571 219 573 222
579 219 582 219
582 219 585 219
585 219 587 219
590 219 590 218
593 219 593 218
537 222 537 225
542 222 542 226
554 222 556 226
593 222 593 221
531 225 533 227
534 225 535 228
593 225 593 224
596 225 596 222
531 227 531 231
537 227 539 231
540 227 542 231
551 227 553 231
554 227 557 230
596 227 596 225
531 230 533 234
540 230 542 234
542 230 545 234
551 230 553 233
576 230 578 231
579 230 581 231
585 230 587 227
588 230 590 227
590 230 593 227
596 230 596 228
528 233 529 237
531 233 534 236
534 233 536 236
537 233 539 236
542 233 542 236
545 233 547 236
548 233 550 236
559 233 560 236
576 233 579 233
585 233 587 230
528 236 529 240
531 236 533 239
534 236 536 239
537 236 539 239
545 236 548 238
548 236 550 238
528 239 529 242
542 239 541 239
579 239 581 236
537 242 537 242
540 242 540 242
542 242 542 242
545 242 545 242
528 244 528 244
531 244 531 244
534 244 534 245
537 244 537 244
540 244 540 245
542 244 543 245
548 244 554 245
528 247 528 247
531 247 531 247
540 247 540 247
542 247 544 247
568 247 568 250
548 250 551 248
551 250 553 248
551 253 551 250
548 256 548 253
556 256 565 259
565 256 574 258
568 256 577 258
551 258 559 264
554 258 562 263
556 258 565 262
559 258 568 261
562 258 571 261
565 258 574 261
568 258 577 260
562 261 570 264
565 261 574 264
568 261 576 264
554 264 560 269
565 264 573 267
534 267 536 267
556 267 564 270
568 267 576 270
531 270 531 266
559 270 565 272
568 270 575 272
528 273 529 269
554 273 556 273
565 273 571 275
571 273 576 275
576 273 581 278
551 275 554 276
554 275 556 276
568 275 571 278
571 275 575 278
573 275 578 278
528 278 528 278
531 278 534 280
542 278 547 279
545 278 550 278
551 278 554 279
568 278 572 281
571 278 575 281
528 281 528 281
540 281 545 281
542 281 547 282
548 281 551 282
551 281 553 282
554 281 556 282
565 281 568 284
528 284 528 284
540 284 545 284
542 284 548 284
548 284 551 284
551 284 553 284
554 284 556 284
562 284 565 284
565 284 567 287
576 284 578 285
585 284 586 283
593 284 593 284
596 284 596 284
540 287 545 286
551 287 553 286
568 287 571 289
571 287 573 289
582 287 582 286
590 287 590 287
593 287 593 286
596 287 596 287
542 290 545 289
556 290 559 290
571 290 572 291
576 290 578 290
585 290 585 292
588 290 587 290
590 290 590 290
593 290 593 290
596 290 596 290
647 290 646 297
551 292 553 291
556 292 559 292
568 292 571 293
585 292 585 294
588 292 587 293
590 292 590 293
593 292 593 293
596 292 596 293
565 295 565 295
571 295 572 296
573 295 575 296
582 295 582 297
588 295 588 296
604 295 604 301
647 295 647 301
559 298 559 297
562 298 562 297
565 298 565 297
568 298 568 298
571 298 572 298
573 298 574 298
576 298 577 298
579 298 580 299
590 298 590 298
593 298 593 298
596 298 596 298
565 301 565 300
568 301 568 301
571 301 571 301
573 301 574 301
576 301 577 301
579 301 580 301
582 301 582 301
585 301 584 301
588 301 587 301
590 301 590 301
593 301 593 301
596 301 595 301
621 301 618 303
565 304 565 304
568 304 568 304
573 304 574 304
576 304 576 306
579 304 579 305
582 304 581 305
585 304 584 306
588 304 587 304
590 304 590 304
593 304 592 305
596 304 595 304
599 304 598 304
602 304 601 304
565 306 565 307
568 306 568 307
576 306 576 309
579 306 578 309
585 306 584 309
588 306 586 309
590 306 589 308
593 306 592 308
599 306 598 307
602 306 601 307
604 306 604 307
624 306 619 306
627 306 621 307
633 306 626 307
568 309 567 309
571 309 571 311
582 309 582 309
596 309 595 311
602 309 601 310
607 309 606 310
624 309 619 310
627 309 622 310
630 309 624 311
647 309 647 306
585 312 584 313
588 312 587 313
593 312 592 313
610 312 608 312
613 312 612 312
641 312 638 313
644 312 643 309
647 312 647 309
585 315 584 315
588 315 587 315
590 315 589 315
596 315 594 315
599 315 596 315
602 315 600 315
604 315 602 315
607 315 606 315
610 315 608 315
613 315 612 315
616 315 615 315
621 315 619 315
624 315 621 315
647 315 647 315
