534 208 534 208
537 208 537 208
531 211 531 211
534 211 534 210
537 211 537 210
528 213 528 213
528 216 528 216
573 216 587 210
576 216 590 210
528 219 528 220
565 222 596 212
559 225 593 211
571 225 584 216
528 236 527 224
537 236 548 217
554 236 578 219
579 236 568 233
528 239 542 219
534 239 545 220
528 242 542 222
537 244 547 229
540 244 548 224
542 244 551 229
568 244 572 264
607 244 594 249
528 247 540 256
531 247 545 231
537 247 547 232
542 247 550 232
568 247 572 267
610 247 597 250
619 247 607 253
621 247 611 254
588 250 572 257
607 250 593 253
610 250 600 256
616 250 605 257
619 250 607 257
621 250 611 256
534 253 530 233
551 253 595 270
573 253 607 272
588 253 573 260
607 253 593 262
619 253 605 260
621 253 609 260
562 256 601 235
602 256 587 261
613 256 602 262
619 256 605 263
621 256 608 263
624 256 611 262
627 256 623 264
540 258 546 255
613 258 599 265
616 258 602 265
619 258 605 265
621 258 608 265
624 258 610 265
528 261 528 252
559 261 545 282
573 261 561 250
588 261 571 242
619 261 605 268
633 261 620 261
528 264 528 254
534 264 549 250
621 264 608 268
627 264 614 268
630 264 628 276
638 264 637 270
534 267 549 253
568 267 553 286
630 267 619 272
545 270 546 262
548 270 548 263
568 270 553 288
531 273 539 261
537 273 542 261
545 273 546 264
548 273 548 264
559 273 547 287
573 273 562 266
633 273 631 282
647 275 645 284
548 278 548 268
571 278 604 274
604 278 571 275
644 278 642 286
647 278 645 286
585 281 580 276
593 281 592 279
644 281 642 289
647 281 645 289
534 284 539 270
571 284 558 298
573 284 555 289
590 284 589 282
593 284 591 282
647 284 648 292
531 287 532 284
588 287 583 282
599 287 595 282
607 287 604 280
641 287 641 291
568 290 573 294
571 290 575 294
616 290 607 286
545 292 544 294
551 292 546 295
559 292 555 301
568 292 573 296
571 292 576 296
576 292 558 295
616 292 606 289
624 292 614 289
635 292 632 294
573 295 555 297
627 295 620 296
630 295 629 296
638 295 635 296
644 295 644 297
571 298 563 301
604 298 602 295
607 298 603 292
616 298 611 295
627 298 619 298
647 298 647 298
588 301 585 299
633 301 629 299
644 301 644 301
647 301 647 300
571 304 563 307
593 304 586 306
596 304 589 306
599 304 593 306
616 304 608 304
571 306 563 310
588 306 584 305
590 306 583 308
596 306 589 309
602 306 596 308
630 306 631 308
588 309 581 311
590 309 583 311
593 309 587 309
599 309 593 310
604 309 598 310
624 309 620 308
627 309 623 308
647 309 647 305
571 312 562 313
593 312 587 312
596 312 590 312
599 312 592 312
602 312 595 313
604 312 598 312
613 312 605 313
633 312 632 312
635 312 634 312
647 312 647 307
585 315 580 315
590 315 584 315
593 315 586 315
596 315 589 315
599 315 592 315
607 315 601 315
610 315 604 315
616 315 625 315
635 315 634 315
638 315 637 315
641 315 640 315
644 315 644 315
647 315 647 315
