562 284 561 295
568 284 565 295
571 284 568 295
573 284 570 294
568 287 565 298
571 287 567 298
573 287 570 298
579 287 574 294
582 287 577 294
585 287 580 294
588 287 583 295
568 290 565 301
576 290 573 300
582 290 577 297
585 290 580 297
588 290 583 298
593 290 586 295
596 290 589 296
599 290 592 299
607 290 596 293
559 292 555 295
571 292 567 303
573 292 570 303
576 292 573 303
579 292 576 300
582 292 579 301
585 292 582 300
590 292 586 301
593 292 589 301
568 295 564 305
573 295 570 305
576 295 573 305
579 295 576 303
582 295 579 303
590 295 586 304
593 295 588 304
579 298 576 307
582 298 579 307
585 298 581 306
590 298 585 307
562 301 561 308
565 301 563 308
571 301 569 309
579 301 576 310
582 301 578 310
585 301 581 310
590 301 585 310
593 301 588 308
596 301 591 308
599 301 594 308
568 304 566 311
582 304 578 312
593 304 588 311
596 304 591 311
585 306 581 313
588 306 584 314
593 306 588 314
599 306 594 312
599 309 593 315
602 309 596 315
576 312 569 314
607 312 600 315
621 312 612 314
624 312 614 314
627 312 617 315
633 312 621 314
621 315 612 316
624 315 614 316
