565 278 556 285
565 281 557 288
571 281 563 288
590 284 587 285
593 284 590 285
571 287 563 292
590 287 587 288
593 287 590 288
568 290 561 296
571 290 564 296
582 290 577 293
585 290 583 293
593 290 590 291
571 292 564 298
573 292 567 298
579 292 574 296
582 292 577 296
585 292 583 296
593 292 590 295
596 292 592 292
602 292 597 292
579 295 574 299
582 295 577 299
590 295 587 298
593 295 590 298
596 295 592 297
641 295 638 300
644 295 640 300
565 298 561 301
568 298 563 301
571 298 566 302
576 298 571 303
579 298 574 303
582 298 576 302
588 298 583 301
590 298 586 301
593 298 589 300
602 298 598 299
641 298 638 303
571 301 566 304
573 301 569 305
576 301 572 305
579 301 575 305
588 301 583 304
590 301 586 304
593 301 589 303
596 301 592 302
599 301 594 301
602 301 597 301
604 301 600 302
565 304 561 304
568 304 563 305
571 304 566 307
573 304 569 307
576 304 572 308
579 304 575 308
582 304 578 306
585 304 581 307
590 304 586 307
593 304 588 307
599 304 594 305
602 304 598 305
604 304 600 305
607 304 603 305
630 304 625 304
633 304 627 304
647 304 647 307
573 306 569 310
582 306 579 310
585 306 581 309
588 306 584 309
590 306 586 309
599 306 594 308
576 309 573 311
579 309 576 312
582 309 579 312
585 309 581 311
588 309 584 312
593 309 590 311
602 309 597 311
604 309 600 308
624 309 616 309
630 309 621 310
582 312 578 315
585 312 581 316
590 312 587 314
593 312 589 314
596 312 593 314
599 312 595 314
607 312 603 312
610 312 606 312
613 312 609 313
616 312 612 313
621 312 614 312
624 312 618 313
627 312 621 314
630 312 623 314
607 315 603 315
610 315 606 315
613 315 609 315
616 315 612 315
619 315 614 315
624 315 618 315
627 315 620 315
