562 202 566 201
565 202 568 202
568 202 571 201
571 202 577 201
573 202 580 201
576 202 583 201
559 205 563 205
562 205 569 203
568 205 574 203
571 205 577 203
573 205 580 203
576 205 583 203
565 208 571 206
568 208 574 206
573 208 580 206
579 208 586 206
542 211 551 209
551 211 559 207
559 211 565 209
568 211 575 209
571 211 578 209
545 213 553 211
551 213 557 211
554 213 560 211
556 213 563 211
559 213 565 212
562 213 568 212
571 213 577 212
582 213 589 213
573 216 580 215
540 219 546 217
542 219 549 217
571 219 577 216
585 219 590 216
551 222 560 218
554 222 562 218
556 222 565 218
568 222 573 221
576 222 580 218
579 222 583 218
585 222 589 215
545 225 551 221
590 225 596 224
528 227 534 225
537 227 543 224
540 227 546 224
568 227 570 221
576 227 582 224
576 230 585 233
579 230 588 233
582 230 591 232
596 230 600 228
599 230 603 227
602 230 605 227
528 233 534 229
531 233 536 229
596 233 600 231
599 233 603 230
602 233 606 230
604 233 609 230
534 236 536 232
588 236 594 230
599 236 603 233
602 236 606 233
604 236 609 233
582 239 591 236
585 239 594 235
590 239 596 233
593 239 599 233
607 239 611 233
554 242 556 244
585 242 594 239
590 242 597 235
593 242 600 235
596 242 602 239
599 242 604 239
602 242 607 239
604 242 610 239
607 242 611 236
596 244 602 241
599 244 604 241
602 244 607 241
604 244 610 241
607 244 613 241
590 247 599 244
593 247 599 239
613 247 617 242
585 250 591 244
590 250 596 242
599 250 605 245
602 250 607 245
604 250 611 246
607 250 613 245
610 250 616 245
590 253 596 244
599 253 605 248
602 253 608 248
604 253 611 248
607 253 613 248
610 253 616 248
613 253 618 248
619 253 623 248
534 256 536 246
579 256 584 252
590 256 597 247
593 256 599 247
596 256 602 247
602 256 608 251
604 256 611 251
607 256 614 251
610 256 616 251
613 256 619 251
616 256 621 251
576 258 585 261
579 258 588 262
585 258 591 255
596 258 605 256
599 258 607 255
602 258 608 254
604 258 611 254
607 258 614 254
610 258 616 254
613 258 619 253
616 258 621 254
621 258 625 254
588 261 594 258
604 261 611 257
607 261 613 256
610 261 616 256
613 261 619 256
624 261 627 257
633 261 636 260
588 264 595 264
593 264 599 260
602 264 608 259
604 264 611 259
607 264 613 259
610 264 615 259
613 264 618 260
621 264 625 260
624 264 628 260
627 264 631 261
630 264 633 262
633 264 636 263
582 267 590 263
585 267 592 263
604 267 610 264
607 267 613 265
613 267 618 263
619 267 622 264
621 267 625 263
624 267 628 263
630 267 633 265
593 270 600 267
596 270 602 268
599 270 604 268
602 270 607 268
604 270 610 268
607 270 612 268
624 270 628 267
627 270 630 267
630 270 633 267
588 273 591 270
590 273 593 270
593 273 599 270
602 273 604 273
613 273 616 269
619 273 622 269
635 273 639 273
590 275 593 273
602 275 601 276
604 275 605 276
613 275 616 272
616 275 619 272
619 275 622 272
624 275 627 273
630 275 632 273
635 275 639 276
590 278 590 278
596 278 595 279
599 278 599 279
602 278 602 279
610 278 613 276
613 278 615 276
616 278 618 275
624 278 627 275
627 278 629 275
630 278 632 276
576 281 579 281
590 281 593 279
604 281 607 279
610 281 613 279
613 281 616 279
616 281 618 278
630 281 632 279
635 281 637 279
638 281 639 279
641 281 642 279
585 284 585 282
604 284 607 282
607 284 610 282
610 284 613 282
613 284 615 281
621 284 624 280
624 284 627 280
627 284 629 280
630 284 632 281
635 284 637 282
638 284 639 282
573 287 576 287
576 287 578 287
585 287 585 287
588 287 588 288
590 287 590 287
593 287 593 287
610 287 613 285
613 287 615 285
616 287 618 285
624 287 626 284
627 287 629 284
633 287 633 285
635 287 636 285
638 287 639 285
644 287 645 285
573 290 575 290
576 290 578 290
579 290 581 290
585 290 585 290
590 290 591 290
593 290 593 290
599 290 599 288
602 290 604 289
604 290 607 289
610 290 613 288
613 290 615 287
616 290 618 287
619 290 621 288
621 290 624 287
624 290 626 287
627 290 629 287
633 290 633 287
635 290 636 287
638 290 639 287
644 290 645 289
531 292 536 286
576 292 576 293
582 292 582 293
585 292 585 293
588 292 588 293
590 292 591 293
593 292 593 293
596 292 596 293
599 292 598 290
602 292 604 293
613 292 615 290
616 292 618 290
619 292 621 290
621 292 624 290
624 292 626 290
627 292 629 290
633 292 633 290
635 292 636 290
638 292 639 290
641 292 642 291
644 292 645 292
647 292 647 292
537 295 538 295
579 295 578 293
585 295 585 295
588 295 588 296
590 295 591 296
593 295 593 296
596 295 596 296
599 295 599 296
602 295 602 294
613 295 616 293
616 295 619 293
619 295 621 293
621 295 624 293
624 295 627 293
627 295 629 293
633 295 632 292
635 295 635 293
638 295 638 293
641 295 641 293
644 295 645 294
647 295 647 294
576 298 575 296
579 298 578 296
582 298 581 296
590 298 590 299
593 298 593 299
596 298 596 299
599 298 599 299
602 298 602 297
607 298 607 296
610 298 610 295
613 298 612 296
616 298 619 296
627 298 629 296
633 298 632 296
635 298 635 296
638 298 638 296
641 298 641 296
644 298 644 296
647 298 647 297
576 301 575 298
582 301 581 299
585 301 584 298
588 301 586 299
590 301 590 301
593 301 593 301
596 301 596 301
599 301 599 301
602 301 602 299
604 301 604 300
607 301 606 299
610 301 610 299
613 301 613 298
616 301 616 299
635 301 635 298
638 301 638 298
641 301 641 299
644 301 644 299
647 301 647 299
582 304 580 301
585 304 584 302
588 304 587 302
593 304 593 304
596 304 596 304
599 304 599 304
604 304 604 302
607 304 606 302
610 304 609 302
613 304 612 302
616 304 616 302
619 304 618 301
621 304 621 301
630 304 630 300
633 304 632 300
638 304 639 301
641 304 641 302
644 304 644 302
647 304 647 302
576 306 572 306
582 306 580 304
585 306 583 304
588 306 587 304
590 306 589 304
599 306 599 307
602 306 601 307
604 306 604 306
607 306 607 305
610 306 609 305
613 306 612 305
616 306 615 305
619 306 618 304
621 306 621 304
627 306 627 303
630 306 630 303
647 306 647 305
582 309 579 307
585 309 583 307
588 309 586 307
590 309 589 307
593 309 592 308
596 309 595 308
607 309 607 308
610 309 610 308
613 309 613 308
621 309 621 307
624 309 630 307
633 309 632 306
635 309 635 306
641 309 641 306
644 309 644 306
647 309 647 307
576 312 572 312
585 312 583 310
590 312 588 310
593 312 590 310
599 312 598 311
602 312 601 311
604 312 604 311
607 312 607 311
610 312 609 311
613 312 612 310
621 312 621 310
624 312 626 310
627 312 630 311
633 312 633 309
635 312 635 309
641 312 641 309
644 312 643 309
647 312 647 310
562 315 561 315
568 315 567 315
576 315 576 316
596 315 596 315
599 315 604 316
604 315 604 314
607 315 606 314
610 315 609 314
613 315 613 314
616 315 616 313
619 315 619 313
621 315 621 313
624 315 627 313
627 315 630 313
633 315 635 314
635 315 638 314
641 315 641 313
644 315 643 313
647 315 647 313
