585 219 590 223
590 230 596 233
624 247 625 248
613 250 623 259
624 250 625 251
613 253 623 262
616 253 627 261
619 253 630 260
531 256 545 269
613 256 624 264
616 256 627 263
619 258 631 264
531 261 544 272
534 261 548 271
616 261 628 267
619 261 631 266
528 264 541 276
531 264 545 275
534 264 549 274
613 264 626 271
624 264 635 266
528 267 542 279
531 267 546 278
534 267 549 278
537 267 553 277
616 267 628 269
619 267 631 269
621 267 634 269
630 267 636 263
635 267 639 262
531 270 547 281
537 270 553 280
540 270 556 279
542 270 559 279
610 270 622 274
613 270 626 274
616 270 629 273
624 270 637 271
627 270 640 270
630 270 637 265
635 270 641 264
638 270 643 263
534 273 550 283
540 273 556 282
633 273 640 267
610 275 624 278
613 275 627 277
616 275 630 276
613 278 627 279
616 278 630 279
619 278 633 278
627 278 639 277
604 281 617 281
607 281 620 282
610 281 624 281
630 281 643 280
633 281 645 280
596 284 606 284
602 284 614 284
604 284 617 284
610 284 624 284
613 284 627 283
616 284 630 283
621 284 635 282
624 284 637 282
630 284 642 283
633 284 646 283
596 287 606 286
599 287 609 287
607 287 621 287
610 287 624 287
613 287 627 286
624 287 637 285
627 287 640 285
585 290 594 292
590 290 600 291
593 290 602 290
599 290 609 289
610 290 625 290
613 290 628 289
627 290 640 288
630 290 643 287
582 292 591 293
596 292 606 291
599 292 609 292
621 292 634 291
579 295 587 297
585 295 594 295
590 295 600 294
593 295 603 294
596 295 606 294
627 295 640 294
582 298 590 297
593 298 603 297
604 298 613 295
585 301 592 299
588 301 594 299
635 301 643 299
588 304 595 302
590 304 598 302
593 304 601 302
596 304 605 302
621 304 631 302
624 304 634 302
596 306 604 305
624 306 634 305
635 306 643 305
590 309 598 311
593 309 601 310
596 309 604 309
621 309 632 309
635 309 644 308
593 312 601 313
596 312 604 312
613 312 626 313
616 312 629 313
621 312 632 311
624 312 635 312
630 312 639 311
635 312 645 312
613 315 627 315
616 315 630 315
621 315 634 315
624 315 637 315
627 315 639 314
