430 217 429 217
432 217 432 216
435 217 434 216
443 217 442 216
448 217 446 216
451 217 448 216
453 217 459 216
456 217 462 216
459 217 464 216
464 217 466 216
467 217 469 216
506 217 511 217
511 217 517 216
517 217 522 216
519 217 525 216
522 217 527 217
527 217 532 217
533 217 536 216
538 217 538 217
472 219 477 219
474 219 479 219
509 219 514 219
517 219 521 219
519 219 525 219
522 219 527 220
533 219 535 219
538 219 538 222
430 222 430 223
437 222 437 221
448 222 448 221
451 222 451 221
453 222 454 221
461 222 466 221
467 222 472 221
469 222 477 222
472 222 480 223
480 222 485 222
482 222 488 221
503 222 509 222
506 222 512 222
517 222 522 222
519 222 525 222
522 222 527 222
538 222 538 224
451 224 451 223
453 224 454 224
456 224 456 224
461 224 466 224
467 224 476 226
472 224 480 226
474 224 483 227
482 224 495 227
498 224 504 224
501 224 507 224
503 224 509 224
511 224 515 224
514 224 517 224
517 224 522 224
519 224 525 224
522 224 527 224
538 224 538 227
430 227 429 229
461 227 471 229
469 227 478 229
472 227 480 229
496 227 500 227
498 227 503 227
501 227 506 227
503 227 509 227
506 227 511 227
509 227 513 227
514 227 517 226
517 227 519 226
519 227 525 227
522 227 527 227
525 227 531 226
501 230 506 229
503 230 509 229
506 230 511 229
509 230 514 229
511 230 517 229
517 230 519 229
522 230 525 229
525 230 527 229
527 230 530 229
448 232 458 240
459 232 471 240
506 232 511 232
511 232 517 233
517 232 519 232
519 232 522 231
522 232 524 231
525 232 527 231
451 235 456 234
469 235 492 238
474 235 461 239
530 235 530 233
533 235 533 233
538 235 538 233
451 238 456 237
456 238 448 234
467 238 453 243
469 238 492 241
498 238 503 238
527 238 527 235
530 238 529 235
533 238 535 236
538 238 538 235
453 240 440 242
456 240 448 237
461 240 461 238
464 240 464 238
474 240 493 235
490 240 482 237
496 240 498 240
527 240 527 238
533 240 535 238
538 240 538 238
430 243 429 237
469 243 478 243
477 243 482 243
501 243 508 243
511 243 519 241
519 243 525 243
430 246 430 245
467 246 475 245
469 246 478 245
472 246 480 245
477 246 482 246
509 246 517 243
519 246 524 245
538 246 538 257
464 248 472 248
467 248 475 248
469 248 477 248
472 248 479 248
477 248 485 248
490 248 496 249
493 248 498 248
509 248 516 246
517 248 522 248
519 248 524 249
432 251 432 247
451 251 455 250
453 251 458 250
464 251 471 251
467 251 474 251
477 251 485 251
480 251 487 251
482 251 490 251
490 251 496 251
493 251 498 251
496 251 504 250
509 251 516 250
519 251 525 251
527 251 529 251
453 254 458 253
456 254 460 254
464 254 469 254
467 254 472 254
469 254 474 254
472 254 477 253
474 254 480 253
480 254 485 253
482 254 488 253
485 254 491 253
488 254 493 253
493 254 499 253
496 254 501 253
498 254 503 253
501 254 506 253
503 254 511 254
506 254 514 253
509 254 516 253
511 254 519 253
514 254 521 253
519 254 524 254
453 256 458 256
461 256 467 256
464 256 469 256
467 256 472 256
469 256 475 256
472 256 477 256
474 256 480 256
477 256 483 256
480 256 485 256
482 256 488 256
485 256 491 256
488 256 493 256
490 256 496 256
493 256 499 256
496 256 501 256
501 256 508 257
509 256 516 256
511 256 518 256
519 256 525 256
522 256 527 258
530 256 530 254
533 256 532 253
432 259 437 261
435 259 439 261
459 259 464 259
461 259 466 259
464 259 469 258
467 259 472 259
469 259 475 259
472 259 477 258
474 259 480 258
477 259 483 258
480 259 486 258
482 259 488 258
485 259 491 258
488 259 493 259
490 259 496 258
496 259 501 258
498 259 504 258
501 259 506 259
503 259 510 260
509 259 514 259
514 259 522 259
530 259 529 256
435 261 439 263
437 261 442 263
440 261 446 261
443 261 447 263
459 261 464 261
461 261 466 261
464 261 469 261
467 261 472 261
469 261 475 261
472 261 477 261
474 261 480 261
477 261 483 261
480 261 486 260
482 261 488 261
485 261 491 261
488 261 493 261
490 261 496 261
493 261 499 261
496 261 501 261
501 261 507 261
503 261 509 261
509 261 514 261
514 261 519 262
437 264 442 265
451 264 456 264
459 264 464 264
461 264 466 264
467 264 472 263
469 264 474 263
472 264 477 263
474 264 480 264
477 264 483 264
480 264 485 263
482 264 488 263
485 264 490 264
488 264 493 264
490 264 496 264
493 264 498 263
496 264 501 264
498 264 504 264
501 264 506 264
503 264 509 264
506 264 512 264
509 264 514 264
445 267 451 267
448 267 453 267
459 267 463 268
464 267 469 266
467 267 471 266
469 267 475 266
472 267 477 266
474 267 480 266
477 267 482 266
480 267 485 266
482 267 488 266
485 267 490 267
488 267 493 267
490 267 496 266
493 267 498 266
496 267 501 267
498 267 504 267
501 267 506 266
506 267 511 267
509 267 515 267
511 267 517 267
517 267 521 269
530 267 527 264
538 267 538 288
430 269 430 277
445 269 451 269
448 269 453 269
451 269 456 269
464 269 469 274
469 269 475 269
472 269 477 269
474 269 480 269
477 269 482 269
480 269 485 269
482 269 488 269
485 269 491 269
488 269 493 269
490 269 496 269
493 269 498 269
496 269 501 269
498 269 504 269
501 269 507 269
509 269 515 270
511 269 517 269
530 269 526 266
437 272 440 273
451 272 456 271
461 272 467 269
472 272 477 272
474 272 480 272
477 272 482 272
480 272 485 272
490 272 496 272
493 272 499 272
496 272 501 272
498 272 504 272
503 272 509 272
506 272 512 272
509 272 514 272
511 272 517 272
525 272 526 262
527 272 532 280
538 272 538 272
443 275 448 274
448 275 453 274
451 275 457 274
453 275 459 274
461 275 467 272
474 275 480 275
480 275 485 274
482 275 488 274
485 275 491 274
488 275 493 275
490 275 496 275
493 275 498 275
496 275 501 275
498 275 504 275
501 275 507 275
503 275 509 275
509 275 514 275
511 275 517 274
535 275 534 281
538 275 538 280
445 277 450 277
448 277 453 276
451 277 456 279
453 277 459 276
456 277 462 277
480 277 485 277
482 277 487 277
485 277 490 277
488 277 493 277
490 277 496 277
493 277 499 277
496 277 501 277
498 277 504 277
501 277 506 277
503 277 509 277
506 277 512 277
509 277 514 277
538 277 538 283
432 280 432 290
451 280 457 281
456 280 462 279
459 280 464 279
469 280 474 282
480 280 484 280
485 280 490 280
488 280 493 280
490 280 496 280
493 280 498 280
496 280 501 280
498 280 504 280
503 280 509 280
506 280 512 280
509 280 514 280
440 283 445 285
443 283 448 284
459 283 465 283
461 283 467 283
501 283 506 282
503 283 509 282
506 283 512 283
509 283 514 283
432 285 432 297
440 285 445 287
443 285 448 287
445 285 451 287
451 285 456 285
453 285 459 285
456 285 462 285
459 285 465 285
461 285 467 285
464 285 469 285
474 285 477 287
503 285 509 285
506 285 512 285
509 285 514 285
527 285 530 272
437 288 442 288
451 288 456 287
453 288 458 287
456 288 462 288
459 288 464 288
461 288 467 288
464 288 469 288
467 288 471 288
472 288 474 290
501 288 506 287
527 288 529 275
535 288 532 286
453 290 458 290
456 290 461 291
459 290 464 291
461 290 466 290
464 290 469 290
472 290 475 293
474 290 477 293
501 290 506 290
535 290 532 289
432 293 434 295
435 293 437 295
437 293 440 295
459 293 464 293
461 293 466 293
464 293 469 293
472 293 474 296
474 293 477 296
496 293 503 291
501 293 506 292
437 296 439 298
461 296 467 296
464 296 469 295
474 296 477 298
477 296 485 291
480 296 489 292
482 296 493 292
493 296 500 293
496 296 503 293
501 296 507 295
535 296 534 309
445 298 450 295
448 298 452 296
461 298 467 298
464 298 469 298
506 298 511 304
517 298 513 301
430 301 429 295
435 301 439 300
445 301 450 299
448 301 452 299
451 301 455 298
453 301 461 301
456 301 463 301
461 301 467 301
464 301 468 300
477 301 477 301
480 301 479 301
432 304 435 300
435 304 437 300
443 304 445 311
453 304 461 303
461 304 467 303
464 304 468 303
493 304 498 301
496 304 500 301
506 304 521 291
509 304 516 295
435 306 437 302
443 306 445 313
453 306 448 293
464 306 469 305
467 306 471 305
482 306 487 304
485 306 489 304
488 306 492 303
490 306 495 303
493 306 497 303
498 306 503 307
509 306 516 298
514 306 521 295
517 306 522 302
519 306 524 302
522 306 527 303
477 309 481 307
480 309 484 308
482 309 487 307
485 309 490 306
488 309 492 306
490 309 495 306
511 309 519 298
514 309 521 298
517 309 522 304
522 309 527 306
453 312 448 295
464 312 466 309
469 312 472 309
472 312 476 311
474 312 479 311
477 312 481 311
480 312 484 311
482 312 488 311
485 312 491 311
490 312 496 311
493 312 498 311
496 312 500 312
498 312 503 312
501 312 505 312
514 312 519 312
517 312 521 312
527 312 529 303
464 314 466 313
474 314 478 314
477 314 481 314
480 314 485 314
482 314 487 314
485 314 490 314
490 314 495 314
496 314 500 315
498 314 503 315
501 314 506 314
514 314 519 314
517 314 522 314
519 314 524 314
525 314 527 311
538 314 538 304
430 317 429 313
464 317 465 316
480 317 485 317
482 317 488 316
485 317 492 317
488 317 495 316
506 317 508 317
509 317 511 316
514 317 519 317
517 317 521 317
519 317 524 317
522 317 526 317
535 317 535 306
538 317 538 307
477 320 479 317
480 320 485 319
482 320 487 319
485 320 492 319
511 320 516 317
517 320 521 320
519 320 524 320
522 320 526 320
527 320 529 320
538 320 538 319
440 322 439 322
464 322 461 322
467 322 471 322
474 322 478 322
477 322 481 321
480 322 484 321
482 322 487 322
485 322 490 322
488 322 492 321
506 322 514 320
514 322 518 322
517 322 521 322
519 322 523 322
522 322 526 322
530 322 529 317
535 322 534 322
538 322 537 322
432 325 432 327
435 325 434 325
437 325 436 325
440 325 450 324
443 325 452 324
459 325 456 324
464 325 461 324
472 325 476 324
474 325 478 323
477 325 481 324
480 325 484 324
488 325 492 325
490 325 494 325
493 325 500 324
501 325 508 322
506 325 514 324
509 325 516 325
514 325 518 324
517 325 521 325
519 325 524 325
522 325 526 325
533 325 531 325
535 325 534 325
538 325 537 325
430 327 429 328
440 327 450 327
443 327 452 328
472 327 468 327
490 327 498 327
493 327 500 327
506 327 513 327
509 327 516 328
514 327 519 327
517 327 521 328
519 327 524 328
530 327 527 327
533 327 531 327
535 327 534 327
538 327 538 327
