458 77 481 103
476 77 496 100
493 94 515 117
458 111 480 135
597 111 616 129
476 129 497 149
614 129 638 147
441 146 464 169
476 146 497 165
632 146 656 164
493 163 515 183
632 163 655 178
493 181 516 200
424 198 449 217
441 198 465 217
458 198 482 216
476 198 499 216
493 198 516 216
510 198 533 216
528 198 550 215
406 215 431 234
424 215 448 233
441 215 465 234
458 215 481 233
476 215 498 233
493 215 516 232
510 215 533 232
528 215 551 232
545 215 568 232
42 233 96 260
337 233 366 253
371 233 397 251
406 233 431 250
424 233 448 249
441 233 466 250
458 233 482 249
493 233 516 249
510 233 533 248
528 233 550 248
319 250 350 270
337 250 365 269
354 250 382 268
371 250 399 268
406 250 431 266
424 250 448 266
441 250 466 266
458 250 482 265
476 250 499 265
493 250 516 264
510 250 533 264
528 250 550 264
562 250 585 268
597 250 627 269
319 267 349 288
354 267 382 286
371 267 399 284
406 267 431 283
424 267 449 283
441 267 465 282
458 267 481 282
476 267 498 281
493 267 516 281
510 267 533 281
528 267 551 281
545 267 570 283
562 267 588 284
319 285 350 304
354 285 382 302
389 285 414 301
406 285 430 300
424 285 448 300
441 285 464 299
458 285 483 299
476 285 499 299
493 285 516 298
528 285 551 298
545 285 571 299
562 285 588 300
580 285 605 300
597 285 624 299
614 285 642 304
267 302 300 322
285 302 316 321
302 302 332 321
319 302 349 321
354 302 382 320
371 302 400 321
406 302 431 317
424 302 447 317
441 302 465 316
458 302 483 317
476 302 500 316
493 302 516 316
510 302 535 315
528 302 553 317
562 302 588 318
597 302 625 317
267 319 302 339
285 319 318 337
319 319 349 338
406 319 431 334
424 319 448 334
441 319 467 334
458 319 484 334
476 319 501 334
493 319 517 333
510 319 536 333
528 319 553 333
562 319 590 334
580 319 609 335
319 337 349 359
371 337 399 354
389 337 416 352
424 337 450 353
441 337 467 352
458 337 484 351
476 337 501 351
493 337 518 351
510 337 535 351
528 337 553 350
545 337 571 353
580 337 607 352
614 337 644 355
319 354 349 376
337 354 367 374
371 354 400 371
389 354 417 371
406 354 434 371
424 354 451 370
458 354 485 369
476 354 502 370
493 354 519 368
510 354 537 369
528 354 554 369
580 354 609 371
632 354 663 371
337 371 369 389
354 371 384 391
389 371 417 389
406 371 435 389
424 371 452 389
441 371 469 389
458 371 486 388
493 371 520 388
510 371 538 388
545 371 575 391
562 371 593 390
580 371 610 389
319 389 348 410
337 389 368 407
354 389 385 407
371 389 402 409
389 389 418 406
406 389 435 407
424 389 452 407
441 389 470 406
458 389 487 406
562 389 593 409
580 389 612 410
614 389 645 407
632 389 663 406
302 406 332 426
337 406 368 423
354 406 385 423
371 406 401 423
389 406 418 424
406 406 435 425
441 406 470 425
476 406 504 425
528 406 561 425
545 406 577 426
562 406 595 427
614 406 645 423
632 406 664 422
649 406 682 422
285 424 317 438
319 424 352 440
371 424 404 442
389 424 422 441
406 424 436 442
424 424 453 443
441 424 471 443
458 424 490 443
476 424 505 441
510 424 543 440
528 424 562 441
545 424 578 442
562 424 597 444
614 424 647 439
649 424 682 439
267 441 298 460
319 441 352 458
337 441 369 454
424 441 456 458
441 441 472 460
458 441 489 461
476 441 507 461
510 441 542 459
528 441 559 457
545 441 579 458
562 441 597 460
580 441 615 460
597 441 630 460
649 441 683 457
267 458 298 474
