333 149 333 150
338 149 338 149
343 149 343 149
349 149 348 149
354 149 353 149
359 149 358 149
364 149 364 150
369 149 370 150
312 154 311 155
317 154 317 154
323 154 322 154
328 154 327 154
333 154 332 154
338 154 338 154
343 154 343 154
349 154 348 154
354 154 353 154
359 154 358 154
364 154 364 154
369 154 369 154
375 154 374 154
380 154 380 154
291 160 291 160
297 160 296 160
302 160 301 160
307 160 306 160
312 160 311 160
317 160 317 160
323 160 322 160
328 160 327 159
333 160 332 159
338 160 338 159
343 160 343 159
349 160 348 160
354 160 353 160
359 160 358 160
364 160 364 159
369 160 368 159
375 160 374 160
380 160 380 160
385 160 384 159
286 165 286 165
291 165 291 165
297 165 296 165
302 165 301 165
307 165 306 165
312 165 311 166
317 165 317 165
323 165 322 165
328 165 327 165
333 165 332 165
338 165 337 164
343 165 343 165
349 165 348 165
354 165 353 165
359 165 358 165
364 165 363 165
369 165 368 165
375 165 374 165
380 165 379 165
385 165 385 165
390 165 390 165
281 170 281 170
286 170 286 170
291 170 290 170
297 170 296 170
302 170 301 170
307 170 306 170
312 170 311 170
317 170 317 170
323 170 322 170
328 170 327 170
333 170 332 170
338 170 337 170
343 170 343 170
349 170 348 170
354 170 353 170
359 170 358 170
364 170 363 170
369 170 368 170
375 170 374 170
380 170 380 170
385 170 385 170
390 170 390 170
395 170 395 170
276 175 276 175
281 175 281 176
286 175 286 175
291 175 291 175
297 175 296 175
302 175 301 175
307 175 306 175
312 175 311 176
317 175 317 175
323 175 322 175
328 175 327 175
333 175 332 175
338 175 337 175
343 175 342 176
349 175 348 176
354 175 353 175
359 175 358 175
364 175 363 175
369 175 368 175
375 175 374 175
380 175 379 175
385 175 384 175
390 175 390 175
395 175 395 175
401 175 400 175
276 180 275 181
281 180 280 181
286 180 286 181
291 180 291 181
297 180 296 180
302 180 301 180
307 180 306 181
312 180 311 181
317 180 317 181
323 180 322 181
328 180 327 180
333 180 332 181
338 180 337 181
343 180 343 181
349 180 348 180
354 180 353 180
359 180 358 181
364 180 363 180
369 180 369 180
375 180 374 180
380 180 379 180
385 180 384 180
390 180 390 180
395 180 395 180
401 180 401 180
406 180 405 180
265 186 265 185
271 186 270 186
276 186 275 186
281 186 280 186
286 186 286 186
291 186 291 186
302 186 301 186
307 186 307 186
312 186 312 186
317 186 317 186
323 186 322 186
328 186 327 186
333 186 332 186
338 186 338 186
343 186 343 186
349 186 348 186
354 186 354 185
359 186 358 186
364 186 363 186
369 186 369 185
375 186 374 185
380 186 379 186
385 186 385 185
390 186 390 186
395 186 395 186
401 186 400 186
406 186 405 185
260 191 260 192
265 191 265 191
271 191 270 191
276 191 275 191
281 191 280 191
286 191 286 191
291 191 291 191
297 191 296 191
302 191 301 191
307 191 307 191
312 191 312 191
317 191 317 191
323 191 322 191
328 191 327 191
333 191 332 191
338 191 338 191
343 191 343 191
349 191 348 191
354 191 353 190
359 191 358 191
364 191 363 191
369 191 368 191
375 191 374 191
380 191 379 191
385 191 385 190
390 191 390 190
395 191 395 191
401 191 400 191
406 191 405 191
411 191 411 191
260 196 261 196
265 196 265 196
271 196 270 196
276 196 275 196
281 196 280 196
286 196 286 196
291 196 291 196
297 196 296 196
302 196 301 196
307 196 306 196
312 196 311 196
317 196 317 196
323 196 322 196
328 196 327 196
333 196 332 196
338 196 338 196
343 196 343 196
349 196 348 196
354 196 354 196
359 196 359 196
364 196 363 197
369 196 369 197
375 196 374 196
380 196 379 196
385 196 385 196
390 196 390 196
395 196 395 196
401 196 400 196
406 196 405 196
411 196 411 196
255 201 256 206
260 201 260 202
265 201 264 202
271 201 270 201
276 201 275 201
281 201 280 201
286 201 286 202
291 201 292 202
297 201 296 201
302 201 302 201
307 201 306 202
312 201 311 202
317 201 318 202
323 201 323 202
328 201 328 201
333 201 333 201
338 201 338 201
343 201 343 201
349 201 348 201
354 201 353 201
359 201 358 201
364 201 364 201
369 201 369 201
375 201 374 201
380 201 379 202
385 201 385 202
390 201 390 201
395 201 395 201
401 201 400 201
406 201 405 201
411 201 410 202
416 201 416 201
260 206 260 207
265 206 264 207
271 206 270 206
276 206 275 207
281 206 280 207
286 206 286 206
291 206 290 206
297 206 295 207
302 206 300 207
307 206 306 207
312 206 311 207
317 206 317 207
323 206 322 207
328 206 327 206
333 206 332 207
338 206 338 207
343 206 343 207
349 206 348 206
354 206 353 207
359 206 359 207
364 206 364 207
369 206 369 207
375 206 374 206
380 206 379 207
385 206 385 207
390 206 391 206
395 206 395 206
401 206 400 206
406 206 405 206
411 206 411 206
416 206 416 206
255 212 255 212
260 212 260 212
265 212 265 212
271 212 270 212
276 212 275 212
281 212 281 212
286 212 285 211
291 212 291 211
297 212 295 212
302 212 300 213
307 212 307 212
312 212 312 211
317 212 317 211
323 212 322 212
328 212 327 211
333 212 333 212
338 212 338 212
343 212 343 212
349 212 348 213
354 212 353 213
359 212 359 213
364 212 364 212
369 212 368 211
375 212 374 212
380 212 380 212
385 212 385 212
390 212 389 212
395 212 395 212
401 212 400 211
406 212 405 212
411 212 411 211
416 212 416 212
250 217 250 216
255 217 255 216
260 217 260 217
265 217 265 217
271 217 270 217
276 217 275 217
281 217 281 217
286 217 285 217
291 217 290 217
297 217 297 217
302 217 303 217
307 217 307 217
312 217 312 216
317 217 317 216
323 217 322 216
328 217 328 217
333 217 333 217
338 217 339 217
343 217 344 217
349 217 348 217
354 217 354 217
359 217 359 217
369 217 369 217
375 217 375 217
380 217 380 217
385 217 385 217
390 217 389 218
395 217 394 217
401 217 400 217
406 217 405 217
411 217 411 217
416 217 416 217
260 222 259 222
265 222 265 222
271 222 271 222
276 222 276 222
281 222 281 222
286 222 286 222
291 222 290 222
297 222 296 222
302 222 303 222
307 222 306 222
312 222 311 222
317 222 317 221
323 222 323 221
333 222 333 223
338 222 338 222
343 222 344 222
349 222 348 222
354 222 353 222
359 222 358 221
364 222 364 222
369 222 370 222
375 222 375 223
380 222 380 222
385 222 384 222
390 222 389 222
395 222 395 222
401 222 400 222
406 222 406 222
411 222 411 221
416 222 416 222
271 227 271 228
276 227 275 227
281 227 281 227
286 227 285 228
291 227 290 228
297 227 297 227
302 227 301 228
307 227 307 227
312 227 312 227
323 227 321 227
333 227 333 228
338 227 338 227
343 227 343 227
349 227 349 228
354 227 353 227
359 227 357 227
364 227 364 227
375 227 375 228
380 227 379 227
385 227 384 228
390 227 389 226
395 227 394 227
401 227 401 227
406 227 405 227
411 227 411 227
416 227 416 227
276 232 276 232
281 232 281 232
286 232 286 233
291 232 290 232
297 232 296 233
302 232 301 233
307 232 306 233
312 232 313 233
323 232 322 233
333 232 332 233
338 232 338 233
343 232 343 233
349 232 348 233
354 232 354 232
359 232 359 232
364 232 364 232
369 232 369 232
375 232 374 232
380 232 379 233
385 232 384 233
390 232 390 232
395 232 395 232
401 232 401 233
406 232 406 232
411 232 411 232
416 232 416 232
276 238 276 237
281 238 281 238
286 238 286 238
297 238 296 238
302 238 301 238
307 238 306 237
312 238 312 238
317 238 318 238
323 238 322 237
333 238 332 238
338 238 338 237
343 238 343 238
349 238 348 238
354 238 353 237
359 238 359 237
364 238 364 238
369 238 369 238
375 238 374 238
380 238 379 238
385 238 384 237
390 238 390 238
395 238 395 237
401 238 401 237
406 238 406 237
411 238 411 237
416 238 417 237
276 243 276 243
281 243 281 243
286 243 286 243
291 243 291 243
297 243 296 243
302 243 301 243
307 243 306 243
312 243 311 243
317 243 316 243
323 243 322 243
333 243 332 243
338 243 337 243
343 243 342 243
349 243 348 243
354 243 354 243
359 243 359 243
364 243 364 243
369 243 369 243
375 243 374 243
380 243 379 243
385 243 385 244
395 243 395 242
401 243 400 243
406 243 406 243
411 243 411 243
276 248 275 247
281 248 281 248
286 248 286 248
291 248 291 248
297 248 296 248
302 248 301 248
307 248 306 248
312 248 312 248
317 248 316 248
323 248 321 248
328 248 327 248
333 248 332 248
338 248 338 248
343 248 343 248
349 248 348 248
354 248 354 248
359 248 359 248
364 248 364 248
369 248 369 248
375 248 374 248
380 248 379 248
390 248 390 247
401 248 401 247
406 248 405 248
411 248 410 248
276 253 275 253
281 253 281 253
286 253 286 253
291 253 291 253
297 253 297 253
302 253 302 254
307 253 307 254
312 253 312 254
317 253 317 253
323 253 322 253
328 253 327 253
338 253 338 253
343 253 342 253
349 253 348 253
354 253 354 253
359 253 359 253
364 253 364 253
369 253 369 253
375 253 374 253
380 253 379 253
390 253 390 253
395 253 394 253
401 253 400 253
406 253 406 252
276 258 274 258
281 258 281 258
286 258 286 259
291 258 291 258
297 258 297 259
302 258 301 259
307 258 307 259
312 258 312 258
317 258 317 259
323 258 322 259
328 258 328 259
338 258 338 258
343 258 343 258
349 258 348 258
354 258 354 258
359 258 359 259
364 258 364 259
369 258 369 259
375 258 374 259
380 258 379 258
385 258 385 258
390 258 390 258
395 258 395 258
401 258 400 258
406 258 406 258
276 264 276 264
281 264 280 263
286 264 286 264
291 264 291 264
297 264 296 264
302 264 302 263
307 264 307 264
312 264 312 264
317 264 317 264
323 264 322 264
328 264 328 264
333 264 333 264
338 264 338 264
343 264 343 264
349 264 348 263
354 264 354 263
359 264 359 264
364 264 364 264
369 264 369 264
375 264 374 264
385 264 385 263
390 264 391 263
395 264 395 263
401 264 401 264
281 269 280 269
286 269 286 269
291 269 291 269
297 269 296 269
302 269 302 269
307 269 306 269
317 269 317 270
323 269 322 270
328 269 327 269
333 269 332 275
349 269 349 268
354 269 353 268
359 269 359 269
364 269 364 269
369 269 369 269
375 269 374 269
385 269 385 269
390 269 390 269
281 274 281 274
286 274 286 274
291 274 291 274
297 274 296 274
302 274 301 274
307 274 306 274
312 274 311 275
317 274 316 276
323 274 322 275
328 274 327 275
338 274 338 273
343 274 344 273
349 274 349 273
354 274 353 274
359 274 358 274
364 274 363 273
369 274 369 274
375 274 374 274
380 274 380 274
385 274 385 274
390 274 390 274
416 274 406 279
276 279 276 275
281 279 280 279
286 279 286 279
291 279 291 279
297 279 296 279
302 279 302 279
307 279 307 280
312 279 313 281
317 279 316 281
323 279 321 281
328 279 327 281
338 279 338 279
343 279 343 279
349 279 348 279
354 279 354 280
359 279 358 280
364 279 363 280
369 279 369 280
375 279 374 279
380 279 380 279
385 279 385 279
390 279 390 279
395 279 394 269
401 279 400 270
276 284 275 284
281 284 280 284
286 284 286 284
291 284 291 284
297 284 296 285
302 284 301 285
307 284 307 285
312 284 313 286
328 284 327 284
333 284 332 284
338 284 338 284
343 284 342 284
349 284 349 284
354 284 354 284
359 284 358 285
364 284 364 284
369 284 369 285
375 284 374 284
380 284 380 284
385 284 385 284
390 284 390 284
395 284 394 274
276 290 276 290
281 290 282 289
286 290 286 290
291 290 291 290
297 290 297 290
302 290 301 290
307 290 306 290
312 290 312 290
323 290 322 290
328 290 327 289
333 290 333 289
338 290 337 290
343 290 342 289
349 290 348 289
354 290 354 290
359 290 360 289
385 290 385 289
390 290 390 289
395 290 395 290
406 290 407 289
281 295 280 294
286 295 286 294
291 295 291 295
297 295 297 295
302 295 302 295
307 295 307 295
312 295 312 295
317 295 317 295
323 295 322 295
328 295 328 295
333 295 332 295
338 295 337 295
343 295 342 295
349 295 347 295
354 295 354 295
359 295 360 294
364 295 370 289
375 295 376 292
380 295 381 293
385 295 385 294
390 295 390 295
395 295 395 295
401 295 400 294
411 295 406 295
286 300 286 300
291 300 291 300
297 300 296 300
302 300 302 300
307 300 306 300
312 300 312 300
317 300 317 300
323 300 323 300
328 300 327 300
333 300 332 300
338 300 337 301
343 300 343 300
349 300 348 300
354 300 354 300
359 300 359 300
364 300 370 294
375 300 374 301
380 300 379 300
385 300 384 301
395 300 395 300
401 300 400 300
406 300 405 300
411 300 410 300
291 305 292 305
297 305 297 305
302 305 302 305
307 305 306 306
312 305 312 306
317 305 319 306
328 305 328 306
333 305 333 306
338 305 338 306
343 305 343 305
349 305 348 304
354 305 353 305
359 305 358 306
364 305 364 306
369 305 368 306
375 305 373 306
380 305 378 306
385 305 385 306
390 305 390 305
401 305 400 305
406 305 406 305
411 305 410 305
416 305 415 305
297 310 297 311
302 310 302 311
307 310 307 311
312 310 313 311
317 310 319 311
323 310 324 312
328 310 328 310
338 310 338 311
343 310 343 310
349 310 348 309
354 310 354 309
359 310 358 311
364 310 363 310
369 310 369 310
375 310 373 311
380 310 379 311
385 310 385 311
390 310 390 311
395 310 395 310
401 310 400 310
406 310 406 310
411 310 411 310
416 310 416 310
421 310 421 310
437 310 437 310
442 310 443 311
291 316 291 316
297 316 296 316
302 316 301 316
307 316 307 316
312 316 313 316
317 316 318 316
323 316 322 316
328 316 327 316
338 316 338 316
343 316 344 316
349 316 348 315
354 316 354 315
359 316 358 315
364 316 364 315
369 316 369 316
375 316 374 316
380 316 379 315
385 316 385 315
390 316 390 316
395 316 395 316
401 316 400 316
406 316 405 316
411 316 411 316
416 316 416 316
421 316 422 316
432 316 432 316
437 316 437 316
442 316 442 316
317 321 317 321
323 321 322 321
328 321 327 321
333 321 333 321
343 321 343 321
349 321 348 320
354 321 353 319
359 321 358 320
364 321 364 320
369 321 369 321
375 321 374 321
380 321 380 321
385 321 385 320
390 321 390 321
395 321 395 321
401 321 400 321
406 321 405 321
411 321 411 321
421 321 421 321
427 321 426 321
432 321 432 321
437 321 437 321
442 321 442 321
307 326 308 325
312 326 313 326
317 326 317 327
323 326 322 326
333 326 332 326
338 326 338 327
343 326 343 327
349 326 349 326
354 326 353 326
359 326 359 326
364 326 364 326
369 326 369 326
375 326 375 326
380 326 380 326
385 326 385 326
390 326 390 326
395 326 395 326
401 326 400 326
406 326 406 327
411 326 411 326
416 326 416 326
421 326 420 326
427 326 426 326
437 326 437 327
442 326 442 326
302 331 302 330
307 331 308 330
312 331 312 331
317 331 317 332
323 331 322 331
328 331 328 330
338 331 338 331
343 331 343 332
349 331 348 332
354 331 353 332
359 331 358 331
364 331 363 331
369 331 369 330
375 331 374 331
380 331 380 332
385 331 384 331
390 331 390 331
395 331 395 331
401 331 400 331
406 331 405 332
411 331 410 332
416 331 416 332
421 331 420 331
427 331 425 331
432 331 431 331
442 331 442 331
302 336 302 336
307 336 307 336
312 336 312 336
317 336 317 337
323 336 323 336
328 336 328 336
333 336 333 336
343 336 343 337
354 336 353 337
359 336 358 336
364 336 363 336
369 336 369 336
375 336 374 336
380 336 379 337
385 336 384 337
390 336 390 337
395 336 395 336
401 336 400 337
406 336 405 337
411 336 410 337
416 336 415 337
421 336 421 337
427 336 426 336
432 336 431 337
437 336 437 337
