424 25 474 74
441 25 490 72
354 42 411 113
389 42 439 111
424 42 471 89
441 42 490 88
424 59 472 111
476 59 520 121
493 59 538 120
319 77 382 136
337 77 396 136
354 77 412 136
389 77 441 134
406 77 458 132
285 94 352 150
302 94 366 149
319 94 381 148
337 94 397 148
354 94 412 148
389 94 443 147
406 94 459 146
441 94 491 144
458 94 507 145
476 94 523 146
493 94 540 146
337 111 399 160
354 111 413 160
406 111 458 159
424 111 473 159
441 111 494 158
458 111 508 157
476 111 525 157
493 111 541 157
510 111 558 156
528 111 575 158
267 129 335 175
285 129 349 174
302 129 366 173
319 129 383 172
389 129 444 171
250 146 317 203
267 146 333 191
285 146 351 187
302 146 367 185
319 146 384 185
337 146 399 184
354 146 415 184
389 146 446 182
406 146 463 184
424 146 479 184
441 146 495 183
458 146 512 183
476 146 530 181
493 146 547 181
510 146 562 184
233 163 301 222
250 163 313 223
285 163 349 207
302 163 367 200
319 163 384 199
337 163 399 198
354 163 416 196
371 163 432 196
406 163 464 197
424 163 480 196
441 163 499 196
458 163 515 195
476 163 532 195
493 163 548 196
198 181 265 247
215 181 282 245
267 181 330 228
285 181 347 226
302 181 364 220
319 181 383 213
337 181 400 212
458 181 516 209
476 181 534 210
493 181 550 213
181 198 248 259
285 198 347 245
302 198 365 241
319 198 383 236
337 198 402 230
354 198 418 231
389 198 449 228
424 198 483 223
441 198 499 223
476 198 534 225
493 198 551 228
528 198 584 242
545 198 603 241
233 215 290 281
250 215 307 285
285 215 348 263
302 215 364 258
319 215 381 253
337 215 400 252
371 215 429 246
424 215 485 238
441 215 502 238
458 215 518 238
493 215 553 245
545 215 604 258
250 233 306 310
319 233 379 270
337 233 397 272
354 233 412 272
371 233 430 269
389 233 446 267
406 233 463 265
441 233 501 254
493 233 554 268
528 233 589 277
545 233 606 277
267 250 322 325
337 250 395 292
354 250 411 292
371 250 427 291
389 250 450 289
406 250 467 288
424 250 483 286
441 250 501 282
510 250 574 301
528 250 591 298
267 267 322 344
354 267 410 327
424 267 487 307
441 267 503 306
562 267 633 315
250 285 301 355
285 285 341 364
389 285 447 345
406 285 467 342
441 285 502 324
476 285 548 320
510 285 575 350
562 285 635 331
215 302 271 371
250 302 303 379
319 302 376 380
337 302 392 377
354 302 409 376
389 302 447 368
406 302 465 364
458 302 523 339
528 302 595 370
562 302 639 350
215 319 270 388
337 319 393 395
354 319 410 396
371 319 428 394
389 319 448 395
406 319 468 393
510 319 576 390
562 319 643 366
233 337 284 404
371 337 432 410
389 337 451 412
406 337 469 412
424 337 485 413
441 337 505 410
510 337 587 408
545 337 627 387
562 337 646 382
580 337 665 386
337 354 398 430
354 354 413 429
371 354 433 428
389 354 449 432
406 354 469 431
424 354 485 433
441 354 507 431
476 354 543 430
510 354 589 424
545 354 628 405
337 371 398 450
354 371 415 448
371 371 432 447
389 371 449 448
406 371 469 450
424 371 486 451
510 371 592 445
545 371 632 420
319 389 378 470
337 389 399 469
354 389 418 465
371 389 430 466
389 389 449 465
493 389 574 461
