556 208 552 227
585 208 576 226
576 211 568 229
582 211 573 229
585 211 576 229
528 219 528 224
531 219 531 224
602 219 601 230
607 225 607 230
545 230 565 238
590 233 595 273
613 233 613 238
537 236 540 253
610 236 629 256
534 239 541 274
607 239 613 241
619 239 619 240
599 242 618 262
616 242 619 248
619 242 623 247
619 244 623 251
542 247 593 248
604 247 611 251
607 247 614 251
619 247 623 255
621 247 626 255
627 247 632 257
542 250 597 260
545 250 532 269
559 250 567 293
562 250 570 293
565 250 572 292
621 250 626 261
624 250 630 261
627 250 632 261
630 250 635 261
534 253 542 298
548 253 534 272
551 253 537 271
554 253 541 271
556 253 564 298
559 253 567 296
562 253 570 296
565 253 573 296
568 253 576 295
627 253 632 264
633 253 626 252
548 256 535 274
551 256 538 274
619 256 624 270
627 256 630 269
633 256 636 267
548 258 535 276
551 258 538 276
602 258 600 260
627 258 631 279
635 258 636 278
545 261 532 280
548 261 535 279
551 261 538 279
613 261 619 280
630 261 634 282
635 261 636 282
644 261 642 266
545 264 532 283
548 264 535 283
551 264 539 282
568 264 584 295
573 264 572 301
610 264 620 283
613 264 623 283
548 267 536 285
571 267 587 298
610 267 613 287
596 270 599 294
599 270 602 293
534 273 568 278
582 278 616 292
602 278 596 293
610 278 555 293
613 278 561 293
624 278 622 298
602 281 597 296
604 281 599 296
551 284 536 288
556 284 549 297
559 284 552 297
604 284 599 299
607 284 602 299
610 284 605 299
635 284 630 300
647 284 647 295
548 287 531 295
551 287 536 292
556 287 549 300
559 287 552 300
562 287 555 300
568 287 558 299
596 287 588 299
607 287 602 302
610 287 605 302
616 287 609 302
633 287 627 303
635 287 630 303
641 287 632 300
644 287 639 299
647 287 647 299
551 290 536 295
556 290 540 294
559 290 551 303
562 290 554 302
568 290 559 302
593 290 585 300
602 290 594 303
616 290 609 305
630 290 623 306
638 290 629 305
647 290 647 304
559 292 552 305
562 292 555 305
565 292 557 305
593 292 584 303
604 292 596 306
607 292 599 306
624 292 615 307
641 292 631 309
565 295 558 308
568 295 560 308
576 295 567 305
579 295 570 305
582 295 573 304
585 295 576 304
588 295 579 304
593 295 584 306
596 295 588 305
604 295 595 308
621 295 612 310
641 295 630 311
576 298 567 308
579 298 570 307
582 298 573 307
585 298 576 307
588 298 579 307
596 298 586 309
604 298 595 311
576 301 567 311
579 301 570 310
593 301 583 312
596 301 585 312
599 301 588 312
576 304 568 313
579 304 570 312
582 304 573 311
588 304 579 310
599 304 589 314
602 304 591 315
582 306 573 314
588 306 579 313
579 309 570 316
582 309 574 315
607 315 576 315
610 315 579 315
644 315 643 315
647 315 646 314
