528 199 528 199
534 199 534 199
545 199 548 199
548 199 551 199
556 199 556 200
559 199 559 199
562 199 562 199
571 199 574 199
576 199 576 199
579 199 580 199
582 199 582 199
585 199 585 199
556 202 556 202
559 202 560 202
562 202 562 202
568 202 567 202
571 202 570 202
573 202 573 202
576 202 576 202
582 202 582 202
585 202 585 202
588 202 588 202
540 205 539 208
559 205 559 205
562 205 562 205
565 205 564 205
571 205 570 205
576 205 574 205
579 205 577 205
582 205 583 205
585 205 585 205
588 205 588 205
528 208 528 209
540 208 540 210
542 208 542 211
556 208 554 207
565 208 565 208
568 208 567 208
571 208 570 208
573 208 572 208
579 208 579 207
582 208 582 207
585 208 585 208
588 208 588 208
590 208 591 208
593 208 594 208
528 211 529 211
531 211 531 211
542 211 543 213
562 211 562 211
565 211 565 211
568 211 567 211
571 211 570 211
576 211 574 210
579 211 576 210
585 211 584 210
588 211 588 210
590 211 591 210
593 211 594 211
596 211 596 210
528 213 529 214
531 213 534 213
534 213 537 214
537 213 540 216
568 213 567 213
571 213 570 213
576 213 574 213
579 213 579 213
585 213 584 213
588 213 588 213
590 213 591 213
593 213 593 213
596 213 596 213
528 216 528 217
562 216 562 216
568 216 565 217
571 216 567 217
573 216 574 216
576 216 577 216
579 216 580 216
585 216 585 216
588 216 588 216
590 216 591 217
593 216 593 216
596 216 596 216
599 216 599 216
528 219 528 219
531 219 532 219
542 219 542 220
554 219 554 215
556 219 556 219
565 219 562 220
568 219 565 220
571 219 568 220
579 219 580 219
585 219 585 219
588 219 588 219
590 219 591 219
593 219 593 219
596 219 596 219
599 219 599 219
602 219 602 219
604 219 605 219
528 222 528 222
531 222 532 222
537 222 537 225
562 222 559 222
565 222 562 223
568 222 565 222
571 222 568 222
576 222 577 222
579 222 580 222
582 222 583 222
588 222 588 222
590 222 591 222
593 222 593 222
596 222 596 222
599 222 599 222
602 222 602 222
604 222 605 222
528 225 528 225
531 225 532 224
540 225 539 225
542 225 542 226
551 225 553 224
554 225 556 225
568 225 565 225
571 225 568 225
573 225 574 225
576 225 577 224
579 225 579 225
582 225 583 225
588 225 588 224
590 225 591 224
604 225 605 224
607 225 607 224
610 225 610 225
528 227 528 228
531 227 531 227
534 227 535 227
537 227 537 227
540 227 539 228
542 227 542 228
545 227 545 228
551 227 551 228
554 227 553 228
568 227 564 228
571 227 573 231
576 227 577 227
579 227 579 227
582 227 582 228
585 227 585 228
588 227 588 227
593 227 593 225
596 227 596 228
599 227 599 227
602 227 602 228
604 227 605 227
607 227 607 227
610 227 610 228
528 230 529 230
531 230 531 230
534 230 534 230
537 230 537 230
540 230 539 230
542 230 542 230
545 230 545 230
554 230 554 231
579 230 579 230
585 230 585 230
590 230 590 230
593 230 593 230
596 230 596 230
599 230 599 230
602 230 602 230
604 230 605 230
607 230 607 230
610 230 610 230
528 233 529 233
531 233 531 233
534 233 534 232
537 233 537 232
540 233 540 233
542 233 542 233
545 233 545 233
548 233 549 233
551 233 551 233
590 233 590 233
593 233 593 233
596 233 596 233
599 233 599 233
602 233 602 233
604 233 605 233
607 233 608 233
610 233 610 233
528 236 528 236
531 236 532 236
534 236 534 235
537 236 537 236
540 236 540 236
542 236 543 236
545 236 545 236
548 236 549 236
551 236 551 236
554 236 554 236
573 236 568 231
593 236 593 236
596 236 596 236
599 236 599 236
602 236 602 236
604 236 605 236
607 236 607 236
610 236 610 235
613 236 613 236
528 239 528 239
531 239 531 238
534 239 534 238
537 239 537 238
540 239 540 239
542 239 543 239
545 239 545 239
548 239 548 238
551 239 551 238
554 239 553 239
556 239 556 239
593 239 593 239
596 239 596 239
599 239 599 238
602 239 602 239
604 239 605 239
607 239 607 239
610 239 609 238
613 239 613 239
616 239 616 239
528 242 528 242
531 242 532 241
534 242 535 242
537 242 537 241
540 242 540 241
542 242 543 241
545 242 545 241
548 242 548 241
551 242 551 242
554 242 553 241
568 242 574 236
576 242 579 238
588 242 587 242
590 242 590 242
593 242 593 242
596 242 596 242
599 242 599 242
602 242 601 241
604 242 604 242
607 242 607 242
610 242 610 241
613 242 613 241
616 242 616 242
627 242 627 242
528 244 529 245
531 244 531 245
534 244 534 244
537 244 537 244
540 244 540 244
542 244 543 244
548 244 548 244
551 244 550 244
588 244 587 245
590 244 590 245
593 244 593 245
596 244 596 245
599 244 599 245
602 244 602 245
604 244 604 244
607 244 607 244
610 244 610 244
613 244 613 245
616 244 616 245
619 244 619 244
621 244 621 244
627 244 627 245
630 244 630 244
528 247 529 248
531 247 531 247
534 247 534 247
537 247 537 247
540 247 540 247
545 247 545 247
548 247 547 247
551 247 550 247
559 247 557 247
568 247 564 250
585 247 585 247
588 247 588 247
590 247 590 247
593 247 594 247
596 247 597 248
599 247 599 248
602 247 601 248
604 247 604 247
607 247 608 247
610 247 610 247
613 247 613 247
616 247 616 247
619 247 619 247
621 247 621 247
624 247 624 247
627 247 627 247
630 247 630 247
635 247 635 247
528 250 529 250
531 250 531 250
534 250 534 250
537 250 537 250
540 250 540 250
542 250 542 250
545 250 545 250
548 250 548 250
551 250 551 250
554 250 554 250
556 250 556 250
576 250 579 248
582 250 582 249
585 250 585 250
590 250 590 250
593 250 593 250
596 250 597 250
599 250 599 250
602 250 602 250
604 250 605 250
607 250 608 250
610 250 610 250
613 250 613 250
616 250 617 250
619 250 619 250
621 250 622 250
624 250 624 250
627 250 627 250
630 250 630 250
633 250 632 250
635 250 635 250
528 253 528 253
531 253 531 253
534 253 534 252
537 253 536 252
540 253 540 253
542 253 543 253
545 253 545 252
548 253 548 253
554 253 554 253
556 253 557 253
559 253 559 253
562 253 562 253
565 253 564 253
568 253 568 253
571 253 570 253
576 253 577 253
579 253 579 253
582 253 582 253
585 253 585 253
588 253 588 253
590 253 590 253
593 253 594 253
596 253 596 253
599 253 599 253
602 253 602 253
604 253 605 253
607 253 607 253
610 253 609 253
613 253 613 253
619 253 619 253
621 253 621 253
624 253 624 253
627 253 627 253
630 253 630 253
633 253 632 253
635 253 635 253
638 253 637 252
641 253 640 252
528 256 528 256
531 256 531 256
534 256 534 255
537 256 537 255
540 256 539 255
542 256 542 255
545 256 545 255
548 256 548 255
554 256 554 256
556 256 557 255
559 256 560 256
562 256 562 256
565 256 564 256
568 256 567 256
571 256 571 256
573 256 574 255
576 256 577 255
579 256 580 255
582 256 582 255
588 256 588 256
590 256 590 256
593 256 593 256
596 256 596 256
599 256 599 256
602 256 602 256
604 256 605 256
607 256 607 256
610 256 610 256
613 256 613 256
616 256 616 256
619 256 618 256
621 256 621 256
624 256 624 256
627 256 627 256
630 256 630 256
633 256 633 256
635 256 636 256
638 256 638 256
641 256 641 256
528 258 528 258
531 258 531 258
534 258 534 258
537 258 537 258
540 258 540 258
542 258 542 258
545 258 545 259
548 258 548 258
551 258 551 258
556 258 557 258
559 258 560 259
562 258 562 259
565 258 564 258
568 258 568 258
571 258 571 258
573 258 574 258
576 258 577 258
579 258 580 258
582 258 582 258
585 258 585 258
588 258 588 258
590 258 590 258
593 258 594 259
596 258 596 258
599 258 599 258
602 258 602 259
604 258 605 258
607 258 608 259
610 258 610 258
613 258 613 258
616 258 616 258
619 258 619 258
621 258 622 258
624 258 624 258
627 258 628 259
630 258 631 258
633 258 633 258
635 258 636 259
638 258 639 259
641 258 641 259
644 258 644 259
528 261 528 261
534 261 534 261
540 261 541 261
542 261 543 261
545 261 545 261
548 261 548 261
551 261 551 261
556 261 557 261
559 261 560 261
562 261 562 261
565 261 565 261
568 261 568 261
571 261 571 261
573 261 573 261
576 261 576 261
579 261 579 262
582 261 582 261
585 261 585 261
588 261 588 261
590 261 590 261
593 261 593 261
596 261 596 261
599 261 599 261
602 261 602 262
604 261 605 262
607 261 608 261
610 261 610 261
613 261 613 261
616 261 616 261
619 261 619 262
621 261 622 261
624 261 625 261
627 261 628 261
630 261 631 261
633 261 633 261
635 261 636 262
638 261 638 261
641 261 642 262
644 261 645 262
647 261 647 262
534 264 535 264
540 264 540 264
542 264 543 264
545 264 545 264
548 264 548 264
551 264 551 264
556 264 557 264
565 264 565 264
568 264 568 264
571 264 571 264
573 264 574 264
579 264 579 264
582 264 582 264
585 264 585 264
588 264 587 264
590 264 590 264
593 264 593 264
596 264 596 264
599 264 599 264
602 264 602 264
604 264 605 264
607 264 607 264
613 264 613 264
616 264 615 264
619 264 618 264
621 264 622 264
624 264 624 264
627 264 627 264
633 264 633 264
635 264 636 264
638 264 638 264
644 264 645 265
647 264 647 265
537 267 537 268
542 267 543 267
545 267 545 267
548 267 548 267
551 267 551 267
554 267 554 267
556 267 557 267
562 267 562 267
565 267 565 267
568 267 568 267
571 267 571 267
573 267 574 267
576 267 576 267
582 267 583 268
585 267 585 268
588 267 588 267
590 267 590 267
593 267 594 267
596 267 596 267
599 267 599 267
602 267 602 267
604 267 605 267
607 267 606 267
610 267 610 267
613 267 613 266
616 267 615 266
619 267 618 267
621 267 621 267
624 267 624 267
627 267 627 267
630 267 630 267
633 267 633 267
635 267 636 267
641 267 641 267
644 267 645 267
647 267 647 267
540 270 540 270
542 270 543 270
545 270 548 270
551 270 551 270
554 270 554 270
556 270 557 270
559 270 560 270
562 270 562 270
565 270 565 270
568 270 568 270
571 270 571 270
573 270 574 270
576 270 577 270
579 270 580 270
582 270 583 270
585 270 585 270
588 270 588 270
590 270 590 270
593 270 593 270
596 270 596 270
599 270 599 270
602 270 602 270
604 270 604 270
607 270 607 269
610 270 610 269
613 270 613 269
616 270 616 269
621 270 621 270
627 270 627 269
630 270 630 270
633 270 633 270
635 270 635 270
638 270 638 270
644 270 645 270
647 270 647 271
540 273 540 273
542 273 543 273
545 273 546 273
548 273 548 273
551 273 551 272
554 273 554 273
556 273 557 273
559 273 560 273
562 273 562 273
565 273 565 273
568 273 568 273
571 273 571 273
573 273 574 273
576 273 577 273
579 273 579 273
582 273 581 273
585 273 584 273
588 273 588 273
590 273 590 273
593 273 593 272
596 273 596 272
599 273 599 273
602 273 602 273
604 273 604 273
607 273 607 272
613 273 613 272
616 273 615 272
619 273 619 273
621 273 621 273
627 273 627 273
630 273 630 273
633 273 632 273
635 273 636 273
638 273 639 273
644 273 645 273
647 273 647 273
537 275 537 275
540 275 540 276
542 275 543 276
545 275 546 276
548 275 548 276
551 275 551 275
554 275 554 275
556 275 557 275
559 275 559 275
562 275 562 275
565 275 565 275
568 275 568 275
571 275 571 275
573 275 574 275
576 275 577 275
579 275 579 275
582 275 582 275
585 275 584 275
588 275 588 276
590 275 590 276
593 275 593 275
596 275 596 275
599 275 599 275
602 275 602 275
604 275 604 275
607 275 607 275
613 275 613 275
616 275 616 276
619 275 619 275
621 275 621 275
624 275 624 276
627 275 628 275
630 275 630 276
633 275 633 275
635 275 636 276
540 278 539 278
542 278 543 279
545 278 545 278
548 278 548 278
551 278 551 278
554 278 554 278
556 278 557 278
559 278 559 278
562 278 563 278
565 278 565 278
568 278 568 278
571 278 571 278
573 278 573 278
576 278 576 278
579 278 579 278
582 278 582 278
585 278 584 278
588 278 587 278
590 278 590 279
593 278 593 278
596 278 596 278
599 278 599 278
602 278 602 278
604 278 604 278
607 278 607 278
610 278 610 278
613 278 613 278
616 278 616 278
619 278 619 278
621 278 622 278
627 278 628 278
630 278 630 278
633 278 632 282
635 278 636 278
638 278 639 279
644 278 644 279
647 278 647 278
537 281 537 281
540 281 539 281
542 281 543 281
545 281 545 281
548 281 548 281
551 281 551 281
554 281 554 281
556 281 557 281
559 281 559 281
562 281 562 281
565 281 565 281
568 281 568 281
571 281 571 281
573 281 573 281
576 281 577 281
579 281 579 281
582 281 582 281
585 281 584 281
588 281 587 281
590 281 591 281
593 281 593 281
596 281 596 281
599 281 599 281
602 281 602 281
604 281 604 281
607 281 607 281
610 281 610 281
619 281 619 281
621 281 622 281
624 281 625 281
627 281 627 281
630 281 630 284
633 281 632 284
635 281 636 281
638 281 639 281
641 281 641 281
644 281 644 281
647 281 647 281
540 284 539 284
542 284 543 284
545 284 545 284
548 284 548 284
551 284 552 284
554 284 554 284
556 284 557 284
559 284 559 284
562 284 562 284
565 284 565 284
568 284 568 284
571 284 571 284
573 284 573 284
576 284 576 284
579 284 579 284
582 284 582 284
585 284 584 284
588 284 587 284
590 284 591 284
593 284 593 284
596 284 596 284
599 284 599 284
602 284 602 284
604 284 604 284
607 284 607 284
610 284 611 284
616 284 613 282
624 284 624 284
627 284 627 284
638 284 638 284
641 284 641 284
644 284 643 284
647 284 646 284
548 287 548 286
551 287 551 287
554 287 554 286
556 287 557 286
559 287 560 286
562 287 563 286
565 287 565 287
568 287 568 287
571 287 571 287
573 287 573 287
576 287 576 287
579 287 579 287
585 287 585 286
590 287 591 287
593 287 593 287
596 287 596 287
599 287 599 286
602 287 602 287
604 287 604 287
607 287 607 287
616 287 612 284
619 287 619 287
621 287 621 287
624 287 624 287
627 287 627 287
630 287 630 287
633 287 633 287
635 287 636 287
638 287 638 287
641 287 641 287
644 287 644 287
647 287 647 287
551 290 552 290
554 290 554 289
556 290 557 289
559 290 560 289
562 290 563 290
565 290 566 290
568 290 568 289
571 290 571 289
573 290 573 290
576 290 576 289
579 290 579 290
582 290 582 290
588 290 588 289
590 290 591 289
593 290 593 290
596 290 596 290
599 290 599 289
602 290 602 290
604 290 605 290
607 290 607 289
613 290 610 287
616 290 613 287
619 290 619 289
621 290 621 289
624 290 624 289
627 290 627 290
630 290 630 290
633 290 633 290
635 290 635 290
638 290 638 289
641 290 640 289
644 290 644 290
647 290 647 290
551 292 551 292
554 292 554 292
556 292 557 293
559 292 560 293
562 292 562 293
565 292 565 292
568 292 568 293
571 292 571 292
573 292 574 293
576 292 577 293
579 292 579 293
582 292 582 293
585 292 585 292
588 292 588 292
590 292 590 292
593 292 593 292
596 292 596 292
599 292 599 292
602 292 602 292
604 292 604 292
607 292 607 292
610 292 610 292
613 292 613 292
616 292 615 292
619 292 618 292
621 292 621 292
624 292 625 292
627 292 628 292
630 292 630 292
633 292 633 292
635 292 635 292
638 292 638 292
641 292 641 292
644 292 644 292
647 292 647 293
548 295 548 295
551 295 551 295
554 295 554 295
556 295 557 296
559 295 560 295
562 295 562 295
565 295 565 295
568 295 568 295
571 295 571 296
573 295 573 295
576 295 576 295
579 295 579 295
582 295 582 295
585 295 585 295
588 295 588 295
590 295 590 295
593 295 593 295
596 295 596 295
599 295 599 295
602 295 602 295
604 295 604 295
607 295 607 295
610 295 610 295
613 295 613 295
616 295 616 295
619 295 618 295
621 295 621 295
624 295 625 295
627 295 628 295
630 295 630 295
633 295 633 295
635 295 635 295
638 295 638 295
641 295 641 295
644 295 644 295
647 295 647 295
554 298 551 298
556 298 557 298
562 298 562 297
565 298 565 298
568 298 568 298
571 298 571 298
573 298 573 298
576 298 576 298
579 298 579 298
582 298 582 298
585 298 585 298
588 298 588 297
590 298 590 298
593 298 593 298
596 298 596 298
599 298 599 298
602 298 602 298
604 298 605 298
607 298 608 298
610 298 610 298
613 298 613 298
616 298 616 298
619 298 618 298
621 298 621 298
624 298 624 298
627 298 626 298
630 298 629 298
633 298 633 298
635 298 636 298
638 298 638 298
641 298 641 298
644 298 644 298
647 298 647 298
565 301 565 300
568 301 568 300
571 301 571 301
573 301 573 302
576 301 576 301
579 301 579 301
582 301 582 301
585 301 585 300
588 301 587 301
590 301 590 301
593 301 593 301
596 301 596 301
599 301 599 301
602 301 602 301
604 301 605 301
607 301 607 301
610 301 610 301
613 301 612 300
616 301 615 300
619 301 618 301
621 301 621 301
624 301 624 301
627 301 627 300
630 301 629 300
633 301 632 301
635 301 635 300
638 301 638 301
641 301 641 301
644 301 644 301
647 301 646 301
571 304 570 304
573 304 573 304
576 304 576 304
579 304 579 304
582 304 582 303
585 304 585 304
588 304 587 304
590 304 591 304
593 304 593 304
596 304 596 304
599 304 598 304
602 304 601 304
604 304 604 304
607 304 607 303
610 304 610 303
613 304 613 303
616 304 616 303
619 304 618 303
621 304 621 304
624 304 624 303
627 304 627 303
630 304 630 303
633 304 632 303
635 304 635 303
638 304 639 303
641 304 641 303
644 304 644 303
647 304 647 303
571 306 571 306
573 306 574 306
576 306 577 307
579 306 580 306
582 306 582 306
585 306 585 306
588 306 588 307
590 306 590 306
593 306 593 306
596 306 596 307
599 306 599 307
602 306 601 306
604 306 604 306
607 306 607 306
610 306 610 306
613 306 613 306
616 306 616 306
619 306 618 306
621 306 621 306
624 306 624 306
627 306 627 306
630 306 630 306
633 306 632 306
635 306 635 307
638 306 638 306
641 306 641 306
644 306 644 306
647 306 647 306
576 309 576 309
579 309 579 309
582 309 582 309
585 309 585 309
588 309 588 309
590 309 590 309
593 309 593 309
596 309 596 309
599 309 599 309
602 309 601 309
604 309 604 309
607 309 607 309
610 309 610 309
613 309 613 309
616 309 616 309
619 309 618 308
621 309 621 309
624 309 625 309
627 309 627 309
630 309 630 309
633 309 632 310
635 309 635 310
638 309 638 310
641 309 641 309
644 309 644 309
647 309 647 309
579 312 579 312
585 312 585 312
588 312 587 312
590 312 590 312
593 312 593 312
596 312 596 313
599 312 599 313
602 312 601 312
604 312 604 312
607 312 608 312
610 312 610 312
613 312 613 312
616 312 616 312
619 312 618 312
621 312 621 311
624 312 624 312
627 312 627 312
630 312 630 312
633 312 633 312
635 312 636 312
638 312 639 312
641 312 642 313
644 312 645 313
647 312 647 312
585 315 585 314
588 315 588 315
590 315 591 315
596 315 596 315
599 315 599 315
604 315 602 315
607 315 607 315
610 315 610 315
613 315 613 315
624 315 624 315
630 315 630 315
633 315 633 315
635 315 636 315
638 315 639 315
641 315 642 315
644 315 645 315
647 315 647 315
