562 199 565 199
568 199 573 199
571 199 576 199
573 199 579 199
576 199 582 199
579 199 585 199
585 199 589 199
548 202 548 203
559 202 563 202
562 202 566 201
565 202 570 202
568 202 573 202
571 202 577 202
573 202 579 202
542 205 542 205
545 205 545 205
548 205 548 205
551 205 557 203
554 205 560 203
556 205 563 203
559 205 566 204
565 205 570 204
568 205 574 204
571 205 576 203
585 205 590 201
590 205 595 202
593 205 598 202
542 208 542 208
548 208 554 205
551 208 557 206
554 208 560 206
556 208 563 206
559 208 565 206
565 208 571 206
579 208 583 203
588 208 591 203
593 208 598 204
596 208 601 205
548 211 554 208
551 211 557 208
582 211 586 205
585 211 588 205
593 211 597 206
596 211 600 206
540 213 545 209
542 213 548 209
545 213 551 210
556 213 563 209
579 213 583 207
582 213 586 207
588 213 591 208
590 213 595 208
596 213 600 209
537 216 542 211
548 216 554 212
576 216 579 209
579 216 582 209
582 216 585 210
588 216 590 210
590 216 594 211
593 216 597 211
531 219 534 220
540 219 545 212
542 219 548 212
545 219 551 212
551 219 556 212
556 219 562 211
576 219 579 212
579 219 582 212
582 219 585 213
585 219 588 213
588 219 591 213
590 219 593 213
593 219 596 213
596 219 600 213
540 222 544 214
542 222 547 214
562 222 566 213
590 222 594 217
596 222 600 216
599 222 602 218
534 225 539 220
542 225 546 217
545 225 547 216
548 225 551 217
554 225 557 217
556 225 560 217
559 225 563 218
568 225 571 218
593 225 596 219
596 225 599 219
542 227 546 220
554 227 559 220
556 227 563 220
568 227 568 221
576 227 577 220
579 227 580 220
590 227 592 221
593 227 594 221
596 227 597 221
534 230 540 223
542 230 548 222
545 230 551 223
551 230 553 223
554 230 556 223
556 230 559 223
565 230 566 223
576 230 576 223
579 230 579 223
590 230 593 224
593 230 596 224
602 230 603 227
531 233 534 226
537 233 540 225
540 233 545 225
548 233 554 226
554 233 556 226
556 233 559 227
565 233 565 226
568 233 574 224
582 233 581 227
590 233 593 227
593 233 596 227
599 233 599 227
602 233 602 230
531 236 534 228
542 236 546 229
545 236 548 229
548 236 550 229
565 236 565 229
568 236 574 227
571 236 577 227
599 236 600 230
604 236 605 231
610 236 610 233
531 239 533 231
534 239 536 231
540 239 543 231
542 239 546 232
551 239 554 232
571 239 577 230
582 239 579 235
588 239 588 239
590 239 590 239
599 239 599 234
602 239 602 234
604 239 605 234
531 242 533 234
537 242 539 232
548 242 550 235
562 242 562 232
588 242 588 242
596 242 597 236
599 242 599 236
602 242 602 237
604 242 604 237
607 242 607 238
542 244 547 244
565 244 567 256
593 244 594 239
596 244 597 238
602 244 602 239
604 244 605 239
607 244 608 241
540 247 544 246
542 247 545 235
545 247 550 247
562 247 561 237
593 247 594 241
596 247 597 241
602 247 602 242
604 247 605 242
531 250 536 248
551 250 553 246
579 250 577 255
590 250 591 245
593 250 594 244
596 250 597 244
599 250 599 244
602 250 602 245
604 250 605 245
607 250 608 245
610 250 611 247
528 253 530 240
531 253 536 252
537 253 539 252
540 253 542 253
551 253 556 257
590 253 591 248
593 253 594 247
596 253 597 250
599 253 600 250
604 253 605 249
531 256 533 243
540 256 542 257
579 256 579 259
588 256 588 252
593 256 594 250
528 258 530 257
545 258 545 258
548 258 548 258
588 258 588 255
593 258 596 252
596 258 598 254
599 258 601 254
528 261 530 260
531 261 535 260
534 261 538 261
545 261 544 261
576 261 579 250
588 261 590 255
593 261 596 255
596 261 599 256
599 261 602 256
604 261 607 256
607 261 609 255
610 261 612 256
534 264 538 263
579 264 582 264
585 264 587 258
588 264 590 258
596 264 599 259
599 264 602 259
604 264 607 259
607 264 610 259
610 264 612 259
613 264 615 259
554 267 553 260
559 267 562 264
562 267 565 264
571 267 573 265
585 267 587 261
588 267 590 261
590 267 593 262
593 267 596 262
596 267 599 262
599 267 601 262
602 267 605 262
604 267 608 262
607 267 610 261
610 267 612 261
613 267 616 262
531 270 533 266
534 270 536 266
537 270 539 266
556 270 559 266
559 270 562 266
576 270 579 267
579 270 582 267
582 270 585 268
585 270 587 267
588 270 590 265
590 270 593 265
593 270 596 265
596 270 599 265
599 270 602 265
602 270 604 265
604 270 607 265
607 270 610 265
610 270 613 264
613 270 615 265
619 270 622 265
534 273 536 269
540 273 542 269
542 273 545 269
556 273 559 269
559 273 561 269
562 273 564 269
568 273 573 270
573 273 576 270
576 273 578 270
579 273 581 270
582 273 584 270
585 273 587 270
588 273 591 271
590 273 593 268
593 273 596 268
596 273 599 268
599 273 601 268
602 273 605 268
604 273 607 268
607 273 610 267
616 273 618 267
619 273 622 268
621 273 624 268
624 273 627 267
537 275 539 271
540 275 542 271
542 275 545 271
545 275 547 271
548 275 550 271
554 275 555 271
556 275 558 271
559 275 561 272
562 275 565 271
565 275 570 273
568 275 573 272
573 275 576 273
576 275 578 273
579 275 581 273
582 275 584 273
585 275 587 273
596 275 599 272
599 275 602 271
602 275 605 271
604 275 607 271
607 275 611 270
610 275 613 270
613 275 616 270
619 275 622 270
621 275 624 270
627 275 630 270
630 275 633 271
635 275 639 271
537 278 538 278
542 278 545 273
545 278 547 274
548 278 550 274
554 278 555 274
579 278 581 276
590 278 593 275
593 278 596 275
607 278 610 273
610 278 613 273
613 278 615 273
616 278 619 273
619 278 622 273
621 278 626 274
627 278 631 273
630 278 633 273
633 278 636 274
635 278 639 274
534 281 533 275
540 281 541 275
554 281 553 277
556 281 556 277
582 281 581 278
596 281 598 277
599 281 601 277
602 281 603 277
607 281 609 276
610 281 613 276
613 281 616 276
616 281 619 276
619 281 622 276
621 281 625 276
624 281 628 276
630 281 633 276
633 281 636 276
635 281 639 277
573 284 560 297
576 284 563 297
590 284 593 279
596 284 597 279
599 284 600 280
602 284 604 279
604 284 606 279
610 284 613 279
613 284 615 279
616 284 618 279
619 284 621 279
621 284 624 279
624 284 627 279
630 284 633 279
633 284 636 279
635 284 639 279
638 284 641 278
551 287 553 284
582 287 581 284
585 287 589 283
590 287 593 282
593 287 592 284
596 287 595 284
599 287 599 282
602 287 602 281
604 287 605 282
607 287 610 282
613 287 615 282
616 287 618 282
619 287 621 282
621 287 624 282
624 287 627 282
630 287 633 282
633 287 635 282
635 287 639 282
638 287 642 282
548 290 549 287
551 290 553 287
554 290 555 287
588 290 587 287
590 290 589 287
593 290 592 287
599 290 598 287
602 290 600 288
604 290 604 284
607 290 609 285
616 290 618 285
619 290 621 285
621 290 625 285
624 290 628 285
627 290 630 285
630 290 633 285
633 290 635 285
635 290 638 285
638 290 641 285
548 292 549 292
582 292 581 293
590 292 589 290
593 292 592 290
596 292 595 290
599 292 598 290
604 292 604 286
610 292 612 287
616 292 619 288
619 292 621 288
621 292 624 288
624 292 627 288
627 292 630 288
630 292 633 288
633 292 636 288
635 292 639 288
638 292 641 288
641 292 644 288
554 295 552 292
590 295 590 293
593 295 592 292
596 295 595 292
602 295 601 289
604 295 604 290
607 295 607 291
610 295 612 290
613 295 615 290
616 295 619 290
619 295 622 291
621 295 625 291
624 295 627 291
627 295 630 291
630 295 633 291
633 295 635 291
635 295 638 291
638 295 640 291
647 295 646 288
551 298 550 295
585 298 583 297
590 298 589 296
593 298 592 296
599 298 598 293
602 298 601 293
604 298 604 293
607 298 606 293
613 298 615 293
616 298 617 292
619 298 621 293
621 298 624 294
624 298 627 294
627 298 630 294
630 298 633 294
633 298 635 294
635 298 638 294
638 298 640 297
647 298 647 292
551 301 550 301
559 301 554 304
568 301 561 304
585 301 583 299
588 301 586 299
590 301 589 298
593 301 591 298
596 301 594 297
599 301 597 297
602 301 601 296
604 301 604 296
607 301 606 296
613 301 615 296
616 301 617 295
621 301 624 296
624 301 627 297
627 301 629 297
630 301 632 297
633 301 635 297
638 301 641 299
641 301 644 299
647 301 647 294
551 304 550 304
590 304 589 301
593 304 591 301
596 304 594 301
599 304 597 300
604 304 603 299
607 304 607 299
613 304 615 298
616 304 618 298
621 304 624 299
624 304 627 300
627 304 629 300
630 304 632 300
633 304 635 300
635 304 638 300
641 304 644 302
647 304 647 303
554 306 552 307
585 306 584 305
588 306 586 304
590 306 589 304
593 306 591 304
596 306 594 304
602 306 600 303
604 306 603 304
607 306 607 304
610 306 611 302
613 306 615 302
616 306 618 302
621 306 623 302
624 306 626 302
627 306 629 303
630 306 632 303
633 306 635 303
635 306 638 303
638 306 641 303
641 306 644 305
556 309 556 310
559 309 558 309
582 309 578 310
585 309 584 307
588 309 584 311
590 309 589 306
593 309 591 307
596 309 594 308
599 309 598 307
602 309 601 306
604 309 604 306
607 309 606 307
610 309 609 307
616 309 618 305
619 309 620 305
624 309 626 305
633 309 633 305
635 309 637 306
647 309 647 306
559 312 558 312
576 312 575 313
582 312 578 313
585 312 581 313
588 312 584 313
590 312 587 313
607 312 606 310
610 312 609 310
616 312 618 309
619 312 620 309
621 312 623 308
624 312 626 308
630 312 632 309
635 312 636 308
641 312 643 309
647 312 647 309
559 315 559 315
565 315 563 316
582 315 580 315
588 315 584 315
593 315 592 315
599 315 596 315
602 315 600 314
604 315 603 313
610 315 609 313
619 315 623 314
647 315 647 312
