458 25 468 69
441 94 457 123
389 129 417 168
476 129 489 170
493 129 505 170
545 129 546 172
337 146 370 175
354 146 389 174
371 146 403 176
423 146 444 177
528 146 532 180
371 163 400 186
389 163 417 186
423 163 447 187
441 163 461 186
458 163 475 187
476 163 488 186
319 181 356 194
337 181 370 194
354 181 386 194
302 198 338 207
319 198 356 205
337 198 372 205
371 198 403 202
389 198 418 202
423 198 447 203
458 198 478 203
476 198 493 203
493 198 508 206
302 215 339 230
319 215 353 223
337 215 369 219
354 215 388 213
493 215 510 218
319 233 353 243
337 233 369 236
354 233 388 230
371 233 401 229
389 233 417 227
406 233 434 227
441 233 463 224
458 233 480 225
476 233 494 226
510 233 525 235
528 233 545 257
545 233 559 255
562 233 577 255
233 250 267 285
302 250 336 267
354 250 387 254
371 250 400 250
389 250 418 247
423 250 446 240
441 250 464 236
458 250 480 237
476 250 496 237
493 250 511 243
510 250 529 255
545 250 561 270
285 267 314 332
337 267 368 269
354 267 384 273
371 267 402 275
406 267 431 270
441 267 464 261
458 267 481 250
528 267 550 291
545 267 563 289
302 285 322 348
337 285 368 293
354 285 384 295
389 285 412 297
406 285 428 294
423 285 446 289
441 285 462 289
528 285 550 327
337 302 358 365
371 302 395 349
406 319 431 364
423 319 449 360
371 337 392 395
406 337 429 397
423 337 450 386
337 354 358 406
389 354 413 414
406 354 430 414
423 354 451 415
458 354 483 419
406 371 433 429
423 371 451 432
441 371 467 430
458 371 485 430
493 371 521 432
302 389 323 441
337 389 359 436
354 389 374 438
371 389 393 440
389 389 414 443
423 389 451 448
441 389 465 451
476 389 501 446
337 406 360 456
354 406 374 453
371 406 398 457
389 406 413 458
406 406 429 456
354 423 375 470
371 423 395 471
389 423 413 472
406 423 428 472
