1 0 0 -0.04922165349125862 
0 1 0 -0.0675094872713089 
0 0 1 -0.5077975988388062 
0 0 0 1 

0.9980403184890747 -0.02493847347795963 -0.0573892630636692 -0.04572807997465134 
0.0289283748716116 0.9971430897712708 0.06977662444114685 -0.1082818135619164 
0.05548517033457756 -0.07130007445812225 0.9959104657173157 -0.5071166753768921 
0 0 0 1 

0.9817209839820862 -0.1724518686532974 -0.08052372932434082 -0.02990377135574818 
0.1766776293516159 0.9830662608146667 0.04863801971077919 -0.113153949379921 
0.07077240198850632 -0.06197575852274895 0.9955652952194214 -0.5198986530303955 
0 0 0 1 

0.9743310213088989 -0.2119772136211395 -0.07579367607831955 -0.02990240789949894 
0.2174313962459564 0.9733533263206482 0.07284793257713318 -0.1281099319458008 
0.05833189561963081 -0.08745795488357544 0.9944589138031006 -0.5163130164146423 
0 0 0 1 

0.9538115859031677 -0.28728386759758 -0.0878143385052681 -0.01886365935206413 
0.2945886552333832 0.9517339468002319 0.08613923192024231 -0.1365457475185394 
0.05882944911718369 -0.1080297231674194 0.9924054741859436 -0.5129998326301575 
0 0 0 1 

0.9593906402587891 -0.2745188772678375 -0.06487593799829483 -0.02870028093457222 
0.2781432569026947 0.9589328169822693 0.05553488060832024 -0.1200771406292915 
0.04696626588702202 -0.07132446765899658 0.9963468313217163 -0.5212478041648865 
0 0 0 1 

0.9677809476852417 -0.2435955703258514 -0.06372646242380142 -0.02904350683093071 
0.2474817335605621 0.9668760895729065 0.0624760203063488 -0.1251920908689499 
0.04639666900038719 -0.07623427361249924 0.996009886264801 -0.5222371816635132 
0 0 0 1 

0.9443793892860413 -0.3233663737773895 -0.05984728038311005 -0.06117019057273865 
0.3285405337810516 0.9357066750526428 0.1285071820020676 -0.195515438914299 
0.01444455794990063 -0.141021803021431 0.9899011254310608 -0.5425682067871094 
0 0 0 1 

-0.3162424266338348 -0.9485231041908264 -0.01716318540275097 -0.04753822460770607 
0.929737389087677 -0.3134748935699463 0.1931883692741394 -0.1505849212408066 
-0.1886238604784012 0.04513712227344513 0.9810115694999695 -0.4915023446083069 
0 0 0 1 

0.563922107219696 -0.8182365894317627 -0.111716240644455 0.0007956493645906448 
0.823106050491333 0.5459228754043579 0.1564109027385712 -0.1825409978628159 
-0.06699271500110626 -0.1801578998565674 0.9813537001609802 -0.5997990369796753 
0 0 0 1 

