545 211 587 234
537 216 540 241
568 216 575 257
579 216 591 215
531 219 530 247
579 219 591 218
528 222 528 249
582 222 593 222
588 225 603 226
568 227 552 218
593 227 589 213
571 230 571 214
551 236 535 229
573 236 576 217
588 236 569 228
528 239 528 237
576 239 578 224
602 239 602 223
604 239 605 224
528 242 529 240
531 242 531 241
599 242 618 247
528 244 528 243
599 244 618 251
602 244 622 252
610 244 611 224
593 247 612 254
599 247 618 255
537 253 553 270
590 253 612 257
593 253 614 258
596 253 616 258
619 253 617 237
531 256 547 274
534 256 549 273
537 256 543 250
540 256 546 250
590 256 612 260
593 256 614 261
616 256 630 265
619 256 617 240
630 256 630 256
537 258 543 254
540 258 546 254
571 258 596 259
604 258 617 260
624 258 619 243
528 261 536 257
531 261 538 257
542 261 554 277
633 261 633 261
635 261 636 260
534 264 538 260
537 264 541 260
630 264 636 277
635 264 636 266
534 267 538 263
537 267 541 263
571 267 576 284
607 267 617 273
630 267 633 280
528 270 529 264
619 270 616 280
621 270 619 280
627 270 627 282
528 273 528 268
548 273 553 286
554 273 560 289
556 273 565 290
565 273 594 281
602 273 602 284
619 273 616 282
621 273 619 282
627 273 627 285
644 273 643 282
528 275 528 270
531 275 531 271
537 275 537 271
542 275 547 288
545 275 550 288
551 275 557 289
556 275 578 290
593 275 593 285
596 275 597 286
599 275 599 286
602 275 601 290
619 275 617 285
647 275 645 287
528 278 528 273
531 278 531 273
534 278 534 274
540 278 540 278
545 278 550 291
559 278 581 294
562 278 584 291
585 278 591 295
616 278 614 289
619 278 617 289
630 278 627 289
528 281 528 279
531 281 530 276
537 281 537 281
545 281 542 281
551 281 556 295
556 281 580 298
585 281 589 298
593 281 596 295
616 281 617 294
644 281 641 296
647 281 647 297
531 284 530 280
551 284 556 297
633 284 626 295
638 284 632 296
641 284 635 295
647 284 647 301
531 287 530 283
545 287 539 290
548 287 542 288
607 287 605 297
610 287 607 296
633 287 626 298
635 287 629 298
638 287 632 299
644 287 638 300
548 290 541 290
551 290 545 291
554 290 547 291
602 290 596 299
610 290 607 300
619 290 618 303
633 290 626 301
635 290 629 301
638 290 632 302
644 290 637 302
554 292 548 293
556 292 550 293
562 292 554 292
565 292 557 292
568 292 559 292
571 292 562 293
599 292 592 301
602 292 595 301
604 292 601 305
607 292 601 301
616 292 616 304
619 292 619 306
621 292 622 306
548 295 541 299
551 295 546 300
554 295 550 300
556 295 553 300
568 295 559 295
571 295 561 296
573 295 564 296
590 295 583 297
599 295 592 303
602 295 595 305
604 295 598 305
610 295 604 304
613 295 612 309
616 295 615 308
619 295 618 308
630 295 622 305
633 295 624 304
635 295 628 305
554 298 549 303
556 298 555 304
559 298 561 309
568 298 558 298
571 298 561 298
588 298 577 302
610 298 604 309
635 298 628 308
647 298 646 303
559 301 561 313
562 301 564 311
568 301 558 301
571 301 561 301
573 301 563 302
579 301 568 302
582 301 572 302
585 301 574 303
593 301 583 304
596 301 586 304
599 301 589 303
602 301 592 307
604 301 595 307
633 301 621 310
635 301 624 310
638 301 631 311
647 301 646 306
556 304 555 310
571 304 560 305
576 304 565 305
579 304 568 305
582 304 571 305
585 304 574 305
588 304 576 306
590 304 579 307
593 304 582 307
596 304 585 307
627 304 615 312
633 304 621 313
638 304 626 313
641 304 630 314
644 304 633 314
579 306 568 308
582 306 571 308
585 306 573 308
588 306 576 309
590 306 579 309
593 306 582 309
596 306 584 310
579 309 567 310
582 309 570 310
585 309 573 311
588 309 576 311
590 309 579 312
593 309 582 312
596 309 584 313
647 309 646 312
647 312 642 312
576 315 566 316
582 315 570 315
585 315 572 315
588 315 576 315
619 315 584 315
630 315 623 316
644 315 640 315
