542 275 538 290
562 295 556 306
602 295 597 304
641 295 637 304
562 298 557 309
588 298 578 303
638 298 635 308
644 298 638 308
562 301 557 313
588 301 578 306
590 301 581 305
579 304 569 308
582 304 572 308
585 304 575 307
576 306 567 312
579 306 569 311
582 306 572 310
585 306 575 309
599 306 588 311
576 309 567 314
579 309 569 314
582 309 572 313
590 309 580 313
593 309 583 313
596 309 585 311
599 309 588 314
602 309 591 314
641 309 641 307
644 309 644 307
582 315 573 316
588 315 579 316
644 315 644 314
