596 213 592 212
554 216 585 202
556 216 570 216
568 216 587 211
571 216 564 201
573 216 567 201
596 216 592 214
599 216 595 214
556 219 578 214
562 219 575 219
585 219 586 225
588 219 588 225
596 219 594 224
599 219 598 224
590 222 592 227
596 222 595 229
573 225 590 217
599 225 598 229
590 227 592 232
599 227 598 232
602 227 601 233
562 230 580 226
599 230 598 235
602 230 601 236
531 233 544 232
540 233 559 227
559 233 577 228
562 233 580 228
528 236 529 255
537 236 557 230
540 236 560 230
559 236 577 231
562 236 580 231
599 236 597 238
604 236 604 241
528 239 528 261
548 239 562 239
604 239 604 244
545 242 576 234
602 244 593 255
545 247 577 240
613 247 612 251
582 250 587 257
602 250 593 264
613 250 612 254
582 253 587 261
602 256 557 271
619 256 617 256
579 258 581 258
588 258 592 268
616 258 613 262
619 258 616 262
534 261 567 253
554 261 556 245
616 261 613 266
537 264 570 255
585 264 587 264
621 264 628 270
624 264 625 264
540 267 573 258
551 267 559 247
559 267 564 246
619 267 619 269
621 267 623 269
534 270 567 260
537 270 570 260
540 270 572 262
562 270 566 248
610 270 613 271
627 270 636 279
531 273 566 263
537 273 569 263
542 273 575 263
545 273 577 263
562 273 566 251
613 273 616 274
616 273 619 274
619 273 622 274
621 273 625 275
627 273 627 275
537 275 569 266
540 275 572 267
542 275 575 266
571 275 571 243
616 275 619 276
619 275 622 277
624 275 624 278
528 278 528 267
534 278 568 271
537 278 569 268
540 278 572 272
542 278 576 270
545 278 578 269
571 278 570 246
573 278 573 246
593 278 601 271
619 278 622 280
621 278 625 280
635 278 639 279
528 281 528 270
534 281 569 281
602 281 613 277
633 281 638 284
635 281 640 281
531 284 565 285
588 284 599 273
624 284 624 286
638 284 644 285
534 287 568 289
624 287 629 289
638 287 641 287
531 290 565 292
534 290 568 292
537 290 573 292
627 290 629 296
630 290 632 296
542 292 571 284
540 295 567 286
542 295 571 286
593 295 606 295
596 295 608 295
621 295 623 299
624 295 626 299
638 295 641 296
542 298 571 289
562 298 582 285
582 298 596 297
590 298 603 298
593 298 606 298
596 298 608 298
599 298 614 304
610 298 603 289
647 298 647 288
576 301 591 302
579 301 594 302
582 301 597 302
590 301 603 301
593 301 605 301
596 301 608 301
599 301 611 301
647 301 647 291
579 304 594 306
582 304 597 305
585 304 599 305
627 304 632 304
647 304 647 294
568 306 584 304
571 306 587 304
576 306 592 308
627 306 632 308
647 306 647 299
565 309 581 308
568 309 583 307
571 309 587 307
585 309 598 312
588 309 601 311
590 309 604 311
610 309 611 310
562 312 577 311
565 312 580 311
568 312 583 311
571 312 587 311
576 312 589 314
590 312 610 313
621 312 619 310
627 312 628 313
633 312 633 313
641 312 643 312
644 312 646 311
565 315 580 315
568 315 583 314
571 315 586 314
579 315 593 315
633 315 631 316
641 315 643 315
644 315 646 315
