556 205 551 206
559 205 554 206
565 208 569 208
588 208 588 205
562 211 562 214
565 211 565 214
573 211 569 214
562 213 562 217
565 213 564 220
610 213 614 231
585 216 587 217
616 216 619 234
613 219 617 234
616 219 619 237
613 222 617 237
565 225 565 233
616 225 618 241
534 236 541 232
534 239 542 245
585 239 581 213
588 239 584 213
596 239 597 212
613 239 617 250
534 242 541 248
593 242 593 215
528 244 537 250
545 244 545 224
548 244 549 224
551 244 551 221
571 244 574 215
573 244 577 215
619 244 620 253
551 247 552 225
554 247 554 224
579 247 581 216
582 247 584 216
548 250 548 227
579 250 580 220
621 253 619 257
599 256 585 252
616 256 610 259
619 256 612 259
621 256 615 259
624 256 622 261
571 258 573 246
573 258 576 247
616 258 609 262
619 258 612 262
621 258 615 263
613 261 609 264
619 261 611 266
621 261 614 265
624 261 622 266
627 261 627 267
630 261 630 268
576 264 574 257
579 264 580 238
613 264 608 267
621 264 618 269
624 264 621 269
548 267 570 250
576 267 574 260
579 267 580 241
582 267 583 241
607 267 607 271
613 267 610 271
616 267 614 271
624 267 621 272
630 267 630 271
556 270 604 271
579 270 580 245
607 270 607 274
613 270 611 274
621 270 618 275
624 270 620 275
627 270 627 276
633 270 633 274
630 273 629 277
610 275 609 277
616 275 613 279
619 275 616 279
635 275 635 279
638 275 638 279
635 278 635 282
568 281 608 290
582 281 587 258
635 281 635 284
638 281 638 282
531 284 541 273
602 284 587 278
604 284 590 278
633 284 631 287
638 284 638 285
641 284 640 285
559 287 563 273
579 287 582 268
582 287 586 267
607 287 596 281
610 287 599 281
638 287 637 287
641 287 640 288
540 290 545 281
556 290 562 277
579 290 582 270
607 290 596 284
638 290 636 291
644 290 644 290
647 290 647 290
542 292 548 284
554 292 559 279
610 292 600 285
624 292 629 300
641 292 642 292
647 292 647 292
540 295 548 287
545 295 554 288
556 295 562 280
590 295 601 273
644 295 645 295
548 298 560 292
554 298 568 293
633 298 633 294
644 298 644 297
537 301 550 293
540 301 553 294
551 301 556 285
556 301 572 298
647 301 648 299
542 304 557 296
545 304 559 296
548 304 563 299
551 304 566 300
554 304 569 300
556 304 572 300
559 304 574 301
576 304 590 304
644 304 645 303
647 304 647 301
542 306 556 302
548 306 562 302
559 306 574 303
562 306 577 304
576 306 589 307
588 306 599 307
590 306 602 308
619 306 616 307
624 306 624 309
644 306 644 306
647 306 647 304
545 309 558 306
548 309 561 305
551 309 564 303
556 309 572 304
562 309 576 307
571 309 586 306
576 309 589 310
621 309 618 310
624 309 624 312
559 312 574 307
562 312 576 311
565 312 579 311
568 312 582 311
571 312 585 310
576 312 589 312
585 312 598 312
590 312 602 312
593 312 604 312
624 312 622 314
647 312 647 308
556 315 570 313
559 315 573 313
562 315 576 313
565 315 579 314
568 315 582 314
571 315 585 312
585 315 598 315
590 315 602 315
593 315 604 315
596 315 607 315
616 315 614 314
621 315 630 314
641 315 643 315
644 315 646 315
