542 290 533 286
545 290 536 287
542 292 534 289
644 292 641 293
542 295 536 292
545 295 540 292
540 298 537 298
542 298 537 296
551 298 548 294
537 301 534 301
540 301 537 301
554 301 554 298
647 301 646 305
540 304 540 304
545 304 543 301
551 304 551 300
554 304 554 301
556 304 558 301
604 304 607 310
537 306 537 307
548 306 549 304
551 306 552 303
554 306 556 303
604 306 607 312
607 306 610 312
548 309 549 306
551 309 554 306
554 309 557 306
559 309 562 305
565 309 569 305
573 309 577 305
576 309 580 305
579 309 583 305
585 309 589 307
596 309 599 310
545 312 549 312
548 312 552 311
551 312 554 312
554 312 556 309
556 312 560 309
559 312 563 308
562 312 565 308
565 312 568 308
568 312 571 308
571 312 574 308
573 312 577 308
576 312 580 308
588 312 592 311
548 315 554 315
551 315 557 315
556 315 560 312
559 315 563 311
562 315 569 315
565 315 569 310
568 315 572 311
571 315 574 311
573 315 577 311
579 315 580 314
582 315 583 315
