542 216 552 207
582 216 590 209
542 219 551 210
582 219 590 212
579 222 586 215
582 222 589 216
585 222 592 216
534 225 542 216
579 225 587 218
531 227 539 218
534 227 542 218
571 227 578 219
573 227 581 219
576 227 585 219
554 230 562 222
571 230 577 222
545 233 553 225
568 233 575 225
571 233 577 225
573 233 582 224
576 233 583 226
568 236 573 228
571 236 576 228
573 236 580 229
554 239 561 229
556 239 563 230
565 239 570 231
571 239 576 232
554 242 560 232
556 242 562 233
559 242 565 233
562 242 569 233
551 244 558 235
556 244 562 236
565 244 572 238
542 247 551 237
545 247 554 237
551 247 557 238
540 250 547 240
542 250 551 240
545 250 554 241
582 250 585 241
542 261 549 250
633 264 627 273
633 267 625 276
635 267 629 276
562 270 565 257
633 270 623 278
635 270 629 279
556 273 558 258
559 273 561 260
562 273 563 260
593 273 586 274
630 273 622 281
559 275 560 262
562 275 563 262
644 275 637 285
554 278 555 264
562 278 562 266
621 278 614 287
633 278 624 289
638 278 636 292
554 281 554 268
604 292 601 302
607 292 604 302
604 295 600 305
641 301 637 308
