551 211 551 213
571 211 570 212
568 213 573 225
571 213 571 215
573 213 574 215
573 216 574 217
551 219 561 230
559 219 568 230
568 219 574 230
571 219 577 229
528 222 529 225
531 222 533 225
551 222 562 233
568 222 573 235
528 225 530 228
545 225 550 240
556 225 565 236
545 227 550 243
565 227 569 238
576 227 589 252
545 230 551 245
528 233 531 233
545 233 555 249
542 239 553 253
545 239 556 252
554 239 565 252
596 239 604 254
542 242 556 256
545 242 559 255
554 242 566 256
596 242 604 257
542 244 557 259
545 244 560 258
599 244 608 259
540 247 557 262
545 247 561 261
548 247 564 260
599 247 609 262
551 250 566 262
576 250 577 244
602 250 599 265
604 250 606 233
579 253 581 246
588 253 606 248
590 253 609 246
593 253 612 245
579 256 587 255
590 256 610 249
554 258 539 269
579 258 588 258
596 258 612 249
528 261 528 261
545 261 533 271
551 261 537 271
554 261 541 272
556 261 543 272
562 261 555 275
579 261 589 261
593 261 610 252
596 261 613 252
599 261 616 251
602 261 619 251
607 261 624 249
610 261 627 249
542 264 530 274
545 264 533 274
551 264 537 273
565 264 559 278
579 264 589 265
596 264 614 255
599 264 617 255
602 264 620 254
604 264 623 253
551 267 538 276
554 267 541 276
556 267 544 275
593 267 614 258
599 267 617 258
604 267 624 257
607 267 627 256
551 270 538 279
554 270 542 279
571 270 579 262
579 270 585 268
593 270 615 261
599 270 618 261
602 270 621 260
604 270 625 259
610 270 627 259
616 270 631 258
545 273 535 280
573 273 579 276
576 273 582 276
579 273 586 271
599 273 619 263
602 273 622 263
616 273 631 261
545 275 534 284
548 275 537 283
551 275 540 282
554 275 543 281
573 275 579 279
582 275 591 274
585 275 594 274
613 275 629 264
616 275 632 264
621 275 635 264
627 275 622 244
548 278 537 286
551 278 540 285
554 278 544 284
559 278 549 283
562 278 552 282
573 278 579 283
576 278 584 282
579 278 588 278
582 278 592 277
585 278 595 276
610 278 627 267
619 278 634 267
621 278 637 267
630 278 639 264
554 281 546 287
568 281 571 289
571 281 575 288
573 281 580 286
579 281 587 285
602 281 560 299
604 281 620 271
607 281 623 270
613 281 631 270
619 281 634 271
621 281 637 271
551 284 541 290
554 284 545 289
571 284 575 290
599 284 613 279
604 284 563 300
613 284 629 274
596 287 614 283
545 290 535 294
548 290 539 293
551 290 542 295
554 290 546 295
556 290 551 293
556 295 550 300
579 295 592 294
630 295 641 286
556 298 552 300
562 298 561 301
635 298 645 289
534 301 534 300
537 301 537 300
540 301 540 299
556 301 554 303
590 301 595 293
593 301 609 290
534 304 533 303
537 304 537 303
540 304 542 305
562 304 560 304
565 304 564 303
568 304 567 302
571 304 570 303
593 304 609 294
647 304 646 275
551 306 549 307
554 306 552 306
565 306 564 306
568 306 568 305
571 306 571 305
573 306 574 305
582 306 584 302
590 306 594 300
551 309 550 310
554 309 553 310
556 309 556 309
559 309 558 309
562 309 561 308
571 309 571 309
576 309 576 307
585 309 588 304
590 309 594 304
593 309 598 303
619 309 628 298
551 312 551 313
554 312 554 313
556 312 557 312
559 312 559 312
562 312 562 312
565 312 565 310
568 312 568 310
573 312 573 311
576 312 577 310
588 312 602 309
590 312 606 308
602 312 623 307
604 312 623 311
607 312 627 310
554 315 554 316
556 315 558 315
559 315 561 314
562 315 563 315
565 315 566 314
568 315 569 313
573 315 574 315
576 315 576 314
585 315 591 315
588 315 607 314
604 315 625 315
607 315 628 313
