573 222 560 228
542 225 555 219
554 225 561 222
556 225 564 221
534 227 548 222
537 230 551 222
540 230 554 223
588 239 606 234
590 239 609 233
596 239 612 233
568 242 552 241
588 242 605 236
596 242 611 236
540 244 563 252
588 244 604 239
548 247 578 261
556 247 572 254
545 250 566 256
556 250 572 256
585 250 608 263
593 250 608 242
596 250 610 242
582 253 601 242
588 253 611 265
590 253 613 265
596 253 618 266
582 256 602 245
593 256 607 246
551 258 556 264
599 258 610 249
604 258 617 249
607 258 620 250
531 261 567 247
545 261 549 269
548 261 553 267
551 261 555 266
556 261 565 268
585 261 604 251
602 261 613 252
604 261 616 252
607 261 619 253
548 264 552 269
573 264 590 259
596 264 609 254
604 264 616 255
607 264 619 255
610 264 621 256
534 267 557 255
554 267 557 272
571 267 587 262
582 267 601 254
585 267 603 255
596 267 614 271
599 267 612 255
619 267 627 263
585 270 603 257
590 270 606 257
596 270 609 258
602 270 612 259
604 270 615 259
602 273 616 274
624 275 629 273
588 278 549 266
590 278 607 270
596 278 600 278
604 278 616 277
630 278 632 276
621 281 625 278
627 281 628 276
630 281 632 279
633 281 634 279
635 281 638 283
593 284 601 282
602 284 606 282
627 284 628 279
633 284 634 283
554 287 568 290
590 287 597 281
593 287 600 285
621 287 625 282
627 287 628 283
630 287 630 282
633 287 634 285
635 287 638 287
531 290 547 281
537 290 555 291
548 290 561 295
551 290 565 293
554 290 568 292
565 290 574 288
590 290 597 284
596 290 602 285
604 290 609 286
607 290 612 283
619 290 624 284
624 290 628 285
630 290 633 288
633 290 636 289
638 290 640 290
641 290 643 290
531 292 547 284
551 292 564 296
559 292 568 287
568 292 581 286
571 292 584 286
588 292 593 283
590 292 597 287
593 292 599 287
599 292 603 288
604 292 608 288
633 292 635 292
635 292 638 292
537 295 555 295
545 295 556 289
551 295 564 299
568 295 577 291
602 295 608 292
604 295 611 292
610 295 612 287
619 295 624 287
627 295 630 292
630 295 633 292
641 295 642 293
554 298 562 290
556 298 564 290
590 298 598 291
599 298 604 295
602 298 608 295
630 298 633 294
633 298 636 294
635 298 638 295
641 298 642 296
644 298 645 296
537 301 548 294
565 301 577 300
593 301 601 300
599 301 604 297
602 301 607 298
537 304 549 296
565 304 576 303
582 304 591 308
588 304 595 306
590 304 598 305
593 304 600 303
599 304 604 300
638 304 638 299
641 304 641 299
644 304 644 299
647 304 647 300
551 306 555 298
568 306 578 310
571 306 581 310
573 306 584 310
579 306 588 311
582 306 591 311
585 306 593 309
590 306 597 309
593 306 600 307
638 306 637 301
647 306 647 302
551 309 555 300
556 309 569 312
585 309 593 312
590 309 597 312
610 309 616 309
644 309 643 303
571 312 578 313
573 312 583 314
576 312 586 314
593 312 600 313
596 312 603 313
599 312 606 313
604 312 615 314
610 312 616 311
613 312 621 312
616 312 624 312
619 312 630 314
635 312 633 307
641 312 640 305
644 312 643 306
647 312 647 306
565 315 571 315
568 315 574 315
571 315 578 315
585 315 594 315
593 315 599 316
604 315 611 314
610 315 618 315
616 315 624 314
619 315 626 315
621 315 629 315
630 315 627 309
638 315 637 314
641 315 642 315
644 315 645 314
647 315 647 309
