627 253 631 274
607 258 611 273
633 258 633 278
635 258 636 279
638 258 639 279
610 261 613 278
633 261 633 282
635 261 636 282
638 261 639 282
610 264 612 281
613 264 615 281
633 264 632 285
635 264 635 285
638 264 639 286
624 267 624 288
633 267 633 291
635 267 637 292
630 270 629 294
633 270 632 294
635 273 636 296
638 273 639 297
582 278 590 290
607 278 609 296
624 278 622 300
627 278 625 300
582 281 590 293
585 281 593 293
610 281 609 299
568 284 580 293
568 287 576 296
571 287 579 296
582 287 586 295
582 290 586 298
585 290 589 298
593 290 597 303
568 292 574 299
573 292 579 300
579 292 582 301
582 292 586 302
585 292 589 302
588 292 591 302
590 292 594 304
562 295 568 301
579 295 582 304
582 295 585 304
585 295 588 304
588 295 591 305
593 295 596 307
565 298 569 305
573 298 576 306
579 298 581 306
585 298 587 308
590 298 593 307
593 298 596 309
630 298 625 313
582 301 583 308
588 301 589 310
590 301 593 309
596 301 599 311
624 301 619 314
585 304 586 311
588 304 589 312
590 304 593 312
593 304 596 313
559 306 560 306
562 306 563 307
559 309 560 309
579 309 580 313
