573 202 575 206
579 202 578 206
582 202 581 206
554 205 554 211
562 205 564 209
565 205 567 209
573 205 574 209
576 205 577 209
548 208 551 213
554 208 557 212
568 208 569 212
571 208 573 212
579 208 580 213
585 208 587 212
593 208 596 214
604 208 604 208
542 211 546 215
554 211 557 214
556 211 560 215
568 211 568 217
573 211 575 215
540 213 543 215
542 213 544 219
556 213 562 219
568 213 568 220
571 213 572 218
573 213 575 218
593 213 598 220
596 213 601 221
602 213 604 221
540 216 542 218
542 216 544 222
545 216 547 223
551 216 554 227
556 216 561 223
571 216 572 221
596 216 601 223
604 216 607 225
610 216 620 215
542 219 544 228
545 219 547 229
548 219 550 230
551 219 554 230
588 219 599 233
593 219 601 231
604 219 607 229
607 219 610 226
602 222 606 232
537 225 537 225
540 225 541 225
551 225 555 238
571 225 571 238
573 225 573 238
576 225 577 239
599 225 601 237
602 225 605 236
604 225 607 237
537 227 536 227
542 227 545 239
545 227 550 241
548 227 546 236
551 227 549 237
559 227 561 240
573 227 574 241
590 227 597 240
599 227 600 240
602 227 604 239
604 227 606 240
607 227 616 234
537 230 536 231
542 230 544 242
590 230 597 242
596 230 599 243
599 230 604 241
607 230 616 238
610 230 618 234
537 233 536 234
576 233 580 246
582 233 586 246
588 233 593 246
602 233 603 245
604 233 614 240
607 233 616 241
537 236 536 237
540 236 542 236
573 236 572 249
576 236 578 249
582 236 584 249
590 236 592 249
596 236 599 247
599 236 602 248
604 236 614 243
607 236 616 243
540 239 542 238
548 239 549 250
559 239 565 250
565 239 569 250
573 239 576 252
579 239 582 253
604 239 613 246
540 242 540 241
548 242 550 258
559 242 565 254
565 242 569 253
568 242 572 254
576 242 580 257
579 242 583 258
604 242 613 250
607 242 618 251
610 242 621 251
556 244 562 256
559 244 565 257
562 244 568 257
576 244 580 260
579 244 583 260
582 244 590 259
585 244 594 259
588 244 596 259
593 244 595 257
596 244 597 256
604 244 614 253
607 244 618 254
610 244 621 254
613 244 624 255
559 247 560 262
562 247 563 262
565 247 566 262
588 247 596 263
599 247 598 264
602 247 602 265
604 247 614 256
607 247 617 257
613 247 624 258
562 250 562 266
565 250 565 266
573 250 576 265
579 250 583 264
585 250 594 267
562 253 565 270
565 253 568 271
571 253 571 268
585 253 594 270
604 253 613 260
610 253 620 261
613 253 623 262
616 253 626 263
562 256 564 273
565 256 566 273
571 256 571 271
585 256 593 272
571 258 570 275
610 258 618 265
613 258 622 265
616 258 625 266
619 258 627 266
540 261 538 251
571 261 570 278
588 261 593 262
610 261 619 267
613 261 621 268
616 261 625 268
619 261 627 268
537 264 567 277
542 264 542 255
582 264 586 267
585 264 589 267
588 264 593 265
610 264 619 270
627 264 631 267
534 267 563 279
571 267 570 281
599 267 601 268
604 267 608 265
607 267 612 267
613 267 621 272
616 267 624 273
619 267 627 273
621 267 630 274
627 267 631 271
599 270 601 271
607 270 616 274
613 270 620 275
616 270 623 275
528 273 529 264
540 273 539 264
607 273 616 277
616 273 622 278
528 275 528 269
531 275 532 267
534 275 535 267
537 275 558 288
540 275 539 268
607 275 615 280
610 275 618 281
528 278 528 271
531 278 531 270
534 278 534 270
540 278 561 291
554 278 544 288
638 278 639 279
531 281 531 273
534 281 534 273
537 281 537 274
604 281 608 282
633 281 635 281
556 284 547 292
559 284 549 293
588 284 587 291
604 284 610 286
607 284 614 286
638 284 638 282
641 284 641 282
537 287 537 280
599 287 601 287
604 287 610 289
607 287 613 289
638 287 638 285
641 287 641 286
644 287 644 287
528 290 528 282
531 290 531 282
565 290 553 297
568 290 539 283
599 290 603 291
602 290 606 291
613 290 622 297
641 290 641 289
644 290 644 290
647 290 647 290
528 292 528 284
531 292 531 285
534 292 534 285
540 292 537 287
562 292 550 299
579 292 572 298
590 292 596 296
593 292 599 297
596 292 600 294
604 292 612 296
613 292 616 294
647 292 647 293
528 295 528 287
531 295 531 288
551 295 539 282
568 295 557 300
571 295 559 299
576 295 565 300
579 295 571 301
590 295 595 299
599 295 602 298
602 295 606 298
613 295 615 297
616 295 618 297
621 295 624 297
635 295 637 299
638 295 641 299
531 298 536 297
573 298 564 303
579 298 570 303
596 298 601 301
602 298 607 301
627 298 628 300
633 298 634 302
635 298 637 302
638 298 640 302
641 298 643 303
647 298 646 297
568 301 557 304
571 301 560 306
573 301 564 306
576 301 568 306
579 301 571 306
596 301 601 304
604 301 605 301
624 301 624 303
627 301 627 303
630 301 631 304
633 301 633 304
635 301 636 305
638 301 639 305
641 301 643 306
531 304 536 301
534 304 539 302
568 304 556 307
582 304 574 308
585 304 577 308
588 304 584 307
596 304 603 309
604 304 604 304
619 304 618 304
627 304 627 306
630 304 631 306
633 304 633 307
635 304 636 307
638 304 639 308
641 304 643 309
647 304 647 310
571 306 561 309
573 306 563 312
576 306 567 311
582 306 574 311
588 306 582 310
619 306 617 307
627 306 627 309
630 306 630 309
633 306 633 309
635 306 635 310
638 306 638 311
641 306 641 312
644 306 644 313
568 309 556 310
582 309 573 314
616 309 616 311
619 309 618 311
554 312 546 311
559 312 547 309
599 312 591 312
610 312 608 313
613 312 611 313
616 312 615 314
630 312 628 314
633 312 631 314
635 312 634 314
638 312 637 315
562 315 553 314
571 315 562 315
582 315 574 315
607 315 611 315
630 315 628 316
633 315 630 316
644 315 641 315
