554 205 553 205
556 205 557 205
559 205 559 205
562 205 563 205
565 205 565 205
568 205 568 205
542 208 542 208
545 208 545 208
548 208 548 208
551 208 551 208
554 208 554 208
556 208 557 208
559 208 559 208
562 208 562 208
565 208 565 208
568 208 568 208
571 208 571 208
573 208 573 208
576 208 576 208
579 208 578 208
582 208 581 208
585 208 584 208
590 208 588 208
599 208 599 208
602 208 602 207
604 208 604 207
607 208 607 208
616 208 615 208
537 211 537 210
540 211 540 210
542 211 542 211
545 211 545 211
548 211 548 211
551 211 551 211
554 211 554 211
556 211 556 211
559 211 559 210
565 211 563 211
568 211 566 211
573 211 571 211
576 211 573 211
582 211 580 211
588 211 586 210
593 211 593 211
599 211 598 211
602 211 602 211
604 211 604 210
607 211 607 211
610 211 609 211
613 211 613 211
616 211 616 211
619 211 618 211
537 213 537 213
540 213 540 213
542 213 542 213
545 213 545 214
548 213 548 213
551 213 550 213
556 213 555 214
565 213 563 213
573 213 571 214
576 213 573 214
579 213 576 214
582 213 580 214
585 213 583 213
588 213 586 213
590 213 588 213
593 213 591 213
596 213 593 213
604 213 602 213
607 213 607 213
610 213 610 213
613 213 612 213
616 213 615 214
619 213 618 213
534 216 534 216
537 216 537 216
540 216 540 216
542 216 542 217
545 216 545 216
548 216 547 216
554 216 551 219
571 216 570 217
579 216 577 217
582 216 580 216
585 216 582 216
596 216 593 216
602 216 601 216
604 216 603 216
613 216 610 216
616 216 615 216
619 216 617 216
621 216 620 216
534 219 534 219
537 219 536 219
540 219 539 219
542 219 542 219
548 219 548 218
556 219 554 222
562 219 561 220
565 219 564 219
571 219 570 220
576 219 573 220
579 219 577 219
590 219 591 216
599 219 596 218
610 219 608 219
613 219 611 219
616 219 614 219
619 219 617 219
534 222 534 222
537 222 536 222
540 222 539 222
548 222 548 222
559 222 559 223
562 222 561 222
565 222 564 222
568 222 567 222
571 222 570 222
573 222 573 222
579 222 577 222
585 222 585 222
588 222 587 219
596 222 593 222
599 222 596 221
602 222 601 222
604 222 604 222
610 222 608 222
613 222 612 222
619 222 617 222
534 225 534 225
537 225 536 225
540 225 539 227
542 225 541 225
548 225 546 225
551 225 550 224
554 225 553 224
556 225 556 225
559 225 559 225
562 225 561 225
565 225 564 225
568 225 567 225
571 225 570 225
573 225 572 225
585 225 584 225
590 225 588 225
593 225 591 225
596 225 593 224
599 225 599 225
602 225 602 225
610 225 608 224
613 225 612 224
537 227 536 230
540 227 539 230
548 227 547 228
551 227 550 227
554 227 553 228
556 227 556 228
559 227 559 228
562 227 562 228
565 227 565 228
568 227 567 228
571 227 570 228
573 227 572 228
576 227 575 228
585 227 584 228
590 227 588 228
593 227 591 228
596 227 594 227
599 227 596 227
602 227 598 227
619 227 618 228
534 230 533 231
537 230 536 232
545 230 544 230
548 230 547 230
551 230 550 230
554 230 553 230
556 230 556 230
559 230 559 231
562 230 562 231
565 230 564 231
568 230 567 231
571 230 570 231
573 230 573 231
576 230 576 231
579 230 578 231
582 230 581 231
585 230 584 230
588 230 586 231
593 230 591 230
596 230 594 230
599 230 596 229
602 230 601 228
604 230 602 230
610 230 608 230
619 230 618 231
534 233 534 234
537 233 536 237
540 233 539 235
545 233 544 233
548 233 547 233
551 233 550 233
554 233 553 233
556 233 556 233
559 233 560 233
562 233 562 234
565 233 564 234
568 233 567 234
571 233 570 234
573 233 573 234
576 233 576 233
579 233 578 234
582 233 581 234
585 233 584 233
588 233 587 233
593 233 591 233
596 233 594 232
599 233 597 232
602 233 599 232
610 233 608 232
613 233 613 230
619 233 618 233
534 236 534 237
545 236 544 236
571 236 569 236
576 236 574 236
579 236 577 236
582 236 581 236
590 236 588 235
593 236 591 235
599 236 596 235
607 236 605 235
610 236 608 235
613 236 612 236
534 239 533 239
542 239 541 239
545 239 543 238
548 239 548 239
551 239 551 239
554 239 554 239
556 239 556 238
559 239 558 238
562 239 561 238
565 239 565 238
568 239 567 238
585 239 584 239
588 239 587 238
593 239 591 238
596 239 594 238
599 239 596 238
602 239 600 238
604 239 602 238
607 239 605 239
613 239 612 238
616 239 615 238
619 239 618 239
534 242 534 242
537 242 537 242
540 242 539 242
545 242 543 242
548 242 545 241
551 242 551 241
554 242 554 242
556 242 556 241
559 242 559 241
562 242 562 241
565 242 564 241
568 242 567 241
571 242 570 241
576 242 576 240
579 242 578 241
582 242 581 240
585 242 584 241
588 242 587 240
596 242 594 241
607 242 606 239
610 242 610 240
613 242 612 241
616 242 615 242
619 242 618 242
621 242 620 242
534 244 534 245
537 244 537 244
540 244 539 244
551 244 548 241
556 244 557 244
559 244 559 244
562 244 562 243
565 244 564 243
568 244 567 243
582 244 580 243
593 244 591 243
596 244 594 243
599 244 597 243
602 244 601 242
607 244 606 242
610 244 609 247
613 244 613 244
616 244 615 245
619 244 618 245
621 244 620 245
528 247 528 247
531 247 531 248
537 247 536 247
540 247 540 247
548 247 545 244
551 247 548 244
554 247 551 244
559 247 559 247
562 247 562 247
565 247 565 246
568 247 568 247
571 247 571 246
573 247 574 246
579 247 579 246
582 247 582 246
585 247 584 246
588 247 587 246
590 247 589 246
602 247 599 247
610 247 609 250
613 247 613 247
616 247 615 247
619 247 618 247
621 247 621 248
528 250 529 250
531 250 531 250
534 250 533 250
540 250 539 250
542 250 542 248
548 250 546 247
551 250 551 250
568 250 568 249
571 250 571 249
573 250 573 249
576 250 576 249
593 250 590 250
596 250 592 250
604 250 604 250
607 250 606 250
613 250 613 251
616 250 615 250
619 250 618 250
621 250 621 250
624 250 624 250
528 253 528 253
531 253 530 253
534 253 534 253
537 253 536 253
540 253 539 253
548 253 548 253
551 253 551 253
556 253 557 253
576 253 576 252
585 253 582 251
588 253 584 251
593 253 590 253
596 253 592 253
602 253 599 250
610 253 610 254
613 253 613 253
616 253 615 253
619 253 618 253
621 253 621 253
624 253 624 253
528 256 528 255
531 256 530 256
534 256 534 256
537 256 537 256
540 256 539 256
551 256 551 256
554 256 554 256
556 256 557 256
571 256 571 253
573 256 573 253
585 256 583 254
599 256 599 256
607 256 607 256
610 256 610 256
613 256 613 256
616 256 615 256
619 256 618 256
621 256 621 256
624 256 624 256
627 256 627 256
528 258 528 258
531 258 531 258
534 258 534 258
537 258 537 258
540 258 539 259
545 258 543 255
556 258 557 259
559 258 562 258
571 258 571 255
573 258 573 259
593 258 596 259
599 258 599 259
607 258 607 259
610 258 610 259
613 258 613 259
616 258 616 259
619 258 619 259
621 258 621 259
624 258 624 259
627 258 627 259
630 258 630 258
528 261 528 261
531 261 531 261
534 261 534 262
537 261 537 261
540 261 539 262
542 261 541 262
545 261 544 261
548 261 548 262
554 261 559 261
576 261 574 264
579 261 577 264
582 261 579 263
590 261 591 261
599 261 599 262
607 261 607 262
610 261 610 262
613 261 612 262
616 261 615 262
619 261 619 262
621 261 622 262
624 261 624 262
627 261 627 262
630 261 630 262
528 264 528 264
531 264 532 264
534 264 534 264
537 264 536 264
540 264 539 264
542 264 542 264
545 264 544 264
548 264 548 264
551 264 554 264
556 264 556 264
573 264 571 266
576 264 574 267
579 264 576 267
582 264 579 267
607 264 607 264
610 264 611 264
613 264 613 265
616 264 615 265
619 264 619 265
621 264 621 265
624 264 624 265
627 264 627 265
528 267 529 266
531 267 532 266
534 267 534 267
537 267 536 267
540 267 539 267
542 267 542 266
545 267 545 266
548 267 548 267
554 267 551 267
576 267 573 270
579 267 576 269
607 267 607 267
610 267 610 267
613 267 613 268
616 267 615 268
619 267 619 267
621 267 622 267
624 267 624 267
627 267 627 267
630 267 630 267
633 267 632 267
528 270 529 270
531 270 532 269
534 270 534 270
537 270 536 270
540 270 539 269
542 270 542 269
545 270 545 269
556 270 554 270
562 270 559 270
565 270 562 270
571 270 568 267
579 270 576 272
582 270 582 273
607 270 607 270
610 270 610 270
613 270 613 270
616 270 616 270
619 270 619 270
621 270 621 270
624 270 625 270
627 270 627 270
630 270 629 270
633 270 632 270
635 270 635 270
528 273 528 273
531 273 531 273
534 273 534 272
537 273 536 272
540 273 539 273
542 273 542 273
545 273 545 273
548 273 548 273
551 273 551 272
554 273 553 272
556 273 556 272
562 273 560 273
565 273 564 272
568 273 567 272
571 273 568 270
573 273 571 272
576 273 573 272
588 273 584 276
599 273 597 276
607 273 607 273
610 273 610 273
613 273 613 273
616 273 616 273
619 273 619 273
621 273 621 273
624 273 624 273
627 273 627 273
630 273 630 273
633 273 632 273
635 273 635 272
528 275 528 276
531 275 531 275
534 275 534 275
537 275 537 275
540 275 540 275
545 275 545 276
548 275 548 276
551 275 551 275
554 275 554 275
556 275 556 275
559 275 559 275
562 275 561 275
565 275 565 275
568 275 567 275
573 275 571 276
576 275 573 276
599 275 596 278
604 275 604 276
607 275 607 276
610 275 610 276
613 275 613 276
616 275 616 276
619 275 619 276
621 275 622 276
624 275 624 276
627 275 626 276
630 275 630 276
633 275 633 275
635 275 635 275
638 275 638 276
528 278 528 278
531 278 531 278
534 278 534 278
537 278 537 278
540 278 540 278
542 278 542 278
551 278 550 278
554 278 553 278
556 278 556 278
559 278 559 278
562 278 561 278
565 278 564 278
568 278 567 278
573 278 570 279
588 278 579 269
604 278 604 279
607 278 607 279
610 278 609 279
613 278 612 278
616 278 615 278
619 278 618 278
621 278 622 278
624 278 624 278
627 278 627 278
630 278 630 278
633 278 633 278
635 278 635 278
638 278 638 278
528 281 528 281
531 281 531 281
534 281 534 281
537 281 536 281
540 281 539 281
542 281 542 281
545 281 545 281
548 281 548 281
551 281 550 280
554 281 553 280
556 281 555 281
559 281 558 281
562 281 561 281
568 281 566 281
571 281 570 281
579 281 574 280
590 281 584 272
599 281 597 284
602 281 601 281
604 281 605 281
607 281 607 281
610 281 610 281
613 281 613 281
616 281 616 281
619 281 618 281
621 281 622 281
624 281 624 281
627 281 627 281
630 281 630 281
633 281 633 281
635 281 635 281
638 281 638 281
641 281 641 281
528 284 528 284
531 284 531 284
534 284 534 284
537 284 536 284
542 284 542 284
545 284 545 283
548 284 548 283
551 284 550 283
554 284 553 284
556 284 556 283
559 284 559 283
562 284 562 283
565 284 564 284
582 284 577 287
596 284 595 287
599 284 598 287
604 284 605 284
607 284 608 284
610 284 610 284
613 284 613 284
616 284 616 284
621 284 622 284
624 284 624 284
627 284 628 284
633 284 633 284
635 284 635 284
638 284 638 284
641 284 641 284
528 287 528 287
531 287 531 287
534 287 534 287
540 287 539 287
542 287 542 286
545 287 545 286
548 287 547 286
551 287 550 286
554 287 553 286
556 287 556 286
559 287 560 286
565 287 562 287
568 287 567 288
571 287 571 287
585 287 587 286
596 287 595 290
602 287 602 287
604 287 605 287
607 287 608 287
610 287 610 287
613 287 613 287
616 287 616 288
619 287 619 287
624 287 624 287
627 287 627 287
633 287 632 288
635 287 635 287
638 287 638 286
641 287 641 287
644 287 644 287
528 290 528 290
531 290 531 290
534 290 534 290
540 290 539 289
542 290 542 289
545 290 545 289
548 290 547 289
551 290 550 289
554 290 553 289
556 290 556 289
559 290 559 289
562 290 562 289
568 290 567 290
571 290 570 290
573 290 573 290
585 290 588 289
588 290 590 287
599 290 599 290
602 290 602 290
604 290 605 290
607 290 607 290
610 290 610 290
613 290 613 290
616 290 616 291
633 290 633 290
635 290 635 290
638 290 638 290
641 290 641 290
644 290 644 290
647 290 647 290
528 292 529 293
531 292 531 293
534 292 533 292
540 292 539 292
542 292 542 292
545 292 545 292
548 292 547 292
551 292 550 292
554 292 553 292
556 292 556 292
559 292 559 292
562 292 562 292
565 292 565 293
568 292 567 292
573 292 573 293
590 292 591 291
593 292 594 292
596 292 596 292
599 292 598 293
602 292 601 293
604 292 604 293
607 292 607 293
610 292 610 292
613 292 613 292
616 292 616 293
619 292 618 293
624 292 624 293
627 292 626 293
630 292 630 293
633 292 633 293
638 292 638 293
641 292 641 293
644 292 644 293
647 292 647 293
528 295 528 295
534 295 534 295
537 295 537 295
540 295 539 295
542 295 542 295
545 295 545 295
548 295 548 295
551 295 550 295
554 295 553 295
556 295 556 295
559 295 559 295
562 295 562 295
565 295 565 295
568 295 568 295
571 295 570 296
573 295 573 295
579 295 579 295
582 295 582 295
585 295 585 295
588 295 588 294
590 295 591 294
593 295 593 295
596 295 596 295
599 295 599 296
602 295 601 296
604 295 604 295
607 295 607 295
610 295 610 295
613 295 613 295
616 295 616 296
619 295 619 296
621 295 621 296
624 295 624 295
627 295 626 296
633 295 633 296
635 295 635 296
638 295 638 295
641 295 641 295
644 295 643 295
647 295 647 295
534 298 534 299
537 298 536 298
540 298 540 298
542 298 542 298
545 298 545 298
548 298 548 298
551 298 551 298
554 298 553 298
556 298 556 298
559 298 559 298
562 298 562 298
565 298 565 298
568 298 568 298
571 298 570 298
573 298 573 298
576 298 577 298
579 298 579 298
582 298 581 298
585 298 584 298
588 298 587 298
590 298 590 298
593 298 593 298
596 298 596 298
599 298 599 299
602 298 602 298
604 298 604 298
607 298 607 298
610 298 610 298
613 298 613 299
619 298 619 298
621 298 621 298
624 298 624 298
627 298 627 299
630 298 630 299
633 298 632 299
635 298 635 298
638 298 638 298
641 298 641 298
644 298 644 298
647 298 647 298
534 301 534 301
537 301 536 301
540 301 539 301
542 301 542 301
545 301 545 301
548 301 548 301
551 301 550 301
554 301 553 301
556 301 556 301
559 301 559 301
562 301 562 301
565 301 565 301
568 301 567 301
571 301 571 301
573 301 573 301
576 301 576 301
579 301 579 301
582 301 581 301
585 301 584 301
588 301 587 301
590 301 590 301
593 301 593 301
596 301 596 301
599 301 599 301
602 301 602 301
604 301 605 302
607 301 607 301
610 301 610 301
613 301 613 301
616 301 616 301
619 301 619 301
621 301 621 301
624 301 624 301
627 301 627 302
630 301 630 302
633 301 632 301
635 301 635 301
638 301 638 301
641 301 641 301
644 301 644 301
647 301 647 301
537 304 536 303
542 304 542 304
545 304 545 304
548 304 548 304
551 304 551 304
554 304 554 304
556 304 556 304
559 304 559 303
562 304 562 304
565 304 565 304
568 304 568 304
571 304 571 304
573 304 574 304
576 304 576 303
579 304 579 304
582 304 581 304
585 304 585 304
588 304 587 304
590 304 590 304
593 304 593 304
596 304 596 304
599 304 599 304
602 304 602 304
604 304 605 304
607 304 607 304
610 304 610 304
613 304 613 304
616 304 616 304
619 304 619 304
621 304 621 304
624 304 624 304
627 304 627 304
630 304 629 304
633 304 632 304
635 304 635 303
638 304 638 303
641 304 641 304
644 304 644 304
647 304 647 304
537 306 537 306
540 306 539 306
542 306 542 307
545 306 545 306
548 306 548 307
551 306 551 307
554 306 554 307
556 306 556 306
559 306 559 306
562 306 562 306
565 306 565 306
568 306 568 307
571 306 571 307
573 306 573 307
576 306 576 307
579 306 579 307
582 306 582 307
585 306 585 307
588 306 588 306
590 306 590 306
593 306 593 307
596 306 596 307
599 306 599 307
602 306 602 307
604 306 605 307
607 306 607 307
610 306 609 306
613 306 613 307
616 306 616 307
619 306 618 307
621 306 621 307
624 306 624 307
627 306 627 307
630 306 629 307
633 306 632 306
635 306 635 306
638 306 639 306
641 306 641 306
644 306 644 307
647 306 647 306
542 309 542 309
545 309 545 309
548 309 548 309
551 309 551 310
554 309 554 309
556 309 556 309
559 309 559 309
562 309 562 309
565 309 565 309
568 309 568 309
571 309 571 309
573 309 573 309
576 309 576 310
579 309 579 310
582 309 582 310
585 309 585 309
588 309 588 309
590 309 590 309
593 309 593 309
596 309 596 309
599 309 599 309
602 309 601 309
604 309 605 310
607 309 607 310
610 309 610 310
613 309 613 310
616 309 615 309
619 309 618 309
621 309 621 309
624 309 624 309
627 309 627 309
633 309 632 309
641 309 641 309
644 309 644 309
647 309 647 309
542 312 542 312
545 312 545 312
548 312 548 312
551 312 551 312
554 312 553 312
556 312 556 312
559 312 559 312
562 312 562 312
565 312 565 312
568 312 568 312
571 312 571 312
573 312 573 312
576 312 575 313
579 312 579 313
582 312 581 312
585 312 584 312
588 312 588 312
590 312 591 313
593 312 593 312
596 312 597 312
599 312 599 312
602 312 602 312
604 312 604 313
607 312 607 312
610 312 610 312
613 312 613 312
616 312 615 313
619 312 618 312
621 312 621 312
624 312 624 312
627 312 627 313
630 312 630 313
633 312 632 312
635 312 635 312
644 312 644 312
647 312 647 312
545 315 545 315
548 315 548 315
551 315 551 315
554 315 554 315
556 315 556 315
559 315 559 315
562 315 562 315
565 315 565 315
568 315 568 315
571 315 571 315
573 315 573 315
576 315 576 315
579 315 579 315
582 315 581 315
585 315 585 315
588 315 588 315
590 315 591 315
593 315 594 315
596 315 597 315
599 315 599 315
602 315 602 315
604 315 604 315
607 315 607 315
610 315 610 315
613 315 613 315
616 315 616 315
619 315 618 315
621 315 621 315
624 315 624 315
627 315 627 315
633 315 630 315
635 315 635 315
641 315 639 314
644 315 644 315
647 315 647 315
