493 77 501 14
493 94 500 32
528 94 548 32
545 94 567 30
458 111 470 57
493 111 502 50
528 111 550 48
545 111 572 49
562 111 589 45
580 111 606 44
597 111 623 43
42 129 81 128
111 129 142 121
129 129 158 119
441 129 456 78
458 129 472 72
493 129 505 68
528 129 552 69
545 129 568 68
562 129 586 66
580 129 604 63
597 129 622 60
614 129 642 59
25 146 67 145
59 146 98 142
111 146 143 137
129 146 160 135
424 146 440 100
441 146 458 96
476 146 489 89
493 146 507 87
528 146 551 90
580 146 608 83
597 146 623 79
614 146 641 78
632 146 659 76
42 163 86 160
59 163 103 158
77 163 119 156
94 163 137 154
129 163 161 152
146 163 177 149
163 163 195 147
181 163 211 144
424 163 442 116
441 163 458 114
476 163 491 106
493 163 507 106
614 163 642 97
632 163 658 94
406 181 425 135
424 181 442 132
441 181 459 131
476 181 492 125
493 181 509 123
510 181 527 125
528 181 554 127
545 181 571 124
562 181 589 122
580 181 610 120
597 181 628 116
614 181 643 114
371 198 393 155
389 198 409 154
406 198 426 151
424 198 444 149
441 198 460 147
476 198 493 144
493 198 513 142
510 198 531 140
597 198 628 133
632 198 657 130
319 215 345 176
337 215 361 174
354 215 376 171
371 215 393 171
389 215 411 169
406 215 428 167
424 215 444 165
441 215 462 164
476 215 496 160
493 215 514 158
510 215 531 157
528 215 551 157
545 215 568 154
562 215 585 153
580 215 605 154
597 215 621 151
614 215 640 146
632 215 660 149
302 233 330 194
319 233 345 192
337 233 361 191
354 233 378 189
371 233 395 187
389 233 412 185
406 233 428 184
424 233 446 182
458 233 480 178
476 233 498 177
493 233 515 175
510 233 533 173
528 233 550 172
545 233 567 170
580 233 604 170
597 233 623 166
614 233 641 166
632 233 659 167
285 250 316 213
302 250 332 212
337 250 364 208
354 250 380 205
371 250 397 204
389 250 413 201
406 250 430 201
441 250 464 197
458 250 481 195
476 250 498 194
493 250 516 193
510 250 533 190
528 250 551 189
562 250 588 189
614 250 643 186
267 267 299 236
285 267 318 231
302 267 333 229
319 267 349 227
337 267 365 224
354 267 382 222
371 267 398 220
389 267 415 218
424 267 447 214
441 267 465 212
458 267 482 211
476 267 498 209
493 267 516 208
510 267 534 206
528 267 552 205
562 267 590 208
597 267 625 204
614 267 643 204
215 285 258 258
233 285 273 253
267 285 304 250
285 285 320 248
302 285 336 246
319 285 351 243
337 285 368 240
354 285 383 238
371 285 400 237
389 285 417 235
406 285 434 233
441 285 467 229
458 285 482 228
476 285 500 226
493 285 517 225
510 285 535 223
528 285 554 222
562 285 591 225
597 285 626 222
614 285 645 221
215 302 262 272
233 302 276 269
267 302 304 266
285 302 321 265
319 302 354 260
337 302 370 258
354 302 385 255
371 302 402 254
389 302 420 252
406 302 437 250
424 302 453 248
458 302 484 244
476 302 501 242
493 302 519 240
510 302 536 239
528 302 555 239
545 302 574 241
562 302 591 239
580 302 609 237
597 302 629 236
233 319 278 285
250 319 293 283
285 319 324 281
302 319 341 282
319 319 357 277
337 319 371 274
354 319 387 271
371 319 404 269
389 319 422 269
406 319 438 267
476 319 503 260
493 319 520 258
510 319 537 256
528 319 555 257
545 319 574 256
562 319 592 254
580 319 609 252
597 319 628 253
285 337 326 300
302 337 343 298
319 337 359 295
337 337 373 291
371 337 406 287
389 337 423 286
406 337 438 284
424 337 455 282
441 337 470 279
458 337 487 278
545 337 576 273
562 337 594 272
580 337 611 270
285 354 328 315
302 354 345 314
319 354 361 311
354 354 392 305
458 354 490 295
476 354 506 293
493 354 522 290
510 354 539 289
528 354 561 292
545 354 577 291
562 354 595 289
580 354 612 288
337 371 379 325
354 371 395 324
371 371 410 321
389 371 427 319
406 371 443 318
441 371 474 313
458 371 491 312
476 371 508 309
493 371 526 309
510 371 541 306
545 371 580 307
562 371 596 307
597 371 630 305
250 389 300 349
267 389 316 347
302 389 345 342
319 389 363 343
337 389 380 339
354 389 397 341
371 389 412 337
389 389 429 336
406 389 444 334
441 389 478 331
458 389 493 328
476 389 510 326
493 389 526 325
510 389 542 323
528 389 560 322
545 389 578 325
562 389 598 325
580 389 615 323
597 389 633 320
614 389 650 319
632 389 670 321
233 406 287 365
250 406 304 364
285 406 329 363
302 406 345 360
319 406 363 360
337 406 382 357
354 406 398 357
371 406 414 355
389 406 431 353
406 406 447 351
441 406 480 348
458 406 496 346
476 406 512 344
493 406 529 342
510 406 544 340
545 406 581 342
562 406 599 342
580 406 616 340
597 406 635 338
614 406 652 335
632 406 669 335
215 424 271 385
233 424 293 383
250 424 307 380
267 424 326 377
302 424 347 377
319 424 367 376
337 424 383 374
354 424 400 373
371 424 417 371
389 424 432 369
406 424 450 367
424 424 464 365
458 424 498 363
476 424 516 363
493 424 530 359
510 424 546 355
528 424 569 361
632 424 669 354
198 441 261 402
215 441 277 402
233 441 300 413
302 441 351 395
319 441 368 391
337 441 386 390
354 441 402 388
371 441 418 387
389 441 434 385
406 441 452 384
424 441 467 383
458 441 500 381
476 441 517 379
493 441 532 375
510 441 550 376
528 441 569 377
545 441 586 375
562 441 601 373
580 441 617 369
597 441 633 367
614 441 651 367
233 458 332 451
250 458 351 448
285 458 351 416
319 458 369 410
337 458 387 408
371 458 424 405
389 458 439 403
406 458 455 401
424 458 470 398
458 458 500 396
476 458 517 394
493 458 534 394
510 458 550 394
528 458 568 395
545 458 586 392
580 458 617 388
597 458 633 384
614 458 652 381
632 458 669 380
198 476 301 474
215 476 319 474
424 476 473 416
458 476 501 415
476 476 515 415
493 476 537 413
510 476 554 411
528 476 569 409
545 476 587 408
614 476 653 399
