548 199 554 212
548 202 534 225
531 205 536 219
534 205 534 222
588 205 564 214
590 205 567 214
545 208 529 233
590 208 567 216
582 211 547 229
596 211 571 217
588 213 565 221
590 213 568 219
585 216 565 223
582 222 564 234
593 222 570 229
573 227 550 242
579 227 564 236
548 230 529 251
551 230 532 251
554 230 535 251
571 230 551 245
593 247 597 237
607 247 610 239
593 250 598 240
602 250 626 262
556 253 566 265
593 253 598 244
556 256 567 269
562 256 559 254
559 258 556 259
571 258 571 254
588 258 572 239
599 258 616 253
619 261 624 249
607 264 623 266
619 264 622 252
616 267 631 270
624 267 637 266
554 270 543 261
610 270 623 278
627 270 629 257
537 275 544 300
565 275 557 288
621 275 634 288
635 275 641 268
556 278 552 292
593 278 543 284
635 278 641 272
641 278 643 268
562 281 554 293
565 281 557 292
579 281 582 285
582 281 585 284
585 281 588 284
588 281 592 284
644 281 645 274
647 281 647 273
556 284 549 296
559 284 552 296
562 284 555 296
565 284 558 296
568 284 562 295
573 284 574 292
576 284 577 291
579 284 582 289
582 284 586 288
585 284 590 287
588 284 592 287
644 284 645 277
554 287 545 298
559 287 552 299
565 287 559 299
568 287 562 298
571 287 565 297
576 287 574 295
579 287 584 291
588 287 596 292
590 287 590 297
593 287 594 296
559 290 552 301
562 290 555 301
565 290 559 302
568 290 562 301
571 290 565 301
573 290 569 300
576 290 572 300
579 290 574 299
582 290 577 299
588 290 597 295
590 290 600 296
596 290 606 293
599 290 609 293
638 290 636 299
641 290 641 288
573 292 566 304
576 292 569 303
590 292 588 299
593 292 593 298
599 292 601 298
624 292 629 296
633 292 633 301
638 292 636 301
641 292 639 301
571 295 563 306
585 295 578 305
588 295 582 305
590 295 586 305
638 295 636 304
641 295 639 304
576 298 567 309
579 298 571 309
582 298 574 308
590 298 586 309
638 298 637 307
641 298 640 308
579 301 571 312
582 301 574 311
585 301 577 311
588 301 580 311
582 304 574 315
585 304 577 314
633 304 631 312
635 304 634 311
638 304 637 311
644 306 646 304
621 309 596 311
647 309 647 293
647 312 647 308
588 315 568 315
607 315 591 315
610 315 593 315
