328 165 355 163
338 165 362 164
343 165 367 165
291 170 307 163
312 170 340 167
317 170 345 167
323 170 350 167
328 170 355 167
333 170 360 168
343 170 368 170
349 170 372 171
297 175 323 169
317 175 346 172
328 175 355 173
338 175 366 174
349 175 373 176
291 180 318 174
297 180 323 175
302 180 329 175
307 180 335 176
312 180 340 176
323 180 351 176
338 180 366 179
343 180 370 181
354 180 378 181
291 186 319 179
297 186 325 180
302 186 331 180
307 186 336 180
312 186 341 181
317 186 346 181
323 186 352 181
328 186 355 184
333 186 361 185
338 186 366 185
354 186 378 186
359 186 383 187
364 186 387 187
291 191 319 186
317 191 345 188
323 191 350 187
328 191 354 190
333 191 359 190
312 196 340 194
317 196 344 194
323 196 349 194
338 196 364 195
343 196 370 195
297 201 318 196
302 201 324 196
323 201 348 200
333 201 358 201
338 201 364 201
359 201 382 202
364 201 386 202
297 206 317 201
302 206 323 201
323 206 348 205
328 206 353 206
343 206 367 207
369 206 387 207
375 206 392 207
380 206 398 208
297 212 318 207
302 212 323 207
317 212 344 207
328 212 350 211
333 212 356 210
338 212 362 211
343 212 367 211
354 212 376 212
359 212 380 212
375 212 392 212
317 217 340 213
354 217 375 217
364 217 382 218
286 222 301 216
297 222 317 217
307 222 328 217
312 222 334 218
317 222 340 219
333 222 355 221
338 222 360 222
343 222 364 222
349 222 370 223
364 222 382 223
291 227 312 222
297 227 318 223
302 227 323 223
312 227 333 223
317 227 340 224
323 227 345 224
328 227 350 224
343 227 364 228
349 227 368 229
286 232 300 231
291 232 311 229
297 232 319 229
302 232 323 228
307 232 329 228
312 232 333 228
317 232 339 229
323 232 345 229
328 232 350 229
333 232 355 232
343 232 363 233
354 232 371 232
364 232 381 232
291 238 311 234
297 238 318 234
302 238 324 233
317 238 340 234
323 238 344 234
328 238 350 235
338 238 359 235
343 238 363 238
359 238 376 237
364 238 380 237
375 238 389 236
291 243 310 239
297 243 317 239
302 243 323 239
307 243 329 239
312 243 334 240
323 243 344 240
359 243 375 243
369 243 384 241
291 248 307 244
297 248 316 244
307 248 328 245
312 248 335 245
343 248 364 246
364 248 379 247
312 253 336 249
317 253 342 249
333 253 354 251
338 253 360 251
343 253 364 251
359 253 375 252
364 253 380 252
291 258 306 254
302 258 321 256
307 258 327 256
312 258 332 255
333 258 353 256
338 258 359 256
343 258 363 256
354 258 371 257
359 258 375 257
364 258 379 257
291 264 307 262
307 264 327 261
317 264 340 261
328 264 348 261
333 264 353 261
338 264 359 261
343 264 363 261
354 264 370 262
359 264 374 262
286 269 301 267
291 269 305 268
297 269 314 265
307 269 326 266
312 269 333 266
317 269 338 266
323 269 343 266
328 269 347 266
333 269 354 266
338 269 359 267
343 269 362 266
354 269 370 266
286 274 301 272
291 274 306 272
297 274 313 270
307 274 326 271
312 274 332 271
317 274 337 270
323 274 343 270
328 274 348 271
333 274 353 272
338 274 358 272
349 274 364 273
291 279 305 278
302 279 321 278
307 279 326 280
317 279 336 275
323 279 343 276
328 279 348 277
333 279 353 277
338 279 358 277
343 279 362 278
354 279 370 278
297 284 314 284
302 284 320 283
317 284 337 282
323 284 342 282
338 284 357 282
349 284 363 283
354 284 368 283
291 290 305 287
307 290 325 288
312 290 330 288
317 290 336 288
323 290 341 288
328 290 346 287
297 295 310 294
302 295 316 294
364 295 368 292
302 300 315 301
369 300 373 299
307 305 320 306
338 305 341 308
343 305 346 307
349 305 351 307
354 305 356 307
307 310 313 312
317 310 324 312
323 310 330 312
338 310 341 312
343 310 345 312
364 310 368 308
369 310 372 309
343 316 345 317
349 316 350 318
354 316 357 315
364 316 367 314
369 316 371 314
343 321 345 322
364 321 366 320
