596 208 568 215
579 222 560 231
582 222 562 230
571 227 545 243
585 227 560 238
573 230 546 247
576 230 549 247
576 233 550 249
571 258 563 264
573 261 560 267
588 281 590 284
590 281 593 284
585 284 587 289
582 287 584 292
585 287 588 292
590 287 594 291
593 287 597 289
590 290 594 294
593 290 597 292
590 292 592 297
593 292 596 296
582 298 574 307
590 298 585 305
630 298 629 303
571 301 562 309
573 301 565 309
576 301 568 309
579 301 571 308
585 301 578 309
590 301 585 308
573 304 565 312
576 304 569 312
579 304 571 311
630 304 631 310
579 306 572 314
641 312 644 306
641 315 644 309
