542 202 531 223
548 202 554 209
573 202 564 207
576 202 566 207
531 205 533 216
540 205 531 226
568 205 552 216
573 205 564 210
576 205 567 210
588 205 573 207
596 205 579 205
537 208 529 230
540 208 531 230
542 208 535 228
545 208 538 228
565 208 552 222
593 208 576 208
596 208 579 208
599 208 582 208
537 211 530 232
540 211 532 232
542 211 535 231
545 211 538 231
548 211 541 231
565 211 553 224
571 211 556 222
573 211 561 221
593 211 577 212
596 211 579 211
599 211 582 211
537 213 529 236
548 213 542 233
571 213 560 225
576 213 565 222
596 213 580 214
599 213 583 214
551 216 549 235
562 216 566 226
573 216 563 226
579 216 570 223
582 216 570 216
588 216 578 218
596 216 581 220
556 219 551 238
562 219 567 229
573 219 564 230
588 219 576 225
593 219 579 224
548 225 550 246
576 225 571 232
579 225 574 231
568 227 553 244
576 227 571 236
579 227 574 234
573 230 571 239
576 230 574 238
582 233 583 234
588 233 587 233
565 236 548 254
568 239 551 251
559 242 555 254
588 244 585 240
607 244 607 244
613 250 612 250
554 253 558 257
556 253 561 256
562 253 567 254
565 253 571 254
571 253 584 256
573 253 586 255
585 253 593 251
588 253 596 250
565 256 579 263
573 256 587 258
562 258 560 268
579 258 590 257
610 258 626 264
559 261 558 272
562 261 561 271
565 261 564 271
568 261 579 266
613 261 630 268
562 264 561 274
602 264 604 265
590 267 591 261
590 270 591 264
613 270 632 279
619 270 636 280
633 270 631 254
534 273 532 267
590 273 592 267
616 273 633 282
619 273 637 283
624 273 623 259
627 273 625 258
588 275 590 276
633 275 632 261
528 278 529 271
537 278 548 274
568 278 560 282
588 278 591 280
593 278 603 277
596 278 608 271
607 278 620 285
616 278 642 294
635 278 635 264
638 278 638 263
537 281 535 273
576 281 576 285
638 281 639 266
641 281 643 267
559 284 568 299
565 284 564 291
573 284 574 288
576 284 579 288
588 284 592 287
641 284 644 270
644 284 646 270
571 287 571 293
576 287 580 291
579 287 583 291
585 287 587 290
568 290 568 297
571 290 571 296
573 290 575 295
576 290 581 294
579 290 584 293
582 290 586 293
590 290 603 290
565 292 562 298
573 292 573 299
582 292 587 296
585 292 588 299
593 292 602 297
602 292 618 305
542 295 548 293
568 295 565 300
590 295 606 297
542 298 545 297
548 298 552 296
559 298 556 299
562 298 559 301
565 298 562 301
568 298 565 302
571 298 568 302
573 298 572 302
582 298 582 303
585 298 585 303
545 301 547 300
548 301 549 298
556 301 556 301
562 301 560 304
565 301 563 304
582 301 582 307
588 301 588 306
562 304 560 307
565 304 563 306
568 304 566 306
571 304 568 309
573 304 571 309
576 304 574 308
633 304 635 312
565 306 563 309
571 306 568 312
573 306 571 312
576 306 574 311
582 306 580 314
565 309 564 312
573 309 572 315
647 312 647 312
565 315 564 316
602 315 586 315
604 315 590 315
647 315 647 315
