573 211 569 216
551 213 547 219
559 213 555 219
568 216 564 222
571 216 566 222
576 216 572 221
579 219 575 224
540 222 536 228
568 222 564 228
576 222 573 227
582 222 578 227
551 225 547 230
565 225 561 231
571 225 567 230
573 225 570 230
576 225 573 230
579 225 576 229
582 225 578 230
585 225 581 229
548 227 544 234
551 227 548 234
565 227 562 233
568 227 564 233
579 227 575 232
582 227 578 233
585 227 581 232
562 230 559 237
565 230 562 236
568 230 564 236
571 230 567 235
531 233 530 240
576 233 572 236
537 236 535 243
542 236 539 243
537 239 536 246
554 239 550 247
545 242 544 248
571 242 570 243
573 242 573 244
537 244 536 251
571 247 571 247
531 250 530 258
542 250 542 255
565 250 562 250
568 250 565 250
528 253 530 265
556 253 556 250
619 256 630 258
616 258 626 261
621 258 632 261
556 261 565 265
559 261 568 265
621 261 631 263
624 261 633 263
627 261 636 263
619 264 627 266
621 264 630 266
624 264 633 266
627 264 636 266
534 267 537 271
619 267 627 269
621 267 629 269
624 267 633 269
627 267 636 269
630 267 638 270
633 267 642 271
619 270 627 272
621 270 630 272
624 270 633 273
627 270 636 273
633 270 639 273
531 273 533 278
537 273 540 276
540 273 543 276
551 273 551 276
568 273 576 278
630 273 636 276
537 275 540 279
540 275 543 279
627 275 633 278
630 275 636 280
537 278 540 282
540 278 543 282
573 278 576 285
619 278 622 281
627 278 633 283
630 278 636 284
638 278 645 283
641 278 647 283
531 281 534 285
534 281 536 285
540 281 543 284
542 281 545 284
554 281 554 284
556 281 556 285
568 281 573 287
593 281 593 281
616 281 619 283
624 281 630 283
627 281 633 286
630 281 636 286
633 281 639 286
635 281 641 286
638 281 644 286
528 284 530 288
531 284 534 288
534 284 536 288
537 284 540 288
540 284 543 287
542 284 545 287
565 284 561 285
590 284 591 284
593 284 595 284
610 284 614 286
624 284 630 286
627 284 633 288
630 284 636 289
633 284 638 289
531 287 534 291
534 287 537 291
537 287 540 291
540 287 543 291
542 287 546 290
545 287 548 290
562 287 559 288
576 287 579 290
590 287 591 288
593 287 595 287
599 287 600 287
613 287 616 289
616 287 613 289
537 290 540 294
540 290 543 293
542 290 546 293
545 290 549 294
559 290 562 292
562 290 559 290
571 290 568 293
576 290 579 292
582 290 583 292
585 290 587 290
588 290 589 290
590 290 592 290
593 290 595 290
596 290 598 290
604 290 608 292
616 290 613 291
624 290 628 293
638 290 642 294
641 290 644 294
644 290 647 294
540 292 543 296
545 292 549 296
556 292 559 295
559 292 562 295
571 292 568 296
573 292 573 295
576 292 577 295
582 292 583 294
585 292 586 294
590 292 592 293
593 292 595 293
599 292 600 293
602 292 603 293
621 292 626 296
630 292 633 297
633 292 636 297
635 292 638 297
638 292 641 297
641 292 644 297
644 292 647 297
542 295 546 299
545 295 549 299
556 295 559 298
559 295 562 298
562 295 565 299
571 295 574 298
573 295 576 298
582 295 583 297
585 295 586 298
588 295 589 296
590 295 592 296
593 295 595 296
599 295 600 296
602 295 604 297
619 295 622 300
621 295 625 299
624 295 628 299
627 295 631 299
630 295 634 299
633 295 636 299
635 295 638 299
638 295 641 299
641 295 644 300
545 298 548 303
556 298 559 301
559 298 562 301
562 298 565 302
573 298 577 301
576 298 579 301
579 298 581 302
582 298 584 301
588 298 590 301
590 298 592 300
593 298 595 300
596 298 598 299
602 298 603 299
607 298 610 301
610 298 613 301
619 298 622 302
621 298 625 303
624 298 627 303
633 298 636 302
635 298 638 302
638 298 642 302
641 298 644 302
556 301 560 306
559 301 562 305
562 301 565 305
565 301 567 306
568 301 570 306
571 301 573 306
573 301 576 304
576 301 579 304
579 301 581 304
588 301 590 304
590 301 593 304
593 301 596 303
599 301 601 303
602 301 604 303
604 301 608 303
607 301 611 304
610 301 614 304
613 301 616 304
616 301 618 304
624 301 627 305
633 301 636 305
635 301 638 305
638 301 641 305
641 301 644 305
644 301 648 306
551 304 551 307
556 304 559 309
559 304 562 309
562 304 565 309
565 304 567 309
568 304 570 309
573 304 576 307
576 304 579 307
579 304 582 307
588 304 590 306
590 304 593 306
593 304 595 307
599 304 601 306
602 304 605 306
604 304 607 305
607 304 611 306
610 304 613 307
613 304 616 307
616 304 619 307
619 304 622 307
621 304 625 308
633 304 636 308
635 304 639 309
638 304 642 308
641 304 645 308
644 304 648 308
542 306 540 307
556 306 559 312
559 306 562 311
562 306 565 311
565 306 568 312
571 306 573 310
573 306 577 310
576 306 579 310
579 306 582 309
588 306 590 308
590 306 593 309
596 306 597 309
599 306 600 309
602 306 604 309
604 306 607 309
607 306 610 309
610 306 613 309
613 306 615 309
616 306 618 309
619 306 622 310
633 306 636 311
635 306 639 311
638 306 641 311
641 306 644 311
647 306 647 311
551 309 548 310
562 309 565 315
565 309 568 315
568 309 570 313
571 309 574 312
573 309 577 312
576 309 579 313
599 309 600 312
607 309 610 312
610 309 613 312
613 309 615 312
619 309 621 312
621 309 624 312
647 309 648 313
571 312 574 315
573 312 577 315
635 312 638 315
638 312 641 315
644 312 645 315
585 315 582 315
616 315 623 315
619 315 625 315
621 315 627 315
