468 243 497 295
464 245 496 291
487 248 499 295
480 250 483 251
482 250 483 252
466 257 495 300
480 259 477 281
482 259 477 285
487 259 492 307
518 259 496 348
459 261 487 289
480 261 464 304
482 261 474 285
484 261 474 288
459 263 485 289
461 263 485 291
477 263 491 288
480 263 490 291
457 275 486 247
446 277 498 276
464 277 451 283
466 284 469 310
507 284 482 338
509 284 481 340
512 284 475 337
505 286 479 335
507 286 478 338
509 286 478 340
466 289 464 269
464 291 461 266
466 291 461 270
498 300 467 322
493 302 465 317
500 302 465 325
436 305 464 263
500 305 463 324
503 305 462 327
507 305 461 331
452 307 435 293
452 311 457 277
464 320 432 296
459 323 445 282
461 323 445 285
464 323 430 296
