641 261 642 285
635 270 633 293
619 273 618 289
638 275 631 297
604 278 598 296
556 281 549 296
604 281 598 299
607 281 601 298
610 281 604 299
630 281 619 298
633 281 625 301
635 281 628 301
556 284 549 300
559 284 552 299
604 284 598 302
607 284 601 302
610 284 604 302
616 284 608 301
619 284 611 302
627 284 620 304
630 284 622 304
633 284 625 304
635 284 629 303
638 284 635 302
559 287 552 302
562 287 554 302
596 287 587 302
616 287 608 305
619 287 611 305
621 287 613 305
559 290 552 304
562 290 555 304
565 290 557 304
568 290 560 305
571 290 562 304
590 290 581 303
607 290 599 305
621 290 614 310
624 290 617 309
568 292 560 310
571 292 563 309
582 292 572 305
585 292 575 304
588 292 578 303
590 292 581 306
624 292 618 313
627 292 621 312
585 295 575 307
588 295 578 307
593 295 585 309
596 295 587 309
607 295 597 311
571 298 564 312
579 298 570 309
582 298 572 309
585 298 575 309
588 298 578 308
590 298 581 309
599 298 588 311
579 301 570 312
582 301 572 312
585 301 575 312
588 301 578 312
579 304 570 314
585 304 575 314
