593 261 601 284
599 261 606 285
582 264 589 285
588 264 594 289
590 264 597 288
599 267 604 290
596 270 601 292
599 270 603 293
602 270 607 292
604 270 610 292
602 273 606 295
604 273 609 296
590 275 595 294
604 275 608 299
630 281 626 300
630 284 626 305
633 284 630 305
562 287 567 296
582 287 586 299
590 287 594 300
593 287 597 300
602 287 603 303
616 287 614 307
633 287 629 308
635 287 631 308
638 287 635 306
565 290 570 299
568 290 572 299
582 290 584 302
588 290 591 303
590 290 593 303
633 290 628 311
635 290 632 311
638 290 635 312
565 292 569 302
568 292 572 302
585 292 588 303
590 292 593 306
610 292 611 307
624 292 623 314
638 292 634 315
641 292 637 315
647 292 644 316
582 295 581 305
585 295 587 306
588 295 590 306
599 295 600 310
610 295 610 313
571 298 576 308
585 298 586 309
579 301 581 309
585 301 586 312
588 301 589 313
579 304 582 313
582 304 584 312
582 306 584 315
