593 239 587 236
596 239 590 237
582 244 578 239
585 244 581 239
588 244 584 239
596 244 592 240
582 247 578 242
585 247 580 242
593 247 589 243
596 247 592 242
585 250 580 245
590 250 586 246
593 250 589 246
599 250 596 246
604 250 601 248
582 253 579 248
588 253 583 248
590 253 586 248
607 253 604 251
568 256 566 253
582 256 579 250
585 256 582 251
596 256 593 253
602 256 600 253
604 256 603 253
607 256 606 253
571 258 569 256
582 258 578 253
585 258 581 255
565 261 560 252
588 261 585 255
590 261 588 255
593 261 591 256
607 261 606 258
610 261 609 257
613 261 612 257
565 264 560 254
593 264 591 259
596 264 594 259
602 264 602 260
610 264 609 260
616 264 615 259
579 267 578 263
590 267 587 259
599 267 599 264
602 267 602 264
604 267 605 264
610 267 609 263
616 267 616 262
619 267 618 262
551 270 547 260
554 270 550 260
556 270 553 260
568 270 563 258
596 270 596 266
599 270 599 266
602 270 601 267
604 270 606 266
613 270 612 264
619 270 618 265
627 270 627 264
551 273 546 262
554 273 550 262
559 273 556 261
568 273 563 261
604 273 605 269
613 273 614 267
627 273 627 266
630 273 633 267
633 273 636 267
548 275 544 263
559 275 556 264
568 275 562 264
610 275 611 270
613 275 614 270
616 275 617 270
621 275 622 269
627 275 629 269
554 278 548 266
610 278 611 273
613 278 614 273
619 278 620 272
624 278 626 272
630 278 635 273
635 278 639 273
619 281 620 275
621 281 622 275
624 281 626 275
627 281 631 276
630 281 634 276
635 281 639 276
619 284 619 277
621 284 622 277
624 284 628 278
638 284 640 277
604 287 604 279
607 287 607 279
610 287 609 279
616 287 618 280
630 287 632 280
635 287 638 280
638 287 641 280
590 290 587 283
593 290 593 283
619 290 621 283
627 290 630 282
633 290 634 283
635 290 637 283
638 290 641 283
641 290 643 284
599 292 600 282
602 292 602 282
610 292 609 282
613 292 612 282
616 292 615 284
621 292 624 285
627 292 629 285
630 292 632 285
633 292 634 285
635 292 637 285
638 292 640 286
641 292 643 286
644 292 645 287
590 295 590 287
593 295 592 287
607 295 606 288
613 295 612 286
616 295 615 287
619 295 621 288
621 295 624 288
624 295 626 288
630 295 630 288
635 295 637 288
638 295 640 288
641 295 643 289
644 295 645 290
579 298 579 294
593 298 592 290
596 298 595 287
602 298 602 288
613 298 614 292
621 298 624 291
624 298 627 291
630 298 630 291
635 298 637 291
638 298 640 292
641 298 642 292
644 298 645 292
579 301 579 297
585 301 585 296
590 301 590 295
593 301 592 296
596 301 594 297
604 301 608 298
616 301 617 293
619 301 620 293
621 301 623 294
627 301 629 294
630 301 632 294
635 301 636 294
576 304 576 300
579 304 579 300
582 304 583 298
585 304 585 298
590 304 590 298
593 304 592 299
616 304 620 299
619 304 623 300
621 304 623 297
627 304 629 297
630 304 632 297
644 304 645 297
565 306 563 304
573 306 573 303
576 306 576 303
579 306 579 303
582 306 582 301
585 306 585 301
590 306 589 301
604 306 607 301
613 306 616 302
624 306 628 301
630 306 632 301
633 306 634 301
641 306 642 300
644 306 644 299
647 306 647 300
568 309 566 306
571 309 569 306
573 309 573 306
576 309 576 306
579 309 578 306
585 309 584 305
588 309 587 305
590 309 591 302
602 309 601 303
610 309 610 304
621 309 622 303
624 309 628 303
630 309 632 303
633 309 634 303
644 309 644 302
647 309 647 303
562 312 560 308
565 312 563 308
568 312 567 308
571 312 569 309
573 312 573 309
576 312 575 309
579 312 577 310
582 312 581 307
585 312 584 307
588 312 587 307
590 312 591 304
604 312 600 312
616 312 621 309
619 312 624 309
621 312 622 305
624 312 628 306
641 312 643 306
647 312 646 309
562 315 562 314
571 315 569 311
573 315 573 312
576 315 575 312
579 315 577 313
582 315 581 310
585 315 584 310
588 315 587 310
596 315 593 312
602 315 598 315
607 315 602 315
610 315 609 307
627 315 628 309
638 315 640 308
641 315 643 308
647 315 646 313
