476 77 514 208
493 77 524 206
476 94 515 219
441 129 498 253
528 129 567 246
545 129 582 246
424 146 484 265
371 163 445 279
389 163 459 277
424 163 482 274
441 163 497 274
476 163 522 271
510 163 552 268
354 198 432 301
371 198 446 298
406 198 469 294
424 198 481 291
476 198 520 288
493 198 535 287
510 198 549 287
545 198 578 286
354 215 431 315
371 215 445 311
406 233 470 318
424 233 483 316
458 233 506 311
476 233 520 309
493 233 535 308
528 233 560 306
545 233 578 306
580 233 626 323
250 250 364 362
354 250 436 342
371 250 446 337
406 250 471 333
424 250 483 332
476 250 522 324
493 250 537 320
562 250 598 323
580 250 629 334
597 250 644 332
614 250 660 330
267 267 376 372
354 267 436 357
371 267 448 351
406 267 473 349
424 267 484 346
441 267 502 346
476 267 525 341
493 267 541 339
580 267 632 352
597 267 649 348
614 267 663 345
371 285 448 366
406 285 473 364
424 285 487 363
441 285 503 362
458 285 519 361
493 285 542 358
528 285 564 341
371 302 450 384
441 302 508 382
458 302 521 379
493 302 547 374
510 302 558 364
545 302 582 357
302 319 401 434
319 319 418 432
354 319 441 426
371 319 458 421
389 319 470 417
441 319 512 401
510 319 564 385
302 337 401 446
371 337 460 444
389 337 474 438
441 337 516 425
458 337 529 421
476 337 543 417
528 337 579 396
597 337 674 426
371 354 461 463
406 354 491 457
441 354 518 452
458 354 535 450
476 354 548 440
441 371 522 469
458 371 537 467
476 371 553 459
632 371 694 439
684 389 752 453
