1.000000000000000000e+00 0.000000000000000000e+00 0.000000000000000000e+00 5.831152200698852539e-02
0.000000000000000000e+00 1.000000000000000000e+00 0.000000000000000000e+00 -2.219620198011398315e-01
0.000000000000000000e+00 0.000000000000000000e+00 1.000000000000000000e+00 -7.369999885559082031e-01
0.000000000000000000e+00 0.000000000000000000e+00 0.000000000000000000e+00 1.000000000000000000e+00
9.965880513191223145e-01 -6.340183317661285400e-02 5.284268036484718323e-02 6.786591559648513794e-02
5.982975661754608154e-02 9.959816932678222656e-01 6.663964688777923584e-02 -2.287544757127761841e-01
-5.685545131564140320e-02 -6.325069069862365723e-02 9.963768720626831055e-01 -7.014983892440795898e-01
0.000000000000000000e+00 0.000000000000000000e+00 0.000000000000000000e+00 1.000000000000000000e+00
9.864401221275329590e-01 -8.987820148468017578e-02 1.373231112957000732e-01 7.019696384668350220e-02
7.810071110725402832e-02 9.929757118225097656e-01 8.887904882431030273e-02 -2.327494025230407715e-01
-1.443468332290649414e-01 -7.694877684116363525e-02 9.865307211875915527e-01 -6.976182460784912109e-01
0.000000000000000000e+00 0.000000000000000000e+00 0.000000000000000000e+00 1.000000000000000000e+00
9.677641987800598145e-01 -1.280568242073059082e-01 2.168728262186050415e-01 7.160473614931106567e-02
1.058060154318809509e-01 9.881360530853271484e-01 1.113199293613433838e-01 -2.368095517158508301e-01
-2.285551577806472778e-01 -8.478494733572006226e-02 9.698319435119628906e-01 -6.932674646377563477e-01
0.000000000000000000e+00 0.000000000000000000e+00 0.000000000000000000e+00 1.000000000000000000e+00
9.431679248809814453e-01 -1.651528924703598022e-01 2.883726358413696289e-01 5.870929360389709473e-02
1.448152810335159302e-01 9.852978587150573730e-01 9.064535796642303467e-02 -2.448003739118576050e-01
-2.991033196449279785e-01 -4.373298957943916321e-02 9.532179832458496094e-01 -6.843475699424743652e-01
0.000000000000000000e+00 0.000000000000000000e+00 0.000000000000000000e+00 1.000000000000000000e+00
9.185431003570556641e-01 -1.543325781822204590e-01 3.639505207538604736e-01 4.307940602302551270e-02
1.127718165516853333e-01 9.846875071525573730e-01 1.329399496316909790e-01 -2.508386969566345215e-01
-3.788944780826568604e-01 -8.106767386198043823e-02 9.218822717666625977e-01 -6.609657406806945801e-01
0.000000000000000000e+00 0.000000000000000000e+00 0.000000000000000000e+00 1.000000000000000000e+00
9.027784466743469238e-01 -1.624143421649932861e-01 3.982617855072021484e-01 4.207172989845275879e-02
7.945952564477920532e-02 9.730035662651062012e-01 2.166799157857894897e-01 -2.488685846328735352e-01
-4.227021038532257080e-01 -1.639682203531265259e-01 8.913120627403259277e-01 -6.307440400123596191e-01
0.000000000000000000e+00 0.000000000000000000e+00 0.000000000000000000e+00 1.000000000000000000e+00
8.753750920295715332e-01 -1.737151741981506348e-01 4.511556625366210938e-01 4.461315274238586426e-02
4.360840097069740295e-02 9.577801227569580078e-01 2.841750681400299072e-01 -2.596789896488189697e-01
-4.814734160900115967e-01 -2.290855497121810913e-01 8.459923267364501953e-01 -6.079309582710266113e-01
0.000000000000000000e+00 0.000000000000000000e+00 0.000000000000000000e+00 1.000000000000000000e+00
8.598228096961975098e-01 -1.951772272586822510e-01 4.718160033226013184e-01 5.001929402351379395e-02
1.018736325204372406e-02 9.304300546646118164e-01 3.663276731967926025e-01 -2.670238912105560303e-01
-5.104906558990478516e-01 -3.101702630519866943e-01 8.019933104515075684e-01 -5.883058309555053711e-01
0.000000000000000000e+00 0.000000000000000000e+00 0.000000000000000000e+00 1.000000000000000000e+00
8.794845938682556152e-01 -2.115252465009689331e-01 4.263378381729125977e-01 6.051424145698547363e-02
1.491021830588579178e-04 8.959268331527709961e-01 4.442016780376434326e-01 -2.961218059062957764e-01
-4.759273827075958252e-01 -3.906049430370330811e-01 7.879853844642639160e-01 -5.366441607475280762e-01
0.000000000000000000e+00 0.000000000000000000e+00 0.000000000000000000e+00 1.000000000000000000e+00
8.642194271087646484e-01 -2.593396902084350586e-01 4.311236441135406494e-01 8.899051696062088013e-02
-9.200347587466239929e-03 8.486192226409912109e-01 5.289240479469299316e-01 -3.132117688655853271e-01
-5.030308365821838379e-01 -4.610729217529296875e-01 7.310072183609008789e-01 -4.761276543140411377e-01
0.000000000000000000e+00 0.000000000000000000e+00 0.000000000000000000e+00 1.000000000000000000e+00
