430 217 430 217
432 217 432 217
453 217 456 217
472 217 464 216
506 217 509 217
509 217 511 217
511 217 514 217
514 217 518 217
522 217 525 216
525 217 528 216
527 217 530 216
535 217 536 217
538 217 538 217
430 219 429 220
437 219 432 222
453 219 456 219
456 219 459 220
459 219 462 220
472 219 464 219
474 219 466 219
477 219 475 220
480 219 479 219
482 219 482 220
485 219 485 220
503 219 504 220
506 219 509 220
509 219 512 219
511 219 517 219
514 219 519 220
522 219 525 220
525 219 528 219
527 219 530 219
538 219 538 219
456 222 458 225
472 222 461 224
474 222 466 222
477 222 475 222
480 222 477 222
485 222 485 222
490 222 490 222
496 222 498 223
506 222 509 222
509 222 512 222
525 222 528 221
527 222 530 222
530 222 532 222
533 222 533 219
435 224 432 225
443 224 437 225
445 224 442 224
456 224 459 227
474 224 469 227
485 224 485 225
488 224 488 225
493 224 491 225
496 224 495 225
498 224 501 226
501 224 504 226
503 224 506 225
506 224 509 225
509 224 511 227
511 224 514 225
519 224 521 225
522 224 525 225
525 224 528 224
527 224 529 225
533 224 533 225
538 224 538 224
440 227 434 227
443 227 437 227
474 227 472 228
477 227 474 228
485 227 485 227
488 227 487 227
498 227 501 230
501 227 504 230
506 227 508 229
514 227 515 227
517 227 519 228
519 227 521 228
522 227 524 228
525 227 527 227
538 227 538 227
451 230 450 230
485 230 484 229
488 230 487 229
511 230 512 231
514 230 514 230
517 230 517 230
519 230 520 230
522 230 522 230
525 230 525 231
527 230 528 231
530 230 531 230
533 230 533 230
535 230 535 230
496 232 495 234
498 232 501 233
501 232 503 233
514 232 514 233
517 232 517 233
519 232 520 233
522 232 522 233
525 232 525 233
527 232 527 233
530 232 531 233
533 232 535 234
535 232 535 233
538 232 538 233
432 235 433 235
456 235 448 243
498 235 501 238
501 235 503 236
503 235 506 236
506 235 509 235
517 235 519 238
525 235 525 236
527 235 528 235
530 235 530 235
538 235 538 236
461 238 456 237
472 238 451 237
482 238 487 240
501 238 503 240
503 238 506 239
506 238 509 239
509 238 514 240
517 238 519 241
525 238 526 238
527 238 530 238
530 238 533 238
535 238 535 238
538 238 538 238
445 240 461 240
451 240 448 233
456 240 456 244
464 240 454 232
477 240 464 240
501 240 504 243
503 240 506 242
506 240 509 243
527 240 530 241
530 240 533 241
535 240 535 240
538 240 538 241
430 243 430 240
477 243 480 245
480 243 467 243
488 243 488 245
490 243 492 246
493 243 495 246
522 243 523 245
530 243 533 244
535 243 535 243
538 243 538 243
474 246 477 248
477 246 480 248
490 246 493 248
493 246 495 249
509 246 511 246
525 246 524 248
530 246 530 246
535 246 536 246
538 246 538 245
440 248 442 251
464 248 463 251
477 248 480 250
482 248 485 249
490 248 493 251
493 248 496 251
496 248 498 251
498 248 501 251
501 248 504 250
517 248 520 251
530 248 529 249
533 248 532 249
535 248 535 248
538 248 538 248
459 251 461 251
461 251 461 253
472 251 475 253
480 251 482 253
482 251 485 253
485 251 488 252
488 251 490 252
498 251 501 253
501 251 503 253
506 251 506 251
517 251 520 253
527 251 527 251
530 251 529 252
533 251 532 251
535 251 535 251
538 251 538 251
432 254 437 261
443 254 443 256
453 254 453 253
456 254 457 253
467 254 469 255
469 254 472 256
472 254 474 255
474 254 477 256
477 254 480 255
480 254 483 255
482 254 484 255
485 254 487 255
490 254 493 255
493 254 495 255
496 254 498 255
498 254 501 255
501 254 504 255
503 254 506 255
525 254 524 254
527 254 527 254
533 254 532 254
443 256 442 258
461 256 463 258
464 256 466 258
467 256 469 258
469 256 471 258
472 256 474 258
474 256 477 258
477 256 479 258
480 256 482 258
482 256 484 259
485 256 487 259
488 256 490 258
490 256 493 258
493 256 495 258
496 256 498 258
501 256 504 258
503 256 507 258
506 256 509 258
509 256 512 258
530 256 529 256
533 256 532 256
538 256 538 258
453 259 455 261
456 259 458 259
459 259 461 259
464 259 466 260
467 259 469 260
469 259 472 261
472 259 474 261
474 259 477 261
477 259 479 261
480 259 482 260
482 259 485 261
485 259 488 261
488 259 490 261
490 259 493 260
493 259 495 261
496 259 498 261
498 259 500 261
501 259 503 261
506 259 509 261
509 259 512 261
514 259 512 256
453 261 455 265
459 261 461 262
461 261 464 262
464 261 466 263
467 261 468 263
469 261 471 263
472 261 474 263
474 261 477 263
480 261 482 263
482 261 485 263
485 261 488 263
488 261 490 263
493 261 495 263
498 261 500 264
501 261 503 264
503 261 505 264
509 261 511 263
511 261 514 264
527 261 527 256
538 261 538 265
453 264 455 267
459 264 462 265
461 264 464 265
464 264 466 267
467 264 468 267
469 264 471 267
472 264 474 267
474 264 477 266
477 264 480 266
480 264 482 266
482 264 484 266
485 264 487 266
488 264 490 266
490 264 493 265
496 264 498 264
498 264 500 266
501 264 503 266
503 264 506 266
506 264 508 266
509 264 511 266
511 264 514 266
538 264 538 267
435 267 436 266
448 267 450 267
451 267 452 267
453 267 455 269
459 267 461 269
461 267 464 268
464 267 466 272
467 267 469 272
472 267 474 270
474 267 477 270
477 267 480 269
480 267 483 269
482 267 485 268
490 267 493 268
493 267 495 267
496 267 498 269
498 267 500 268
501 267 503 268
503 267 505 269
506 267 509 269
509 267 510 268
511 267 514 268
514 267 516 268
519 267 521 270
538 267 538 270
432 269 434 272
435 269 437 272
437 269 440 272
453 269 456 271
459 269 461 272
461 269 464 272
467 269 469 274
472 269 474 272
474 269 477 272
477 269 480 272
482 269 485 271
488 269 490 271
490 269 493 271
493 269 495 270
498 269 500 271
501 269 503 271
503 269 506 271
506 269 508 271
514 269 516 271
517 269 518 272
527 269 530 259
530 269 532 260
533 269 535 260
538 269 538 253
437 272 440 275
440 272 442 274
448 272 448 271
461 272 463 274
464 272 466 274
472 272 474 275
474 272 477 275
477 272 480 275
488 272 491 274
490 272 493 274
496 272 498 274
506 272 509 274
514 272 516 274
517 272 519 274
533 272 535 262
535 272 532 285
443 275 443 278
448 275 449 274
451 275 451 274
453 275 456 276
456 275 459 276
459 275 461 277
464 275 466 277
469 275 471 277
472 275 474 277
474 275 477 277
488 275 491 276
493 275 496 276
496 275 498 276
498 275 500 276
501 275 503 276
506 275 509 276
509 275 511 276
511 275 514 276
514 275 516 276
525 275 527 266
527 275 530 265
535 275 532 288
440 277 440 282
443 277 443 282
445 277 446 280
453 277 456 279
456 277 459 279
459 277 461 279
461 277 463 279
464 277 466 279
467 277 469 279
469 277 471 279
477 277 477 282
498 277 500 279
501 277 503 279
503 277 506 279
506 277 508 279
509 277 511 279
511 277 514 279
514 277 516 279
535 277 532 290
443 280 443 285
445 280 448 285
448 280 450 285
451 280 454 285
453 280 456 282
456 280 459 282
459 280 462 282
464 280 466 282
467 280 469 282
472 280 474 280
477 280 477 285
488 280 485 280
496 280 495 282
501 280 501 281
503 280 503 282
506 280 508 282
509 280 511 282
511 280 514 282
517 280 516 291
538 280 538 301
445 283 448 288
448 283 450 288
451 283 454 288
453 283 456 285
456 283 459 285
461 283 463 283
464 283 466 284
467 283 469 284
472 283 474 282
498 283 498 288
527 283 529 285
535 283 535 304
538 283 538 304
453 285 456 288
456 285 459 287
459 285 461 286
461 285 464 287
464 285 466 287
469 285 472 285
488 285 490 290
498 285 498 291
503 285 506 286
506 285 508 285
527 285 530 288
533 285 533 306
535 285 535 306
538 285 538 306
459 288 461 289
464 288 466 289
467 288 468 289
490 288 493 291
498 288 498 293
503 288 506 288
506 288 509 288
533 288 535 290
538 288 538 308
430 290 429 304
459 290 461 291
461 290 463 291
464 290 466 292
467 290 469 292
469 290 474 291
490 290 493 294
493 290 495 294
501 290 503 293
517 290 519 301
530 290 532 293
533 290 535 293
430 293 429 307
432 293 431 307
435 293 434 279
443 293 440 309
451 293 450 291
453 293 453 291
456 293 455 290
459 293 461 294
461 293 463 294
464 293 466 295
467 293 469 295
474 293 482 295
490 293 492 296
493 293 495 296
511 293 514 301
530 293 533 295
533 293 535 296
443 296 442 293
445 296 445 293
448 296 448 293
451 296 451 293
453 296 453 293
456 296 455 293
459 296 462 296
461 296 464 298
493 296 493 298
503 296 505 298
511 296 514 304
527 296 530 298
530 296 533 299
533 296 535 300
432 298 434 308
443 298 442 296
445 298 445 296
448 298 448 296
451 298 451 295
453 298 453 295
456 298 456 296
459 298 461 299
464 298 466 300
467 298 469 299
469 298 472 298
480 298 482 301
490 298 492 300
493 298 495 301
496 298 498 301
498 298 500 301
443 301 442 298
445 301 445 298
448 301 448 298
451 301 451 298
453 301 456 301
459 301 461 303
464 301 466 303
467 301 469 303
477 301 480 303
482 301 484 303
493 301 494 304
496 301 497 304
501 301 501 304
503 301 505 304
506 301 509 304
509 301 512 304
511 301 513 309
432 304 434 299
443 304 442 301
445 304 445 300
464 304 467 307
469 304 474 307
472 304 476 306
482 304 484 306
485 304 487 306
490 304 491 306
493 304 494 306
501 304 501 307
503 304 504 307
506 304 509 307
514 304 519 309
522 304 527 300
525 304 530 300
533 304 532 309
535 304 535 309
432 306 434 301
437 306 437 304
459 306 462 306
469 306 477 311
472 306 482 311
485 306 487 308
490 306 490 309
506 306 508 311
509 306 511 312
522 306 524 304
535 306 535 311
445 309 445 304
448 309 447 303
472 309 472 309
474 309 474 309
493 309 493 309
506 309 509 315
509 309 511 315
535 309 535 314
538 309 538 312
430 312 429 309
432 312 432 309
461 312 458 311
472 312 482 319
480 312 484 314
482 312 490 314
493 312 496 312
496 312 499 312
503 312 506 314
509 312 511 318
514 312 517 314
517 312 519 314
519 312 522 313
522 312 524 313
525 312 527 314
527 312 530 314
530 312 533 314
535 312 535 317
430 314 429 314
432 314 432 312
435 314 437 312
480 314 487 316
493 314 496 315
496 314 498 316
498 314 500 317
501 314 503 316
506 314 509 320
509 314 511 320
511 314 514 320
514 314 517 317
517 314 520 317
519 314 522 316
522 314 525 317
525 314 527 317
527 314 530 316
430 317 429 317
464 317 462 314
496 317 498 319
498 317 501 319
501 317 503 320
506 317 506 319
514 317 517 319
517 317 520 320
538 317 538 319
430 320 429 322
456 320 453 319
459 320 456 320
464 320 461 317
467 320 464 317
469 320 467 317
485 320 487 320
496 320 494 320
498 320 501 322
519 320 524 322
459 322 456 322
474 322 469 322
488 322 487 322
517 322 521 324
530 322 530 319
533 322 534 322
430 325 429 325
443 325 453 324
459 325 456 324
464 325 461 325
474 325 469 325
477 325 472 325
480 325 476 325
482 325 479 325
488 325 487 325
490 325 490 324
493 325 492 325
496 325 494 325
498 325 498 324
501 325 501 324
503 325 506 325
506 325 508 325
519 325 511 325
522 325 524 324
525 325 527 325
527 325 530 325
530 325 532 325
430 327 429 327
459 327 451 327
467 327 463 328
469 327 466 328
480 327 480 328
482 327 483 327
490 327 490 327
496 327 495 327
498 327 498 327
501 327 502 327
503 327 505 327
506 327 508 327
511 327 516 328
514 327 519 328
522 327 523 327
525 327 527 327
527 327 529 328
530 327 533 327
535 327 535 327
538 327 538 327
