1 0 0 0.01118196174502373 
0 1 0 -0.06161215156316757 
0 0 1 -0.6309888362884521 
0 0 0 1 

0.9960615038871765 -0.006997595075517893 -0.08838856965303421 0.05721648037433624 
0.007838095538318157 0.999927282333374 0.009165632538497448 -0.06591536849737167 
0.08831800520420074 -0.009822334162890911 0.996043860912323 -0.6157946586608887 
0 0 0 1 

0.9941138029098511 -0.00643761083483696 -0.1081477776169777 0.06650559604167938 
0.007044236175715923 0.999961256980896 0.00522849103435874 -0.06225459650158882 
0.1081099435687065 -0.005959557369351387 0.9941209554672241 -0.6130303144454956 
0 0 0 1 

