588 270 600 278
604 273 621 286
607 273 625 286
590 275 606 286
588 278 603 287
579 281 592 290
582 281 594 290
585 281 598 290
576 284 588 291
579 284 591 292
582 284 594 292
585 284 597 293
571 287 583 293
573 287 586 293
582 287 592 295
585 287 595 296
593 287 604 298
596 287 607 297
604 287 620 297
582 290 591 298
585 290 595 298
590 290 600 301
593 290 603 301
596 290 607 301
599 290 611 297
559 292 568 294
562 292 571 294
565 292 574 294
585 292 593 301
593 292 603 304
596 292 606 304
599 292 610 301
565 295 575 299
576 295 582 302
579 295 586 302
585 295 592 305
588 295 596 304
596 295 604 307
573 298 580 305
576 298 582 305
579 298 585 305
585 298 591 307
588 298 594 308
596 298 603 309
559 301 565 306
573 304 578 310
576 304 581 311
579 304 584 310
573 306 578 314
579 309 584 313
