551 205 588 253
568 208 573 211
540 213 562 219
540 216 561 223
565 216 545 256
554 225 594 281
551 233 589 290
534 239 552 254
537 239 555 255
534 244 551 261
602 247 622 257
604 247 615 241
551 250 589 262
554 250 596 264
602 250 621 260
551 253 589 265
610 253 620 248
571 256 633 303
602 256 618 263
604 256 620 264
607 256 617 252
610 256 627 266
602 258 616 266
604 258 619 267
610 258 626 268
528 261 528 265
537 261 556 270
545 261 556 266
604 261 619 270
610 261 622 271
537 264 555 273
619 264 627 273
624 264 629 267
627 264 633 268
604 267 621 274
616 267 624 276
619 267 626 276
624 267 629 270
534 270 551 286
559 270 562 248
579 270 597 249
585 270 601 248
607 270 613 278
616 270 623 279
619 270 625 279
624 270 631 276
627 270 633 277
633 270 638 278
635 270 636 272
537 273 560 288
607 273 614 283
613 273 621 282
619 273 625 282
630 275 631 284
537 278 560 299
540 278 564 299
627 278 628 286
534 281 534 285
644 281 640 287
647 281 646 289
613 284 610 285
621 287 626 297
562 290 574 303
638 290 633 292
528 292 528 293
531 292 531 294
590 292 584 305
531 295 531 297
573 295 565 308
576 295 568 309
582 295 573 305
585 295 576 307
588 295 579 308
590 295 583 309
619 295 579 298
638 295 632 308
534 298 534 298
537 298 536 299
562 298 555 308
565 298 558 308
573 298 564 311
576 298 567 312
582 298 572 309
585 298 575 309
588 298 578 311
590 298 582 312
593 298 585 313
599 298 589 311
559 301 551 309
562 301 554 311
565 301 557 312
573 301 563 314
582 301 571 313
585 301 575 313
588 301 578 315
590 301 582 315
596 315 556 315
599 315 561 313
604 315 567 316
607 315 570 315
647 315 647 316
