411 225 398 247
438 225 430 226
468 225 448 226
471 225 451 225
479 225 454 225
389 228 397 239
411 228 397 251
433 228 437 232
468 228 448 229
471 228 451 229
408 230 396 256
411 230 399 255
474 230 452 231
477 230 454 231
408 233 398 260
422 233 409 249
425 233 415 248
457 233 435 236
477 233 455 233
378 236 378 235
389 236 392 251
405 236 395 263
408 236 399 263
411 236 401 263
422 236 410 252
463 236 423 246
378 239 378 238
474 239 456 239
474 247 438 253
474 250 439 255
468 252 431 262
433 255 415 255
416 258 416 260
477 269 472 267
479 269 479 267
414 272 387 265
436 272 425 254
477 272 466 256
479 272 479 269
433 274 422 257
474 274 434 264
477 274 466 259
479 274 469 259
482 274 482 273
378 277 378 296
416 277 388 271
446 277 432 267
449 277 437 265
482 277 472 261
416 280 388 275
438 280 411 264
485 280 485 281
403 282 473 272
430 282 416 295
488 282 488 283
490 282 491 283
403 285 474 276
457 285 397 276
479 285 466 270
488 285 489 286
490 285 491 286
400 288 390 300
422 288 426 277
425 288 429 277
474 288 474 294
482 288 477 281
485 288 479 282
488 288 489 289
490 288 492 288
485 291 486 295
488 291 490 291
490 291 492 291
383 293 381 293
485 293 487 299
488 293 490 298
490 293 492 294
383 296 381 296
386 296 384 296
394 296 435 277
479 296 474 291
490 296 446 273
386 299 384 299
389 299 387 298
397 299 440 276
441 299 409 281
386 302 384 302
389 302 387 301
408 302 413 301
479 302 493 300
386 304 385 305
389 304 387 305
392 304 390 304
414 304 414 308
438 304 434 294
389 307 388 308
392 307 390 307
405 307 395 316
449 307 441 308
389 310 388 310
392 310 391 310
419 310 417 310
427 310 426 301
430 310 428 300
449 310 441 311
378 313 378 313
381 313 380 313
383 313 383 313
403 313 429 313
422 313 420 313
427 313 426 304
430 313 429 304
477 313 487 310
479 313 490 310
378 315 378 316
381 315 381 315
383 315 383 315
386 315 386 316
389 315 389 316
392 315 391 316
479 315 490 313
378 318 378 318
381 318 381 318
383 318 383 318
386 318 386 318
392 318 392 318
430 318 428 306
433 318 458 309
436 318 461 309
485 318 489 324
381 321 380 321
383 321 383 321
468 321 480 316
471 321 483 316
474 321 462 312
479 321 488 319
482 321 491 318
378 324 377 324
460 324 450 322
468 324 480 320
477 324 482 322
479 324 462 318
490 324 491 324
378 326 378 326
452 326 443 326
455 326 445 325
457 326 448 325
485 326 486 328
493 326 493 326
378 329 377 328
438 329 437 329
455 329 445 329
460 329 469 326
466 329 475 324
488 329 486 330
493 329 493 329
378 332 377 331
397 332 387 333
427 332 422 330
436 332 434 332
457 332 464 329
460 332 469 329
463 332 471 329
466 332 470 332
490 332 490 331
493 332 493 332
378 335 378 334
394 335 385 334
427 335 423 334
436 335 431 335
438 335 434 335
452 335 442 334
457 335 464 333
463 335 464 335
466 335 470 334
474 335 473 335
479 335 478 335
482 335 482 334
485 335 487 334
490 335 489 333
378 337 378 337
392 337 381 337
394 337 384 337
397 337 387 337
441 337 435 337
466 337 470 337
474 337 473 337
477 337 476 337
479 337 479 337
482 337 482 337
485 337 487 337
