411 225 404 247
389 228 382 259
408 228 402 252
411 228 405 250
414 228 407 249
419 228 411 246
397 230 388 261
400 230 391 260
403 230 394 259
408 230 403 256
411 230 406 255
414 230 408 251
416 230 411 250
419 230 413 248
392 233 382 265
394 233 385 264
400 233 392 263
403 233 394 262
408 233 400 262
411 233 409 258
414 233 415 257
477 233 466 236
378 236 378 241
392 236 382 267
394 236 386 266
405 236 397 265
408 236 404 264
411 236 408 262
414 236 415 260
416 236 419 260
441 236 423 245
457 236 442 240
460 236 449 239
405 239 398 268
408 239 405 267
411 239 408 267
457 239 432 247
474 239 460 241
477 239 467 240
403 241 393 272
405 241 398 271
411 241 408 270
455 241 429 250
457 241 432 250
455 244 429 253
474 244 444 248
457 252 438 251
468 255 442 266
474 255 449 262
457 258 436 257
460 258 439 257
471 258 445 266
457 261 436 260
460 261 439 260
463 261 442 260
471 261 443 269
460 263 440 263
471 263 443 272
422 266 429 280
460 269 426 279
466 269 432 279
474 269 474 272
414 272 417 287
419 272 423 287
422 272 430 288
427 272 460 261
479 272 483 283
425 274 457 267
455 274 420 286
389 277 409 282
425 277 461 276
427 277 460 270
446 277 445 272
449 277 449 271
378 280 378 297
389 280 409 285
392 280 413 285
408 280 385 279
425 280 462 279
389 282 410 288
392 282 413 288
400 282 477 277
430 282 414 285
433 282 417 284
444 282 444 275
460 282 458 274
397 285 476 279
444 285 444 278
446 285 447 278
449 285 450 277
452 285 453 277
457 285 456 277
460 285 458 277
482 285 477 284
485 285 480 284
386 288 386 288
400 288 392 295
441 288 442 284
444 288 444 281
446 288 448 280
457 288 456 280
460 288 459 280
474 288 476 301
479 288 475 287
482 288 478 287
381 291 380 291
383 291 383 291
438 291 439 287
441 291 443 287
444 291 445 287
449 291 446 283
479 291 478 291
482 291 481 290
381 293 380 293
435 293 434 294
477 293 471 290
479 293 479 295
482 293 481 294
485 293 485 294
438 296 437 296
479 296 478 298
482 296 481 298
485 296 485 298
386 299 387 297
389 299 389 296
471 299 460 289
386 302 387 300
389 302 390 301
435 302 432 301
438 302 438 302
471 302 429 300
386 304 387 303
389 304 389 304
392 304 392 304
405 304 396 307
419 304 423 307
435 304 432 303
441 304 441 308
457 304 454 297
463 304 460 309
389 307 388 308
392 307 391 307
405 307 394 314
419 307 421 310
468 307 458 303
471 307 462 302
389 310 388 311
392 310 391 310
416 310 418 313
419 310 421 313
422 310 424 313
425 310 428 313
446 310 445 312
471 310 465 307
392 313 391 313
411 313 404 321
419 313 422 317
422 313 424 317
427 313 430 316
433 313 432 312
435 313 435 311
438 313 438 312
457 313 451 316
460 313 454 316
471 313 465 311
378 315 378 315
386 315 387 314
392 315 391 316
435 315 436 314
471 315 463 314
378 318 378 318
381 318 381 318
449 318 446 319
457 318 452 322
471 318 464 318
474 318 465 317
378 321 378 321
381 321 380 321
389 321 389 321
466 321 458 320
471 321 464 321
477 321 466 320
485 321 479 322
378 324 378 323
381 324 380 323
383 324 383 323
386 324 386 324
449 324 445 322
460 324 453 328
463 324 455 325
466 324 458 324
477 324 434 324
479 324 488 329
485 324 479 325
383 326 380 326
386 326 386 326
397 326 398 326
441 326 437 326
463 326 455 331
466 326 461 327
477 326 434 327
378 329 378 327
383 329 380 329
386 329 388 329
463 329 453 333
468 329 464 329
378 332 378 330
444 332 435 332
468 332 465 332
381 335 379 335
386 335 384 335
392 335 390 334
394 335 393 334
438 335 429 334
444 335 436 335
446 335 439 335
449 335 442 335
468 335 465 335
488 335 477 333
490 335 492 334
392 337 389 337
394 337 392 337
444 337 435 337
446 337 439 337
449 337 442 337
471 337 471 337
490 337 492 337
