635 261 637 285
576 264 582 282
602 264 605 285
633 264 633 291
635 264 637 291
585 267 589 284
579 270 584 287
588 270 591 288
633 270 635 298
571 273 575 289
576 273 583 290
579 273 586 291
588 273 590 292
607 273 612 296
588 275 590 295
593 275 593 296
596 275 596 297
596 278 596 300
602 278 602 297
607 278 612 303
610 278 614 304
644 278 644 303
647 278 647 303
602 281 602 301
621 281 619 298
562 284 566 295
565 284 569 295
582 284 582 298
585 284 585 298
588 284 588 298
644 284 641 306
556 287 560 296
559 287 563 297
562 287 566 298
571 287 573 297
579 287 579 298
582 287 581 300
621 287 620 307
562 290 565 300
568 290 569 301
588 290 585 302
590 290 589 302
593 290 592 303
596 290 595 304
599 290 597 304
562 292 564 303
568 292 569 304
588 292 585 305
590 292 588 305
593 292 591 305
596 292 594 306
599 292 598 307
602 292 599 307
554 295 553 297
556 295 556 298
565 295 567 307
571 295 571 305
573 295 574 306
579 295 578 306
582 295 580 306
588 295 585 308
590 295 588 307
593 295 591 308
596 295 594 309
610 295 606 311
559 298 558 302
571 298 571 307
573 298 573 308
579 298 577 309
582 298 580 310
599 298 596 309
593 301 592 312
573 304 573 311
573 312 566 313
