630 253 629 266
624 261 627 280
627 261 629 280
630 261 632 280
635 261 641 280
627 264 629 282
630 264 632 282
635 264 638 282
638 264 641 283
641 264 646 285
621 267 621 285
624 267 623 285
633 267 633 285
635 267 637 285
627 270 626 285
630 270 629 284
551 273 546 286
633 273 632 290
644 273 640 285
548 275 543 288
551 275 547 288
610 278 611 293
647 278 646 293
610 281 610 296
613 281 614 296
647 281 647 302
602 284 598 298
604 284 601 298
607 284 605 300
613 284 612 299
616 284 615 299
644 284 643 305
647 284 647 305
562 287 558 298
565 287 560 298
602 287 598 301
604 287 601 301
607 287 604 301
610 287 608 302
613 287 611 302
647 287 646 309
554 290 544 296
571 290 565 300
599 290 595 302
602 290 597 304
604 290 600 304
607 290 604 305
613 290 611 305
554 292 544 300
556 292 549 300
559 292 557 304
571 292 565 304
599 292 595 305
610 292 608 308
619 292 620 310
627 292 620 305
551 295 541 302
554 295 545 302
571 295 566 306
588 295 580 304
590 295 584 303
630 295 620 308
635 295 627 308
641 295 631 307
576 298 571 306
588 298 581 306
599 298 592 306
627 298 618 311
638 298 626 311
576 301 571 309
579 301 574 307
599 301 591 309
602 301 594 309
604 301 597 310
573 304 568 311
602 304 594 312
604 304 597 312
607 304 600 313
610 304 603 313
588 306 581 312
