585 205 578 203
588 208 585 208
573 211 566 207
576 211 570 206
588 211 581 206
565 213 552 209
568 213 561 206
571 213 564 209
588 213 579 209
562 216 550 213
565 216 553 213
599 222 598 240
602 225 601 243
604 225 604 242
602 227 601 246
604 227 603 245
604 230 603 247
602 233 598 249
540 236 574 241
607 236 604 252
531 239 530 238
528 242 528 246
565 242 555 224
568 242 559 224
571 242 561 224
619 242 612 245
565 244 557 227
571 244 562 227
593 244 599 261
596 244 602 257
590 247 596 264
596 247 602 260
624 247 624 248
627 247 627 248
554 250 562 276
596 250 602 263
599 250 605 263
621 250 631 261
624 250 634 261
554 253 562 280
613 253 626 265
610 256 622 269
613 256 625 270
616 256 628 270
619 256 631 270
607 258 621 273
610 258 622 274
613 258 626 274
616 258 629 273
638 258 636 261
531 261 532 260
602 261 608 280
604 261 611 280
607 261 624 278
610 261 627 277
619 261 629 279
627 261 635 279
630 261 638 279
635 261 628 255
641 261 643 261
528 264 528 264
531 264 532 263
599 264 605 283
602 264 609 283
604 264 612 283
607 264 617 283
610 264 624 282
619 264 608 260
627 264 635 282
647 264 646 266
528 267 528 267
585 267 598 296
602 267 609 286
604 267 612 287
607 267 617 286
647 267 646 269
551 270 547 281
602 270 610 290
604 270 612 290
607 270 618 288
633 270 638 288
610 273 567 271
602 275 607 289
602 278 605 292
610 281 614 294
542 284 539 287
602 284 603 295
604 284 606 296
610 284 615 300
616 284 621 297
542 287 539 289
602 287 602 298
604 287 605 298
610 287 613 301
633 287 636 299
635 287 639 299
562 290 560 298
602 290 602 301
604 290 604 302
607 290 607 301
641 290 642 301
647 290 647 299
551 292 545 298
554 292 551 298
556 292 555 298
559 292 558 298
565 292 562 300
590 292 586 301
593 292 590 301
599 292 598 304
602 292 601 304
604 292 604 305
616 292 613 304
644 292 644 304
556 295 555 301
559 295 557 301
562 295 560 300
568 295 565 304
596 295 593 304
607 295 605 306
616 295 612 307
627 295 625 309
638 295 634 309
556 298 555 303
559 298 558 303
562 298 561 307
565 298 564 306
576 298 572 305
590 298 586 305
596 298 592 307
599 298 595 307
635 298 630 312
638 298 634 312
565 301 563 309
573 301 569 306
579 301 574 306
588 301 581 310
590 301 585 309
602 301 598 310
607 301 604 312
571 304 566 309
573 304 569 311
576 304 572 309
579 312 572 314
599 312 574 312
624 312 599 313
627 312 602 313
582 315 569 314
590 315 576 315
