556 208 596 230
576 208 591 206
568 211 550 214
573 211 587 209
562 213 546 217
568 213 550 218
562 216 545 220
565 216 548 220
548 219 542 220
588 222 596 217
590 222 600 217
540 225 544 245
582 225 587 225
582 227 587 228
579 233 585 237
582 233 589 233
585 233 592 233
588 233 596 233
582 236 589 239
588 236 596 237
599 236 607 256
602 236 611 257
604 236 615 257
607 236 619 258
582 239 589 242
585 239 593 240
588 239 597 240
602 239 610 259
604 239 613 260
607 239 616 261
585 242 594 243
602 242 609 262
604 242 613 263
607 242 616 264
610 242 620 264
613 242 622 263
537 244 549 267
556 244 550 261
593 244 603 261
596 244 606 262
613 244 622 266
616 244 624 266
619 244 628 267
559 247 551 257
588 247 596 263
590 247 600 261
593 247 603 264
621 247 629 270
624 247 631 270
596 250 605 268
619 250 624 272
624 250 631 273
554 256 547 260
590 256 601 271
624 256 626 278
627 256 626 275
630 256 630 276
633 256 636 279
551 258 543 263
554 258 547 263
565 258 565 267
593 258 592 282
602 258 604 274
604 258 610 276
607 258 614 277
610 258 617 277
630 258 632 282
633 258 635 282
635 258 638 282
554 261 546 266
556 261 561 275
596 261 595 283
602 261 603 278
604 261 607 278
607 261 610 279
613 261 616 280
635 261 637 285
638 261 641 286
644 261 648 288
562 264 569 281
573 264 579 282
576 264 582 282
596 264 599 284
599 264 602 285
602 264 605 285
604 264 609 282
607 264 612 282
610 264 615 287
630 264 624 286
633 264 633 291
635 264 637 291
638 264 641 289
641 264 644 290
644 264 647 291
551 267 556 278
554 267 547 274
579 267 580 294
585 267 589 284
599 267 601 287
607 267 611 290
610 267 615 290
630 267 624 289
633 267 635 295
638 267 640 292
641 267 643 292
548 270 560 292
551 270 563 292
579 270 584 287
588 270 591 288
633 270 635 298
571 273 575 289
576 273 583 290
579 273 586 291
588 273 590 292
607 273 612 296
588 275 590 295
593 275 593 296
596 275 596 297
607 275 613 300
638 275 632 300
644 275 644 300
548 278 561 302
559 278 564 289
596 278 596 300
602 278 602 297
607 278 612 303
610 278 614 304
644 278 644 303
647 278 647 303
545 281 543 283
602 281 602 301
621 281 619 298
624 281 623 297
562 284 566 295
565 284 569 295
582 284 582 298
585 284 585 298
588 284 588 298
644 284 641 306
542 287 541 288
545 287 545 289
548 287 545 286
556 287 560 296
559 287 563 297
562 287 566 298
565 287 568 297
571 287 573 297
579 287 579 298
582 287 581 300
621 287 620 307
633 287 633 307
562 290 565 300
568 290 569 301
571 290 572 300
573 290 574 299
588 290 585 302
590 290 589 302
593 290 592 303
596 290 595 304
599 290 597 304
607 290 605 305
633 290 633 310
548 292 547 293
551 292 550 294
554 292 553 295
562 292 564 303
568 292 569 304
573 292 574 302
579 292 578 303
582 292 581 304
588 292 585 305
590 292 588 305
593 292 591 305
596 292 594 306
599 292 598 307
602 292 599 307
551 295 550 297
554 295 553 297
556 295 556 298
565 295 567 307
571 295 571 305
573 295 574 306
579 295 578 306
582 295 580 306
588 295 585 308
590 295 588 307
593 295 591 308
596 295 594 309
610 295 606 311
613 295 610 312
559 298 558 302
571 298 571 307
573 298 573 308
579 298 577 309
582 298 580 310
599 298 596 309
627 298 619 314
556 301 556 301
593 301 592 312
573 304 573 311
590 304 588 314
573 306 572 315
585 306 583 314
588 306 585 314
573 312 566 313
602 315 580 316
