59 111 32 23
111 111 92 19
129 111 109 16
59 129 36 42
146 129 126 36
59 146 37 63
424 163 442 21
371 181 382 63
389 181 406 62
371 198 383 85
389 198 404 83
424 198 447 73
441 198 469 68
493 198 538 81
337 215 340 109
354 215 362 108
371 215 385 106
389 215 406 105
458 215 496 98
476 215 517 97
493 215 539 96
319 233 321 132
337 233 342 130
354 233 363 129
371 233 385 128
389 233 408 127
406 233 429 125
458 233 495 120
476 233 519 119
493 233 539 116
510 233 564 116
302 250 300 155
319 250 321 153
337 250 343 152
354 250 365 151
371 250 386 149
389 250 407 148
406 250 429 146
424 250 450 145
441 250 473 144
458 250 495 141
476 250 519 141
493 250 541 139
285 267 288 179
302 267 304 175
319 267 322 174
337 267 344 173
354 267 365 172
371 267 386 170
389 267 407 168
406 267 429 167
424 267 452 165
441 267 475 164
458 267 496 163
476 267 519 160
267 285 273 202
319 285 326 197
354 285 365 193
371 285 386 190
389 285 407 189
406 285 431 189
424 285 454 188
441 285 474 186
458 285 497 184
476 285 520 184
545 285 605 184
215 302 223 223
233 302 241 224
250 302 260 221
302 302 311 219
319 302 327 216
337 302 347 214
354 302 368 214
371 302 388 213
389 302 408 210
406 302 432 210
424 302 453 209
441 302 475 208
458 302 498 207
476 302 521 205
493 302 543 206
510 302 564 205
528 302 583 202
545 302 605 204
215 319 224 246
319 319 332 237
337 319 349 235
354 319 370 236
371 319 393 234
389 319 412 233
406 319 433 231
424 319 454 230
441 319 476 229
458 319 499 228
476 319 521 227
510 319 565 226
528 319 587 225
302 337 319 260
337 337 353 258
354 337 372 257
371 337 394 255
389 337 413 254
406 337 434 251
424 337 454 251
441 337 478 251
493 337 544 248
510 337 565 247
528 337 586 246
267 354 293 281
337 354 355 277
354 354 377 276
371 354 397 275
389 354 414 273
406 354 438 274
424 354 457 272
441 354 479 272
493 354 546 268
510 354 565 267
545 354 606 266
285 371 316 298
302 371 335 297
354 371 384 295
371 371 402 294
406 371 440 293
424 371 460 295
441 371 480 293
493 371 542 290
510 371 565 285
545 371 607 287
562 371 628 285
371 389 406 313
389 389 423 313
406 389 442 312
441 389 482 312
458 389 502 312
476 389 523 310
545 389 606 307
562 389 630 306
337 406 371 328
371 406 408 330
406 406 446 330
476 406 526 331
510 406 565 324
545 406 609 327
562 406 630 324
215 424 245 351
233 424 266 355
354 424 389 349
371 424 409 348
389 424 429 347
406 424 448 348
441 424 484 350
493 424 543 349
562 424 631 346
285 441 311 373
354 441 391 368
371 441 410 366
389 441 428 366
406 441 446 363
441 441 486 370
458 441 503 369
493 441 544 367
528 441 588 368
233 458 268 388
250 458 286 387
302 458 338 386
337 458 373 386
354 458 391 384
371 458 411 383
389 458 431 390
406 458 448 380
424 458 468 379
458 458 503 388
476 458 524 387
493 458 545 387
562 458 632 383
