333 160 367 159
307 165 333 159
328 165 366 163
333 165 370 164
323 170 361 168
333 170 371 168
343 175 381 177
338 180 378 181
343 180 381 182
291 186 333 181
297 186 338 181
354 186 392 187
323 191 361 191
291 201 323 200
297 201 328 199
317 201 355 200
323 201 361 201
349 201 386 201
291 206 322 204
328 206 366 206
333 206 372 208
369 206 396 208
297 212 327 207
323 212 359 211
328 212 366 211
333 212 371 212
286 217 311 215
307 217 337 211
312 217 348 216
317 217 353 216
338 217 371 218
349 217 381 218
369 217 396 217
291 222 317 218
312 222 348 221
317 222 353 220
323 222 358 221
328 222 362 221
343 222 376 224
369 222 396 222
302 227 338 226
307 227 337 223
312 227 348 226
317 227 352 226
323 227 358 226
328 227 363 227
338 227 371 228
343 227 375 229
354 227 381 228
359 227 388 228
364 227 392 228
291 232 324 231
297 232 332 230
302 232 338 231
307 232 343 231
312 232 348 231
317 232 352 231
328 232 362 232
338 232 371 233
343 232 375 233
359 232 387 233
364 232 391 232
369 232 396 233
291 238 323 236
297 238 332 236
302 238 339 237
307 238 344 236
312 238 348 236
317 238 353 237
323 238 357 237
328 238 362 237
338 238 371 237
343 238 374 238
359 238 386 238
286 243 316 242
291 243 322 242
312 243 347 242
317 243 353 242
323 243 357 242
328 243 362 242
338 243 371 242
343 243 375 243
354 243 381 243
359 243 385 243
286 248 315 247
291 248 321 247
307 248 342 245
343 248 375 248
302 253 336 252
328 253 362 251
338 253 371 253
349 253 378 254
291 258 322 258
297 258 327 258
307 258 337 258
338 258 370 259
286 264 314 264
291 264 321 264
297 264 327 263
302 264 337 264
312 264 342 265
317 264 353 262
338 264 370 264
343 264 374 261
281 269 309 270
286 269 314 269
291 269 320 268
297 269 326 269
312 269 348 266
317 269 348 269
323 269 357 269
328 269 362 269
343 269 374 267
286 274 314 275
291 274 319 274
297 274 326 273
312 274 348 274
317 274 353 274
328 274 362 274
343 274 374 272
286 279 312 280
291 279 320 279
297 279 326 279
302 279 332 280
307 279 342 280
338 279 369 279
343 279 373 277
286 284 311 285
291 284 317 285
297 284 326 286
302 284 332 286
307 284 337 285
312 284 346 284
333 284 364 283
291 290 320 291
297 290 326 291
302 290 332 291
307 290 337 291
312 290 343 292
323 290 351 291
328 290 357 292
338 290 368 288
317 295 347 296
323 295 352 297
312 300 340 302
307 305 330 310
