1 0 0 0.1308821737766266 
0 1 0 -0.01119700819253922 
0 0 1 -0.7505143880844116 
0 0 0 1 

0.9978599548339844 0.0150820966809988 0.06362305581569672 0.07783125340938568 
-0.0138747189193964 0.9997159838676453 -0.01937598176300526 0.001396109350025654 
-0.06389722228050232 0.01845174469053745 0.9977858662605286 -0.7591204047203064 
0 0 0 1 

0.9883431196212769 0.01655913889408112 0.1513393521308899 0.01292950101196766 
-0.009510882198810577 0.9988412261009216 -0.04717812687158585 0.02239947021007538 
-0.1519452184438705 0.04518879950046539 0.9873552918434143 -0.7644045352935791 
0 0 0 1 

0.9592692255973816 0.01896191760897636 0.281855970621109 -0.08664114028215408 
0.0063094194047153 0.9960576891899109 -0.08848322182893753 0.05559007450938225 
-0.2824226021766663 0.0866575762629509 0.9553678035736084 -0.7615885734558105 
0 0 0 1 

0.8895528316497803 0.02694431319832802 0.4560368955135345 -0.2249951064586639 
0.03727293014526367 0.9906501770019531 -0.1312362998723984 0.09234236180782318 
-0.4553090929985046 0.1337394565343857 0.8802313804626465 -0.7351745963096619 
0 0 0 1 

0.8542064428329468 0.03361140191555023 0.5188462734222412 -0.2767969965934753 
0.05049226060509682 0.9878289103507996 -0.1471208035945892 0.106991358101368 
-0.5174763202667236 0.1518692672252655 0.8421127200126648 -0.719153881072998 
0 0 0 1 

0.9739686250686646 0.03890105336904526 0.2233197540044785 -0.03492573276162148 
-0.01567275077104568 0.9943636059761047 -0.1048585623502731 0.0640171617269516 
-0.2261401414871216 0.09862890839576721 0.9690886735916138 -0.7757134437561035 
0 0 0 1 

0.9986070990562439 0.01158981025218964 -0.05147350579500198 0.1737905144691467 
-0.01380451209843159 0.9989848136901855 -0.04288096725940704 0.01859542913734913 
0.05092426761984825 0.04353180527687073 0.9977533221244812 -0.7561583518981934 
0 0 0 1 

0.9955253005027771 0.004272719379514456 -0.09439856559038162 0.2074585109949112 
-0.008291139267385006 0.9990740418434143 -0.0422174371778965 0.02055850811302662 
0.09413076937198639 0.04281120374798775 0.9946389198303223 -0.7481433749198914 
0 0 0 1 

0.9927286505699158 -0.007932428270578384 -0.1201119720935822 0.2297295331954956 
0.003385861404240131 0.9992716312408447 -0.03800961747765541 0.01970470510423183 
0.1203259900212288 0.03732655569911003 0.9920324683189392 -0.7410808205604553 
0 0 0 1 

