571 205 573 213
590 205 588 211
599 205 593 211
542 208 540 221
548 208 543 221
551 208 548 221
599 208 593 214
545 211 542 223
559 211 553 221
545 213 541 226
573 213 574 218
576 213 577 218
596 213 589 216
602 213 594 216
573 216 574 221
576 216 576 222
593 216 587 219
596 216 590 219
599 219 587 221
542 222 542 238
551 222 557 233
554 222 559 233
551 225 557 235
548 227 545 241
582 227 576 229
568 230 568 232
571 230 570 232
548 233 548 247
571 233 573 235
548 239 549 250
571 239 576 240
548 242 548 243
596 242 608 236
551 244 551 246
588 244 602 241
596 244 608 239
602 247 613 242
604 247 615 242
596 250 607 242
604 250 615 244
596 253 607 244
599 253 610 248
602 253 612 247
548 256 551 258
571 256 584 259
596 256 607 247
599 256 610 250
607 256 616 248
610 256 618 248
613 256 621 248
602 258 612 250
607 258 616 250
610 258 618 251
604 261 613 252
607 261 616 253
610 261 619 253
579 264 590 262
585 264 601 264
602 264 611 255
604 264 613 255
607 264 615 255
585 267 602 267
602 267 610 258
588 270 604 267
590 270 607 267
588 273 602 270
571 275 590 273
576 275 593 273
627 275 623 276
633 275 627 276
602 278 599 284
616 278 619 279
638 278 630 278
641 278 633 279
568 281 576 284
571 281 578 284
633 281 627 282
638 281 630 282
551 284 575 295
571 284 578 287
573 284 582 287
596 284 601 286
568 287 573 298
607 287 607 293
635 287 630 289
571 290 575 301
576 290 578 301
582 290 581 301
585 290 584 302
593 290 590 301
604 290 604 293
607 290 608 295
610 290 610 296
633 290 629 292
556 292 552 295
562 292 569 303
568 292 573 303
571 292 574 304
576 292 578 304
590 292 587 298
593 292 590 304
607 292 607 298
630 292 626 295
633 292 629 295
641 292 638 298
644 292 640 298
647 292 643 299
556 295 552 298
568 295 572 306
599 295 601 299
635 295 630 298
571 298 567 298
644 298 641 302
556 301 556 301
559 301 559 301
562 301 562 301
588 301 587 312
590 301 590 310
610 301 607 301
630 301 627 304
641 301 638 305
644 301 640 305
562 304 561 303
579 304 570 306
599 304 596 310
602 304 598 310
610 304 607 304
627 304 623 307
641 304 638 307
562 306 561 306
579 306 569 308
582 306 572 309
621 306 615 311
638 306 636 310
641 306 638 310
647 306 643 308
571 309 564 309
579 309 569 312
585 309 575 310
621 309 615 313
624 309 618 313
638 309 635 312
568 312 564 313
582 312 572 312
585 312 575 312
621 312 615 316
630 312 624 316
638 312 641 310
644 312 644 310
647 312 643 314
573 315 566 316
579 315 570 315
582 315 572 315
619 315 610 316
621 315 612 315
633 315 627 316
638 315 633 315
647 315 647 315
