590 205 588 211
599 205 593 211
542 208 540 221
548 208 543 221
599 208 593 214
576 213 577 218
596 213 589 216
602 213 594 216
593 216 587 219
596 216 590 219
633 275 627 276
633 281 627 282
638 281 630 282
607 287 607 293
635 287 630 289
582 290 581 301
593 290 590 301
604 290 604 293
607 290 608 295
610 290 610 296
633 290 629 292
590 292 587 298
593 292 590 304
607 292 607 298
630 292 626 295
633 292 629 295
641 292 638 298
644 292 640 298
635 295 630 298
588 301 587 312
590 301 590 310
630 301 627 304
641 301 638 305
644 301 640 305
599 304 596 310
602 304 598 310
627 304 623 307
641 304 638 307
582 306 572 309
621 306 615 311
638 306 636 310
641 306 638 310
647 306 643 308
585 309 575 310
621 309 615 313
624 309 618 313
638 309 635 312
568 312 564 313
582 312 572 312
585 312 575 312
621 312 615 316
647 312 643 314
573 315 566 316
579 315 570 315
582 315 572 315
619 315 610 316
621 315 612 315
633 315 627 316
638 315 633 315
647 315 647 315
