1 0 0 -0.2022774517536163 
0 1 0 -0.02555054239928722 
0 0 1 -0.5562111139297485 
0 0 0 1 

0.9999573826789856 0.003611257532611489 -0.008494269102811813 -0.1928186863660812 
-0.002818979090079665 0.9958009719848633 0.09150169789791107 -0.06896113604307175 
0.008789035491645336 -0.09147386252880096 0.9957687258720398 -0.5327420234680176 
0 0 0 1 

0.996996283531189 -0.009855079464614391 -0.07681908458471298 -0.1542393565177917 
0.01815151423215866 0.9939784407615662 0.1080610454082489 -0.07790874689817429 
0.07529154419898987 -0.109130859375 0.9911717176437378 -0.5389942526817322 
0 0 0 1 

0.9904870390892029 -0.005434804130345583 -0.1374970823526382 -0.119494616985321 
0.0177368987351656 0.9959267973899841 0.08840319514274597 -0.06601420044898987 
0.1364565789699554 -0.09000110626220703 0.9865491986274719 -0.5429468154907227 
0 0 0 1 

