432 217 433 217
448 217 447 217
453 217 452 217
456 217 454 217
459 217 457 217
464 217 463 217
445 219 441 220
453 219 452 219
456 219 454 220
464 219 463 221
467 219 466 221
474 219 473 221
480 219 478 222
482 219 480 222
485 219 483 222
503 219 497 221
517 219 521 219
522 219 514 219
530 219 529 218
533 219 534 218
538 219 538 218
435 222 433 222
451 222 447 224
453 222 449 224
459 222 457 225
461 222 460 225
464 222 462 224
467 222 465 224
472 222 470 224
474 222 472 224
477 222 475 224
480 222 478 225
482 222 480 225
485 222 483 224
493 222 490 225
496 222 493 225
501 222 498 225
506 222 500 223
519 222 524 221
533 222 535 221
435 224 433 224
443 224 439 227
448 224 445 227
451 224 447 227
456 224 453 227
459 224 457 227
461 224 459 227
469 224 467 227
472 224 469 227
474 224 472 227
477 224 475 227
482 224 480 227
485 224 482 227
488 224 485 227
493 224 491 227
496 224 493 227
498 224 495 227
501 224 498 227
503 224 500 227
514 224 514 228
517 224 521 224
519 224 524 223
538 224 538 223
432 227 431 227
435 227 433 227
437 227 436 227
443 227 442 227
448 227 445 230
456 227 454 230
461 227 458 230
464 227 461 229
467 227 464 229
469 227 466 229
472 227 469 229
474 227 471 229
477 227 474 229
480 227 477 229
482 227 480 230
485 227 482 229
488 227 485 230
490 227 487 230
493 227 490 230
496 227 493 230
498 227 495 229
501 227 498 230
503 227 500 230
506 227 503 230
514 227 511 231
517 227 522 226
519 227 524 226
533 227 532 223
538 227 538 226
456 230 453 232
461 230 458 232
464 230 462 232
472 230 469 232
474 230 473 235
477 230 475 232
480 230 477 232
482 230 480 233
485 230 482 232
488 230 485 233
490 230 487 232
493 230 490 232
496 230 493 232
498 230 495 232
501 230 498 233
503 230 501 232
506 230 503 233
517 230 514 234
519 230 519 250
522 230 522 250
525 230 524 234
533 230 535 229
538 230 538 229
437 232 436 238
456 232 453 235
461 232 458 234
464 232 460 234
467 232 464 234
469 232 466 234
472 232 469 235
480 232 477 235
482 232 480 235
485 232 482 235
488 232 485 235
490 232 487 235
493 232 490 235
496 232 493 235
498 232 495 235
501 232 498 235
503 232 501 235
506 232 503 235
509 232 506 235
517 232 514 236
522 232 522 252
527 232 528 252
432 235 432 241
437 235 437 240
456 235 453 239
461 235 458 237
467 235 464 237
469 235 466 237
472 235 469 237
474 235 473 238
480 235 477 238
482 235 480 237
485 235 482 238
488 235 485 238
490 235 488 238
493 235 490 238
496 235 493 238
498 235 495 238
501 235 498 238
503 235 500 238
506 235 503 238
509 235 505 239
514 235 510 240
522 235 516 237
527 235 527 255
538 235 538 237
435 238 434 244
437 238 437 243
443 238 442 240
445 238 445 240
456 238 453 242
469 238 466 240
472 238 471 241
477 238 474 240
480 238 477 240
485 238 482 240
488 238 485 241
490 238 487 241
493 238 490 241
496 238 493 240
498 238 495 240
501 238 498 241
503 238 500 241
506 238 503 241
519 238 516 239
522 238 519 240
445 240 445 243
451 240 448 246
453 240 450 246
469 240 469 243
480 240 477 243
482 240 479 243
485 240 482 243
488 240 485 243
490 240 487 243
493 240 490 243
498 240 495 243
501 240 500 243
506 240 502 243
509 240 505 243
517 240 514 242
519 240 516 242
522 240 519 242
469 243 469 246
472 243 471 246
482 243 476 245
485 243 482 246
488 243 485 246
490 243 487 246
496 243 493 246
503 243 500 246
506 243 502 246
509 243 505 246
517 243 514 244
525 243 522 260
527 243 524 261
430 246 429 264
440 246 437 248
443 246 439 248
445 246 442 248
448 246 444 248
451 246 447 248
459 246 456 249
469 246 469 249
472 246 471 248
480 246 479 248
485 246 482 248
496 246 492 248
498 246 495 248
501 246 497 249
503 246 500 248
506 246 502 248
509 246 505 248
525 246 522 263
527 246 524 263
535 246 536 279
437 248 434 249
445 248 442 251
448 248 445 251
451 248 448 251
453 248 451 251
456 248 453 251
459 248 455 251
472 248 471 251
480 248 479 250
485 248 476 250
490 248 490 251
498 248 495 250
501 248 497 250
503 248 500 250
506 248 503 250
527 248 525 266
430 251 431 259
432 251 433 259
435 251 436 259
437 251 434 251
440 251 436 251
448 251 445 253
451 251 448 254
453 251 451 254
456 251 453 254
459 251 456 254
461 251 459 254
467 251 464 250
496 251 492 251
506 251 502 261
430 254 431 262
432 254 433 261
435 254 436 262
437 254 433 254
451 254 448 256
453 254 451 256
456 254 454 257
459 254 456 256
461 254 459 256
467 254 464 256
498 254 495 254
514 254 511 253
430 256 431 265
453 256 450 258
456 256 453 259
459 256 456 259
467 256 463 259
469 256 466 259
488 256 476 256
498 256 492 255
501 256 498 256
503 256 500 256
506 256 502 256
509 256 506 255
435 259 437 265
448 259 448 264
451 259 451 264
453 259 450 261
456 259 453 261
459 259 456 261
461 259 458 261
464 259 461 261
467 259 463 261
469 259 466 261
474 259 471 264
480 259 474 264
503 259 500 258
506 259 502 259
533 259 532 242
535 259 535 242
432 261 434 267
445 261 445 268
448 261 448 267
456 261 453 263
459 261 456 264
461 261 459 264
464 261 461 264
467 261 463 264
469 261 466 264
472 261 468 267
533 261 533 273
535 261 535 273
435 264 437 270
448 264 448 270
451 264 463 287
459 264 456 266
461 264 459 267
464 264 461 267
467 264 463 267
472 264 468 270
490 264 487 264
498 264 493 264
519 264 514 258
533 264 533 276
538 264 538 247
445 267 445 275
461 267 459 269
464 267 461 270
467 267 463 270
480 267 472 271
498 267 493 267
501 267 496 267
503 267 499 267
511 267 508 261
538 267 538 266
435 269 434 256
464 269 461 273
467 269 466 274
501 269 495 269
503 269 501 272
432 272 432 275
501 272 498 275
503 272 500 275
506 272 503 275
472 275 469 278
496 275 496 277
501 275 497 278
503 275 501 277
506 275 503 277
511 275 509 269
533 275 530 274
467 277 464 280
469 277 467 280
472 277 469 280
488 277 484 279
493 277 493 280
496 277 495 279
501 277 498 280
503 277 500 280
506 277 502 280
432 280 435 307
467 280 464 283
469 280 466 282
472 280 469 282
474 280 471 282
477 280 474 282
480 280 477 283
482 280 480 283
485 280 482 282
488 280 485 282
490 280 488 282
493 280 493 282
498 280 496 282
501 280 498 282
503 280 500 282
506 280 503 282
522 280 520 304
467 283 463 285
469 283 475 288
472 283 477 288
482 283 480 285
485 283 482 285
490 283 488 285
496 283 490 285
498 283 496 285
501 283 498 285
522 283 520 306
538 283 538 289
435 285 434 291
437 285 437 291
440 285 440 291
461 285 472 293
477 285 478 290
480 285 480 290
493 285 488 288
498 285 493 288
538 285 538 292
437 288 437 294
440 288 440 293
480 288 479 293
493 288 488 290
496 288 491 290
498 288 494 290
501 288 495 291
535 288 533 287
538 288 538 276
443 290 445 296
445 290 448 296
448 290 450 296
480 290 479 296
482 290 482 296
485 290 485 296
525 290 522 290
527 290 525 291
530 290 527 291
533 290 530 290
535 290 533 290
461 293 458 296
525 293 522 293
527 293 525 293
530 293 528 293
533 293 530 293
535 293 533 293
440 296 445 286
443 296 442 299
448 296 451 301
453 296 448 298
456 296 451 298
501 296 507 303
527 296 525 295
535 296 534 305
445 298 445 302
477 298 477 301
430 301 429 307
490 301 488 304
493 301 490 304
496 301 495 301
498 301 498 301
522 304 498 295
443 306 448 312
467 306 481 310
533 306 533 295
453 309 450 309
480 309 472 306
525 309 528 303
530 309 530 308
430 312 429 315
459 312 461 312
464 312 464 311
485 312 481 311
488 312 483 312
490 312 486 312
493 312 488 311
527 312 528 311
530 312 531 311
533 312 533 310
535 312 535 311
538 312 538 313
430 314 429 318
432 314 433 317
435 314 435 317
451 314 458 312
480 314 478 314
482 314 480 314
488 314 483 314
514 314 515 313
517 314 518 313
530 314 531 313
533 314 533 314
538 314 538 316
453 317 450 315
530 317 531 316
533 317 533 317
538 317 538 319
456 320 453 318
459 320 456 317
530 320 530 321
533 320 533 321
451 322 445 323
496 322 517 322
530 322 530 323
533 322 533 324
430 325 429 326
448 325 444 325
451 325 446 325
527 325 523 325
430 327 429 328
467 327 481 327
469 327 483 327
509 327 507 327
525 327 520 328
527 327 523 327
530 327 530 327
535 327 534 327
538 327 538 327
