488 219 496 255
461 222 470 253
464 222 472 253
485 222 493 257
456 224 466 255
461 224 470 256
472 224 482 257
474 224 484 257
477 224 487 257
480 224 489 258
493 224 500 263
453 227 463 257
456 227 465 258
459 227 468 258
461 227 471 259
467 227 476 259
469 227 479 259
472 227 482 259
474 227 485 259
480 227 489 260
485 227 493 262
488 227 495 262
490 227 497 264
493 227 500 265
451 230 461 259
453 230 462 259
456 230 465 260
459 230 468 261
461 230 471 261
464 230 473 262
467 230 476 262
472 230 481 262
474 230 484 262
477 230 486 262
482 230 490 264
485 230 492 264
488 230 495 265
451 232 460 262
453 232 462 262
459 232 466 263
485 232 492 266
488 232 494 267
490 232 496 268
469 235 478 265
472 235 482 268
480 235 487 269
488 235 494 270
490 235 496 271
472 238 480 268
477 238 485 270
522 238 523 279
443 243 446 271
440 246 443 274
443 246 445 275
496 246 501 280
469 248 476 277
472 248 478 280
474 248 481 280
501 248 501 283
503 248 503 283
459 251 462 281
469 251 474 282
472 251 477 283
474 251 481 284
477 251 485 284
490 251 493 283
493 251 495 284
496 251 498 284
503 251 503 286
456 254 460 283
472 254 476 286
448 256 451 282
451 256 455 286
453 256 458 286
472 256 476 289
493 256 497 289
496 256 500 289
527 256 526 293
445 259 447 281
451 259 455 289
453 259 458 289
459 259 462 287
493 259 497 291
496 259 499 292
525 259 523 295
527 259 526 296
530 259 529 296
432 261 432 285
451 261 455 291
459 261 461 290
461 261 463 290
469 261 472 292
456 264 457 291
459 264 461 292
461 264 463 293
464 264 466 293
467 264 469 294
469 264 471 294
482 264 484 290
461 267 463 296
464 267 466 296
467 267 469 296
469 267 472 297
480 267 484 295
482 267 484 293
464 269 466 299
467 269 469 299
469 269 472 299
472 269 475 300
480 269 484 298
482 269 487 299
530 269 523 308
472 275 471 302
485 275 486 302
496 275 494 306
472 277 471 305
474 277 476 307
482 277 483 304
493 277 490 309
496 277 493 309
498 277 496 309
472 280 471 308
474 280 475 309
480 280 481 310
490 280 488 311
493 280 490 312
496 280 493 312
498 280 496 312
461 283 458 306
467 283 463 311
469 283 466 311
472 283 472 311
485 283 487 314
498 283 499 313
503 283 503 314
506 283 506 315
501 285 498 319
503 285 501 319
