559 208 553 212
565 208 559 211
571 208 565 212
559 211 554 214
562 211 557 214
565 211 560 214
576 211 572 215
579 211 575 216
556 213 552 217
562 213 556 217
568 213 562 217
573 213 568 218
579 213 573 218
542 216 539 220
556 216 553 221
559 216 555 221
571 216 565 221
573 216 568 221
540 219 535 224
551 219 547 224
559 219 556 224
562 219 558 223
573 219 567 225
576 219 570 225
579 219 575 222
582 219 578 224
534 222 531 228
537 222 533 227
540 222 536 227
548 222 544 227
551 222 547 226
556 222 553 226
559 222 556 226
573 222 567 228
576 222 570 227
579 222 575 225
528 225 528 228
534 225 530 230
537 225 533 230
540 225 536 230
551 225 547 229
554 225 550 229
559 225 556 229
568 225 564 229
573 225 568 230
576 225 570 229
579 225 573 230
582 225 578 229
528 227 528 231
534 227 530 233
537 227 533 233
540 227 535 233
562 227 558 232
565 227 561 232
568 227 564 232
571 227 566 233
585 227 580 230
528 230 527 234
537 230 533 236
540 230 536 236
542 230 538 236
545 230 542 236
548 230 544 236
556 230 553 235
559 230 556 235
562 230 559 235
565 230 562 235
568 230 565 235
573 230 571 233
576 230 573 233
582 230 576 233
599 230 599 232
537 233 533 240
554 233 550 238
556 233 553 238
559 233 556 238
562 233 559 238
585 233 585 241
602 233 602 230
528 236 527 242
537 236 534 242
540 236 537 242
542 236 540 242
545 236 542 242
548 236 545 242
551 236 547 242
554 236 550 242
556 236 554 241
602 236 602 232
528 239 527 246
534 239 533 245
537 239 535 245
542 239 540 245
545 239 542 245
548 239 545 245
551 239 547 245
554 239 550 244
559 239 556 245
604 239 605 233
607 239 607 233
528 242 527 248
534 242 533 248
542 242 539 247
562 242 558 247
604 242 605 235
528 244 527 251
534 244 533 250
540 244 539 250
542 244 542 250
528 247 528 253
531 247 530 254
534 247 533 253
540 247 538 253
542 247 541 254
545 247 545 256
528 250 528 256
531 250 530 257
540 250 536 256
604 250 618 252
607 250 621 253
610 250 624 252
613 250 627 252
531 253 530 259
582 253 582 262
607 253 621 254
610 253 624 255
613 253 627 255
616 253 629 255
531 256 530 262
534 256 533 264
545 256 542 265
604 256 618 258
607 256 621 257
610 256 624 257
613 256 627 258
616 256 629 258
619 256 632 258
627 256 627 246
551 258 556 272
573 258 553 267
593 258 593 270
596 258 596 269
607 258 619 261
610 258 621 261
613 258 625 261
616 258 627 260
621 258 633 260
613 261 625 263
616 261 627 263
619 261 630 263
621 261 633 263
624 261 636 263
540 264 540 267
571 264 580 264
602 264 598 264
613 264 624 266
616 264 627 266
619 264 630 265
621 264 632 266
627 264 638 266
635 264 639 260
531 267 533 270
534 267 536 270
537 267 540 270
540 267 543 270
562 267 559 282
573 267 571 285
599 267 596 266
602 267 599 266
607 267 618 267
621 267 630 269
624 267 633 269
627 267 636 269
528 270 528 273
531 270 533 273
534 270 537 273
537 270 540 272
540 270 543 273
542 270 545 273
545 270 547 273
568 270 573 278
588 270 579 279
602 270 600 269
610 270 619 270
619 270 627 271
621 270 630 272
624 270 633 272
627 270 635 273
630 270 638 273
633 270 641 272
638 270 642 266
531 273 533 276
534 273 537 275
537 273 540 275
540 273 543 275
542 273 545 276
548 273 550 276
568 273 574 281
576 273 584 269
602 273 600 272
604 273 602 272
610 273 619 273
613 273 621 273
616 273 624 274
619 273 627 275
621 273 630 275
624 273 632 275
630 273 637 276
638 273 642 269
528 275 529 279
531 275 533 279
534 275 536 278
537 275 540 278
540 275 543 278
542 275 545 279
545 275 548 279
548 275 550 279
602 275 599 274
610 275 616 278
616 275 624 277
624 275 630 278
627 275 633 279
630 275 636 279
633 275 639 279
635 275 642 279
638 275 647 280
528 278 528 282
531 278 533 282
534 278 536 282
537 278 539 281
542 278 545 281
545 278 548 282
548 278 550 282
551 278 553 282
599 278 597 281
607 278 613 280
610 278 616 280
613 278 619 281
616 278 622 281
633 278 638 282
635 278 641 282
638 278 644 281
534 281 536 284
537 281 539 284
540 281 542 284
542 281 545 284
545 281 548 285
548 281 551 284
556 281 556 285
559 281 559 285
579 281 587 276
588 281 587 282
590 281 590 282
593 281 594 282
607 281 613 283
610 281 616 283
613 281 619 284
616 281 622 284
619 281 624 284
621 281 627 284
627 281 631 284
630 281 634 284
531 284 534 285
537 284 540 288
540 284 542 287
545 284 548 287
551 284 553 288
559 284 559 287
588 284 587 285
590 284 590 285
593 284 594 284
596 284 597 284
607 284 613 287
610 284 615 287
613 284 619 286
616 284 622 286
621 284 627 287
624 284 630 286
630 284 634 287
633 284 637 287
534 287 538 290
537 287 540 291
540 287 543 290
542 287 546 290
545 287 548 290
548 287 551 290
551 287 554 290
554 287 556 290
559 287 559 290
562 287 562 291
571 287 574 290
582 287 582 287
590 287 591 287
593 287 595 286
596 287 598 287
630 287 633 290
635 287 641 289
638 287 644 289
537 290 541 293
540 290 543 293
542 290 546 292
545 290 549 293
548 290 551 293
551 290 554 293
554 290 556 292
556 290 559 293
559 290 562 293
562 290 568 292
585 290 587 290
588 290 590 289
590 290 592 289
593 290 595 289
613 290 616 292
531 292 533 292
537 292 540 296
540 292 543 296
542 292 546 296
545 292 549 296
548 292 552 296
551 292 554 296
554 292 557 295
556 292 560 295
562 292 565 296
576 292 575 295
582 292 582 295
585 292 587 293
588 292 589 292
590 292 592 293
593 292 595 293
599 292 600 293
602 292 601 289
635 292 639 297
531 295 530 296
540 295 542 298
542 295 546 298
545 295 549 299
548 295 552 298
551 295 555 298
554 295 557 298
556 295 560 298
559 295 563 298
562 295 565 298
565 295 569 298
568 295 571 297
573 295 573 298
576 295 577 297
579 295 580 297
585 295 587 298
588 295 590 296
590 295 592 296
593 295 595 295
602 295 602 292
604 295 605 296
616 295 619 298
621 295 625 298
635 295 639 300
638 295 642 300
641 295 644 300
644 295 648 300
647 295 647 289
534 298 531 298
540 298 539 298
542 298 545 302
545 298 549 302
548 298 551 302
551 298 554 301
554 298 557 301
556 298 560 300
559 298 562 301
562 298 565 301
565 298 567 301
573 298 576 302
576 298 579 302
579 298 581 301
582 298 584 301
590 298 593 298
593 298 595 298
599 298 600 299
602 298 603 299
604 298 606 299
607 298 614 303
616 298 619 301
619 298 622 301
621 298 625 301
635 298 639 302
638 298 642 302
641 298 645 303
644 298 648 303
647 298 647 292
534 301 533 301
537 301 536 301
540 301 539 302
542 301 546 304
545 301 549 305
548 301 551 305
551 301 554 304
554 301 556 304
556 301 559 304
559 301 562 304
562 301 565 305
568 301 570 304
571 301 573 305
573 301 577 304
576 301 579 304
579 301 582 305
582 301 584 305
585 301 587 304
588 301 590 304
590 301 593 303
599 301 600 301
602 301 602 301
604 301 606 301
616 301 619 304
619 301 622 304
621 301 624 304
638 301 640 305
641 301 644 305
537 304 536 304
540 304 540 305
542 304 542 305
545 304 549 307
548 304 551 307
554 304 557 308
556 304 560 308
559 304 562 307
562 304 565 308
565 304 568 307
568 304 570 307
571 304 573 307
573 304 577 307
576 304 579 307
579 304 582 307
585 304 587 307
593 304 595 307
596 304 598 307
602 304 602 304
610 304 613 306
613 304 616 307
616 304 619 307
619 304 621 307
621 304 624 307
630 304 633 308
633 304 636 308
635 304 638 308
641 304 644 308
540 306 539 307
542 306 542 308
545 306 545 308
548 306 548 309
551 306 552 310
554 306 554 310
556 306 559 310
559 306 562 310
562 306 565 310
565 306 568 310
568 306 570 310
571 306 573 310
573 306 577 309
576 306 579 309
579 306 582 309
588 306 591 309
590 306 593 309
593 306 596 310
602 306 605 310
604 306 608 310
607 306 611 310
613 306 616 309
616 306 619 310
619 306 622 310
621 306 624 310
627 306 630 311
630 306 633 311
633 306 636 311
635 306 639 311
638 306 641 311
545 309 545 310
556 309 559 313
562 309 565 313
565 309 568 313
568 309 571 313
571 309 573 313
573 309 576 312
576 309 580 312
582 309 585 312
585 309 588 313
602 309 604 313
613 309 614 312
619 309 622 313
621 309 624 313
624 309 627 313
647 309 647 312
565 312 567 315
568 312 571 315
571 312 573 315
624 312 628 315
627 312 630 315
633 312 634 315
635 312 637 315
638 312 639 315
641 312 643 315
644 312 645 315
647 312 647 315
559 315 560 316
582 315 584 315
590 315 591 315
593 315 593 315
596 315 596 315
607 315 608 315
616 315 623 315
619 315 625 315
