430 217 429 217
440 217 449 216
445 217 465 216
461 217 460 216
464 217 463 216
435 219 449 221
440 219 438 220
448 219 451 219
451 219 454 219
477 219 514 222
488 219 519 222
430 222 430 222
440 222 456 225
451 222 454 222
477 222 514 225
501 222 515 218
430 224 430 226
432 224 432 224
440 224 454 227
443 224 457 227
430 227 429 228
432 227 432 227
440 227 443 221
456 227 473 220
474 227 492 218
430 230 429 231
432 230 432 229
464 230 481 222
472 230 489 220
474 230 492 220
477 230 495 220
480 230 500 221
448 232 470 225
469 232 484 223
445 235 468 228
472 235 487 225
474 235 489 224
477 235 492 224
480 235 495 223
472 238 487 228
477 238 491 226
480 238 494 226
477 240 491 231
482 240 497 226
485 240 500 226
498 240 516 247
525 240 522 224
527 240 526 224
533 240 533 223
535 240 536 223
485 243 500 229
525 243 523 227
527 243 525 226
533 243 533 227
535 243 536 226
527 246 527 230
530 246 529 230
535 246 535 228
538 246 538 228
443 248 458 254
461 248 482 225
501 248 517 243
525 248 526 235
527 248 527 233
530 248 529 233
535 248 535 231
538 248 538 231
437 251 449 256
490 251 506 232
493 251 509 232
522 251 525 238
525 251 527 238
527 251 530 239
533 251 532 235
535 251 535 236
538 251 538 234
493 254 509 234
498 254 513 260
519 254 523 257
522 254 525 241
525 254 528 241
527 254 530 241
538 254 538 236
527 256 532 249
538 256 538 239
448 259 478 239
493 259 509 237
533 259 532 243
535 259 535 244
538 259 538 242
445 261 467 238
480 261 488 234
432 264 435 266
445 264 467 241
451 264 473 241
456 264 481 241
485 264 505 239
490 264 508 239
506 264 519 251
514 264 514 292
430 267 430 237
443 267 467 244
445 267 469 244
448 267 471 244
453 267 478 244
456 267 481 244
474 267 492 239
488 267 507 242
506 267 518 254
448 269 472 246
451 269 478 247
474 269 494 244
477 269 497 244
480 269 502 243
482 269 504 243
448 272 475 250
459 272 484 248
461 272 486 247
477 272 499 246
480 272 502 245
482 272 505 245
485 272 508 245
533 272 534 274
535 272 536 274
474 275 496 249
477 275 499 249
480 275 502 249
482 275 505 249
485 275 508 248
530 275 531 278
535 275 536 279
472 277 493 256
474 277 496 256
517 277 526 274
535 277 536 282
538 277 538 280
474 280 496 258
477 280 500 256
480 280 503 256
482 280 505 254
509 280 514 241
511 280 527 248
445 283 441 275
469 283 494 253
477 283 499 259
480 283 502 259
488 283 511 254
535 283 534 269
432 285 468 273
474 285 499 254
477 285 502 254
432 288 468 276
464 288 488 266
482 288 507 264
517 288 519 290
519 288 522 290
527 288 529 262
530 288 532 262
533 288 534 263
535 288 536 263
440 290 476 272
448 290 441 280
451 290 443 280
453 290 451 293
461 290 485 269
464 290 487 270
477 290 501 270
480 290 504 265
501 290 512 287
503 290 514 287
519 290 522 292
527 290 529 265
530 290 532 265
533 290 534 265
535 290 536 266
448 293 441 284
451 293 448 297
459 293 482 272
461 293 485 272
464 293 487 273
467 293 490 273
474 293 499 272
477 293 501 272
525 293 526 268
527 293 529 268
432 296 438 286
443 296 471 276
461 296 485 275
464 296 487 275
467 296 490 275
474 296 499 275
527 296 529 271
472 298 495 278
474 298 499 278
477 298 501 279
480 298 503 278
437 301 471 282
440 301 474 282
469 301 491 280
472 301 494 280
474 301 498 280
482 301 509 276
496 301 516 295
538 301 538 294
437 304 473 285
440 304 476 284
496 304 516 298
517 304 519 292
530 304 533 294
533 304 533 296
535 304 536 296
538 304 538 296
435 306 440 295
437 306 473 288
440 306 476 287
445 306 479 285
448 306 481 285
461 306 487 282
464 306 490 283
467 306 492 283
469 306 498 283
474 306 501 283
480 306 503 286
482 306 506 287
490 306 505 307
498 306 492 302
527 306 528 299
533 306 535 298
538 306 538 299
445 309 479 288
467 309 491 287
477 309 500 288
480 309 503 288
496 309 489 304
503 309 511 300
506 309 514 301
525 309 524 298
527 309 527 301
530 309 530 301
533 309 535 301
538 309 538 301
430 312 429 299
477 312 500 291
480 312 503 291
503 312 511 303
506 312 514 303
525 312 524 301
533 312 535 304
535 312 535 311
430 314 430 302
432 314 432 289
472 314 495 294
474 314 497 294
477 314 500 297
506 314 514 305
430 320 431 321
440 320 437 319
464 320 470 296
467 320 472 296
533 320 534 317
467 322 472 299
490 322 505 319
509 322 512 322
511 322 515 319
527 322 532 320
443 325 455 325
453 325 466 325
461 325 447 325
509 325 513 324
533 325 531 323
535 325 534 322
440 327 444 327
443 327 439 327
445 327 449 328
461 327 482 327
464 327 485 327
509 327 513 327
511 327 515 327
527 327 528 328
530 327 531 328
535 327 535 327
538 327 538 328
