445 217 452 216
477 217 450 217
437 219 444 219
440 219 449 219
445 219 453 218
435 222 439 221
440 222 447 221
430 224 429 225
432 224 434 225
435 224 439 224
437 224 441 224
525 224 524 227
530 224 529 223
533 224 532 223
437 227 444 227
448 227 452 222
538 227 538 226
435 230 441 229
448 230 455 222
453 230 463 218
448 232 458 222
451 232 461 222
456 232 466 221
443 235 455 225
459 235 469 226
464 235 474 224
467 235 476 224
461 238 471 227
464 238 474 226
469 238 478 223
480 238 486 221
485 238 495 217
488 238 500 218
525 238 522 303
472 240 481 226
477 240 483 225
480 240 487 223
485 240 497 221
488 240 500 220
440 243 455 230
469 243 480 231
477 243 485 227
480 243 487 226
485 243 497 223
490 243 502 222
456 246 434 228
480 246 489 229
482 246 493 227
437 248 452 232
440 248 455 233
480 248 492 232
490 248 500 224
490 251 500 226
493 251 503 226
498 251 508 223
522 251 526 234
440 254 455 238
459 254 465 232
490 254 500 230
493 254 503 229
498 254 511 229
437 256 452 241
440 256 455 240
490 256 500 232
493 256 503 234
496 256 507 232
437 259 452 243
440 259 455 243
451 259 459 235
453 259 463 235
490 259 500 235
493 259 505 234
498 259 508 237
538 259 538 245
440 261 455 246
448 261 458 240
464 261 479 237
440 264 453 250
451 264 460 241
464 264 481 240
474 264 484 240
498 264 511 255
517 264 522 243
538 264 538 263
443 267 463 251
467 267 473 243
477 267 490 241
482 267 495 240
501 267 513 258
430 269 429 258
459 269 477 248
464 269 471 245
482 269 495 243
485 269 498 243
517 269 522 255
525 269 535 256
538 269 538 268
448 272 466 254
464 272 471 248
480 272 496 245
448 275 466 256
464 275 471 253
474 275 490 250
477 275 492 248
480 275 500 248
488 275 506 245
527 275 529 247
535 275 535 250
445 277 480 269
474 277 482 259
480 277 500 251
472 280 482 261
482 280 503 253
488 280 508 251
435 283 466 275
482 283 506 256
498 283 520 252
474 285 495 253
477 285 498 253
435 288 469 280
530 288 532 236
464 290 490 274
472 290 495 274
474 290 499 274
477 290 501 274
482 290 507 271
488 290 517 268
496 290 514 282
533 290 532 239
538 290 538 274
437 293 464 277
467 293 489 277
469 293 492 277
474 293 499 276
477 293 501 276
480 293 504 275
496 293 517 282
530 293 530 243
533 293 532 242
538 293 538 303
437 296 464 280
440 296 467 280
445 296 477 266
469 296 492 280
472 296 496 279
474 296 499 279
480 296 503 283
533 296 532 245
538 296 538 305
538 298 538 281
496 301 523 298
511 301 504 308
538 301 538 284
437 304 447 262
451 304 480 285
469 304 493 285
472 304 496 284
474 304 501 282
493 304 520 300
538 304 538 287
453 306 483 285
474 306 501 286
493 306 520 303
501 306 506 308
503 306 510 309
514 306 520 291
430 309 430 290
464 309 490 289
467 309 492 288
469 309 495 288
472 309 498 288
474 309 501 288
514 309 527 276
517 309 530 276
430 312 429 293
435 312 445 291
456 312 474 294
461 312 487 293
464 312 490 292
467 312 492 293
496 312 499 301
514 312 527 279
517 312 530 279
430 314 429 299
456 314 474 297
459 314 480 296
488 314 474 309
490 314 477 309
496 314 523 311
530 314 533 281
430 317 429 302
480 317 480 315
485 317 435 315
488 317 474 312
490 317 477 312
498 317 491 311
530 317 533 287
430 320 430 320
459 320 451 320
480 320 479 319
488 320 475 315
522 320 520 314
538 320 538 311
430 322 430 323
432 322 433 323
456 322 448 323
530 322 531 324
538 322 538 314
432 325 433 326
443 325 440 323
451 325 443 325
453 325 445 325
456 325 448 325
467 325 510 325
535 325 534 322
538 325 538 324
430 327 430 327
432 327 433 327
456 327 448 328
464 327 504 327
467 327 510 327
482 327 482 327
485 327 485 327
488 327 488 327
490 327 491 328
511 327 499 327
525 327 522 327
527 327 525 327
533 327 531 327
535 327 534 327
538 327 538 327
