493 25 491 24
510 25 505 26
545 25 544 29
562 25 562 29
458 42 460 51
476 42 473 50
493 42 491 42
510 42 505 41
545 42 540 45
580 42 578 44
614 42 613 45
458 59 458 67
493 59 491 59
510 59 507 58
545 59 549 67
562 59 565 67
580 59 581 66
597 59 597 64
614 59 613 62
632 59 629 62
649 59 650 64
441 77 443 85
458 77 459 84
476 77 474 76
493 77 491 74
510 77 507 75
528 77 523 76
562 77 563 83
614 77 616 82
632 77 632 81
649 77 648 83
666 77 664 84
424 94 427 102
441 94 442 101
458 94 458 100
476 94 474 93
493 94 491 91
510 94 507 91
649 94 646 101
666 94 661 98
129 111 143 122
424 111 426 118
476 111 476 109
493 111 491 108
510 111 507 109
597 111 600 117
614 111 619 116
632 111 634 116
649 111 646 115
666 111 662 116
25 129 46 140
42 129 61 139
77 129 94 138
94 129 112 138
129 129 144 139
163 129 177 137
181 129 196 136
441 129 443 129
458 129 458 129
493 129 493 127
510 129 509 127
632 129 631 134
649 129 645 135
666 129 664 132
77 146 92 155
94 146 111 155
111 146 130 154
146 146 162 154
163 146 180 154
181 146 193 154
198 146 211 155
424 146 426 144
441 146 442 145
458 146 458 143
528 146 526 144
545 146 543 143
580 146 579 147
597 146 594 148
614 146 614 150
632 146 631 151
649 146 646 155
666 146 666 150
25 163 43 173
42 163 61 173
59 163 77 174
371 163 376 161
389 163 392 161
406 163 409 161
424 163 425 160
441 163 443 160
458 163 459 160
476 163 476 159
493 163 493 159
510 163 509 159
528 163 526 159
545 163 543 159
562 163 560 159
580 163 578 159
597 163 596 165
614 163 618 168
632 163 633 169
649 163 647 171
337 181 342 178
354 181 360 178
371 181 375 177
389 181 391 177
406 181 408 176
424 181 425 176
441 181 443 176
458 181 459 176
476 181 476 176
493 181 493 176
510 181 510 176
545 181 544 175
562 181 561 175
580 181 578 175
597 181 599 179
614 181 619 187
632 181 633 189
649 181 647 189
337 198 343 194
354 198 359 194
371 198 375 192
389 198 392 192
406 198 409 192
424 198 425 191
441 198 442 191
458 198 459 192
476 198 476 192
493 198 491 191
510 198 510 191
528 198 527 190
545 198 543 190
562 198 561 191
580 198 579 193
597 198 601 205
614 198 618 204
302 215 313 215
337 215 343 212
354 215 360 212
371 215 376 210
389 215 392 209
406 215 409 208
424 215 426 207
441 215 442 207
458 215 459 208
476 215 476 207
493 215 493 207
510 215 510 207
528 215 526 207
545 215 543 206
580 215 579 210
632 215 631 214
649 215 648 214
302 233 307 232
319 233 326 231
337 233 343 230
354 233 359 227
371 233 375 227
389 233 392 225
406 233 408 225
424 233 425 225
441 233 443 224
458 233 458 224
476 233 475 224
493 233 492 223
510 233 509 224
528 233 526 222
545 233 543 223
562 233 562 226
580 233 580 227
597 233 597 230
614 233 614 227
632 233 634 230
285 250 288 252
302 250 308 249
354 250 358 244
371 250 375 244
389 250 392 243
406 250 409 242
424 250 426 242
441 250 443 241
458 250 459 240
476 250 476 239
493 250 493 239
510 250 509 239
528 250 526 239
545 250 544 239
562 250 562 241
580 250 580 243
597 250 597 242
614 250 613 243
632 250 633 246
250 267 261 266
285 267 289 267
302 267 307 266
319 267 325 265
354 267 360 262
371 267 376 260
389 267 393 260
406 267 409 260
424 267 427 259
441 267 444 259
458 267 460 258
476 267 476 257
493 267 493 256
510 267 510 255
528 267 526 255
545 267 545 256
562 267 561 257
580 267 578 259
597 267 596 258
614 267 613 258
250 285 266 286
285 285 290 283
302 285 309 283
319 285 327 284
337 285 343 288
371 285 376 278
389 285 393 276
406 285 410 276
424 285 426 276
441 285 441 275
458 285 459 274
476 285 476 273
493 285 493 273
510 285 509 273
528 285 526 273
545 285 545 273
562 285 561 276
580 285 579 276
597 285 596 276
614 285 615 275
319 302 327 302
337 302 343 303
354 302 360 301
371 302 376 296
389 302 393 293
406 302 411 294
424 302 428 294
441 302 442 294
458 302 460 292
476 302 477 291
493 302 494 291
510 302 510 291
528 302 527 291
545 302 546 292
562 302 564 295
580 302 581 294
597 302 598 294
614 302 615 296
319 319 325 319
337 319 343 319
354 319 361 318
389 319 394 312
406 319 411 312
424 319 428 311
441 319 445 311
458 319 461 311
476 319 477 309
493 319 494 308
510 319 511 308
528 319 528 307
545 319 546 310
580 319 581 313
597 319 598 315
614 319 614 317
632 319 632 313
649 319 651 312
302 337 307 339
319 337 326 335
337 337 342 335
354 337 360 333
371 337 377 333
389 337 394 332
406 337 411 330
424 337 428 330
441 337 445 329
458 337 462 328
476 337 478 328
493 337 494 327
510 337 512 326
528 337 529 326
545 337 546 324
562 337 561 326
580 337 581 329
597 337 598 333
614 337 615 333
632 337 634 328
649 337 650 328
666 337 668 328
285 354 291 355
302 354 305 356
319 354 322 352
337 354 341 349
354 354 360 349
371 354 376 349
389 354 395 349
406 354 411 349
424 354 429 348
441 354 445 347
458 354 462 347
476 354 479 347
510 354 512 344
528 354 530 343
580 354 581 346
597 354 599 349
614 354 615 350
632 354 634 344
649 354 652 344
666 354 669 346
267 371 274 373
285 371 289 372
302 371 304 373
354 371 359 365
371 371 376 366
389 371 395 367
406 371 412 367
424 371 429 368
441 371 446 366
458 371 463 364
476 371 480 364
493 371 496 363
510 371 515 365
528 371 529 362
545 371 546 361
562 371 568 364
580 371 583 365
597 371 600 366
614 371 615 364
632 371 635 360
649 371 651 359
666 371 668 363
267 389 273 391
285 389 289 389
302 389 304 388
319 389 325 372
337 389 336 375
371 389 391 384
406 389 412 383
424 389 429 384
441 389 446 383
458 389 464 383
476 389 480 381
493 389 497 383
510 389 514 384
528 389 531 379
545 389 549 382
562 389 567 383
580 389 585 382
597 389 601 383
614 389 614 380
632 389 632 376
649 389 651 376
666 389 667 376
250 406 258 410
267 406 274 409
302 406 321 407
337 406 337 400
354 406 352 400
371 406 374 402
389 406 406 401
424 406 430 401
441 406 445 400
458 406 463 400
476 406 480 400
493 406 497 401
510 406 514 401
528 406 532 399
545 406 552 399
562 406 567 399
580 406 585 400
597 406 602 398
666 406 667 393
250 424 261 428
285 424 290 421
302 424 307 424
319 424 321 421
354 424 350 418
371 424 371 418
389 424 393 419
406 424 412 420
424 424 429 419
441 424 447 418
458 424 464 418
476 424 480 417
493 424 498 419
510 424 513 420
528 424 531 422
545 424 548 421
562 424 563 419
580 424 582 418
597 424 601 415
614 424 617 408
632 424 633 408
649 424 650 408
666 424 666 411
684 424 684 416
267 441 282 444
302 441 319 441
319 441 340 442
337 441 355 442
354 441 373 438
389 441 395 434
406 441 412 434
424 441 428 434
441 441 446 433
458 441 464 436
476 441 479 437
493 441 498 435
510 441 515 434
528 441 534 438
545 441 551 437
562 441 567 436
580 441 583 435
597 441 601 432
614 441 620 430
632 441 634 425
649 441 650 425
267 458 280 458
302 458 322 459
319 458 340 458
337 458 357 457
371 458 375 451
389 458 393 454
406 458 411 452
424 458 429 450
441 458 447 452
458 458 464 452
476 458 480 455
493 458 496 455
510 458 513 454
528 458 533 456
545 458 552 455
562 458 565 451
580 458 585 451
597 458 602 450
614 458 618 450
632 458 637 442
649 458 651 441
666 458 666 440
285 476 301 476
302 476 317 476
319 476 335 476
337 476 351 476
354 476 370 476
389 476 392 473
406 476 411 473
424 476 429 471
441 476 447 470
458 476 464 473
476 476 481 473
493 476 495 474
510 476 511 475
528 476 530 477
545 476 548 477
562 476 564 474
580 476 586 469
597 476 602 469
