510 25 505 26
545 25 544 29
562 25 562 29
458 42 460 51
476 42 473 50
493 42 491 42
510 42 505 41
580 42 578 44
614 42 613 45
493 59 491 59
510 59 507 58
597 59 597 64
441 77 443 85
424 94 427 102
476 94 474 93
493 94 491 91
510 94 507 91
666 94 661 98
476 111 476 109
493 111 491 108
42 129 61 139
94 129 112 138
129 129 144 139
441 129 443 129
510 129 509 127
666 129 664 132
77 146 92 155
94 146 111 155
111 146 130 154
146 146 162 154
163 146 180 154
198 146 211 155
424 146 426 144
441 146 442 145
528 146 526 144
545 146 543 143
580 146 579 147
597 146 594 148
614 146 614 150
25 163 43 173
371 163 376 161
389 163 392 161
406 163 409 161
424 163 425 160
441 163 443 160
458 163 459 160
476 163 476 159
493 163 493 159
510 163 509 159
528 163 526 159
545 163 543 159
562 163 560 159
580 163 578 159
597 163 596 165
337 181 342 178
354 181 360 178
371 181 375 177
389 181 391 177
406 181 408 176
424 181 425 176
441 181 443 176
458 181 459 176
476 181 476 176
493 181 493 176
510 181 510 176
545 181 544 175
562 181 561 175
580 181 578 175
354 198 359 194
371 198 375 192
389 198 392 192
406 198 409 192
424 198 425 191
441 198 442 191
458 198 459 192
476 198 476 192
493 198 491 191
510 198 510 191
528 198 527 190
545 198 543 190
562 198 561 191
580 198 579 193
337 215 343 212
354 215 360 212
371 215 376 210
389 215 392 209
406 215 409 208
424 215 426 207
441 215 442 207
458 215 459 208
476 215 476 207
493 215 493 207
510 215 510 207
528 215 526 207
545 215 543 206
632 215 631 214
649 215 648 214
319 233 326 231
354 233 359 227
371 233 375 227
389 233 392 225
406 233 408 225
424 233 425 225
441 233 443 224
458 233 458 224
476 233 475 224
493 233 492 223
510 233 509 224
528 233 526 222
545 233 543 223
562 233 562 226
580 233 580 227
632 233 634 230
285 250 288 252
354 250 358 244
371 250 375 244
389 250 392 243
406 250 409 242
424 250 426 242
441 250 443 241
458 250 459 240
476 250 476 239
493 250 493 239
510 250 509 239
528 250 526 239
545 250 544 239
562 250 562 241
597 250 597 242
614 250 613 243
285 267 289 267
302 267 307 266
354 267 360 262
371 267 376 260
389 267 393 260
406 267 409 260
424 267 427 259
441 267 444 259
458 267 460 258
476 267 476 257
493 267 493 256
510 267 510 255
545 267 545 256
562 267 561 257
614 267 613 258
319 285 327 284
371 285 376 278
389 285 393 276
406 285 410 276
424 285 426 276
441 285 441 275
458 285 459 274
476 285 476 273
493 285 493 273
510 285 509 273
528 285 526 273
545 285 545 273
580 285 579 276
597 285 596 276
614 285 615 275
319 302 327 302
389 302 393 293
406 302 411 294
424 302 428 294
441 302 442 294
458 302 460 292
476 302 477 291
493 302 494 291
510 302 510 291
528 302 527 291
545 302 546 292
580 302 581 294
597 302 598 294
337 319 343 319
389 319 394 312
406 319 411 312
424 319 428 311
458 319 461 311
476 319 477 309
493 319 494 308
510 319 511 308
528 319 528 307
545 319 546 310
580 319 581 313
597 319 598 315
632 319 632 313
319 337 326 335
337 337 342 335
371 337 377 333
389 337 394 332
406 337 411 330
424 337 428 330
441 337 445 329
458 337 462 328
476 337 478 328
493 337 494 327
510 337 512 326
528 337 529 326
545 337 546 324
562 337 561 326
580 337 581 329
597 337 598 333
649 337 650 328
302 354 305 356
319 354 322 352
337 354 341 349
354 354 360 349
371 354 376 349
389 354 395 349
424 354 429 348
458 354 462 347
476 354 479 347
510 354 512 344
580 354 581 346
597 354 599 349
614 354 615 350
632 354 634 344
649 354 652 344
666 354 669 346
285 371 289 372
354 371 359 365
371 371 376 366
389 371 395 367
406 371 412 367
424 371 429 368
441 371 446 366
458 371 463 364
476 371 480 364
528 371 529 362
580 371 583 365
597 371 600 366
614 371 615 364
632 371 635 360
649 371 651 359
666 371 668 363
285 389 289 389
302 389 304 388
406 389 412 383
424 389 429 384
441 389 446 383
458 389 464 383
476 389 480 381
510 389 514 384
580 389 585 382
632 389 632 376
649 389 651 376
666 389 667 376
267 406 274 409
371 406 374 402
424 406 430 401
441 406 445 400
458 406 463 400
476 406 480 400
493 406 497 401
510 406 514 401
528 406 532 399
545 406 552 399
562 406 567 399
580 406 585 400
666 406 667 393
285 424 290 421
302 424 307 424
319 424 321 421
371 424 371 418
389 424 393 419
424 424 429 419
441 424 447 418
458 424 464 418
493 424 498 419
510 424 513 420
528 424 531 422
545 424 548 421
562 424 563 419
580 424 582 418
632 424 633 408
649 424 650 408
666 424 666 411
684 424 684 416
389 441 395 434
406 441 412 434
424 441 428 434
441 441 446 433
458 441 464 436
476 441 479 437
493 441 498 435
510 441 515 434
528 441 534 438
545 441 551 437
562 441 567 436
580 441 583 435
632 441 634 425
371 458 375 451
389 458 393 454
406 458 411 452
424 458 429 450
441 458 447 452
458 458 464 452
476 458 480 455
493 458 496 455
510 458 513 454
528 458 533 456
545 458 552 455
562 458 565 451
580 458 585 451
597 458 602 450
614 458 618 450
632 458 637 442
649 458 651 441
666 458 666 440
406 476 411 473
424 476 429 471
458 476 464 473
476 476 481 473
597 476 602 469
