559 287 561 290
644 290 645 290
537 295 540 300
540 298 534 300
551 298 545 296
638 298 640 300
641 298 643 301
537 301 532 302
540 301 534 302
542 301 537 303
556 301 554 299
559 301 557 299
602 301 600 303
627 301 626 300
548 304 545 303
551 304 549 302
556 304 554 302
602 304 601 307
604 304 604 307
607 304 606 306
613 304 612 307
627 304 627 303
551 306 551 306
554 306 554 305
579 306 580 305
610 306 610 310
613 306 613 310
616 306 615 310
619 306 618 309
621 306 621 310
545 309 545 309
548 309 549 309
551 309 551 308
554 309 554 308
556 309 557 308
559 309 559 308
562 309 562 306
565 309 566 305
576 309 577 308
579 309 580 308
590 309 592 308
593 309 595 308
599 309 603 309
613 309 614 313
616 309 618 313
624 309 620 312
627 309 623 312
630 309 627 313
633 309 635 313
545 312 545 312
548 312 548 312
551 312 552 311
554 312 555 310
556 312 557 310
559 312 560 311
562 312 563 308
568 312 569 307
573 312 575 308
576 312 577 311
579 312 580 311
590 312 593 311
593 312 596 312
602 312 606 312
624 312 621 315
627 312 624 315
630 312 627 315
647 312 647 310
551 315 551 314
554 315 555 314
562 315 563 311
565 315 566 310
568 315 569 310
576 315 578 314
579 315 580 314
582 315 583 315
599 315 601 315
602 315 606 315
