0.9982636570930481 -0.05540851503610611 0.01998977735638618 -0.2029566019773483 
0.05399524420499802 0.9963970184326172 0.06540358811616898 -0.0677638053894043 
-0.02354162372648716 -0.0642106905579567 0.9976586699485779 -0.5278016328811646 
0 0 0 1 

0.9503123164176941 -0.1775995790958405 0.2556653618812561 -0.3075459599494934 
0.1542121767997742 0.9820122718811035 0.1089518889784813 -0.0915781706571579 
-0.2704163193702698 -0.06411158293485641 0.9606063961982727 -0.4457023143768311 
0 0 0 1 

0.9391711950302124 -0.2628524005413055 0.2210564613342285 -0.2806258797645569 
0.2256432175636292 0.9574667811393738 0.1798399686813354 -0.1412039548158646 
-0.2589256465435028 -0.1190205514431 0.9585361480712891 -0.4393148720264435 
0 0 0 1 

0.9448846578598022 -0.317037969827652 0.08173040300607681 -0.2064677625894547 
0.2932179272174835 0.930493175983429 0.2195575833320618 -0.1738421469926834 
-0.1456577181816101 -0.1834917366504669 0.9721700549125671 -0.4601062834262848 
0 0 0 1 

0.9635042548179626 -0.2406568229198456 0.1172336116433144 -0.2235888093709946 
0.2243170440196991 0.964834988117218 0.1370227485895157 -0.1200066208839417 
-0.1460865885019302 -0.105724461376667 0.9836061000823975 -0.4662680923938751 
0 0 0 1 

0.9218909740447998 -0.3281971514225006 0.2059212177991867 -0.2544441521167755 
0.3179398477077484 0.9445545077323914 0.08204223960638046 -0.1084485650062561 
-0.221429854631424 -0.01016338262706995 0.9751233458518982 -0.450291246175766 
0 0 0 1 

0.9894697666168213 -0.1211064234375954 0.07926343381404877 -0.2091242522001266 
0.1166133657097816 0.9914193749427795 0.05906673148274422 -0.05830349773168564 
-0.08573668450117111 -0.04920153692364693 0.9951022267341614 -0.4742344915866852 
0 0 0 1 

0.9649851322174072 -0.2063703089952469 0.1619104444980621 -0.2253775000572205 
0.213855966925621 0.9764025211334229 -0.03006195276975632 -0.03085527010262012 
-0.1518858671188354 0.06363485753536224 0.9863474369049072 -0.4560660719871521 
0 0 0 1 

0.9482524394989014 -0.2413581311702728 0.2063092589378357 -0.2460064589977264 
0.2466779053211212 0.9690974950790405 -6.476035196101293e-05 -0.04979849979281425 
-0.1999181509017944 0.05095339566469193 0.9784868359565735 -0.4450868368148804 
0 0 0 1 

0.9245710372924805 -0.2820593416690826 0.2561460435390472 -0.2658669948577881 
0.2158363908529282 0.9417428374290466 0.2579436302185059 -0.1676524579524994 
-0.3139791786670685 -0.1832014918327332 0.9315869212150574 -0.389841228723526 
0 0 0 1 

