527 217 526 216
453 219 459 218
430 222 430 222
451 222 456 220
456 222 462 221
538 222 538 219
430 224 429 225
535 224 535 221
535 227 535 224
538 227 538 225
538 230 538 228
496 235 502 218
498 235 505 218
467 238 469 221
496 238 505 222
498 238 507 222
517 238 525 222
445 240 446 226
448 240 449 226
451 240 451 226
461 240 464 223
464 240 466 224
482 240 491 224
485 240 494 224
488 240 496 224
493 240 502 224
503 240 510 225
506 240 513 224
509 240 516 225
514 240 520 224
519 240 528 225
432 243 434 227
445 243 446 229
464 243 470 226
472 243 478 227
474 243 481 227
480 243 488 227
482 243 491 227
485 243 494 226
488 243 496 226
490 243 499 226
496 243 503 227
498 243 507 227
503 243 510 227
506 243 513 227
509 243 516 227
511 243 520 227
517 243 523 227
522 243 530 227
432 246 432 230
440 246 442 231
451 246 456 231
467 246 473 229
469 246 475 229
474 246 483 229
477 246 485 229
480 246 488 229
482 246 490 229
485 246 493 229
488 246 496 229
490 246 499 229
493 246 502 229
498 246 507 229
503 246 510 230
506 246 513 230
514 246 521 230
517 246 524 230
519 246 527 229
430 248 429 233
432 248 431 233
437 248 445 235
464 248 472 231
482 248 490 231
485 248 493 231
488 248 496 232
490 248 499 232
493 248 502 232
498 248 505 232
503 248 510 233
506 248 513 233
514 248 521 233
517 248 524 233
519 248 526 233
525 248 532 232
430 251 429 236
437 251 445 238
440 251 448 239
451 251 459 234
456 251 464 236
464 251 472 234
467 251 474 234
469 251 477 234
472 251 480 234
474 251 483 234
477 251 486 234
490 251 499 234
493 251 502 234
501 251 507 235
506 251 513 235
509 251 516 236
514 251 521 236
517 251 523 235
519 251 526 235
522 251 528 235
533 251 536 238
430 254 430 246
432 254 431 239
451 254 453 241
453 254 462 239
456 254 465 239
467 254 474 238
469 254 477 237
474 254 483 236
477 254 486 236
480 254 488 236
485 254 494 235
488 254 496 237
490 254 499 237
493 254 501 237
498 254 505 237
506 254 513 237
509 254 516 238
514 254 520 238
443 256 440 242
445 256 442 242
456 256 464 241
464 256 472 240
467 256 474 240
469 256 477 240
472 256 480 240
474 256 483 239
477 256 485 239
480 256 488 239
482 256 490 238
485 256 494 238
490 256 499 239
493 256 501 239
503 256 510 240
506 256 513 240
509 256 516 240
511 256 518 240
517 256 523 238
519 256 526 238
451 259 459 244
467 259 474 242
469 259 477 242
472 259 480 242
474 259 483 241
480 259 488 241
485 259 493 241
488 259 496 241
498 259 505 241
517 259 525 243
525 259 532 241
453 261 456 247
469 261 477 245
472 261 480 245
474 261 483 245
477 261 485 243
480 261 488 244
482 261 490 244
485 261 493 245
493 261 501 243
514 261 522 246
525 261 532 243
464 264 471 250
482 264 491 247
498 264 504 246
501 264 509 246
525 264 531 246
464 267 471 252
467 267 474 251
469 267 477 251
474 267 482 250
477 267 485 247
480 267 488 247
482 267 488 251
488 267 495 248
498 267 505 249
503 267 512 249
509 267 518 249
517 267 525 248
519 267 528 248
538 267 538 252
456 269 458 253
467 269 474 254
469 269 477 254
474 269 482 253
477 269 485 250
482 269 491 251
488 269 496 250
501 269 509 253
509 269 517 252
511 269 520 251
514 269 522 252
519 269 528 251
522 269 531 252
464 272 472 256
467 272 474 256
469 272 477 256
472 272 479 256
474 272 482 256
477 272 485 256
482 272 488 256
509 272 520 264
514 272 523 254
467 275 474 259
469 275 477 259
472 275 479 259
474 275 481 258
480 275 486 258
482 275 488 259
519 275 528 254
430 277 429 249
437 277 437 268
443 277 448 247
448 277 455 255
461 277 467 258
464 277 469 258
467 277 474 261
469 277 477 262
472 277 479 262
482 277 488 261
517 277 525 257
519 277 528 257
535 277 536 265
430 280 429 252
456 280 461 261
459 280 464 261
461 280 467 260
464 280 469 261
467 280 474 264
469 280 476 264
472 280 479 264
477 280 484 264
480 280 487 264
490 280 493 256
493 280 496 256
501 280 507 254
456 283 461 264
459 283 464 264
461 283 466 264
464 283 469 263
469 283 476 266
472 283 479 266
474 283 482 266
477 283 485 267
480 283 487 267
490 283 493 258
493 283 495 259
503 283 511 257
535 283 536 268
538 283 538 267
448 285 448 263
451 285 468 279
456 285 461 266
459 285 463 266
467 285 472 269
472 285 479 269
474 285 481 269
480 285 487 269
493 285 503 262
501 285 509 260
519 285 527 274
527 285 534 271
538 285 538 270
448 288 448 265
451 288 453 266
464 288 474 274
472 288 479 271
474 288 482 272
480 288 487 272
493 288 496 265
496 288 498 265
517 288 525 273
435 290 436 289
467 290 476 276
469 290 479 276
474 290 482 275
477 290 485 274
480 290 488 275
482 290 490 275
490 290 493 267
493 290 496 267
496 290 506 267
514 290 523 275
517 290 525 275
432 293 433 300
477 293 485 277
480 293 488 277
482 293 490 277
501 293 503 267
511 293 522 278
517 293 525 278
519 293 527 278
522 293 531 278
538 293 538 276
430 296 430 303
453 296 469 291
459 296 473 290
461 296 476 291
472 296 481 280
488 296 490 269
514 296 523 280
517 296 525 281
535 296 512 276
538 296 538 278
453 298 468 293
459 298 473 293
464 298 477 282
469 298 479 283
472 298 481 282
480 298 487 280
485 298 490 279
488 298 492 279
498 298 503 280
503 298 508 280
506 298 511 281
522 298 527 284
525 298 530 284
527 298 532 281
530 298 535 281
538 298 538 289
451 301 465 296
453 301 468 296
456 301 471 296
474 301 484 282
480 301 487 282
482 301 490 283
488 301 492 282
498 301 503 282
501 301 506 283
503 301 508 283
509 301 512 283
511 301 522 284
522 301 527 287
533 301 535 289
538 301 538 292
453 304 468 298
480 304 487 285
482 304 490 285
498 304 504 286
501 304 506 286
503 304 509 286
509 304 512 286
511 304 521 286
514 304 517 289
517 304 521 289
527 304 532 292
533 304 535 292
498 306 504 288
501 306 506 288
506 306 509 289
509 306 511 289
511 306 514 289
525 306 530 294
527 306 532 294
530 306 535 294
437 309 436 303
448 309 452 307
467 309 474 282
485 309 487 288
490 309 490 288
493 309 492 288
496 309 503 291
503 309 506 291
506 309 509 291
509 309 511 291
511 309 514 291
480 312 482 291
485 312 485 291
493 312 492 290
501 312 506 294
503 312 508 294
506 312 511 294
538 312 538 294
503 314 509 296
538 314 538 297
538 317 538 313
456 320 468 320
538 320 538 315
430 322 429 322
437 322 435 322
453 322 444 322
501 322 500 321
509 322 506 323
517 322 519 321
533 322 535 319
430 325 429 324
435 325 432 325
437 325 436 325
456 325 447 325
493 325 494 324
503 325 500 326
506 325 503 326
511 325 508 326
514 325 515 324
517 325 518 323
522 325 523 323
430 327 429 327
435 327 433 328
437 327 435 327
443 327 438 328
448 327 441 327
451 327 455 300
467 327 459 327
477 327 484 327
480 327 486 327
493 327 494 326
501 327 497 328
503 327 500 328
506 327 503 328
517 327 518 326
522 327 523 327
530 327 529 327
533 327 532 327
538 327 538 327
