545 258 535 276
545 261 535 278
545 264 535 281
621 264 618 282
545 267 535 284
616 267 610 289
621 267 618 285
624 267 621 285
545 270 535 287
641 270 636 282
588 273 580 291
588 275 580 293
554 278 542 294
554 281 543 296
556 281 545 296
599 281 590 296
613 281 610 298
616 281 613 297
627 281 623 298
556 284 546 298
559 284 548 298
599 284 590 299
602 284 593 299
604 284 596 298
616 284 613 300
599 287 590 302
602 287 592 302
624 287 611 300
568 290 554 302
571 290 557 302
573 290 560 301
576 290 563 300
602 290 592 305
610 290 605 310
621 290 619 306
630 290 622 305
559 292 549 308
562 292 551 307
568 292 555 307
571 292 558 307
573 292 561 304
576 292 563 304
585 292 571 300
590 292 578 302
627 292 619 309
630 292 623 309
562 295 551 310
568 295 555 310
571 295 558 310
573 295 561 307
579 295 566 304
582 295 569 304
585 295 572 303
588 295 575 303
573 298 561 310
582 298 569 306
588 298 575 306
590 298 578 306
593 298 578 309
599 298 584 306
633 298 617 313
576 301 564 309
579 301 567 309
582 301 569 309
599 301 585 309
579 304 567 311
596 304 582 312
599 304 585 311
585 306 572 312
588 309 576 314
