476 42 529 161
441 77 506 190
441 94 507 204
458 111 523 216
389 163 468 267
424 163 499 264
441 163 515 262
458 163 533 260
476 163 547 259
493 163 562 257
528 163 593 254
337 181 425 284
389 181 467 281
424 181 498 278
441 181 513 276
458 181 530 275
476 181 547 273
510 181 575 270
528 181 596 269
337 198 426 299
389 198 466 293
406 198 481 292
424 198 498 292
441 198 512 290
458 198 528 288
493 198 559 286
510 198 577 284
528 198 598 285
302 215 398 319
337 215 426 314
371 215 454 308
389 215 468 308
406 215 482 307
424 215 498 306
441 215 514 303
458 215 530 303
302 233 399 336
319 233 413 333
337 233 427 331
371 233 452 327
493 233 560 314
510 233 578 313
302 250 402 351
337 250 427 346
389 250 470 340
406 250 483 337
424 250 501 337
476 250 546 330
510 250 579 328
528 250 605 334
562 250 644 333
580 250 663 331
250 267 359 370
371 267 455 357
389 267 469 355
406 267 485 353
424 267 504 355
441 267 518 352
458 267 535 351
493 267 563 345
545 267 629 353
562 267 648 351
580 267 666 350
371 285 456 373
389 285 471 372
406 285 486 371
424 285 506 371
441 285 524 371
458 285 537 368
493 285 565 363
510 285 582 360
545 285 636 369
562 285 652 368
302 302 403 407
337 302 433 404
354 302 451 402
424 302 508 390
441 302 523 388
458 302 540 386
476 302 556 383
510 302 583 377
562 302 655 387
302 319 402 427
424 319 512 407
441 319 526 407
458 319 544 406
476 319 558 402
562 319 660 411
424 337 513 430
441 337 531 430
458 337 547 429
354 354 456 458
389 354 482 454
406 354 500 450
424 354 516 450
441 354 533 450
458 354 549 448
