1 0 0 0.05831152200698853 
0 1 0 -0.2219620198011398 
0 0 1 -0.7369999885559082 
0 0 0 1 

0.9966093301773071 -0.06477648764848709 0.05073234811425209 0.06950841844081879 
0.06148513779044151 0.9960570931434631 0.0639510452747345 -0.227562889456749 
-0.05467487499117851 -0.06061489135026932 0.9966626763343811 -0.7028754353523254 
0 0 0 1 

0.9865706562995911 -0.09195568412542343 0.1349902004003525 0.0720444917678833 
0.08078023046255112 0.9930095672607422 0.08606114983558655 -0.2316734790802002 
-0.141960397362709 -0.07400082051753998 0.9871023297309875 -0.6991236209869385 
0 0 0 1 

0.9680910706520081 -0.127914622426033 0.2154934406280518 0.0725049152970314 
0.1062854528427124 0.9883236289024353 0.109177403151989 -0.23555888235569 
-0.2269426733255386 -0.08278980106115341 0.9703828096389771 -0.6944366693496704 
0 0 0 1 

0.9432331919670105 -0.1649111956357956 0.2882974743843079 0.05871806666254997 
0.1456939429044724 0.9854928255081177 0.08704696595668793 -0.2426135390996933 
-0.2984701097011566 -0.04010236263275146 0.9535760879516602 -0.6853813529014587 
0 0 0 1 

0.918806254863739 -0.1535879224538803 0.3636009693145752 0.04322355985641479 
0.1130277365446091 0.9849910140037537 0.130450963973999 -0.2491195946931839 
-0.3781794011592865 -0.07876212894916534 0.9223756194114685 -0.6619851589202881 
0 0 0 1 

0.9025663733482361 -0.1625089943408966 0.3987036943435669 0.0420205295085907 
0.08007699251174927 0.973235011100769 0.215409517288208 -0.2480314970016479 
-0.4230383932590485 -0.1624943315982819 0.8914223909378052 -0.6313225030899048 
0 0 0 1 

0.8757147192955017 -0.1740205883979797 0.450378030538559 0.04521540552377701 
0.04400579258799553 0.9576747417449951 0.2844688892364502 -0.2598516643047333 
-0.4808191061019897 -0.2292943149805069 0.8463078141212463 -0.6084607243537903 
0 0 0 1 

0.860160768032074 -0.195407897233963 0.4711039960384369 0.05058978870511055 
0.01113577838987112 0.930667519569397 0.3656964004039764 -0.2665670216083527 
-0.5099011659622192 -0.3093115389347076 0.8026996850967407 -0.5891616344451904 
0 0 0 1 

0.8569669127464294 -0.204291358590126 0.4731518030166626 0.05211677774786949 
0.007095520384609699 0.9226693511009216 0.385526716709137 -0.2656599879264832 
-0.5153224468231201 -0.3270263671875 0.7921466827392578 -0.5820093750953674 
0 0 0 1 

