1 0 0 -0.1178319603204727 
0 1 0 -0.04324014484882355 
0 0 1 -0.828993558883667 
0 0 0 1 

0.994326114654541 -0.1040824577212334 -0.02196525037288666 -0.09817684441804886 
0.1050578728318214 0.9932442903518677 0.04928120225667953 -0.0480508953332901 
0.01668756268918514 -0.05130920559167862 0.998543381690979 -0.7969146370887756 
0 0 0 1 

0.9836719632148743 -0.1769078373908997 -0.0330628901720047 -0.0757276862859726 
0.1788201630115509 0.9814891219139099 0.06857463717460632 -0.05249606072902679 
0.02031949162483215 -0.07336725294589996 0.9970979690551758 -0.7819016575813293 
0 0 0 1 

0.9749659895896912 -0.2035358548164368 -0.08952303230762482 -0.03882439061999321 
0.2120107710361481 0.9723064303398132 0.09834379702806473 -0.06179047003388405 
0.06702727824449539 -0.114861749112606 0.9911175966262817 -0.7635218501091003 
0 0 0 1 

0.9629586338996887 -0.2462696880102158 -0.1098258346319199 -0.04887845367193222 
0.2548040747642517 0.964326024055481 0.07176375389099121 -0.06065341085195541 
0.08823463320732117 -0.09708964824676514 0.9913567304611206 -0.7395489811897278 
0 0 0 1 

0.9534308910369873 -0.240177720785141 -0.1824392974376678 0.02853716909885406 
0.2650326788425446 0.9558839201927185 0.1266627758741379 -0.08415877819061279 
0.1439691632986069 -0.1691166311502457 0.9750242829322815 -0.6920096278190613 
0 0 0 1 

0.9366160035133362 -0.2957557141780853 -0.1878266483545303 0.0641372874379158 
0.3229759633541107 0.9366245865821838 0.1357228010892868 -0.08743546158075333 
0.1357821971178055 -0.1877837032079697 0.9727797508239746 -0.677288293838501 
0 0 0 1 

