495 250 486 248
495 255 485 256
482 258 480 253
492 258 482 260
501 258 488 256
487 261 467 266
490 261 470 267
476 264 462 268
487 264 468 270
490 264 471 270
492 264 479 265
476 266 462 270
476 272 460 277
487 272 472 280
462 275 442 283
476 275 460 280
479 275 463 280
462 277 442 286
495 277 435 296
460 280 440 288
462 280 443 288
438 288 432 293
435 291 420 305
473 291 455 314
476 299 461 338
484 299 480 296
454 302 431 309
476 302 461 343
482 302 477 299
454 305 431 311
465 305 466 305
476 305 475 302
482 305 478 302
484 305 483 301
487 305 465 318
462 308 460 304
482 308 480 305
465 310 460 326
482 310 481 308
484 310 484 307
471 313 473 312
482 313 482 311
471 318 473 319
476 318 479 314
471 321 474 321
473 321 477 321
476 321 480 320
479 321 483 319
471 324 473 324
473 324 476 324
476 324 480 322
479 324 483 322
492 324 491 328
462 327 462 325
471 327 472 327
473 327 475 327
476 327 479 326
490 327 488 332
492 327 491 331
462 329 462 328
473 329 475 330
476 329 478 330
490 329 488 334
473 332 475 333
482 332 478 336
490 332 488 337
495 335 494 336
454 338 457 335
471 338 477 337
490 338 485 341
454 343 456 348
471 343 467 337
471 346 467 340
473 346 470 340
476 349 474 343
482 354 483 350
484 354 487 350
487 354 490 349
492 354 499 348
482 357 484 353
487 357 493 354
492 357 499 351
490 360 496 355
