568 213 571 226
573 213 576 225
559 216 564 229
562 216 567 229
568 216 571 228
571 216 574 228
573 216 577 227
568 219 572 231
562 222 566 236
551 225 557 238
565 225 567 238
579 225 582 233
548 236 559 248
545 239 552 252
545 242 553 255
573 244 577 254
576 256 578 260
534 258 538 262
576 258 578 263
537 261 542 264
540 261 545 264
576 261 579 266
576 264 581 270
573 270 584 269
588 270 592 266
588 273 593 270
585 278 589 282
630 278 640 269
616 284 625 276
630 284 641 276
627 287 635 278
633 287 645 279
630 290 642 282
635 290 647 282
576 292 589 294
630 292 643 285
633 292 646 284
630 295 644 288
633 298 644 291
590 301 595 296
588 306 591 303
590 306 594 303
593 306 598 302
590 309 595 307
593 309 598 305
604 309 618 307
627 309 634 301
607 312 622 310
582 315 600 315
590 315 598 315
599 315 620 314
