554 208 553 207
565 213 591 210
554 219 573 211
537 230 548 215
554 230 577 221
562 236 581 224
590 236 610 233
596 236 613 234
562 239 581 227
565 239 583 227
568 239 587 228
571 239 589 228
573 239 593 228
590 239 610 236
607 239 619 240
556 242 576 229
565 242 584 230
568 242 587 230
571 242 589 230
573 242 593 230
571 244 589 233
576 244 593 256
588 244 603 245
590 247 607 244
593 247 609 245
599 247 612 245
602 247 615 245
582 250 596 253
596 250 609 248
599 250 613 248
602 250 614 248
590 253 603 253
596 253 609 251
599 253 611 251
548 256 570 254
551 256 572 254
576 256 591 258
579 256 593 258
596 256 609 253
604 256 615 252
607 256 618 254
551 258 572 256
602 258 612 254
604 258 614 254
613 258 620 255
588 261 599 256
590 261 602 256
596 261 605 256
607 261 615 257
610 261 618 258
613 261 620 259
602 264 608 260
604 264 611 259
607 264 613 260
610 264 616 261
613 264 620 261
619 264 623 261
545 267 576 281
588 267 599 262
593 267 602 260
602 267 608 263
607 267 613 263
613 267 617 264
619 267 623 264
588 270 598 265
593 270 601 263
596 270 604 263
604 270 610 266
607 270 612 265
613 270 617 266
616 270 620 267
619 270 623 268
624 270 628 268
579 273 587 264
585 273 595 267
593 273 601 265
599 273 607 268
604 273 610 268
607 273 613 269
616 273 620 270
619 273 622 270
621 273 626 271
624 273 628 271
593 275 601 269
602 275 609 271
613 275 616 272
616 275 619 272
619 275 622 273
621 275 624 273
624 275 628 274
630 275 631 273
571 278 574 265
593 278 601 272
596 278 603 274
599 278 606 274
604 278 610 275
613 278 616 275
616 278 618 275
619 278 621 276
621 278 624 276
627 278 628 277
630 278 631 276
635 278 637 277
638 278 639 278
571 281 574 268
593 281 600 277
596 281 603 278
599 281 606 278
604 281 610 278
607 281 612 278
613 281 615 278
616 281 618 279
619 281 621 279
621 281 625 280
624 281 628 280
630 281 631 280
633 281 636 280
638 281 639 280
590 284 597 280
593 284 601 280
596 284 603 280
599 284 606 280
604 284 610 281
607 284 613 281
610 284 617 282
616 284 621 282
619 284 624 282
627 284 630 283
630 284 633 283
633 284 635 283
635 284 639 284
596 287 603 283
599 287 605 283
604 287 610 283
607 287 612 284
616 287 621 285
624 287 627 285
635 287 639 287
638 287 642 287
644 287 645 287
562 290 570 287
579 290 584 285
582 290 591 286
585 290 594 286
593 290 602 286
599 290 605 286
627 290 630 286
630 290 632 287
633 290 635 287
638 290 642 290
641 290 645 290
647 290 647 290
562 292 569 289
571 292 576 288
579 292 584 288
582 292 591 289
590 292 600 290
593 292 602 289
599 292 606 289
616 292 620 291
621 292 623 291
624 292 626 291
630 292 629 290
633 292 633 289
635 292 636 290
638 292 642 292
531 295 546 288
548 295 549 285
562 295 570 292
571 295 576 290
590 295 600 292
593 295 603 292
596 295 605 293
602 295 609 294
607 295 614 295
613 295 617 294
616 295 620 295
621 295 623 294
624 295 626 294
641 295 645 294
647 295 648 293
537 298 551 291
556 298 555 285
565 298 572 293
576 298 587 297
588 298 597 298
590 298 599 295
593 298 603 295
596 298 605 295
599 298 607 296
604 298 612 297
607 298 614 297
613 298 617 297
619 298 620 297
621 298 623 297
624 298 626 298
633 298 638 296
638 298 642 296
641 298 644 296
644 298 648 296
559 301 569 300
562 301 572 299
565 301 574 299
579 301 589 301
582 301 592 301
588 301 597 300
590 301 599 300
593 301 602 299
596 301 605 299
599 301 607 299
602 301 610 300
607 301 613 299
616 301 620 300
630 301 632 298
633 301 639 299
635 301 641 299
644 301 647 299
556 304 565 301
559 304 568 302
562 304 571 302
565 304 574 302
568 304 577 303
579 304 589 303
582 304 591 304
593 304 602 304
596 304 604 301
599 304 607 302
602 304 610 303
613 304 620 303
630 304 631 301
641 304 644 300
559 306 568 305
562 306 571 304
565 306 574 305
568 306 576 305
576 306 586 307
579 306 588 307
585 306 594 306
590 306 599 305
596 306 604 304
604 306 613 306
627 306 634 304
638 306 640 303
641 306 643 302
644 306 646 302
562 309 571 307
565 309 574 308
568 309 577 308
571 309 579 309
573 309 583 309
576 309 586 309
579 309 588 309
582 309 591 309
588 309 597 308
593 309 602 308
596 309 605 308
604 309 613 308
627 309 631 306
635 309 638 305
638 309 640 305
641 309 642 305
565 312 574 311
568 312 577 312
571 312 579 311
573 312 582 311
576 312 585 312
579 312 588 312
588 312 597 311
593 312 601 310
596 312 606 311
599 312 609 311
604 312 613 311
610 312 621 312
613 312 624 312
616 312 628 312
619 312 630 313
627 312 637 310
630 312 634 308
633 312 636 308
638 312 639 307
641 312 642 307
644 312 646 306
554 315 556 306
556 315 559 306
559 315 568 314
562 315 571 315
565 315 574 315
568 315 576 315
571 315 579 315
573 315 582 315
576 315 585 315
579 315 588 315
585 315 595 313
590 315 600 314
602 315 610 314
604 315 613 314
610 315 621 315
613 315 624 315
616 315 628 315
627 315 636 313
638 315 643 315
644 315 646 315
647 315 648 315
