1 0 0 -0.04922165349125862 
0 1 0 -0.0675094872713089 
0 0 1 -0.5077975988388062 
0 0 0 1 

0.994953453540802 0.09581191837787628 -0.02979822643101215 -0.06484989821910858 
-0.09461988508701324 0.9947442412376404 0.03912936523556709 -0.09061147272586823 
0.03339064866304398 -0.03611242026090622 0.9987897872924805 -0.5124642848968506 
0 0 0 1 

0.9938375353813171 -0.1039908975362778 -0.03837636858224869 -0.05567645654082298 
0.1068398281931877 0.9909136891365051 0.08170072734355927 -0.1284139901399612 
0.02953145653009415 -0.08529742062091827 0.9959177374839783 -0.5154391527175903 
0 0 0 1 

0.9754344820976257 -0.2112181335687637 -0.06256474554538727 -0.03830349072813988 
0.2172953635454178 0.969221830368042 0.1157225072383881 -0.1486543565988541 
0.03619637712836266 -0.1264747828245163 0.9913091659545898 -0.5087933540344238 
0 0 0 1 

0.9917945265769958 -0.123009093105793 -0.03481848910450935 -0.05497819557785988 
0.1249554306268692 0.9903032183647156 0.06070953607559204 -0.1179149895906448 
0.0270130205899477 -0.06456215679645538 0.9975480437278748 -0.5214112997055054 
0 0 0 1 

0.8476492762565613 -0.5300239324569702 0.02377514913678169 -0.01659174263477325 
0.5215291380882263 0.8406204581260681 0.1461656838655472 -0.1252531707286835 
-0.09745720773935318 -0.1114977598190308 0.9889742732048035 -0.4914630949497223 
0 0 0 1 

0.9040828943252563 -0.4254190623760223 -0.04065368697047234 -0.03814853727817535 
0.4270169734954834 0.9030612111091614 0.04622639715671539 -0.04144476726651192 
0.01704717241227627 -0.05915231630206108 0.9981033802032471 -0.8232269287109375 
0 0 0 1 

0.9557127952575684 0.08981449156999588 -0.280261367559433 0.172586053609848 
0.002122125122696161 0.950167179107666 0.3117334544658661 -0.2722581028938293 
0.2942933142185211 -0.2985223531723022 0.9078962206840515 -0.7938119173049927 
0 0 0 1 

0.9979643821716309 -0.02922427840530872 -0.05668365210294724 -0.02869369834661484 
0.05069001391530037 0.9028486609458923 0.4269597232341766 -0.3825532197952271 
0.03869912028312683 -0.428963840007782 0.9024921655654907 -0.7657560110092163 
0 0 0 1 

0.7918798327445984 0.5269975066184998 -0.3085443377494812 0.1395125389099121 
-0.5345049500465393 0.8424913287162781 0.06717684119939804 -0.1606257408857346 
0.2953480780124664 0.1117226034402847 0.9488345980644226 -0.464742511510849 
0 0 0 1 

