460 230 457 247
460 233 456 250
463 233 459 250
466 233 461 250
468 233 469 244
446 236 443 251
449 236 445 248
455 236 450 252
460 236 455 253
446 239 441 255
449 239 444 255
463 239 466 252
408 241 408 241
411 241 414 241
468 241 466 255
411 247 412 251
460 247 428 266
414 250 414 254
449 250 463 258
460 250 427 268
463 252 427 278
394 255 414 243
389 258 409 246
414 258 413 261
389 261 409 249
482 261 482 281
477 263 469 280
482 263 482 285
485 263 485 284
488 263 487 284
430 266 438 275
474 266 466 291
477 266 468 282
479 266 479 288
392 269 411 263
425 269 422 279
471 269 461 294
485 269 482 288
488 269 485 288
389 272 408 267
392 272 410 266
414 274 409 272
416 277 411 282
435 277 405 293
452 282 454 277
416 285 408 266
425 285 419 290
427 285 421 287
455 288 455 282
457 288 458 286
488 291 471 308
457 293 458 291
460 293 454 304
403 296 418 307
378 299 377 299
378 302 378 302
378 304 378 304
394 304 408 280
378 307 378 306
444 307 421 310
457 307 457 311
460 307 462 311
463 307 466 310
468 307 448 324
408 313 396 307
419 313 410 307
414 315 404 310
419 315 409 310
479 315 459 311
414 318 404 313
474 318 471 319
477 318 456 313
479 318 460 313
466 324 449 312
471 324 465 324
394 326 380 318
460 326 457 324
414 329 429 327
452 329 446 330
455 329 449 329
463 329 457 329
471 329 468 327
493 329 493 329
414 332 429 329
452 332 446 332
460 332 452 332
463 332 456 331
471 332 468 330
474 332 465 330
493 332 493 332
394 335 388 326
411 335 424 331
419 335 434 334
425 335 441 335
452 335 446 335
457 335 454 333
460 335 452 334
463 335 455 334
471 335 468 333
479 335 479 333
493 335 493 335
378 337 378 337
383 337 382 337
394 337 405 337
408 337 415 337
460 337 451 337
463 337 454 337
466 337 460 337
471 337 471 337
479 337 479 337
485 337 487 337
490 337 491 337
493 337 493 337
