463 228 453 242
452 233 450 247
455 233 453 251
460 233 455 252
438 236 433 252
441 236 436 253
446 236 441 254
452 236 449 254
455 236 452 255
460 236 455 255
463 236 458 255
466 236 461 256
444 239 438 255
449 239 447 256
471 239 467 255
463 241 455 258
468 241 464 258
411 244 412 251
441 244 437 259
444 244 440 259
403 247 400 248
411 247 412 253
425 247 425 258
427 247 428 258
433 252 432 261
389 263 409 252
394 263 414 259
425 266 419 269
422 269 416 271
425 269 419 271
430 269 427 271
414 272 409 273
416 272 413 273
414 274 409 276
416 274 411 276
414 277 409 279
466 277 440 297
394 280 411 282
422 280 414 284
392 282 408 285
416 291 407 290
452 291 452 289
455 291 455 290
452 293 452 292
455 293 454 293
394 296 406 281
397 296 410 292
452 296 451 294
455 296 454 295
397 299 410 294
397 302 409 296
394 304 407 299
446 304 421 307
471 304 453 307
479 304 478 321
378 310 378 326
416 310 425 319
405 313 437 320
408 313 419 319
477 313 471 300
400 315 460 319
449 315 455 316
479 315 464 318
479 318 476 316
446 321 454 323
386 324 380 327
392 324 470 315
449 326 445 330
488 329 487 329
490 329 490 329
493 329 493 329
386 332 382 332
441 332 445 333
444 332 448 334
474 332 459 331
485 332 484 332
488 332 487 332
490 332 490 332
493 332 493 332
386 335 380 334
408 335 412 333
441 335 444 336
485 335 485 335
490 335 490 335
493 335 492 335
403 337 410 335
419 337 447 337
463 337 462 337
490 337 489 337
