666 163 666 163
649 181 649 181
666 181 666 181
666 198 666 198
701 198 700 198
718 198 717 198
736 198 732 198
753 198 750 198
770 198 770 198
788 198 788 198
805 198 806 198
632 215 631 216
649 215 649 215
666 215 666 215
684 215 683 216
718 215 718 215
770 215 770 215
788 215 787 216
805 215 805 215
632 233 632 232
649 233 649 233
666 233 666 233
684 233 684 232
770 233 771 233
788 233 788 233
632 250 632 250
649 250 649 250
666 250 666 250
684 250 683 250
788 250 789 250
805 250 805 250
614 267 615 267
649 267 649 267
666 267 666 267
684 267 684 267
788 267 788 268
805 267 804 267
580 285 579 285
597 285 597 285
614 285 614 285
632 285 632 285
649 285 649 285
666 285 666 285
684 285 684 285
718 285 718 285
770 285 769 285
788 285 787 285
805 285 804 285
528 302 528 302
545 302 545 302
562 302 562 302
580 302 579 302
597 302 597 302
614 302 614 302
632 302 631 302
649 302 649 302
666 302 666 302
684 302 684 302
718 302 718 302
736 302 735 302
753 302 753 302
770 302 770 302
510 319 510 319
545 319 545 319
562 319 562 319
580 319 579 319
597 319 597 319
614 319 614 319
632 319 632 319
649 319 649 319
666 319 666 319
684 319 684 319
701 319 701 320
718 319 718 320
736 319 736 319
753 319 753 319
770 319 770 320
493 337 493 337
510 337 510 337
545 337 545 337
562 337 562 337
580 337 579 337
597 337 597 337
614 337 614 337
632 337 631 337
649 337 649 337
666 337 666 337
684 337 684 337
701 337 701 337
718 337 718 337
736 337 736 337
753 337 753 337
770 337 770 337
788 337 788 336
510 354 510 354
545 354 545 354
562 354 562 354
580 354 579 354
597 354 597 354
614 354 613 354
632 354 632 354
649 354 649 354
666 354 666 354
684 354 684 354
701 354 701 354
718 354 718 354
736 354 735 354
753 354 753 354
770 354 770 354
805 354 805 355
493 371 493 371
510 371 510 371
545 371 545 371
562 371 562 371
580 371 581 372
597 371 598 372
614 371 614 372
632 371 631 371
649 371 649 372
666 371 666 371
684 371 684 371
701 371 701 371
718 371 718 371
736 371 736 371
753 371 753 371
805 371 804 371
493 389 493 389
510 389 510 389
562 389 562 389
580 389 581 389
597 389 599 389
614 389 614 389
632 389 631 389
649 389 649 389
666 389 666 390
684 389 683 389
718 389 718 389
736 389 735 389
753 389 753 389
770 389 770 389
788 389 788 389
805 389 805 389
77 406 78 405
94 406 94 406
129 406 127 407
510 406 510 407
580 406 579 406
597 406 596 406
614 406 615 406
632 406 632 406
649 406 649 406
666 406 666 407
684 406 684 406
701 406 701 405
718 406 718 406
736 406 736 406
753 406 753 406
770 406 771 406
788 406 787 406
59 424 60 423
94 424 94 423
493 424 493 424
510 424 510 425
545 424 545 423
562 424 562 423
580 424 579 423
597 424 597 423
614 424 614 424
632 424 632 424
649 424 649 424
666 424 666 424
684 424 685 424
701 424 701 424
718 424 718 424
736 424 736 423
753 424 753 423
770 424 770 423
788 424 787 423
805 424 804 423
42 441 43 440
77 441 77 441
94 441 94 441
510 441 510 441
528 441 528 441
545 441 545 440
562 441 562 441
580 441 580 440
597 441 597 440
614 441 614 440
632 441 632 441
649 441 649 441
666 441 666 441
684 441 685 443
701 441 702 441
718 441 718 441
736 441 736 441
753 441 753 441
770 441 770 441
788 441 789 440
805 441 807 441
42 458 42 458
77 458 78 458
111 458 112 459
129 458 130 459
146 458 147 458
163 458 163 458
493 458 492 458
510 458 511 459
528 458 528 458
545 458 545 458
562 458 563 459
580 458 579 458
597 458 597 458
614 458 614 458
632 458 632 458
649 458 649 458
666 458 666 458
684 458 683 460
701 458 701 458
718 458 718 458
736 458 736 458
753 458 753 458
788 458 787 459
805 458 805 459
59 476 59 475
94 476 94 476
129 476 129 476
146 476 147 476
163 476 164 475
458 476 459 476
476 476 475 476
493 476 494 476
510 476 510 476
528 476 529 476
545 476 545 475
562 476 562 475
580 476 579 475
597 476 597 475
614 476 614 476
632 476 632 476
649 476 649 476
666 476 666 476
701 476 701 475
736 476 735 475
770 476 769 476
788 476 787 476
805 476 805 476
