458 94 491 156
476 94 504 154
493 94 531 152
510 94 547 152
528 94 564 151
545 94 583 150
562 94 601 149
458 111 490 171
476 111 505 169
493 111 529 169
510 111 550 169
528 111 569 168
545 111 585 166
562 111 603 166
580 111 617 165
597 111 633 164
614 111 650 162
458 129 490 185
476 129 506 184
528 129 569 185
545 129 586 184
562 129 604 182
580 129 621 182
597 129 633 181
614 129 646 179
441 146 477 204
458 146 491 201
476 146 506 200
528 146 570 202
545 146 587 200
562 146 605 199
580 146 621 198
597 146 632 199
614 146 648 197
441 163 478 219
458 163 491 217
476 163 508 216
580 163 620 215
597 163 632 215
614 163 649 213
406 181 444 239
423 181 463 236
458 181 493 234
476 181 511 234
493 181 528 233
545 181 585 234
562 181 604 234
580 181 622 231
597 181 643 231
614 181 652 232
371 198 409 257
406 198 446 252
423 198 463 251
441 198 479 250
458 198 495 250
476 198 511 249
493 198 528 248
510 198 545 248
528 198 563 247
545 198 580 246
580 198 620 250
597 198 640 249
614 198 653 253
354 215 397 271
389 215 430 268
406 215 446 267
423 215 461 266
441 215 478 265
458 215 494 264
476 215 512 264
493 215 528 263
510 215 544 262
528 215 562 262
545 215 579 261
580 215 633 269
614 215 654 265
319 233 369 290
337 233 384 287
580 233 634 287
614 233 657 288
319 250 368 308
371 250 413 299
389 250 430 298
406 250 445 298
423 250 462 297
441 250 478 296
458 250 494 295
476 250 510 294
493 250 527 294
510 250 545 293
528 250 562 293
597 250 640 303
614 250 657 298
302 267 355 325
337 267 384 318
371 267 414 316
389 267 431 315
406 267 447 315
423 267 462 314
441 267 479 313
458 267 493 312
476 267 511 311
493 267 528 311
510 267 545 310
528 267 563 310
545 267 583 311
562 267 601 312
614 267 660 316
319 285 370 336
337 285 385 336
371 285 415 333
389 285 431 332
406 285 448 332
423 285 464 331
441 285 480 330
458 285 497 329
476 285 514 329
493 285 529 327
510 285 545 326
528 285 564 327
545 285 584 328
562 285 602 328
580 285 619 328
597 285 637 327
614 285 660 331
267 302 322 355
285 302 338 353
302 302 353 353
319 302 370 353
337 302 385 354
371 302 416 351
389 302 431 348
406 302 449 349
423 302 465 348
441 302 480 347
458 302 497 347
476 302 514 347
493 302 529 345
510 302 547 343
528 302 564 344
545 302 587 346
562 302 603 346
580 302 623 346
597 302 639 345
267 319 324 371
285 319 339 370
302 319 353 371
319 319 369 370
389 319 433 366
406 319 449 365
423 319 465 366
441 319 481 365
458 319 499 364
476 319 516 364
493 319 530 363
510 319 549 362
528 319 565 359
545 319 590 368
562 319 606 363
580 319 624 362
597 319 643 361
319 337 370 388
371 337 418 386
389 337 434 383
406 337 450 384
423 337 467 382
441 337 483 382
458 337 500 382
476 337 517 381
493 337 532 380
510 337 551 379
528 337 567 377
545 337 592 385
580 337 626 378
597 337 645 388
614 337 661 384
632 337 692 386
319 354 370 407
337 354 387 407
371 354 419 404
389 354 435 403
406 354 451 402
423 354 468 401
441 354 485 400
458 354 501 400
476 354 518 399
493 354 533 398
510 354 552 397
528 354 568 397
562 354 610 403
580 354 628 403
597 354 646 402
614 354 663 401
632 354 691 405
649 354 705 401
319 371 370 424
337 371 390 421
371 371 418 423
389 371 436 421
406 371 453 421
423 371 469 420
441 371 486 419
458 371 503 419
476 371 519 417
493 371 536 417
510 371 555 419
528 371 571 414
545 371 594 417
562 371 612 421
580 371 628 420
614 371 663 420
632 371 681 420
649 371 707 420
302 389 354 441
319 389 371 439
354 389 399 434
371 389 419 440
389 389 438 440
406 389 454 439
423 389 471 439
441 389 488 437
458 389 504 437
476 389 521 436
493 389 539 436
528 389 574 432
562 389 614 439
580 389 631 441
632 389 681 436
666 389 720 436
285 406 338 458
302 406 357 453
319 406 372 449
354 406 395 451
371 406 414 451
389 406 437 457
406 406 454 457
423 406 472 456
441 406 489 456
458 406 506 456
476 406 523 455
493 406 541 454
545 406 596 450
580 406 631 460
597 406 647 458
614 406 663 450
666 406 720 453
389 423 436 470
406 423 454 473
423 423 472 475
441 423 489 473
458 423 503 471
476 423 523 471
528 423 588 469
545 423 606 467
614 423 665 467
632 423 683 465
649 423 701 466
319 441 366 473
337 441 382 475
476 441 526 479
597 441 643 476
666 441 720 479
