430 217 429 216
440 217 439 216
482 217 505 216
519 217 512 216
538 217 538 217
430 219 429 219
474 219 481 221
480 219 462 219
482 219 505 219
493 219 491 219
437 222 433 258
480 222 462 222
530 222 533 224
538 222 538 220
472 224 480 229
474 224 483 228
480 224 502 232
490 224 488 225
538 224 538 223
435 227 430 231
477 227 484 230
493 227 490 235
474 230 481 235
485 230 496 240
477 232 478 245
503 232 509 256
474 235 475 248
445 238 485 239
493 238 514 255
530 240 529 258
533 240 532 257
511 243 526 248
530 243 529 260
533 243 531 259
535 243 534 259
538 243 538 258
430 246 429 269
506 246 504 284
509 246 506 283
509 248 507 286
430 251 430 273
517 251 527 269
533 251 535 246
432 254 431 316
451 254 446 284
511 254 511 290
517 254 529 273
535 254 535 243
456 256 456 284
485 256 513 259
490 256 519 259
538 256 538 246
464 259 482 253
490 259 519 262
535 259 535 249
538 259 538 248
459 261 460 290
474 261 475 270
503 261 513 264
538 261 538 251
453 264 440 275
464 264 469 313
506 264 488 258
509 264 491 257
530 264 530 301
522 267 523 237
530 267 531 305
535 267 536 262
482 269 477 282
490 269 503 257
498 269 495 303
530 269 530 308
533 269 533 308
535 269 536 264
498 272 496 306
501 272 499 306
525 272 518 302
496 275 498 274
525 275 519 305
472 277 491 295
490 277 495 285
490 280 490 283
509 283 508 294
517 283 521 290
538 283 538 297
482 285 476 302
496 285 509 268
517 285 521 294
538 285 538 300
496 290 510 275
482 293 433 306
493 293 471 296
482 296 434 310
527 296 530 251
482 298 434 313
506 298 509 309
511 298 515 308
461 301 445 227
511 301 514 312
435 304 436 220
437 304 439 219
459 304 442 229
461 304 445 229
496 304 498 303
498 304 501 302
511 304 514 315
469 306 452 232
485 306 502 277
485 309 502 280
535 314 533 316
538 314 537 316
464 317 445 243
480 317 447 315
498 317 509 319
501 317 512 319
503 317 515 318
509 317 503 321
533 317 528 321
538 317 538 319
482 320 452 318
501 320 513 322
503 320 515 321
506 320 518 319
509 320 525 318
503 322 516 323
509 322 522 322
469 325 469 323
472 325 472 322
509 325 527 325
530 325 529 324
533 325 532 322
469 327 472 327
474 327 479 327
480 327 450 327
482 327 453 327
530 327 530 327
533 327 532 327
535 327 535 327
538 327 538 327
