443 217 454 217
445 217 456 217
448 217 458 216
456 217 466 217
506 217 517 216
511 217 522 217
517 217 526 216
443 219 453 219
445 219 456 219
469 219 477 218
511 219 522 219
517 222 527 221
517 224 525 224
519 224 528 224
451 227 456 225
501 227 511 226
517 227 525 227
519 227 527 227
501 230 511 229
503 230 514 229
506 230 516 229
509 230 519 229
511 230 521 229
514 230 524 229
503 232 514 232
511 232 522 232
514 232 524 232
519 232 527 230
522 232 529 230
511 238 519 235
514 240 524 240
464 243 474 243
498 243 506 242
501 243 509 243
509 243 517 240
514 243 525 243
437 246 443 246
461 246 471 246
498 246 506 245
501 246 509 245
506 246 514 245
514 246 524 246
472 248 482 246
496 248 504 248
459 251 469 250
461 251 471 250
464 251 474 251
477 251 485 249
498 251 506 250
501 251 508 251
503 251 512 251
437 254 443 253
440 254 445 253
451 254 459 254
453 254 462 253
461 254 471 253
482 254 493 253
501 254 512 253
456 256 466 255
464 256 474 255
467 256 477 255
469 256 479 255
480 256 490 255
482 256 493 255
485 256 496 255
496 256 504 254
522 256 527 254
453 259 464 258
456 259 466 258
464 259 474 258
467 259 477 258
474 259 485 259
477 259 487 258
480 259 490 258
482 259 492 258
485 259 495 258
488 259 498 258
496 259 506 258
503 259 511 256
469 261 479 259
496 261 506 261
498 261 509 261
501 261 512 261
503 261 514 261
506 261 517 261
435 264 442 262
437 264 445 262
467 264 476 262
469 264 479 262
472 264 482 262
474 264 485 263
477 264 487 263
496 264 506 264
501 264 511 264
509 264 519 264
435 267 442 264
437 267 444 264
440 267 448 264
469 267 480 266
472 267 482 266
477 267 487 266
493 267 503 266
496 267 506 267
501 267 511 267
503 267 514 267
506 267 517 266
469 269 480 269
472 269 482 268
474 269 485 268
488 269 498 269
490 269 500 269
493 269 503 269
496 269 506 269
498 269 508 269
503 269 514 269
506 269 516 269
509 269 519 269
517 269 525 269
467 272 477 271
474 272 485 271
482 272 492 271
490 272 501 271
493 272 503 272
496 272 505 271
498 272 508 271
506 272 517 271
509 272 519 271
437 275 448 276
440 275 450 277
488 275 498 274
490 275 501 274
493 275 503 274
496 275 506 274
506 275 516 274
509 275 519 274
437 277 445 274
443 277 453 278
445 277 455 277
464 277 474 277
488 277 498 276
490 277 501 276
493 277 503 276
496 277 506 276
506 277 516 277
451 280 461 280
488 280 498 279
490 280 500 279
493 280 503 279
501 280 511 279
506 280 516 280
443 283 453 282
445 283 455 282
448 283 458 282
451 283 461 282
453 283 463 282
456 283 466 282
467 283 475 283
469 283 477 282
480 283 491 285
482 283 493 283
485 283 495 282
488 283 498 282
490 283 500 282
493 283 503 281
498 283 509 282
501 283 511 282
443 285 453 285
445 285 455 284
448 285 458 284
451 285 461 284
469 285 477 285
480 285 491 287
482 285 493 287
485 285 496 287
488 285 498 286
490 285 501 285
443 288 450 288
445 288 456 287
448 288 458 287
451 288 461 287
453 288 464 287
469 288 478 291
480 288 490 290
482 288 493 290
490 288 500 289
440 290 446 291
448 290 458 290
451 290 461 290
467 290 474 293
469 290 477 293
482 290 493 293
485 290 496 291
493 290 503 291
445 293 456 291
469 293 477 296
443 296 448 293
453 296 463 294
456 296 466 294
461 296 471 293
440 298 453 296
448 298 457 298
451 298 459 298
456 298 466 296
461 298 469 296
453 301 463 299
456 301 466 299
464 301 472 300
467 301 477 301
474 301 482 301
477 301 485 301
480 301 492 299
485 301 496 298
496 301 507 299
503 301 514 296
459 304 467 301
461 304 469 301
464 304 474 303
467 304 477 304
469 304 479 304
474 304 482 303
477 304 484 304
485 304 496 301
490 304 501 301
493 304 503 301
496 304 506 304
456 306 464 303
459 306 467 303
461 306 469 303
467 306 477 306
469 306 480 307
490 306 501 303
496 306 506 306
498 306 509 304
459 309 467 306
461 309 469 306
464 309 472 307
467 309 479 310
490 309 501 308
493 309 503 309
496 309 506 308
498 309 509 306
464 312 477 312
472 312 485 312
485 312 496 311
490 312 501 311
493 312 503 311
496 312 506 311
514 312 524 311
472 314 485 314
474 314 488 314
477 314 490 314
488 314 496 313
490 314 498 314
493 314 503 314
496 314 506 314
514 314 524 314
474 317 487 316
477 317 490 316
480 317 492 316
488 317 495 317
490 317 498 317
493 317 503 316
496 317 506 317
511 317 521 316
514 317 524 316
437 320 443 320
440 320 445 320
488 320 496 320
490 320 498 319
498 320 504 320
501 320 506 319
514 320 525 319
437 322 443 322
440 322 445 322
485 322 493 322
488 322 496 322
490 322 498 322
498 322 504 322
501 322 506 322
467 325 474 322
485 325 493 325
488 325 496 324
493 325 500 324
493 327 500 327
