493 129 471 49
545 146 525 63
562 146 545 63
389 163 359 25
545 163 523 86
562 163 546 79
580 163 580 80
389 181 360 43
406 181 380 41
424 181 411 10
441 181 434 14
580 181 583 101
371 198 341 63
389 198 360 61
406 198 385 49
424 198 406 37
441 198 433 44
458 198 448 67
476 198 471 70
337 215 292 80
354 215 314 81
371 215 338 81
389 215 360 81
458 215 449 85
476 215 471 86
493 215 493 89
319 233 272 98
337 233 292 98
354 233 316 98
371 233 339 99
389 233 362 102
406 233 385 102
424 233 408 101
441 233 429 104
458 233 453 106
476 233 473 106
493 233 494 107
510 233 513 108
545 233 545 103
285 250 222 120
302 250 244 118
319 250 269 118
337 250 292 118
354 250 315 118
371 250 341 122
389 250 364 121
406 250 386 122
424 250 409 123
441 250 430 123
458 250 453 124
476 250 475 126
493 250 495 125
267 267 197 155
285 267 224 148
302 267 245 139
319 267 269 138
337 267 293 138
354 267 316 139
371 267 341 140
389 267 364 141
406 267 388 142
424 267 408 142
441 267 432 142
458 267 455 142
476 267 477 144
493 267 497 148
510 267 507 171
545 267 548 170
562 267 581 136
250 285 179 179
267 285 200 177
285 285 226 174
302 285 248 166
319 285 270 162
337 285 294 161
354 285 318 160
371 285 342 160
389 285 365 161
406 285 389 162
424 285 411 163
441 285 435 163
458 285 457 163
476 285 478 165
528 285 529 185
215 302 139 210
233 302 157 204
250 302 188 202
267 302 209 201
285 302 229 198
302 302 250 194
319 302 274 190
337 302 297 183
354 302 319 182
371 302 342 181
389 302 367 182
406 302 390 182
424 302 412 181
441 302 435 183
458 302 457 184
476 302 479 186
493 302 496 198
510 302 514 197
545 302 558 190
215 319 142 227
233 319 160 224
250 319 188 224
267 319 211 231
302 319 252 218
319 319 275 214
337 319 295 208
354 319 318 208
371 319 343 207
389 319 367 205
406 319 390 203
424 319 415 204
441 319 436 204
458 319 457 205
476 319 479 208
493 319 496 219
510 319 515 215
528 319 536 214
267 337 214 255
285 337 235 254
302 337 252 241
319 337 275 236
337 337 297 233
354 337 317 234
371 337 341 233
389 337 365 230
406 337 391 227
424 337 415 226
441 337 437 226
458 337 459 228
476 337 479 230
493 337 496 241
510 337 516 238
528 337 535 238
250 354 196 279
267 354 214 277
285 354 232 271
302 354 260 276
319 354 278 263
337 354 298 259
354 354 323 259
371 354 346 259
389 354 367 258
406 354 391 257
424 354 417 249
441 354 439 248
458 354 458 254
493 354 492 263
510 354 512 264
528 354 531 266
545 354 550 263
250 371 191 301
267 371 211 301
302 371 267 297
319 371 281 294
354 371 323 287
371 371 346 285
406 371 389 280
424 371 412 277
441 371 436 274
458 371 460 272
493 371 493 284
510 371 511 283
528 371 533 287
545 371 553 281
562 371 572 280
233 389 174 320
250 389 198 319
319 389 282 313
337 389 303 313
354 389 324 312
371 389 345 309
389 389 368 306
406 389 390 305
424 389 411 302
441 389 436 298
458 389 459 295
493 389 493 305
528 389 535 305
545 389 555 299
562 389 573 297
215 406 155 342
233 406 179 338
250 406 195 337
285 406 248 321
319 406 284 333
337 406 301 332
354 406 325 332
371 406 345 332
389 406 367 330
406 406 390 327
424 406 411 326
441 406 433 323
458 406 458 317
493 406 489 328
528 406 537 321
545 406 556 320
215 424 157 359
233 424 179 355
250 424 196 354
267 424 212 354
285 424 232 353
302 424 251 350
319 424 286 350
354 424 321 354
371 424 351 351
389 424 369 352
406 424 390 351
424 424 410 348
441 424 430 346
458 424 448 347
476 424 472 347
493 424 491 346
510 424 518 344
528 424 539 339
545 424 555 340
562 424 573 345
215 441 160 389
233 441 177 375
250 441 196 371
267 441 214 374
302 441 255 371
337 441 319 373
354 441 336 370
371 441 349 371
389 441 369 371
406 441 390 370
424 441 409 368
441 441 428 368
458 441 447 369
476 441 474 365
493 441 494 366
510 441 519 360
528 441 538 359
545 441 554 360
215 458 166 406
250 458 194 391
267 458 213 390
285 458 233 390
354 458 327 392
371 458 351 389
389 458 371 388
406 458 392 390
424 458 412 388
441 458 430 389
458 458 448 387
476 458 475 379
493 458 495 382
510 458 522 378
233 476 275 475
319 476 171 474
371 476 353 416
476 476 479 399
493 476 496 399
