559 247 558 251
556 250 555 254
633 275 628 278
638 275 630 277
633 278 628 280
641 278 633 280
610 281 609 283
641 281 633 283
602 284 598 288
616 284 616 286
633 284 626 286
635 284 629 286
602 287 600 289
607 287 606 292
616 287 615 289
593 290 591 300
616 290 615 292
638 290 630 291
613 292 609 295
638 292 630 294
641 292 633 294
647 292 638 293
638 295 630 297
641 295 633 296
602 298 599 306
602 301 599 308
604 301 602 309
635 301 629 302
638 301 632 302
641 301 635 303
644 301 638 302
647 301 640 302
593 304 594 306
633 304 626 305
635 304 629 305
638 304 632 305
641 304 635 305
644 304 638 306
647 304 641 305
590 306 593 308
596 306 596 309
604 306 602 312
621 306 615 310
624 306 620 310
633 306 626 308
635 306 629 308
641 306 637 309
644 306 640 309
590 309 593 311
596 309 596 312
599 309 598 312
616 309 607 312
641 309 637 311
644 309 640 311
647 309 643 311
590 312 593 314
624 312 614 313
627 312 617 313
630 312 620 314
638 312 632 313
641 312 637 314
644 312 640 314
647 312 647 311
621 315 609 315
624 315 611 315
647 315 646 314
