528 216 528 216
540 216 540 211
582 216 583 207
534 222 537 215
540 222 543 214
542 222 545 214
576 222 576 212
585 222 586 212
528 225 529 219
534 225 536 217
542 225 545 217
548 225 550 217
571 225 571 214
573 225 573 215
579 225 579 215
528 227 528 223
531 227 534 220
534 227 536 220
542 227 545 220
571 227 570 217
579 227 579 217
531 230 533 222
534 230 536 222
571 230 571 219
579 230 582 220
559 233 559 223
568 233 568 222
571 233 572 222
579 233 579 223
565 236 565 226
568 236 569 225
556 242 557 231
559 242 562 229
556 244 557 234
559 244 560 234
545 247 545 237
548 247 548 237
554 247 553 237
556 247 556 237
559 247 559 237
562 247 564 237
582 247 590 243
542 253 547 245
545 253 550 245
579 253 587 249
542 256 546 248
545 256 550 248
585 256 593 256
545 258 550 251
624 264 631 259
630 264 636 261
627 270 635 268
627 273 635 270
559 275 564 269
624 275 632 272
627 275 635 273
630 275 637 274
647 275 647 268
562 278 572 275
565 278 575 275
621 278 629 274
624 278 632 277
627 278 634 277
630 278 637 278
638 278 644 278
641 278 644 271
619 281 627 276
624 281 633 280
627 281 635 280
638 281 644 281
610 284 618 282
613 284 621 284
621 284 630 284
635 284 641 284
638 284 644 284
607 287 614 286
613 287 621 287
619 287 627 287
633 287 637 287
635 287 640 287
638 287 643 287
641 287 646 287
607 290 614 291
610 290 618 291
613 290 621 290
616 290 624 290
621 290 629 288
602 292 608 293
610 292 618 294
613 292 621 294
616 292 624 293
621 292 629 291
588 295 594 296
590 295 597 295
593 295 600 293
596 295 603 293
599 295 606 292
613 295 620 296
616 295 623 296
619 295 626 296
621 295 629 294
624 295 632 296
627 295 632 293
630 295 634 292
571 298 578 298
579 298 586 298
582 298 589 298
585 298 592 299
588 298 594 299
590 298 597 298
593 298 600 298
596 298 602 298
599 298 605 298
602 298 608 298
604 298 611 298
607 298 612 297
610 298 615 296
613 298 620 299
616 298 623 298
619 298 626 299
621 298 628 299
624 298 632 299
627 298 634 299
630 298 637 299
571 301 578 301
582 301 589 302
585 301 592 302
588 301 594 302
590 301 597 302
593 301 600 301
596 301 602 301
599 301 605 301
602 301 608 301
604 301 611 301
607 301 614 301
610 301 616 301
613 301 620 301
616 301 623 302
619 301 626 301
621 301 628 302
624 301 631 302
627 301 634 302
630 301 637 302
635 301 640 303
638 301 643 303
565 304 572 303
568 304 575 303
571 304 578 304
573 304 581 304
579 304 586 304
582 304 589 306
585 304 592 305
588 304 595 305
590 304 598 304
593 304 600 305
596 304 602 304
599 304 605 304
602 304 608 304
604 304 611 304
607 304 614 304
610 304 617 304
613 304 620 305
616 304 623 305
619 304 625 304
621 304 628 305
624 304 631 305
627 304 634 305
630 304 637 304
638 304 643 305
641 304 646 306
568 306 575 306
571 306 578 306
573 306 581 306
576 306 585 307
585 306 592 308
588 306 594 309
593 306 600 307
596 306 602 307
599 306 605 308
602 306 608 307
604 306 611 308
607 306 614 308
610 306 617 307
613 306 620 308
616 306 623 308
619 306 626 308
621 306 628 308
624 306 631 308
627 306 634 307
638 306 644 308
568 309 575 309
571 309 578 310
573 309 581 310
576 309 584 310
579 309 586 311
585 309 591 312
599 309 605 311
602 309 608 311
604 309 612 311
607 309 614 311
610 309 617 311
613 309 620 311
616 309 622 310
619 309 626 311
621 309 629 311
627 309 634 311
630 309 637 311
638 309 643 311
568 312 575 313
571 312 578 313
573 312 580 313
576 312 584 313
599 312 605 313
604 312 611 313
607 312 614 313
610 312 616 313
613 312 619 314
616 312 622 313
619 312 625 314
621 312 629 314
624 312 631 314
627 312 633 314
630 312 636 314
638 312 642 313
644 312 645 312
571 315 574 314
573 315 580 315
582 315 589 316
585 315 591 315
588 315 594 315
590 315 596 315
593 315 599 315
596 315 603 315
599 315 605 315
602 315 608 315
607 315 617 315
616 315 622 316
619 315 625 316
621 315 628 316
638 315 642 316
