616 258 621 260
644 292 641 301
585 298 586 299
590 298 592 301
576 301 581 302
579 301 583 305
582 301 585 303
585 301 589 304
588 301 591 304
593 301 595 302
576 304 581 305
582 304 587 306
585 304 589 307
596 304 598 306
599 304 600 306
644 304 642 308
573 306 578 311
576 306 580 308
582 306 586 310
585 306 589 311
590 306 594 308
593 306 597 309
568 309 573 310
576 309 581 313
585 309 588 314
593 309 596 312
638 309 634 311
565 312 568 312
568 312 572 313
571 312 575 314
576 312 581 316
588 312 591 315
596 312 599 314
638 312 633 313
571 315 574 316
593 315 595 316
596 315 598 316
633 315 626 316
635 315 629 316
638 315 633 316
641 315 640 315
644 315 643 315
