458 59 484 89
476 77 497 103
389 94 423 140
406 94 439 140
510 94 525 144
545 94 553 144
510 111 530 154
562 111 570 156
354 129 394 156
371 129 408 158
389 129 422 159
406 129 437 160
441 129 466 160
458 129 481 161
493 129 512 163
528 129 542 164
389 146 425 170
406 146 437 170
441 146 465 171
458 146 480 172
476 146 499 172
493 146 512 173
510 146 529 173
528 146 542 174
545 146 558 175
319 163 360 177
337 163 376 177
354 163 391 177
371 163 406 179
319 181 361 188
337 181 376 188
354 181 391 189
371 181 406 189
389 181 421 190
406 181 438 190
424 181 454 191
458 181 483 192
476 181 498 193
493 181 513 195
510 181 529 192
528 181 546 194
632 181 637 230
319 198 357 207
337 198 375 202
528 198 546 207
319 215 357 226
337 215 374 223
354 215 388 213
371 215 407 212
389 215 421 212
406 215 438 211
424 215 455 212
441 215 469 211
476 215 498 214
493 215 515 215
510 215 531 216
562 215 580 243
580 215 597 243
267 233 300 263
337 233 372 246
354 233 389 239
371 233 406 227
389 233 423 230
406 233 440 229
424 233 454 226
441 233 470 225
476 233 500 227
493 233 516 228
510 233 531 229
528 233 546 233
545 233 563 241
285 250 312 296
354 250 386 255
371 250 403 248
389 250 420 248
406 250 438 249
424 250 454 247
458 250 483 239
493 250 516 240
510 250 532 242
528 250 548 249
562 250 578 270
580 250 595 271
424 267 446 265
458 267 481 262
476 267 500 257
493 267 519 255
562 267 580 289
580 267 595 289
319 285 337 334
354 285 387 296
371 285 401 291
389 285 417 293
406 285 438 295
424 285 454 295
493 285 516 277
510 285 538 279
562 285 583 316
614 285 632 318
649 285 669 320
302 302 319 351
319 302 335 351
458 302 478 311
267 319 283 366
285 319 298 366
319 319 332 367
337 319 351 370
424 319 444 353
441 319 463 354
458 319 485 348
285 337 297 380
371 337 389 384
406 337 423 387
424 337 442 382
441 337 460 380
458 337 479 370
406 354 419 402
441 354 458 404
458 354 478 405
545 354 575 403
562 354 592 405
267 371 278 417
389 371 405 416
406 371 423 421
424 371 441 423
441 371 460 422
458 371 476 421
528 371 560 420
545 371 577 418
562 371 593 421
302 389 312 437
406 389 426 436
424 389 442 436
441 389 465 441
562 389 596 439
406 406 424 449
424 406 441 451
441 406 459 450
458 406 477 456
371 424 386 467
389 424 405 469
597 424 646 436
