458 25 458 30
493 25 492 29
510 25 510 30
528 25 528 31
545 25 545 32
562 25 560 31
580 25 580 30
597 25 593 29
614 25 613 30
632 25 631 30
441 42 441 47
458 42 457 48
476 42 475 47
493 42 492 47
510 42 509 47
528 42 527 48
545 42 545 47
562 42 562 47
580 42 580 48
597 42 595 47
614 42 611 47
632 42 629 47
649 42 646 47
441 59 441 64
476 59 475 64
493 59 492 64
510 59 509 64
545 59 545 64
562 59 563 64
580 59 579 64
597 59 595 64
614 59 611 64
632 59 628 65
649 59 646 63
666 59 663 65
146 77 148 81
163 77 165 81
181 77 182 81
424 77 423 81
441 77 441 80
458 77 458 81
476 77 475 81
493 77 492 81
510 77 509 82
632 77 630 81
649 77 648 81
666 77 663 81
25 94 27 98
42 94 45 98
59 94 62 98
77 94 78 98
94 94 97 98
111 94 112 98
163 94 165 98
181 94 182 98
424 94 423 98
441 94 441 98
458 94 458 98
476 94 475 98
493 94 492 98
528 94 526 98
545 94 544 99
562 94 562 98
580 94 578 98
597 94 596 98
614 94 613 98
632 94 629 98
649 94 646 96
666 94 662 98
25 111 26 115
42 111 44 115
59 111 62 115
94 111 96 115
111 111 114 115
129 111 132 114
146 111 148 115
163 111 164 115
181 111 181 115
198 111 199 115
215 111 215 116
233 111 232 116
250 111 249 115
406 111 406 116
424 111 424 116
441 111 441 115
458 111 458 115
476 111 475 116
493 111 492 116
528 111 527 116
562 111 559 116
580 111 579 113
597 111 598 115
614 111 614 116
632 111 628 117
649 111 645 116
666 111 663 115
42 129 44 132
59 129 58 133
77 129 78 132
94 129 95 132
111 129 111 132
129 129 128 132
146 129 145 132
163 129 163 133
181 129 180 133
198 129 199 133
215 129 215 133
233 129 232 133
250 129 250 133
389 129 389 133
406 129 406 133
424 129 423 133
441 129 441 133
493 129 492 132
510 129 510 133
528 129 527 133
545 129 544 133
562 129 560 132
580 129 576 132
597 129 593 133
614 129 610 132
632 129 630 134
649 129 646 133
666 129 663 133
42 146 43 150
59 146 61 149
77 146 78 150
94 146 95 150
111 146 114 149
129 146 129 149
371 146 371 150
389 146 389 150
406 146 406 150
424 146 424 150
441 146 440 150
458 146 458 150
476 146 475 150
510 146 510 150
528 146 527 151
545 146 544 150
562 146 562 150
597 146 593 148
614 146 612 150
632 146 629 150
649 146 646 152
666 146 663 151
337 163 337 168
354 163 355 167
371 163 371 167
389 163 389 167
406 163 406 167
424 163 423 167
441 163 441 167
458 163 457 167
476 163 475 167
493 163 492 167
510 163 509 167
528 163 526 167
545 163 544 167
562 163 561 167
580 163 579 167
597 163 595 168
614 163 613 167
632 163 630 168
649 163 647 168
319 181 320 184
337 181 337 184
354 181 354 184
371 181 372 184
389 181 388 184
406 181 406 184
424 181 423 185
441 181 441 185
458 181 457 184
476 181 475 184
493 181 492 184
510 181 509 184
528 181 526 184
545 181 544 184
562 181 562 184
597 181 595 185
614 181 613 185
632 181 630 185
649 181 647 184
302 198 302 202
319 198 321 201
337 198 337 202
354 198 355 201
371 198 371 200
389 198 389 200
406 198 406 200
424 198 424 201
441 198 441 202
458 198 458 202
476 198 475 202
493 198 492 202
510 198 508 201
528 198 526 201
545 198 544 201
562 198 561 201
580 198 578 202
597 198 595 202
614 198 612 202
632 198 629 203
649 198 646 202
285 215 285 219
302 215 302 218
319 215 320 218
337 215 337 218
354 215 355 219
371 215 371 217
389 215 389 218
406 215 406 218
424 215 424 219
441 215 441 219
458 215 458 219
476 215 475 218
493 215 492 218
510 215 509 218
528 215 527 218
545 215 543 219
580 215 579 218
597 215 595 219
614 215 612 220
632 215 630 220
649 215 647 219
285 233 286 235
302 233 303 235
319 233 320 235
337 233 338 235
354 233 355 236
371 233 372 234
389 233 389 235
406 233 407 234
424 233 423 235
441 233 441 237
458 233 458 236
476 233 475 235
493 233 492 234
510 233 509 236
528 233 527 236
545 233 543 236
562 233 562 236
597 233 596 236
614 233 613 236
632 233 630 236
250 250 250 253
267 250 269 252
285 250 284 253
302 250 302 253
319 250 319 253
337 250 337 252
354 250 354 252
371 250 372 253
389 250 389 253
406 250 405 252
424 250 422 252
441 250 441 252
458 250 458 252
476 250 474 251
493 250 492 252
510 250 510 252
528 250 527 252
545 250 544 252
562 250 561 253
580 250 578 253
597 250 595 253
614 250 612 253
632 250 630 253
233 267 233 270
250 267 251 270
267 267 267 270
285 267 283 271
319 267 319 270
337 267 336 269
371 267 372 270
389 267 390 269
406 267 405 269
424 267 422 269
441 267 440 270
458 267 457 270
476 267 474 270
493 267 493 269
510 267 510 269
528 267 526 269
545 267 544 269
562 267 561 269
580 267 577 269
597 267 595 270
614 267 612 271
233 285 233 287
250 285 250 287
267 285 268 287
285 285 285 287
302 285 301 288
319 285 319 288
337 285 337 288
354 285 354 287
371 285 371 286
389 285 388 286
406 285 406 286
424 285 423 286
441 285 440 287
458 285 457 286
476 285 474 287
493 285 492 288
510 285 509 286
528 285 527 287
545 285 544 287
562 285 561 287
580 285 578 287
597 285 595 287
614 285 613 287
285 302 285 305
302 302 301 305
319 302 319 305
337 302 337 305
354 302 354 304
371 302 371 304
389 302 388 304
406 302 405 304
424 302 422 304
441 302 440 303
458 302 457 303
476 302 475 304
493 302 493 304
510 302 510 303
528 302 527 305
545 302 543 305
562 302 561 305
580 302 578 305
597 302 595 305
302 319 302 322
319 319 320 321
337 319 337 322
354 319 354 323
371 319 371 321
389 319 389 321
406 319 406 322
424 319 423 322
441 319 440 322
458 319 457 322
476 319 474 321
493 319 492 321
510 319 510 322
528 319 527 322
545 319 544 322
562 319 560 322
580 319 578 322
597 319 595 322
614 319 613 322
632 319 630 321
649 319 646 322
666 319 663 321
285 337 285 340
302 337 302 340
319 337 319 340
337 337 337 340
354 337 354 340
371 337 372 338
389 337 388 339
406 337 406 340
424 337 423 339
441 337 440 339
458 337 458 338
476 337 474 338
493 337 492 338
510 337 510 339
545 337 545 339
580 337 578 340
597 337 596 340
614 337 612 339
632 337 629 339
649 337 645 340
666 337 664 339
285 354 284 358
302 354 301 357
319 354 317 355
337 354 337 356
354 354 353 355
371 354 371 356
389 354 388 357
406 354 406 357
424 354 423 357
441 354 440 356
458 354 458 356
476 354 474 356
510 354 510 356
528 354 527 355
545 354 543 356
580 354 579 356
597 354 596 357
614 354 612 357
632 354 629 355
649 354 646 356
666 354 664 357
267 371 266 374
285 371 284 374
302 371 303 372
319 371 320 370
337 371 336 372
354 371 351 370
371 371 371 374
389 371 389 374
406 371 406 374
424 371 423 373
441 371 440 374
458 371 458 373
476 371 474 373
528 371 527 373
562 371 560 372
580 371 579 373
597 371 596 374
614 371 612 374
632 371 630 373
649 371 646 373
666 371 664 374
250 389 250 391
267 389 266 390
285 389 282 388
302 389 300 387
319 389 320 388
337 389 336 390
354 389 351 391
371 389 369 393
389 389 389 389
406 389 407 391
424 389 424 392
441 389 442 392
458 389 457 390
476 389 474 391
493 389 491 391
510 389 510 389
528 389 527 390
545 389 545 393
562 389 562 391
580 389 578 391
597 389 595 392
614 389 612 391
632 389 630 390
649 389 647 391
666 389 665 390
684 389 682 392
250 406 251 408
267 406 266 407
285 406 282 403
302 406 299 404
319 406 320 406
354 406 352 405
371 406 370 404
389 406 395 404
406 406 410 408
424 406 429 409
441 406 442 409
458 406 457 408
476 406 475 408
493 406 492 409
510 406 510 406
528 406 527 409
545 406 543 410
562 406 561 410
580 406 579 408
614 406 612 408
632 406 630 407
649 406 647 407
666 406 664 408
684 406 681 408
250 424 250 426
267 424 267 422
285 424 280 422
302 424 299 422
337 424 321 424
354 424 337 428
371 424 374 424
389 424 391 421
406 424 409 424
424 424 427 424
441 424 439 425
458 424 456 426
476 424 476 424
493 424 494 426
510 424 511 424
528 424 526 426
545 424 544 427
562 424 561 427
580 424 578 427
597 424 596 425
614 424 612 425
632 424 629 424
649 424 647 424
666 424 665 425
250 441 250 443
267 441 264 441
285 441 282 438
302 441 299 442
319 441 321 443
337 441 339 444
354 441 359 441
371 441 372 443
389 441 387 444
406 441 406 443
424 441 422 442
441 441 439 442
458 441 458 444
476 441 476 442
493 441 493 441
510 441 512 440
528 441 527 444
545 441 544 442
562 441 561 443
580 441 577 441
614 441 613 442
632 441 629 442
649 441 646 441
666 441 664 443
267 458 265 460
285 458 280 460
302 458 300 462
319 458 322 463
337 458 340 463
354 458 354 460
371 458 372 456
389 458 389 458
406 458 405 459
424 458 422 460
441 458 440 461
458 458 457 460
476 458 475 461
493 458 491 460
510 458 511 460
528 458 527 461
545 458 543 461
562 458 560 460
580 458 577 461
597 458 595 461
614 458 613 461
632 458 629 459
649 458 646 459
666 458 664 459
285 476 281 476
302 476 301 478
319 476 324 476
337 476 342 476
354 476 356 476
371 476 374 476
389 476 390 477
406 476 407 476
424 476 422 477
441 476 441 477
458 476 456 477
476 476 472 477
493 476 492 476
510 476 510 477
528 476 528 476
545 476 548 476
562 476 561 476
580 476 578 476
597 476 596 477
