493 25 470 94
510 25 485 94
528 25 506 106
545 25 524 105
562 25 540 106
580 25 560 105
597 25 574 104
614 25 593 104
476 42 457 111
493 42 471 109
545 42 541 132
580 42 562 128
597 42 579 123
632 42 601 118
649 42 614 116
510 59 486 120
545 59 538 146
580 59 567 144
597 59 582 145
614 59 598 144
649 59 613 133
493 77 473 132
649 77 614 157
666 77 629 154
441 94 442 161
476 94 460 147
493 94 474 146
545 94 542 175
580 94 564 174
597 94 580 176
614 94 593 178
649 94 615 176
458 111 451 166
493 111 476 159
528 111 526 174
597 111 585 190
632 111 598 198
649 111 613 198
42 129 106 214
59 129 121 215
441 129 437 184
493 129 479 179
510 129 494 180
528 129 512 183
632 129 597 213
649 129 616 214
441 146 437 196
458 146 453 195
493 146 480 194
510 146 496 193
528 146 511 193
545 146 526 192
562 146 541 192
649 146 618 230
389 163 393 207
406 163 408 207
424 163 423 207
337 181 352 220
406 181 408 219
424 181 422 219
441 181 437 219
458 181 452 218
493 181 481 217
510 181 495 215
528 181 509 214
545 181 525 215
562 181 543 216
319 198 337 241
337 198 352 236
545 198 525 227
562 198 542 229
649 198 623 246
302 215 322 258
319 215 337 256
337 215 352 251
371 215 378 244
389 215 393 243
406 215 408 240
424 215 423 241
441 215 437 240
476 215 465 239
493 215 480 239
510 215 494 238
528 215 509 238
580 215 565 252
302 233 322 274
319 233 336 273
371 233 378 259
389 233 393 257
406 233 410 256
424 233 423 255
441 233 437 253
458 233 451 251
493 233 478 249
510 233 495 251
528 233 510 251
545 233 525 252
562 233 547 264
597 233 580 262
285 250 306 294
302 250 323 292
319 250 337 293
337 250 351 282
371 250 379 275
389 250 394 272
406 250 409 272
424 250 423 270
441 250 437 268
458 250 452 266
493 250 480 262
510 250 496 261
528 250 510 263
545 250 526 265
614 250 595 274
632 250 616 285
285 267 303 309
302 267 320 310
319 267 336 312
337 267 351 298
371 267 379 289
389 267 395 288
406 267 410 288
424 267 424 286
441 267 438 285
458 267 454 284
493 267 481 280
510 267 496 280
528 267 512 279
545 267 529 281
562 267 546 285
580 267 564 289
597 267 579 288
302 285 320 332
319 285 336 334
337 285 352 311
371 285 379 305
389 285 394 305
406 285 410 304
424 285 425 304
441 285 440 303
458 285 454 300
493 285 484 298
545 285 534 300
562 285 552 306
580 285 566 306
597 285 581 305
614 285 600 303
302 302 320 348
319 302 336 351
371 302 379 321
389 302 396 321
406 302 410 321
424 302 425 321
441 302 440 320
458 302 457 318
493 302 485 315
510 302 499 309
528 302 514 306
545 302 535 317
562 302 556 323
580 302 572 324
597 302 586 322
302 319 321 366
319 319 336 365
337 319 353 365
371 319 380 350
389 319 396 341
406 319 413 343
424 319 428 343
441 319 444 340
458 319 456 337
510 319 502 329
528 319 515 324
562 319 555 341
580 319 574 339
597 319 589 340
302 337 321 380
319 337 337 380
354 337 366 378
371 337 381 368
389 337 398 367
406 337 414 366
424 337 430 364
441 337 444 361
458 337 460 358
476 337 476 355
510 337 502 344
545 337 532 337
580 337 576 360
649 337 641 368
285 354 306 397
302 354 321 397
337 354 348 395
354 354 365 395
371 354 382 393
389 354 399 388
406 354 415 387
424 354 431 383
441 354 446 381
458 354 461 379
476 354 478 375
493 354 496 373
510 354 502 361
528 354 518 356
545 354 532 354
649 354 640 386
666 354 657 388
302 371 321 416
389 371 400 407
406 371 416 406
424 371 432 403
441 371 448 401
458 371 462 398
476 371 480 395
528 371 521 377
597 371 593 386
614 371 603 389
267 389 292 422
337 389 344 424
354 389 362 423
371 389 377 423
389 389 400 423
424 389 433 422
441 389 449 422
458 389 465 419
476 389 482 414
493 389 505 416
510 389 522 414
528 389 537 410
545 389 555 411
562 389 573 416
597 389 591 410
614 389 604 404
250 406 270 440
267 406 290 436
319 406 330 440
337 406 344 438
354 406 360 438
371 406 395 436
406 406 417 439
424 406 433 439
441 406 453 442
458 406 466 439
476 406 484 440
493 406 505 435
510 406 520 434
528 406 537 432
545 406 554 433
562 406 571 433
649 406 640 402
250 424 269 455
319 424 328 452
337 424 345 451
354 424 360 452
389 424 399 452
406 424 416 454
424 424 431 455
493 424 504 450
528 424 539 444
545 424 555 446
562 424 572 446
580 424 590 445
614 424 605 419
389 441 399 468
406 441 418 468
424 441 432 469
441 441 450 469
458 441 468 472
476 441 483 470
493 441 501 468
528 441 540 461
545 441 559 459
562 441 573 462
580 441 589 461
614 441 626 441
597 458 611 459
614 458 625 463
632 458 641 453
649 458 642 445
285 476 272 477
302 476 288 478
319 476 308 476
476 476 488 479
493 476 506 479
510 476 542 477
562 476 574 476
580 476 593 477
597 476 613 477
