484 234 486 234
490 234 491 234
469 260 473 257
507 278 509 273
507 280 508 276
456 283 452 286
451 286 447 289
464 286 457 286
451 288 447 294
459 288 454 291
461 288 455 289
459 291 455 294
461 291 458 294
459 293 456 297
497 293 501 294
436 309 436 304
438 309 440 304
436 311 437 306
438 311 440 306
479 311 480 311
502 311 496 312
436 314 436 309
441 314 440 314
443 314 442 314
446 314 444 312
449 314 447 312
479 314 478 314
487 314 492 312
446 316 444 314
449 316 447 315
451 316 448 317
479 316 481 316
487 316 491 315
449 319 445 319
479 319 477 319
477 321 476 322
479 321 482 320
487 321 489 320
469 324 468 323
467 327 466 326
469 327 468 325
472 327 471 325
500 329 498 327
502 329 501 330
502 334 501 335
