579 205 579 208
582 205 581 207
571 208 571 208
573 208 573 208
576 208 576 209
585 208 584 209
559 211 559 213
562 211 561 213
565 211 564 213
568 211 568 213
571 211 571 212
576 211 575 212
579 211 579 212
585 211 584 212
588 211 587 212
590 211 589 212
593 211 592 212
596 211 595 212
559 213 559 216
562 213 561 216
565 213 564 216
568 213 567 216
571 213 570 215
576 213 573 216
579 213 579 215
582 213 582 215
585 213 584 215
588 213 587 215
593 213 592 215
596 213 595 215
542 216 542 216
559 216 559 219
562 216 562 219
568 216 564 219
571 216 570 218
573 216 572 218
596 216 595 218
540 219 539 219
542 219 544 223
545 219 546 223
548 219 549 223
568 219 564 222
585 219 585 219
542 222 544 227
545 222 547 225
565 222 562 227
568 222 565 227
571 222 567 227
537 225 537 225
540 225 540 225
568 225 564 230
571 225 568 230
573 225 570 228
588 225 590 228
590 225 592 228
537 227 537 227
540 227 540 228
542 227 542 228
565 227 561 230
568 227 565 232
571 227 568 232
590 227 593 230
599 227 598 224
537 230 537 230
540 230 540 230
542 230 542 230
548 230 553 231
565 230 562 233
571 230 567 235
579 230 576 233
599 230 598 226
604 230 605 227
607 230 607 227
537 233 537 232
540 233 540 232
542 233 542 233
568 233 564 236
579 233 576 236
590 233 596 252
602 233 602 229
604 233 604 229
607 233 607 230
613 233 609 231
540 236 540 235
542 236 542 236
568 236 565 238
596 236 601 252
604 236 604 232
607 236 606 233
613 236 609 233
616 236 612 233
619 236 615 234
542 239 542 239
568 239 565 240
613 239 610 236
616 239 612 236
545 242 547 241
602 242 603 235
613 242 610 239
616 242 613 238
619 242 615 238
542 244 545 244
545 244 548 244
559 244 565 243
602 244 603 237
559 247 565 246
562 247 568 247
596 247 599 241
599 247 601 241
602 247 604 241
607 247 607 241
616 247 615 243
619 247 618 243
548 250 550 253
551 250 556 253
556 250 561 249
596 250 599 244
599 250 601 244
602 250 604 244
604 250 607 247
613 250 613 246
616 250 616 246
540 253 539 253
542 253 545 256
545 253 550 256
548 253 554 256
554 253 558 252
556 253 561 252
590 253 593 250
596 253 598 246
599 253 602 247
607 253 609 251
613 253 615 250
616 253 617 249
619 253 620 250
542 256 548 259
571 256 566 244
585 256 587 253
588 256 590 253
604 256 608 253
607 256 609 254
610 256 612 253
613 256 615 253
616 256 617 252
619 256 620 252
537 258 539 259
540 258 542 259
542 258 548 262
545 258 550 262
548 258 554 262
571 258 567 250
573 258 570 246
579 258 581 258
585 258 587 255
588 258 590 255
590 258 592 255
599 258 603 257
607 258 610 256
610 258 612 255
613 258 616 255
616 258 618 255
619 258 621 255
537 261 539 262
542 261 553 265
548 261 557 265
568 261 564 252
582 261 584 258
585 261 587 258
588 261 589 258
596 261 599 260
599 261 603 261
602 261 606 261
607 261 610 259
610 261 612 258
613 261 616 258
616 261 618 258
619 261 621 258
621 261 623 258
542 264 551 268
545 264 554 268
548 264 557 267
585 264 587 260
588 264 589 260
590 264 592 260
593 264 595 263
596 264 598 263
599 264 604 264
602 264 607 264
607 264 610 261
610 264 613 261
613 264 615 261
616 264 618 260
619 264 621 261
621 264 623 260
624 264 627 263
542 267 551 270
545 267 554 271
548 267 557 270
588 267 590 263
593 267 595 266
599 267 603 267
602 267 606 267
607 267 610 264
610 267 612 264
613 267 615 264
616 267 618 264
619 267 621 264
621 267 623 264
624 267 626 266
559 270 576 269
599 270 603 270
602 270 606 270
604 270 609 269
607 270 610 266
610 270 612 267
613 270 615 267
616 270 617 267
619 270 621 267
621 270 623 267
542 273 550 276
551 273 556 275
559 273 576 271
562 273 580 272
599 273 602 272
602 273 604 272
604 273 608 272
607 273 610 271
610 273 613 269
613 273 615 270
616 273 617 270
619 273 620 270
621 273 623 270
627 273 627 269
630 273 629 269
540 275 546 279
542 275 548 279
545 275 550 279
548 275 553 279
554 275 559 276
573 275 587 273
604 275 607 275
607 275 610 274
610 275 612 273
613 275 615 272
616 275 618 272
619 275 620 272
624 275 625 273
627 275 627 273
630 275 629 272
542 278 548 281
545 278 550 281
548 278 553 281
571 278 570 280
573 278 573 280
590 278 584 279
596 278 595 279
599 278 599 279
602 278 602 278
604 278 605 278
607 278 609 277
610 278 612 276
616 278 618 275
621 278 622 275
624 278 624 275
627 278 627 275
630 278 629 275
633 278 632 274
540 281 545 283
542 281 548 283
545 281 550 283
548 281 553 283
593 281 596 281
599 281 598 282
607 281 609 280
613 281 613 279
616 281 616 278
619 281 619 278
621 281 622 278
624 281 624 278
627 281 626 278
630 281 629 278
633 281 632 278
635 281 635 278
540 284 545 286
542 284 548 286
548 284 551 287
551 284 554 286
585 284 585 284
599 284 598 284
602 284 601 284
604 284 605 284
607 284 607 284
610 284 612 283
613 284 613 281
619 284 621 281
624 284 624 281
627 284 626 281
630 284 629 281
633 284 632 281
635 284 635 281
638 284 638 281
540 287 545 288
548 287 552 290
551 287 554 289
554 287 557 286
556 287 560 286
559 287 563 287
565 287 568 287
573 287 575 287
582 287 582 287
585 287 585 287
588 287 587 286
590 287 590 286
599 287 598 286
602 287 601 286
604 287 604 286
607 287 607 286
610 287 613 287
613 287 615 285
619 287 618 284
624 287 624 284
627 287 626 284
630 287 629 284
635 287 636 286
638 287 639 287
545 290 548 290
554 290 557 290
556 290 560 290
559 290 563 290
562 290 565 290
565 290 568 290
573 290 576 289
579 290 579 290
582 290 582 290
585 290 585 289
588 290 587 289
590 290 590 289
593 290 593 289
599 290 598 290
602 290 601 289
607 290 608 288
619 290 618 287
627 290 627 287
630 290 630 287
635 290 636 289
638 290 639 290
641 290 642 290
542 292 545 292
545 292 548 293
548 292 550 293
551 292 554 293
554 292 557 293
556 292 560 293
559 292 563 293
562 292 565 293
565 292 568 293
568 292 571 292
571 292 573 292
573 292 576 292
576 292 578 294
579 292 581 294
588 292 588 293
590 292 590 292
593 292 593 292
602 292 601 292
610 292 610 290
613 292 613 290
616 292 615 290
627 292 627 290
630 292 632 291
633 292 635 292
638 292 639 292
641 292 641 292
644 292 644 292
545 295 546 295
548 295 550 295
551 295 554 295
556 295 559 295
562 295 565 296
565 295 568 295
568 295 570 296
571 295 573 295
573 295 576 295
588 295 588 296
590 295 590 295
593 295 593 294
596 295 598 292
599 295 598 294
602 295 601 295
610 295 610 292
613 295 613 292
616 295 616 292
635 295 636 294
638 295 639 294
641 295 641 294
644 295 644 295
548 298 548 298
551 298 554 298
554 298 557 298
556 298 559 298
559 298 562 297
562 298 564 299
565 298 567 299
568 298 570 298
571 298 573 298
573 298 575 298
576 298 578 298
585 298 585 298
588 298 588 298
590 298 591 298
593 298 594 297
613 298 613 295
630 298 630 296
633 298 633 296
635 298 636 296
638 298 639 297
641 298 642 296
644 298 644 297
551 301 551 301
562 301 564 301
565 301 567 302
568 301 570 302
571 301 573 301
573 301 576 301
576 301 578 302
579 301 581 302
582 301 582 301
585 301 586 301
590 301 591 302
593 301 593 301
599 301 599 298
602 301 602 300
607 301 606 297
627 301 627 300
630 301 630 300
633 301 633 299
635 301 636 299
638 301 638 299
641 301 641 299
644 301 644 300
647 301 647 300
556 304 557 303
559 304 559 303
565 304 568 304
568 304 570 304
571 304 573 304
573 304 576 304
576 304 578 304
585 304 586 304
588 304 588 304
593 304 593 304
616 304 615 300
630 304 630 303
633 304 633 303
635 304 636 303
638 304 638 302
641 304 641 302
644 304 644 302
647 304 647 303
559 306 559 306
565 306 565 309
568 306 568 308
571 306 573 306
573 306 575 306
579 306 581 307
588 306 588 307
590 306 591 307
593 306 594 307
596 306 597 307
599 306 599 306
602 306 602 306
610 306 609 304
613 306 613 304
619 306 619 305
621 306 622 305
630 306 630 305
633 306 633 305
635 306 636 306
638 306 638 305
641 306 641 305
644 306 644 305
647 306 647 305
559 309 559 309
562 309 562 308
568 309 568 312
571 309 572 309
573 309 575 309
576 309 578 309
588 309 588 310
590 309 591 310
593 309 594 309
596 309 597 310
599 309 599 309
602 309 602 309
607 309 607 308
613 309 613 308
616 309 616 308
619 309 619 308
627 309 627 308
630 309 630 308
633 309 633 308
635 309 636 307
638 309 638 308
641 309 642 308
644 309 644 307
647 309 647 308
562 312 562 312
565 312 565 312
571 312 572 312
573 312 575 312
579 312 580 312
588 312 588 313
590 312 591 313
593 312 594 313
596 312 596 313
599 312 599 312
602 312 602 311
604 312 606 312
610 312 610 311
613 312 613 311
616 312 616 311
619 312 619 311
630 312 630 310
633 312 633 311
635 312 636 311
638 312 638 311
641 312 642 311
644 312 645 311
647 312 647 311
565 315 565 315
568 315 568 315
571 315 572 315
573 315 574 315
576 315 577 315
579 315 580 315
582 315 582 315
585 315 586 315
588 315 588 315
590 315 591 315
593 315 594 315
596 315 596 315
599 315 599 315
602 315 602 315
610 315 611 315
613 315 614 314
616 315 619 315
619 315 622 315
621 315 624 314
624 315 627 314
630 315 630 315
633 315 633 314
635 315 636 314
638 315 638 314
641 315 641 314
644 315 644 314
647 315 647 314
