458 25 459 91
476 25 472 87
25 42 109 163
580 42 566 211
424 59 437 112
458 59 462 110
476 59 476 110
649 59 600 248
406 77 421 146
424 77 436 129
458 77 461 124
476 77 476 126
528 77 528 146
545 94 529 160
337 111 374 163
371 111 391 165
389 111 406 166
406 111 423 166
424 111 436 166
493 111 492 168
562 111 545 175
458 129 460 176
476 129 478 177
493 129 492 177
510 129 509 179
545 129 532 178
302 146 337 182
319 146 353 180
337 146 367 180
371 146 392 182
389 146 406 182
406 146 421 183
424 146 437 184
285 163 320 195
406 163 421 191
424 163 436 192
476 163 478 194
528 163 528 191
285 181 319 219
319 181 350 201
337 181 367 199
354 181 383 199
389 181 406 198
458 181 458 198
493 181 494 200
510 181 509 203
545 181 541 231
562 181 561 229
580 181 580 233
285 198 316 235
302 198 333 218
319 198 350 217
337 198 365 213
371 198 392 209
389 198 411 209
406 198 423 209
424 198 436 209
441 198 452 209
476 198 480 210
493 198 494 211
510 198 510 215
528 198 524 217
250 215 283 267
267 215 298 264
285 215 320 249
302 215 321 305
337 215 355 230
354 215 375 229
371 215 393 224
389 215 407 224
510 215 510 225
528 215 526 232
545 215 545 252
562 215 557 252
580 215 575 252
250 233 270 281
267 233 286 282
285 233 302 285
319 233 341 262
337 233 356 247
354 233 374 244
371 233 392 242
389 233 408 243
406 233 421 236
424 233 436 233
441 233 455 233
476 233 481 232
493 233 496 233
528 233 527 245
545 233 544 266
562 233 558 263
580 233 576 265
285 250 302 321
302 250 316 321
337 250 357 265
354 250 373 261
371 250 391 263
389 250 407 263
406 250 422 261
424 250 440 263
441 250 457 263
476 250 482 244
493 250 497 246
545 250 546 284
562 250 559 283
580 250 579 283
285 267 298 338
302 267 315 338
354 267 372 281
371 267 388 283
389 267 405 286
406 267 420 285
424 267 437 279
441 267 455 281
562 267 566 301
614 267 631 319
285 285 297 352
302 285 314 353
319 285 334 355
354 285 370 300
406 285 421 312
424 285 436 313
458 285 471 297
493 285 511 300
510 285 525 299
545 285 563 315
337 302 336 372
371 302 386 354
389 302 401 354
406 302 420 350
424 302 436 352
441 302 454 337
458 302 474 316
476 302 490 317
493 302 510 317
545 302 559 354
580 302 582 355
267 319 285 372
285 319 301 374
354 319 357 384
371 319 382 386
406 319 418 369
424 319 434 373
458 319 473 357
545 319 562 368
580 319 584 369
250 337 251 407
302 337 307 392
319 337 323 391
354 337 370 403
371 337 385 400
389 337 400 402
406 337 419 406
441 337 458 402
458 337 469 405
580 337 591 370
406 354 425 419
424 354 440 420
441 354 455 421
458 354 471 422
476 354 493 421
580 354 600 442
250 371 264 460
267 371 285 460
354 371 371 425
371 371 385 427
406 371 420 434
424 371 436 436
441 371 455 436
458 371 474 436
476 371 490 439
562 371 584 438
337 389 356 440
354 389 370 440
458 389 470 451
476 389 490 455
545 389 566 443
562 389 585 456
371 406 388 460
389 406 403 461
424 406 425 460
441 406 442 458
510 406 545 439
580 406 596 407
614 406 633 417
441 424 444 475
528 476 581 476
