307 175 355 171
312 175 361 170
317 175 367 170
323 175 372 170
307 180 360 175
333 201 380 197
343 201 386 197
317 206 364 201
323 206 369 203
328 206 376 201
343 206 386 202
317 212 364 208
323 212 370 208
312 217 355 212
323 217 366 213
333 217 376 213
297 222 339 216
307 222 348 217
312 222 355 217
317 222 360 218
323 222 365 219
328 222 369 219
297 227 339 221
307 227 349 221
312 227 354 223
317 227 359 223
323 227 364 225
328 227 369 227
338 227 376 223
343 227 380 229
349 227 386 224
359 227 391 226
291 232 334 227
297 232 342 227
307 232 349 227
312 232 353 227
317 232 358 228
328 232 369 232
354 232 387 230
375 232 402 230
286 238 326 233
291 238 334 233
297 238 342 233
312 238 355 233
317 238 360 235
323 238 364 235
343 238 380 235
359 238 389 235
297 243 342 238
302 243 347 238
307 243 353 238
317 243 360 238
323 243 364 239
328 243 369 240
354 243 385 240
364 243 393 241
286 248 325 243
291 248 331 243
302 248 344 244
317 248 360 244
323 248 365 244
338 248 375 245
354 248 384 246
359 248 390 246
364 248 394 246
297 253 338 250
302 253 342 250
307 253 353 248
317 253 360 249
338 253 375 251
343 253 379 251
291 258 332 255
297 258 338 255
302 258 342 254
312 258 357 254
328 258 369 255
338 258 375 259
343 258 379 255
354 258 385 256
359 258 389 256
286 264 322 260
291 264 330 260
297 264 337 259
302 264 344 259
312 264 358 259
328 264 369 260
343 264 380 260
286 269 321 267
291 269 327 265
297 269 337 265
302 269 343 265
307 269 352 266
312 269 357 266
328 269 370 265
343 269 379 267
286 274 321 272
291 274 327 271
297 274 336 271
302 274 343 272
312 274 357 271
343 274 379 272
291 279 327 277
297 279 336 276
302 279 343 277
307 279 351 276
312 279 356 276
338 279 375 278
286 284 315 285
291 284 326 282
297 284 332 282
302 284 342 283
338 284 373 282
286 290 321 286
302 290 341 288
307 290 348 288
312 290 352 288
333 290 368 289
338 290 373 287
302 295 341 296
