0.9503485560417175 -0.1912975162267685 0.2454438358545303 -0.3022637665271759 
0.1694627702236176 0.9796676635742188 0.1073942556977272 -0.09340612590312958 
-0.2609976828098297 -0.06046831980347633 0.9634436964988708 -0.4491884112358093 
0 0 0 1 

0.9342625737190247 -0.2836304605007172 0.2161183506250381 -0.2764939665794373 
0.2463198304176331 0.9515629410743713 0.1839955896139145 -0.1465421766042709 
-0.2578369975090027 -0.1186658889055252 0.9588735103607178 -0.4403334856033325 
0 0 0 1 

0.9367524385452271 -0.3445640504360199 0.0614030510187149 -0.1942118853330612 
0.322744220495224 0.9182927012443542 0.2292916029691696 -0.1830962002277374 
-0.1353916674852371 -0.1949719488620758 0.9714190363883972 -0.4622555375099182 
0 0 0 1 

0.958395779132843 -0.2620686292648315 0.1131256073713303 -0.2200134843587875 
0.2462931871414185 0.9595575928688049 0.1363402307033539 -0.1230990439653397 
-0.1442811191082001 -0.1028057411313057 0.984181821346283 -0.4675127863883972 
0 0 0 1 

0.9135161638259888 -0.3537295758724213 0.2009068429470062 -0.2494633793830872 
0.3399637341499329 0.9350520372390747 0.1005100831389427 -0.1196453422307968 
-0.2234117239713669 -0.02351650036871433 0.9744403958320618 -0.4503169059753418 
0 0 0 1 

0.9347014427185059 -0.2813829779624939 0.2171563059091568 -0.2473592460155487 
0.2891240119934082 0.9572830200195312 -0.004059240221977234 -0.0541975162923336 
-0.2067378312349319 0.06657926738262177 0.9761283993721008 -0.4440689086914062 
0 0 0 1 

0.8888567090034485 -0.395215630531311 0.2318146675825119 -0.2499453872442245 
0.3067677915096283 0.8891333341598511 0.3396105170249939 -0.2207605689764023 
-0.3403335809707642 -0.2307517379522324 0.9115517735481262 -0.368019700050354 
0 0 0 1 

0.8809531331062317 -0.406994104385376 0.2414068132638931 -0.25345179438591 
0.2895437479019165 0.8671239614486694 0.4052904546260834 -0.2480686455965042 
-0.3742805123329163 -0.2871440351009369 0.8817382454872131 -0.3431887328624725 
0 0 0 1 

0.889625072479248 -0.4031800329685211 0.2145064175128937 -0.2416145503520966 
0.2544284462928772 0.8276016116142273 0.500341534614563 -0.2848595678806305 
-0.3792535960674286 -0.390539824962616 0.8388356566429138 -0.3112483024597168 
0 0 0 1 

0.889570415019989 -0.4052063822746277 0.2108836472034454 -0.2397029548883438 
0.2541613578796387 0.8226523995399475 0.508571445941925 -0.2884637117385864 
-0.379560261964798 -0.3988116383552551 0.8347951769828796 -0.3083222210407257 
0 0 0 1 

