488 242 485 243
491 242 489 242
497 248 493 244
476 251 475 250
479 251 478 249
491 251 489 249
497 251 494 248
497 254 495 251
463 261 439 272
469 261 454 268
472 261 458 267
472 264 463 270
469 267 460 274
472 267 463 273
448 270 437 274
439 273 417 286
479 273 464 288
482 273 468 290
497 273 497 270
485 276 493 260
497 276 498 274
472 279 423 307
485 279 494 264
497 279 499 278
427 285 405 297
488 285 498 288
439 291 426 290
454 294 464 333
460 294 442 305
439 297 429 299
451 297 435 314
454 300 445 317
466 300 465 306
414 303 411 295
436 303 425 330
457 303 449 319
482 303 463 299
411 306 408 306
454 306 446 322
457 306 450 322
494 306 490 299
482 313 451 311
420 316 428 312
466 316 476 307
482 316 452 314
485 316 456 313
420 319 430 316
451 322 477 322
479 322 480 321
