554 244 543 252
554 247 543 256
633 275 641 273
582 287 575 282
585 287 578 282
582 290 576 285
556 295 558 295
588 295 586 290
556 298 559 298
559 298 563 298
599 298 602 291
604 298 610 297
610 298 615 297
621 298 625 297
624 298 629 297
534 301 534 300
537 301 537 300
540 301 539 300
548 301 549 302
554 301 556 301
556 301 560 301
559 301 563 301
562 301 566 300
565 301 569 300
568 301 572 298
588 301 594 298
590 301 597 298
604 301 611 299
607 301 613 299
610 301 616 299
616 301 620 297
621 301 626 300
624 301 629 300
627 301 631 299
630 301 634 299
534 304 534 304
540 304 540 304
542 304 543 304
559 304 563 303
562 304 566 303
565 304 569 303
568 304 572 301
573 304 579 298
576 304 582 298
582 304 588 299
588 304 594 301
590 304 597 301
602 304 608 302
610 304 616 302
616 304 619 301
619 304 623 302
621 304 626 303
630 304 633 302
540 306 542 307
542 306 544 307
545 306 548 306
548 306 550 305
571 306 575 302
573 306 579 301
576 306 582 301
579 306 585 303
582 306 588 303
585 306 591 302
588 306 595 305
590 306 598 304
593 306 600 304
599 306 604 303
607 306 613 305
610 306 616 305
616 306 620 305
619 306 623 305
633 306 638 305
635 306 641 305
540 309 542 309
542 309 544 309
545 309 549 310
548 309 551 308
551 309 554 307
554 309 557 307
556 309 560 307
559 309 564 307
562 309 566 306
565 309 569 306
568 309 573 306
571 309 576 304
573 309 579 304
579 309 585 307
582 309 588 305
585 309 591 305
590 309 597 306
599 309 604 307
602 309 607 307
607 309 613 308
610 309 617 309
616 309 620 308
619 309 624 309
545 312 548 312
554 312 558 310
556 312 561 310
559 312 564 309
562 312 567 309
565 312 570 308
568 312 573 309
571 312 576 310
573 312 580 307
582 312 589 309
585 312 591 308
599 312 605 310
602 312 608 310
607 312 614 311
610 312 617 311
616 312 621 311
619 312 625 312
624 312 628 311
627 312 631 311
630 312 634 311
545 315 548 315
548 315 552 314
554 315 562 314
559 315 565 313
562 315 567 312
565 315 570 312
568 315 574 314
579 315 587 315
585 315 590 314
588 315 593 314
590 315 596 312
593 315 599 311
599 315 606 315
607 315 614 314
610 315 618 314
624 315 625 315
627 315 631 314
630 315 635 314
