424 25 468 94
389 42 444 112
424 42 468 107
493 42 566 191
493 59 564 211
319 77 394 160
354 77 420 155
371 77 433 153
424 94 475 162
441 94 491 162
458 94 507 161
476 94 522 161
250 111 347 179
267 111 360 177
302 111 381 173
319 111 398 176
354 111 421 175
371 111 434 174
406 111 457 171
371 129 437 184
389 129 451 183
424 129 478 181
441 129 492 179
458 129 507 180
476 129 523 180
198 146 593 102
233 146 329 200
250 146 344 196
285 146 368 194
302 146 380 193
337 146 406 192
354 146 421 192
181 163 279 256
215 163 318 229
233 163 329 216
250 163 345 213
441 163 494 198
458 163 510 197
476 163 526 200
181 181 294 255
215 181 316 253
233 181 328 232
285 181 367 214
302 181 382 211
337 181 409 208
354 181 423 209
371 181 437 208
389 181 451 208
424 181 480 207
493 181 548 230
181 198 284 271
198 198 301 269
250 198 341 246
267 198 353 234
285 198 365 231
302 198 382 227
337 198 409 222
354 198 422 221
371 198 438 220
389 198 453 219
424 198 480 218
441 198 496 218
458 198 512 221
476 198 533 233
129 215 249 279
146 215 264 280
198 215 298 287
250 215 340 262
267 215 355 250
285 215 367 246
302 215 383 243
337 215 411 239
354 215 424 236
371 215 438 235
389 215 458 233
458 215 512 232
476 215 535 255
493 215 551 254
510 215 567 253
163 233 270 294
233 233 325 324
267 233 354 269
285 233 367 261
302 233 384 261
337 233 411 258
354 233 427 257
371 233 441 256
389 233 460 255
424 233 482 239
441 233 498 242
458 233 516 248
493 233 552 269
510 233 571 267
528 233 587 265
215 250 309 330
267 250 355 291
285 250 369 280
319 250 398 279
337 250 412 280
354 250 427 277
371 250 442 275
389 250 459 272
424 250 483 254
493 250 554 286
510 250 574 285
198 267 272 369
215 267 310 345
233 267 324 347
250 267 339 342
319 267 398 298
337 267 414 301
354 267 428 299
371 267 442 293
389 267 459 290
406 267 477 290
476 267 553 301
545 267 626 316
181 285 252 388
198 285 293 359
233 285 324 360
250 285 339 362
285 285 364 358
319 285 399 340
337 285 414 335
354 285 430 330
371 285 447 325
389 285 465 308
406 285 478 306
424 285 499 308
441 285 507 293
476 285 558 339
545 285 629 334
215 302 303 368
250 302 344 381
285 302 367 374
302 302 384 363
319 302 399 361
337 302 416 357
354 302 431 354
371 302 449 351
389 302 468 345
458 302 523 306
476 302 557 361
163 319 254 403
198 319 292 383
285 319 369 389
302 319 384 387
319 319 401 388
337 319 417 383
354 319 433 377
371 319 449 372
389 319 468 366
476 319 562 380
528 319 616 372
181 337 275 420
198 337 291 419
233 337 308 396
319 337 401 403
337 337 416 405
354 337 434 406
371 337 457 403
389 337 470 406
424 337 526 379
458 337 544 378
476 337 562 398
510 337 585 373
233 354 336 416
250 354 348 416
285 354 370 416
302 354 386 414
337 354 422 420
354 354 439 421
371 354 456 422
389 354 472 422
406 354 492 421
424 354 514 414
441 354 528 417
458 354 547 415
476 354 564 416
163 371 261 441
181 371 277 440
198 371 296 439
233 371 334 430
267 371 350 432
302 371 387 431
319 371 404 432
354 371 436 437
371 371 454 436
389 371 472 437
406 371 491 436
441 371 533 430
458 371 547 431
476 371 565 431
163 389 264 463
181 389 275 458
215 389 294 455
267 389 352 448
285 389 367 447
302 389 387 447
319 389 404 448
337 389 419 448
371 389 457 453
389 389 480 454
406 389 495 453
476 389 569 452
510 389 602 408
528 389 620 405
198 406 282 474
285 406 367 466
302 406 388 464
319 406 405 464
337 406 418 462
406 406 519 437
476 406 571 470
528 406 621 421
545 406 636 421
424 424 529 450
406 441 517 456
406 458 518 469
441 458 559 466
458 458 588 465
129 476 263 476
354 476 426 477
406 476 335 471
