457 230 471 246
463 233 478 244
449 236 463 246
463 236 477 250
466 236 480 250
436 239 455 249
463 239 477 253
400 241 418 237
436 241 457 252
403 244 418 241
411 244 429 244
466 244 476 266
405 247 422 244
452 247 439 262
405 250 422 246
411 250 426 250
438 250 474 259
444 252 476 258
446 252 471 267
411 255 425 258
414 261 425 261
416 261 428 261
455 261 433 279
414 263 425 264
444 263 461 272
474 263 479 273
414 266 425 267
457 266 432 282
471 266 475 275
414 269 425 255
457 269 432 284
471 269 472 282
411 272 422 257
468 272 469 285
471 272 472 285
474 272 475 284
405 274 413 263
422 274 454 294
430 274 464 283
460 274 435 286
463 274 438 286
468 274 469 287
471 274 472 288
474 274 474 288
403 277 409 266
405 277 413 266
422 277 429 279
425 280 454 289
427 280 457 289
485 280 482 282
411 282 418 278
474 282 489 289
485 282 481 285
488 282 484 284
485 285 480 288
405 288 406 289
430 288 427 314
463 293 456 281
408 296 399 299
403 299 391 303
405 299 393 303
408 299 396 302
488 299 492 297
403 302 391 306
405 302 393 305
416 302 417 301
493 302 494 303
438 304 424 332
444 304 449 295
419 307 419 310
419 310 418 313
457 313 443 314
457 318 476 316
416 321 413 313
422 324 438 320
452 326 484 311
466 326 447 324
468 326 450 323
466 329 446 326
468 329 449 326
485 329 461 327
405 332 393 323
416 332 406 332
419 332 409 332
463 332 443 329
466 332 446 329
468 332 449 329
474 332 451 329
479 332 458 330
419 335 409 335
436 335 458 335
438 335 463 335
466 335 446 332
468 335 449 332
474 335 452 332
477 335 455 332
479 335 458 333
490 335 475 333
408 337 408 337
466 337 446 337
477 337 451 337
485 337 486 337
