435 217 435 216
538 217 538 216
530 219 503 287
538 219 538 218
482 222 512 221
517 222 483 233
530 222 502 291
533 222 505 291
490 224 487 228
533 224 448 275
538 224 538 242
538 227 538 245
538 230 538 247
498 232 457 239
437 235 503 301
461 235 471 239
464 235 474 239
469 235 519 243
472 235 521 244
506 235 517 307
440 238 506 304
443 238 508 305
472 238 466 231
440 240 505 307
443 240 507 307
445 240 511 309
467 240 476 244
538 240 538 281
440 243 504 311
443 243 507 310
477 243 524 293
453 246 446 246
533 246 530 259
477 248 485 237
485 248 506 230
488 248 509 230
485 251 506 232
488 251 508 233
490 251 498 250
538 251 538 288
538 254 538 290
490 256 528 294
527 256 507 252
461 259 474 250
533 259 530 272
459 261 470 251
477 261 505 236
480 261 508 236
538 261 538 300
432 264 483 291
501 264 515 255
430 267 430 283
485 267 520 240
430 269 429 286
459 269 470 311
535 269 532 253
459 272 469 313
519 280 523 299
525 280 527 299
530 280 534 260
456 283 436 297
506 283 514 258
509 283 524 306
522 285 525 304
538 288 538 303
514 290 530 226
519 290 525 290
530 293 533 309
435 296 434 301
432 298 433 304
430 301 430 306
453 301 453 316
474 301 522 279
533 304 529 301
430 306 430 316
432 306 433 317
435 306 436 317
469 306 518 314
533 306 529 304
437 312 518 301
535 312 533 311
538 314 538 314
480 317 525 315
538 317 538 316
430 320 429 320
432 320 432 319
538 320 538 319
430 322 429 322
432 322 432 322
435 322 434 323
437 322 442 319
440 322 445 320
464 322 455 320
474 322 477 322
501 322 520 318
503 322 526 323
456 325 490 326
461 325 500 326
464 325 502 326
477 325 480 324
514 325 510 324
527 325 522 325
533 325 529 324
535 325 532 324
538 325 538 324
430 327 429 328
432 327 433 328
440 327 436 328
453 327 453 328
474 327 495 328
493 327 505 328
511 327 508 327
525 327 522 328
533 327 528 327
535 327 532 327
538 327 537 327
