445 217 450 217
527 219 529 222
533 219 533 225
440 222 454 226
443 222 457 226
498 222 518 222
430 224 429 225
498 224 518 225
525 224 523 230
527 224 528 228
430 227 429 228
496 227 492 288
525 230 527 252
527 230 529 252
535 230 537 222
430 232 430 233
527 232 529 254
430 235 430 235
440 235 501 270
443 235 503 270
445 235 510 259
490 235 486 296
493 235 488 297
430 238 430 238
445 238 510 261
490 238 486 299
493 238 488 299
527 238 533 291
530 238 536 291
430 240 429 241
485 240 469 293
464 243 446 281
469 243 485 258
435 246 435 269
530 246 529 264
535 246 536 297
430 248 430 247
459 248 511 284
485 248 450 295
530 248 529 267
535 248 535 299
538 248 538 299
535 251 535 301
538 251 538 302
432 254 431 280
435 254 434 280
469 254 485 266
485 254 450 298
498 254 521 260
430 256 429 282
435 256 435 283
437 256 437 285
498 256 521 263
533 256 532 304
535 256 535 305
538 256 538 305
469 259 463 300
496 259 519 265
498 259 521 265
538 259 538 247
448 261 458 298
456 261 461 312
459 261 463 312
514 261 510 301
459 264 463 315
472 264 462 287
517 267 513 304
480 269 502 314
459 272 437 275
480 275 445 294
535 275 536 230
514 277 514 293
482 283 493 310
430 285 430 309
538 285 537 267
522 288 508 314
506 290 525 290
477 293 487 313
488 293 477 307
503 293 491 311
517 293 526 307
530 293 529 271
430 296 429 271
485 296 475 309
488 296 477 310
490 296 480 310
530 296 528 273
430 298 429 274
432 298 432 274
525 298 526 277
430 301 430 278
490 301 477 316
498 301 519 301
501 301 521 302
519 301 519 293
525 301 532 312
527 301 534 313
535 301 533 293
538 301 538 314
496 304 488 305
533 304 530 295
535 304 533 296
432 306 431 302
525 306 505 293
533 306 532 299
432 309 433 305
506 309 496 314
432 312 432 307
506 312 495 316
509 312 499 317
511 312 499 294
514 312 502 294
430 317 430 313
432 317 433 313
430 320 430 315
432 320 433 316
464 320 501 320
467 320 504 319
509 320 521 319
511 320 524 320
533 320 532 321
535 320 534 318
430 322 430 321
432 322 433 318
464 322 501 322
480 322 460 322
482 322 463 322
493 322 476 320
496 322 479 320
498 322 482 320
511 322 524 323
533 322 532 324
535 322 534 324
430 325 430 325
432 325 433 325
435 325 436 324
437 325 438 324
451 325 460 325
453 325 462 325
496 325 479 323
509 325 520 325
430 327 429 327
432 327 432 328
435 327 435 327
451 327 459 328
453 327 462 327
456 327 465 327
485 327 511 328
493 327 504 327
496 327 506 328
509 327 520 328
525 327 515 328
535 327 535 327
