582 216 561 207
627 216 620 251
630 216 623 251
624 219 614 254
627 219 618 253
630 219 622 254
573 222 554 210
630 222 620 256
633 222 622 259
613 225 625 257
616 225 627 258
571 227 532 229
633 227 622 266
568 230 530 229
613 230 581 217
565 233 527 231
568 233 530 232
565 236 527 235
613 239 579 229
559 247 570 240
607 247 573 234
585 250 584 255
571 256 602 250
573 256 602 259
573 261 602 264
568 264 596 265
604 264 624 272
582 267 605 268
585 267 607 268
607 267 627 274
602 270 621 277
607 270 633 277
635 270 640 264
551 273 556 251
607 273 630 280
540 275 541 253
554 275 569 274
565 275 589 276
585 275 607 279
554 278 581 279
613 278 624 283
624 278 636 287
540 284 549 279
542 284 551 280
548 284 557 280
554 284 583 281
638 284 643 269
540 287 548 283
542 287 551 283
545 287 554 284
548 287 557 284
554 287 583 284
602 287 630 289
635 287 639 272
537 290 545 286
540 290 548 286
542 290 551 286
545 290 554 286
582 290 604 286
610 290 621 287
641 290 645 272
540 292 548 288
545 292 554 289
548 292 557 290
551 292 560 289
616 292 629 296
627 292 635 296
647 292 648 275
542 295 550 291
607 295 619 291
613 295 626 299
616 295 629 299
540 298 547 292
542 298 550 295
613 298 626 302
616 298 628 301
619 298 631 302
540 301 550 297
545 301 554 298
571 301 565 286
599 301 607 294
613 301 626 305
616 301 628 305
619 301 631 304
540 304 550 300
545 304 556 300
568 304 562 289
619 304 631 307
571 306 563 292
579 306 572 295
582 306 574 295
607 306 617 306
610 306 621 307
613 306 623 307
616 306 629 310
619 306 631 310
633 306 644 311
599 309 597 308
602 309 614 309
616 309 628 312
619 309 631 312
621 309 634 313
630 309 641 313
633 309 644 313
638 309 640 310
559 312 565 301
573 312 567 299
579 312 588 306
593 312 606 309
602 312 614 312
604 312 617 312
607 312 620 313
610 312 622 313
554 315 559 303
556 315 563 303
562 315 573 310
565 315 576 310
573 315 584 305
602 315 614 315
604 315 617 315
607 315 619 315
610 315 622 315
613 315 625 315
619 315 628 316
644 315 645 314
