568 216 549 208
565 219 536 218
556 227 531 221
582 236 578 251
556 239 602 244
559 239 605 245
607 239 590 220
610 239 594 221
607 242 589 224
559 244 606 252
571 250 537 228
531 253 533 253
559 253 548 250
534 256 530 238
537 256 533 239
619 256 568 224
528 258 528 259
534 258 529 241
537 258 532 242
545 258 541 245
556 258 544 263
534 261 528 245
633 264 622 268
633 270 633 281
635 270 635 279
635 273 636 282
627 278 629 294
613 281 623 303
545 284 562 286
571 284 574 268
576 284 577 268
579 284 581 269
582 284 584 270
641 284 638 284
573 287 576 271
576 287 578 273
582 287 582 274
641 287 638 287
644 287 642 287
571 290 572 274
573 290 575 275
576 290 578 276
644 290 643 290
647 290 647 290
579 292 580 277
647 292 647 293
641 295 642 298
647 295 646 295
540 298 553 290
542 298 556 291
545 298 560 292
562 298 578 290
565 298 581 290
568 298 588 289
545 301 559 295
548 301 562 296
556 301 570 291
559 301 574 292
562 301 577 292
568 301 587 293
571 301 590 293
545 304 557 301
548 304 561 299
551 304 566 294
554 304 569 294
556 304 572 294
562 304 578 296
568 304 586 296
571 304 589 297
551 306 566 297
554 306 569 297
556 306 571 297
559 306 574 298
568 306 583 299
571 306 589 300
551 309 563 303
554 309 567 302
556 309 570 301
559 309 574 302
562 309 577 303
565 309 581 302
568 309 584 303
571 309 588 303
573 309 591 303
610 309 602 310
635 309 645 312
647 309 648 303
551 312 562 307
554 312 567 305
556 312 570 305
559 312 574 306
562 312 576 306
565 312 580 305
568 312 583 306
579 312 594 309
585 312 600 311
619 312 606 312
644 312 642 311
559 315 578 315
562 315 576 310
568 315 583 309
571 315 585 312
573 315 588 314
585 315 599 315
588 315 602 315
613 315 619 316
621 315 626 315
624 315 630 315
627 315 633 316
