443 217 446 217
445 217 448 217
461 217 464 216
464 217 466 216
467 217 469 216
477 217 480 216
480 217 485 217
482 217 488 217
485 217 490 217
488 217 492 217
490 217 495 217
493 217 497 217
525 217 525 217
527 217 521 216
530 217 530 217
533 217 533 217
538 217 538 217
437 219 441 219
440 219 443 219
443 219 446 219
445 219 448 219
448 219 451 219
451 219 454 219
453 219 456 219
456 219 459 219
459 219 461 219
461 219 464 219
464 219 467 219
467 219 470 219
469 219 473 219
472 219 476 219
477 219 481 219
482 219 487 219
485 219 490 219
488 219 493 219
490 219 495 219
496 219 499 218
498 219 501 219
506 219 509 220
533 219 533 221
538 219 538 219
432 222 435 221
435 222 438 222
437 222 441 222
440 222 443 222
443 222 446 222
445 222 449 222
448 222 452 221
453 222 457 222
456 222 459 221
459 222 463 221
464 222 467 222
467 222 470 222
469 222 473 222
480 222 483 221
482 222 486 221
485 222 489 222
488 222 492 222
490 222 495 222
493 222 497 222
503 222 508 223
538 222 538 224
432 224 436 224
435 224 439 223
437 224 440 224
440 224 442 224
443 224 446 224
445 224 449 224
451 224 454 224
453 224 458 224
456 224 461 224
459 224 463 224
464 224 467 224
467 224 470 224
469 224 473 224
472 224 475 224
480 224 483 224
485 224 489 224
488 224 492 225
503 224 508 225
517 224 520 224
530 224 522 225
538 224 538 227
432 227 437 227
440 227 443 227
443 227 446 226
448 227 452 227
451 227 456 226
453 227 458 227
456 227 461 227
459 227 463 227
464 227 467 227
467 227 470 226
469 227 472 226
472 227 475 227
480 227 483 227
482 227 485 227
485 227 488 226
498 227 502 226
509 227 511 225
440 230 443 229
443 230 446 229
448 230 451 230
451 230 456 229
453 230 458 229
456 230 461 230
459 230 463 230
464 230 467 229
467 230 470 229
469 230 472 230
474 230 477 228
480 230 483 230
485 230 489 229
488 230 493 230
496 230 499 229
498 230 502 229
506 230 509 227
509 230 511 227
514 230 519 227
435 232 438 231
437 232 441 230
448 232 452 232
451 232 455 232
453 232 458 232
459 232 462 231
461 232 465 232
464 232 467 232
467 232 469 232
469 232 472 232
472 232 475 233
474 232 478 232
477 232 480 232
480 232 483 232
485 232 490 233
488 232 493 233
490 232 495 233
496 232 499 232
498 232 501 232
501 232 506 230
517 232 516 232
530 232 524 235
538 232 538 238
435 235 439 233
437 235 441 233
440 235 443 233
443 235 446 233
451 235 455 235
456 235 459 235
459 235 462 235
461 235 465 235
464 235 467 235
467 235 469 235
469 235 472 235
472 235 475 235
474 235 477 235
477 235 482 235
482 235 487 235
485 235 490 236
496 235 500 234
519 235 519 235
525 235 522 241
527 235 525 241
535 235 536 240
538 235 538 240
437 238 441 235
440 238 444 235
443 238 446 235
445 238 449 235
453 238 457 237
456 238 459 238
459 238 462 238
461 238 465 237
464 238 467 238
467 238 470 238
469 238 472 238
472 238 475 238
474 238 477 237
477 238 482 238
482 238 487 237
488 238 491 238
493 238 496 238
496 238 498 238
498 238 501 239
511 238 514 238
514 238 516 238
530 238 531 242
533 238 533 243
430 240 430 232
432 240 435 240
437 240 441 238
440 240 444 237
443 240 446 238
445 240 448 238
453 240 457 240
456 240 459 240
459 240 462 239
461 240 465 240
464 240 467 240
467 240 470 241
469 240 472 240
472 240 475 240
474 240 477 240
480 240 483 240
482 240 486 240
485 240 488 240
493 240 495 241
533 240 533 245
538 240 538 249
430 243 429 235
432 243 435 242
435 243 440 240
440 243 444 240
443 243 445 240
445 243 448 240
467 243 470 243
469 243 472 242
472 243 475 242
477 243 480 242
485 243 488 242
488 243 491 242
490 243 493 243
493 243 495 243
496 243 498 244
509 243 511 243
527 243 524 243
538 243 538 251
430 246 429 245
432 246 435 245
435 246 437 245
445 246 448 243
451 246 454 244
453 246 457 244
459 246 463 245
461 246 466 245
464 246 468 245
469 246 472 245
472 246 475 245
474 246 478 245
477 246 480 245
480 246 483 245
485 246 487 246
488 246 490 246
490 246 493 246
493 246 496 246
501 246 503 246
506 246 509 246
525 246 521 245
527 246 524 245
533 246 533 248
535 246 535 248
430 248 429 248
432 248 435 248
435 248 437 248
443 248 445 246
453 248 456 246
459 248 463 248
464 248 468 247
467 248 471 247
469 248 474 247
474 248 478 247
477 248 481 247
480 248 483 247
493 248 497 249
506 248 509 248
525 248 520 248
533 248 533 251
430 251 430 251
432 251 434 251
435 251 437 250
443 251 446 248
448 251 452 251
453 251 456 248
456 251 459 248
477 251 475 251
485 251 488 251
488 251 490 251
490 251 495 251
493 251 498 251
530 251 530 251
538 251 538 253
430 254 430 291
432 254 434 254
435 254 441 254
445 254 450 254
448 254 453 254
472 254 466 253
474 254 472 253
477 254 475 253
480 254 477 253
485 254 488 254
488 254 490 254
517 254 517 253
530 254 530 253
533 254 533 254
535 254 536 254
430 256 430 293
440 256 443 253
443 256 446 256
445 256 449 256
448 256 453 256
459 256 459 257
467 256 464 256
469 256 466 256
482 256 485 256
490 256 495 254
496 256 498 254
509 256 509 256
517 256 517 256
522 256 520 259
530 256 530 256
533 256 533 256
535 256 536 257
440 259 442 256
445 259 450 259
451 259 454 259
459 259 459 259
461 259 461 259
485 259 488 256
488 259 493 257
490 259 495 256
501 259 503 257
509 259 508 259
511 259 511 259
514 259 513 259
530 259 529 258
448 261 451 261
451 261 453 261
459 261 458 262
506 261 507 262
509 261 509 262
511 261 511 262
519 261 517 264
522 261 519 264
533 261 532 260
535 261 535 285
538 261 538 286
445 264 449 263
448 264 451 264
451 264 453 264
459 264 458 264
464 264 466 267
469 264 470 267
472 264 472 267
485 264 487 263
506 264 507 265
509 264 510 265
511 264 511 265
533 264 532 261
535 264 535 262
451 267 453 266
464 267 466 269
501 267 504 267
503 267 506 267
506 267 508 267
517 267 514 267
538 267 538 288
445 269 448 267
448 269 451 267
451 269 454 269
453 269 455 269
472 269 472 272
485 269 487 267
496 269 499 267
501 269 503 270
503 269 506 269
506 269 509 270
535 269 536 291
538 269 538 291
435 272 435 269
437 272 438 269
440 272 440 269
453 272 456 272
459 272 459 272
467 272 469 273
485 272 488 270
488 272 490 270
496 272 499 269
498 272 501 269
501 272 503 273
503 272 506 272
506 272 509 272
517 272 519 275
527 272 528 246
535 272 530 272
437 275 437 271
440 275 440 272
467 275 463 272
480 275 474 275
482 275 477 275
485 275 480 274
498 275 500 275
501 275 503 275
503 275 506 275
514 275 517 277
517 275 519 277
538 275 538 274
437 277 438 274
440 277 440 274
445 277 448 275
451 277 454 274
453 277 456 275
459 277 459 275
467 277 467 278
477 277 473 278
480 277 475 278
482 277 477 278
485 277 480 277
488 277 482 277
490 277 495 274
496 277 498 278
498 277 501 277
443 280 451 286
445 280 447 278
451 280 454 278
453 280 457 278
480 280 475 280
482 280 478 280
485 280 480 281
488 280 482 280
490 280 495 277
496 280 499 280
525 280 527 280
445 283 453 288
451 283 453 281
453 283 457 280
456 283 459 282
480 283 476 283
490 283 496 280
496 283 499 282
498 283 501 282
522 283 525 282
451 285 454 283
459 285 462 285
488 285 490 286
490 285 493 285
493 285 495 285
496 285 499 284
514 285 508 312
461 288 467 288
477 288 483 288
480 288 485 288
482 288 488 287
485 288 490 287
490 288 492 288
514 288 512 314
517 288 524 287
451 290 454 312
453 290 456 312
464 290 470 290
472 290 477 290
477 290 482 290
535 290 535 296
538 290 538 295
443 293 440 290
459 293 466 293
461 293 469 293
477 293 482 292
482 293 488 291
485 293 490 291
488 293 492 293
432 296 434 304
435 296 441 301
437 296 443 300
472 296 477 293
482 296 488 293
485 296 491 294
519 296 516 289
533 296 532 298
535 296 535 299
538 296 538 299
432 298 434 307
445 298 453 304
456 298 458 307
464 298 465 296
467 298 466 296
472 298 477 295
474 298 480 295
530 298 530 301
533 298 533 301
535 298 536 300
538 298 538 301
432 301 435 309
440 301 435 296
445 301 453 306
456 301 458 309
472 301 477 298
533 301 533 303
535 301 536 303
538 301 538 303
485 304 477 306
533 304 532 306
535 304 535 306
538 304 538 306
445 306 446 304
453 306 469 304
485 306 477 309
490 306 479 309
506 306 493 309
527 306 528 314
530 306 530 314
445 309 446 307
453 309 469 306
456 309 471 306
469 309 441 280
472 309 443 280
490 309 480 312
493 309 482 312
503 309 530 290
527 309 527 317
530 309 530 317
490 312 480 315
538 314 538 320
430 317 429 316
437 317 434 317
445 317 448 314
469 317 469 317
472 317 472 318
519 317 513 319
522 317 516 320
430 320 429 319
435 320 432 319
437 320 434 320
440 320 437 320
445 320 448 316
469 320 469 320
472 320 471 320
474 320 474 320
503 320 490 320
530 320 527 324
430 322 429 321
437 322 435 322
440 322 437 322
503 322 491 322
511 322 498 320
517 322 506 322
538 322 538 325
430 325 430 325
432 325 432 325
435 325 434 325
440 325 437 325
443 325 440 325
448 325 444 325
453 325 466 325
480 325 485 325
511 325 501 325
514 325 503 325
517 325 506 325
522 325 510 325
525 325 512 325
527 325 514 325
430 327 430 328
432 327 432 328
437 327 436 328
443 327 440 328
448 327 444 327
459 327 459 328
461 327 462 328
469 327 466 328
472 327 469 328
480 327 485 327
514 327 504 328
517 327 506 328
519 327 508 328
525 327 512 328
527 327 514 327
530 327 527 327
535 327 533 327
538 327 538 327
