1 0 0 -0.1178319603204727 
0 1 0 -0.04324014484882355 
0 0 1 -0.828993558883667 
0 0 0 1 

0.9943260550498962 -0.1040831208229065 -0.02196539379656315 -0.09817612171173096 
0.1050585359334946 0.9932442307472229 0.0492815189063549 -0.04805112257599831 
0.01668766140937805 -0.05130953714251518 0.998543381690979 -0.7969143390655518 
0 0 0 1 

0.9836719632148743 -0.1769078373908997 -0.0330628901720047 -0.07572620362043381 
0.1788201630115509 0.9814891219139099 0.06857463717460632 -0.05249539390206337 
0.02031949162483215 -0.07336725294589996 0.9970979690551758 -0.7819011807441711 
0 0 0 1 

0.9749659895896912 -0.2035358548164368 -0.08952303230762482 -0.03882371261715889 
0.2120107710361481 0.9723064303398132 0.09834379702806473 -0.06178887560963631 
0.06702727824449539 -0.114861749112606 0.9911175966262817 -0.7635208368301392 
0 0 0 1 

0.9629585146903992 -0.2462702989578247 -0.1098261326551437 -0.0488782599568367 
0.2548047304153442 0.9643259048461914 0.07176389545202255 -0.06065239384770393 
0.08823483437299728 -0.09708990901708603 0.9913567304611206 -0.7395485639572144 
0 0 0 1 

0.9534306526184082 -0.2401782274246216 -0.1824397146701813 0.02853649109601974 
0.2650333046913147 0.9558836817741394 0.1266629695892334 -0.08415885269641876 
0.1439693719148636 -0.1691170334815979 0.9750241637229919 -0.6920098662376404 
0 0 0 1 

0.945748507976532 -0.2617011070251465 -0.1925413459539413 0.04507788270711899 
0.2879354357719421 0.9496444463729858 0.1235655769705772 -0.08034046739339828 
0.1505085080862045 -0.1723015159368515 0.9734779596328735 -0.6875966191291809 
0 0 0 1 

