430 217 430 217
533 217 532 217
535 217 535 217
538 217 538 217
517 219 495 251
522 219 515 221
530 219 530 219
533 219 532 219
535 219 535 220
538 219 538 220
533 222 531 223
535 222 535 223
538 222 538 223
430 224 430 228
517 224 512 224
519 224 515 224
522 224 517 224
533 224 531 226
535 224 535 225
538 224 538 225
430 227 430 230
437 227 497 264
440 227 500 264
517 227 511 226
519 227 515 226
527 227 523 225
440 230 500 268
519 230 514 229
522 230 517 227
525 230 520 228
527 230 523 228
437 232 496 273
445 232 505 271
496 232 500 301
437 235 496 275
440 235 499 276
443 235 502 274
445 235 504 276
443 238 502 277
445 238 503 279
477 238 481 311
480 238 484 311
430 240 429 235
453 240 436 308
456 240 439 308
538 240 538 256
432 243 431 238
443 243 462 265
456 246 454 298
511 246 524 273
535 246 535 243
511 248 524 275
522 248 524 259
530 248 528 259
533 248 531 259
535 248 534 259
435 251 497 285
530 251 528 261
533 251 531 262
535 251 534 263
430 254 429 290
533 254 532 288
535 254 534 265
538 254 538 266
430 256 429 293
440 256 481 258
443 256 483 258
514 256 522 298
533 256 531 295
535 256 536 268
538 256 538 269
440 259 481 260
538 259 538 271
501 261 515 273
538 261 538 274
432 264 435 259
437 264 434 304
496 264 511 274
498 264 513 275
432 267 431 307
474 267 456 312
496 267 510 277
498 267 513 277
506 267 512 288
530 267 533 275
533 267 535 276
432 269 432 291
498 269 512 280
445 272 440 268
461 272 449 292
461 275 449 294
511 277 520 261
530 280 533 296
467 283 471 302
480 283 467 313
461 285 451 297
432 288 436 279
482 288 476 305
525 288 526 288
527 288 501 310
432 290 436 282
519 290 523 290
525 290 526 290
509 293 504 314
430 296 429 298
432 296 432 298
535 296 535 314
538 296 538 313
432 298 432 300
456 301 474 302
517 304 505 300
430 309 429 259
435 309 432 259
430 312 429 262
435 312 432 262
514 312 510 315
474 314 450 320
509 314 506 316
514 314 510 317
501 317 498 315
522 317 453 317
533 317 534 316
453 320 439 316
525 320 455 321
527 320 457 322
538 320 538 316
469 322 460 323
503 322 523 324
506 322 525 324
538 322 538 319
432 325 432 325
467 325 457 326
527 325 531 324
533 325 531 322
430 327 429 327
432 327 432 328
435 327 435 327
437 327 437 327
451 327 469 327
453 327 471 328
456 327 474 328
459 327 463 327
480 327 466 327
514 327 506 328
517 327 508 328
527 327 531 327
535 327 534 327
538 327 538 327
