599 219 599 225
596 225 596 226
545 236 547 235
545 247 545 248
556 247 555 246
554 253 554 252
554 256 554 254
635 275 631 275
630 278 624 275
627 281 622 277
630 281 624 277
635 281 628 277
616 284 617 280
630 284 625 280
633 284 628 280
619 287 621 283
633 287 628 283
635 287 629 283
602 290 599 287
616 290 615 286
633 290 626 286
599 295 595 298
607 295 604 297
613 295 611 294
616 295 614 291
627 295 621 286
644 295 638 293
647 295 641 294
604 298 601 299
607 298 604 300
613 298 610 297
607 301 604 303
610 301 608 297
644 301 638 297
604 304 601 306
607 304 607 300
641 304 637 299
602 306 600 308
616 306 616 308
621 306 621 307
633 306 628 303
635 306 631 302
638 306 634 303
641 306 637 303
647 306 641 303
607 309 606 311
613 309 609 309
616 309 615 310
619 309 618 310
624 309 624 310
627 309 627 311
633 309 628 305
638 309 633 305
641 309 636 305
590 312 594 307
604 312 603 312
613 312 612 313
616 312 615 312
638 312 634 308
644 312 640 309
602 315 602 314
613 315 612 315
616 315 617 316
619 315 620 316
621 315 623 315
627 315 627 314
638 315 636 316
