568 199 570 208
554 205 564 210
559 205 564 213
540 211 546 209
562 211 564 219
537 219 539 217
596 227 599 223
534 230 535 230
540 230 546 217
593 230 596 225
596 230 599 226
602 230 602 226
602 233 602 230
607 233 608 230
610 233 614 229
534 236 538 236
607 236 611 232
610 236 614 232
613 236 617 232
556 239 569 223
579 239 583 242
607 239 611 235
610 239 614 235
613 239 617 234
599 242 601 242
602 242 604 242
607 242 610 239
610 242 614 238
613 242 617 239
616 242 619 240
540 244 540 245
599 244 601 244
602 244 603 244
607 244 611 242
610 244 614 241
537 247 537 247
540 247 540 247
542 247 542 254
599 247 601 246
613 247 617 243
616 247 619 243
540 250 539 250
559 250 569 253
602 250 603 248
604 250 609 245
610 250 613 245
613 250 616 245
599 253 603 251
604 253 609 247
613 253 616 249
616 253 619 249
551 256 545 254
554 256 556 258
573 256 573 260
599 256 603 253
610 256 613 251
613 256 616 252
616 256 618 252
545 258 543 272
551 258 554 261
568 258 548 287
596 258 600 249
602 258 605 254
607 258 609 253
610 258 613 254
613 258 615 254
616 258 618 255
551 261 554 264
590 261 596 256
593 261 599 256
599 261 602 256
604 261 605 256
613 261 615 257
616 261 617 257
619 261 620 258
590 264 596 259
610 264 612 258
616 264 617 260
619 264 620 261
621 264 622 262
624 264 625 263
593 267 599 262
599 267 602 260
607 267 609 261
610 267 611 261
613 267 614 262
619 267 620 264
621 267 622 264
627 267 626 265
602 270 604 266
604 270 604 263
607 270 608 264
610 270 611 264
613 270 614 264
627 270 626 268
630 270 628 268
596 273 602 269
602 273 605 270
604 273 607 269
607 273 610 269
616 273 616 268
621 273 620 268
624 273 622 268
627 273 626 270
630 273 628 271
633 273 631 272
602 275 607 272
610 275 610 271
613 275 613 271
616 275 616 271
619 275 619 271
624 275 623 271
630 275 628 274
633 275 630 274
635 275 633 275
545 278 555 267
571 278 573 284
590 278 591 276
596 278 595 276
599 278 597 277
602 278 600 278
610 278 610 275
616 278 613 273
619 278 619 274
624 278 623 274
627 278 625 275
635 278 633 278
641 278 640 280
537 281 534 280
545 281 556 270
548 281 558 270
602 281 600 281
604 281 602 281
610 281 610 278
613 281 613 278
619 281 619 277
621 281 621 277
627 281 625 278
630 281 627 278
635 281 631 278
638 281 636 281
585 284 571 291
588 284 591 280
604 284 603 283
610 284 609 282
613 284 612 281
619 284 616 280
624 284 621 280
627 284 625 281
630 284 627 281
633 284 630 281
638 284 634 281
641 284 639 284
568 287 582 282
588 287 588 286
596 287 594 283
599 287 597 284
607 287 606 284
610 287 608 285
619 287 616 283
627 287 625 283
630 287 628 283
633 287 630 283
635 287 633 284
638 287 636 284
641 287 639 287
644 287 642 287
647 287 646 287
596 290 594 285
599 290 596 286
607 290 606 287
610 290 608 287
627 290 625 286
630 290 628 286
633 290 631 286
635 290 633 286
638 290 636 287
641 290 639 290
644 290 642 290
548 292 547 293
551 292 550 294
554 292 553 295
582 292 584 288
607 292 606 290
630 292 627 289
633 292 631 289
635 292 633 289
647 292 644 292
551 295 550 296
554 295 553 297
576 295 578 291
585 295 587 289
590 295 590 289
593 295 593 289
599 295 600 289
602 295 602 293
607 295 607 296
621 295 621 292
630 295 629 291
635 295 633 292
638 295 635 292
641 295 638 293
644 295 641 294
647 295 644 294
554 298 553 300
556 298 555 301
576 298 578 294
579 298 581 294
593 298 593 291
596 298 596 296
599 298 599 295
602 298 601 295
619 298 612 290
627 298 623 295
638 298 638 299
641 298 641 299
644 298 644 300
647 298 647 300
596 301 596 298
604 301 604 300
607 301 607 300
610 301 610 300
630 301 630 296
635 301 632 296
638 301 635 296
641 301 637 297
579 304 567 299
585 304 585 306
602 304 601 302
604 304 604 302
607 304 607 302
630 304 630 299
633 304 632 299
638 304 638 303
641 304 640 303
635 306 635 302
644 306 643 302
585 309 585 310
599 309 600 310
607 309 610 309
619 309 622 310
621 309 624 310
633 309 632 305
635 309 635 304
638 309 637 304
641 309 640 305
647 309 644 305
585 312 585 312
588 312 587 312
599 312 600 313
602 312 604 308
619 312 622 312
621 312 624 312
630 312 633 314
633 312 631 308
635 312 634 307
568 315 573 300
585 315 585 315
588 315 587 315
607 315 602 315
610 315 615 315
616 315 621 315
635 315 639 316
638 315 642 315
647 315 646 315
