579 239 583 242
599 242 601 242
602 242 604 242
613 242 617 239
616 242 619 240
599 244 601 244
602 244 603 244
613 247 617 243
616 247 619 243
602 250 603 248
604 250 609 245
599 253 603 251
604 253 609 247
599 256 603 253
602 258 605 254
604 261 605 256
613 261 615 257
610 264 612 258
616 264 617 260
619 264 620 261
621 264 622 262
607 267 609 261
610 267 611 261
613 267 614 262
619 267 620 264
621 267 622 264
607 270 608 264
610 270 611 264
613 270 614 264
630 270 628 268
607 273 610 269
616 273 616 268
627 273 626 270
610 275 610 271
613 275 613 271
616 275 616 271
619 275 619 271
624 275 623 271
596 278 595 276
599 278 597 277
616 278 613 273
619 278 619 274
624 278 623 274
627 278 625 275
602 281 600 281
619 281 619 277
621 281 621 277
627 281 625 278
630 281 627 278
610 284 609 282
619 284 616 280
624 284 621 280
627 284 625 281
630 284 627 281
596 287 594 283
599 287 597 284
610 287 608 285
619 287 616 283
630 287 628 283
633 287 630 283
635 287 633 284
641 287 639 287
647 287 646 287
607 290 606 287
610 290 608 287
627 290 625 286
630 290 628 286
633 290 631 286
635 290 633 286
638 290 636 287
607 292 606 290
630 292 627 289
633 292 631 289
635 292 633 289
590 295 590 289
593 295 593 289
599 295 600 289
607 295 607 296
621 295 621 292
630 295 629 291
635 295 633 292
638 295 635 292
641 295 638 293
644 295 641 294
593 298 593 291
596 298 596 296
599 298 599 295
602 298 601 295
627 298 623 295
638 298 638 299
641 298 641 299
644 298 644 300
647 298 647 300
596 301 596 298
604 301 604 300
607 301 607 300
610 301 610 300
630 301 630 296
635 301 632 296
638 301 635 296
641 301 637 297
602 304 601 302
604 304 604 302
607 304 607 302
633 304 632 299
638 304 638 303
641 304 640 303
635 306 635 302
644 306 643 302
599 309 600 310
607 309 610 309
619 309 622 310
621 309 624 310
633 309 632 305
635 309 635 304
638 309 637 304
641 309 640 305
647 309 644 305
599 312 600 313
602 312 604 308
619 312 622 312
621 312 624 312
633 312 631 308
635 312 634 307
610 315 615 315
616 315 621 315
635 315 639 316
638 315 642 315
647 315 646 315
