285 25 243 14
302 25 260 17
389 25 358 24
406 25 376 25
424 25 398 26
441 25 415 28
458 25 432 30
528 25 482 41
545 25 498 43
562 25 513 44
580 25 530 46
597 25 547 47
632 25 578 50
649 25 595 50
666 25 612 52
250 42 204 23
354 42 323 39
371 42 341 39
389 42 359 41
406 42 376 42
424 42 397 43
441 42 413 44
458 42 431 46
545 42 499 58
562 42 514 59
580 42 530 63
614 42 561 66
632 42 579 67
649 42 596 71
666 42 609 71
250 59 201 41
354 59 325 54
371 59 339 54
389 59 357 57
406 59 376 59
441 59 412 61
458 59 428 62
493 59 458 67
562 59 514 76
580 59 530 78
597 59 546 80
649 59 595 89
319 77 285 71
337 77 303 69
354 77 322 71
371 77 340 72
389 77 357 74
406 77 375 75
476 77 443 83
493 77 459 85
510 77 475 87
545 77 505 88
580 77 530 96
597 77 546 98
614 77 563 100
649 77 594 105
319 94 287 86
337 94 305 85
354 94 322 88
371 94 339 89
389 94 356 91
406 94 373 92
424 94 391 93
441 94 407 95
458 94 424 97
476 94 442 99
493 94 457 99
528 94 489 102
545 94 504 104
562 94 520 105
580 94 530 113
597 94 545 113
632 94 580 120
285 111 236 104
302 111 268 100
319 111 286 101
337 111 304 102
354 111 321 104
371 111 339 106
389 111 356 107
406 111 374 109
424 111 391 110
441 111 408 112
458 111 424 114
476 111 441 116
493 111 456 116
528 111 488 118
545 111 504 120
562 111 519 124
267 129 220 122
285 129 249 116
302 129 268 117
319 129 286 118
337 129 304 119
354 129 322 121
371 129 340 123
389 129 357 125
406 129 374 125
424 129 390 127
441 129 407 129
458 129 423 130
476 129 440 131
493 129 457 133
528 129 488 135
562 129 516 141
580 129 529 142
597 129 546 143
614 129 566 141
267 146 228 134
285 146 247 134
302 146 267 135
319 146 285 136
337 146 302 137
354 146 321 138
371 146 338 140
389 146 356 142
406 146 372 143
424 146 390 144
441 146 405 144
458 146 423 146
476 146 439 148
493 146 456 148
528 146 487 152
562 146 512 156
580 146 529 158
597 146 547 158
614 146 567 154
250 163 202 152
285 163 246 152
302 163 266 153
319 163 285 154
337 163 303 155
354 163 320 155
371 163 337 157
389 163 356 158
406 163 373 159
424 163 390 161
441 163 407 162
458 163 422 162
476 163 440 165
493 163 456 165
545 163 500 171
562 163 516 172
580 163 530 174
597 163 547 175
614 163 563 176
215 181 154 170
267 181 223 168
302 181 265 170
319 181 284 172
337 181 303 172
389 181 355 174
406 181 372 176
424 181 389 176
441 181 406 178
458 181 422 179
476 181 439 181
493 181 456 182
545 181 501 187
562 181 517 188
597 181 548 190
614 181 560 197
215 198 159 186
233 198 181 186
250 198 203 185
267 198 219 187
285 198 243 190
354 198 319 189
371 198 336 190
389 198 355 192
406 198 372 193
441 198 406 195
458 198 421 197
476 198 438 196
493 198 454 198
528 198 486 202
545 198 500 203
562 198 517 203
580 198 531 204
181 215 123 203
198 215 146 198
233 215 183 204
250 215 199 206
267 215 217 207
285 215 236 208
302 215 260 205
319 215 280 205
337 215 300 206
354 215 319 207
371 215 335 208
389 215 353 210
406 215 371 211
424 215 388 210
441 215 405 212
476 215 438 213
493 215 455 215
528 215 484 219
545 215 500 220
562 215 517 220
580 215 531 221
198 233 143 217
215 233 161 218
233 233 175 225
267 233 216 224
285 233 235 225
319 233 279 223
337 233 298 224
354 233 315 224
389 233 351 227
406 233 369 228
441 233 404 230
458 233 420 230
476 233 438 231
545 233 500 237
562 233 515 237
580 233 529 239
267 250 215 243
285 250 232 242
337 250 296 240
354 250 315 243
371 250 333 243
389 250 351 245
406 250 367 246
424 250 384 247
493 250 453 247
528 250 480 252
545 250 496 253
562 250 510 258
580 250 525 261
597 250 544 256
614 250 561 258
267 267 209 263
285 267 230 261
302 267 251 251
319 267 269 258
337 267 294 261
354 267 311 260
406 267 367 264
424 267 384 264
441 267 400 264
458 267 418 264
476 267 435 264
493 267 453 268
528 267 479 269
545 267 496 270
562 267 510 277
580 267 525 279
597 267 545 272
614 267 560 273
250 285 188 281
267 285 208 280
285 285 226 278
319 285 264 273
354 285 306 281
389 285 343 281
406 285 362 281
424 285 379 282
458 285 412 281
476 285 434 282
545 285 495 289
580 285 527 295
614 285 561 289
250 302 189 298
302 302 245 299
319 302 260 299
337 302 281 298
354 302 307 301
371 302 324 300
406 302 360 300
424 302 378 300
476 302 429 299
493 302 449 301
562 302 509 310
580 302 527 309
597 302 544 304
233 319 169 320
250 319 187 318
267 319 212 304
285 319 224 302
319 319 256 317
354 319 311 319
389 319 343 318
406 319 360 319
545 319 492 320
562 319 509 326
597 319 544 320
614 319 560 321
632 319 573 331
233 337 173 338
250 337 191 339
267 337 211 341
285 337 226 319
302 337 244 323
319 337 262 333
424 337 373 336
441 337 391 334
458 337 407 337
476 337 426 333
493 337 448 332
528 337 478 335
545 337 494 337
580 337 526 335
597 337 543 336
614 337 558 337
233 354 173 354
250 354 192 353
285 354 227 338
302 354 245 334
337 354 294 355
371 354 326 347
441 354 391 354
458 354 408 357
510 354 456 357
528 354 476 353
545 354 491 352
562 354 511 352
580 354 527 352
597 354 541 354
614 354 556 356
250 371 190 368
267 371 206 358
285 371 226 357
302 371 242 368
319 371 261 360
371 371 325 372
389 371 341 372
458 371 413 368
476 371 429 369
493 371 436 377
510 371 454 377
528 371 475 369
545 371 492 368
562 371 511 367
580 371 527 368
597 371 541 370
614 371 556 373
267 389 205 384
285 389 222 385
319 389 257 386
354 389 300 386
371 389 324 389
389 389 340 389
441 389 397 385
458 389 406 391
493 389 437 392
528 389 476 386
545 389 493 388
562 389 510 384
580 389 525 384
597 389 542 385
614 389 556 390
285 406 221 403
319 406 272 407
337 406 288 405
371 406 323 406
389 406 339 405
458 406 411 403
510 406 459 403
528 406 475 403
545 406 487 407
580 406 522 399
597 406 539 400
614 406 553 405
319 424 258 420
337 424 288 423
354 424 306 423
424 424 374 421
441 424 393 420
476 424 423 421
493 424 440 420
510 424 456 419
528 424 473 421
337 441 273 439
389 441 329 435
406 441 348 436
458 441 403 436
476 441 421 434
510 441 456 439
528 441 471 439
371 458 311 455
389 458 331 455
406 458 354 455
424 458 375 456
458 458 409 455
493 458 436 458
510 458 453 460
406 476 349 473
424 476 365 472
458 476 409 475
493 476 435 476
510 476 450 476
