444 241 444 240
452 241 455 240
411 244 411 243
414 244 414 243
438 244 439 243
438 247 438 245
444 247 444 246
405 250 408 247
408 250 410 248
463 250 464 248
466 250 466 248
468 250 468 249
405 252 407 251
425 252 425 250
460 252 461 250
408 255 410 253
411 255 413 253
416 255 417 253
425 255 425 253
427 255 428 253
430 255 431 253
433 255 434 253
435 255 436 253
457 255 458 253
460 255 461 253
463 255 464 253
466 255 466 253
422 258 422 255
425 258 424 255
457 258 458 256
460 258 460 256
463 258 463 256
414 261 416 260
441 261 442 258
444 261 445 258
455 261 456 258
416 263 419 262
419 263 422 263
425 263 424 263
433 263 436 263
438 263 441 261
408 266 410 268
414 266 416 266
435 266 438 264
438 266 441 264
449 266 452 263
452 266 454 263
430 269 430 268
435 269 438 266
446 269 449 266
449 269 452 266
435 272 438 269
446 272 449 268
449 272 452 268
452 272 455 268
430 277 431 285
452 277 454 271
427 280 427 288
430 280 431 289
452 280 455 274
408 282 409 283
414 282 416 279
419 282 419 279
452 282 452 291
408 285 409 285
419 285 419 282
425 285 425 282
452 285 452 294
455 285 458 280
405 288 406 289
449 288 452 285
452 288 452 296
414 291 416 291
452 291 454 288
474 291 472 290
477 291 476 290
479 291 479 290
408 293 408 295
414 293 416 295
427 293 427 290
485 293 484 293
490 293 488 293
471 296 471 294
474 296 474 294
477 296 476 294
485 296 483 296
490 296 490 294
493 296 493 294
408 299 409 298
419 299 419 299
430 299 435 301
471 299 471 297
474 299 474 297
477 299 476 297
488 299 487 297
490 299 490 297
493 299 493 297
408 302 409 301
411 302 412 301
416 302 416 302
471 302 471 300
474 302 473 300
477 302 476 300
479 302 479 300
482 302 481 300
485 302 484 300
488 302 487 300
490 302 490 300
493 302 493 300
400 304 399 304
403 304 402 304
405 304 407 303
416 304 416 304
422 304 422 301
471 304 471 302
474 304 474 302
477 304 477 302
479 304 478 303
482 304 482 303
485 304 484 302
488 304 487 302
490 304 490 303
493 304 493 303
414 307 415 307
438 307 440 305
452 307 452 302
471 307 471 305
474 307 473 305
477 307 476 305
479 307 479 305
482 307 482 305
485 307 484 305
488 307 487 305
490 307 490 305
493 307 493 306
386 310 388 307
389 310 391 308
397 310 399 308
419 310 419 307
422 310 424 304
435 310 435 307
438 310 440 307
457 310 460 307
471 310 471 308
474 310 473 308
477 310 477 308
479 310 479 308
482 310 482 308
485 310 485 308
488 310 487 308
381 313 383 310
383 313 386 310
386 313 388 310
389 313 390 310
392 313 393 310
394 313 396 310
400 313 402 310
403 313 404 310
405 313 407 310
411 313 412 310
425 313 423 312
427 313 429 310
435 313 438 310
446 313 449 310
449 313 452 310
471 313 471 311
477 313 477 310
479 313 479 310
482 313 482 311
485 313 485 311
488 313 487 311
493 313 493 311
378 315 378 314
381 315 383 312
383 315 386 312
386 315 388 312
389 315 391 312
392 315 394 312
394 315 396 312
397 315 399 313
400 315 402 313
403 315 405 313
405 315 407 313
411 315 412 313
414 315 415 313
416 315 418 313
419 315 421 312
433 315 435 312
435 315 437 312
441 315 443 312
444 315 446 312
449 315 451 312
452 315 454 312
460 315 462 313
474 315 474 313
477 315 477 313
479 315 480 313
482 315 482 313
485 315 485 314
488 315 487 314
493 315 492 314
381 318 383 315
383 318 386 315
386 318 388 315
389 318 391 315
392 318 394 314
394 318 397 315
397 318 399 315
400 318 402 315
403 318 404 315
405 318 407 315
408 318 410 315
411 318 412 315
414 318 415 316
416 318 418 316
419 318 421 315
427 318 426 315
430 318 432 315
433 318 435 315
435 318 437 315
438 318 440 315
441 318 443 315
446 318 448 315
452 318 454 315
457 318 459 315
474 318 474 316
477 318 477 316
479 318 480 316
482 318 482 316
485 318 484 316
488 318 487 317
490 318 490 317
493 318 493 317
381 321 383 318
383 321 386 318
386 321 389 318
389 321 392 318
392 321 394 317
394 321 397 318
397 321 400 318
400 321 402 318
403 321 405 318
405 321 407 318
408 321 410 318
411 321 412 318
414 321 415 318
416 321 418 318
430 321 430 318
433 321 435 318
435 321 438 318
438 321 440 318
444 321 445 318
446 321 448 318
449 321 451 318
452 321 453 318
457 321 459 318
460 321 462 318
468 321 469 318
474 321 474 318
477 321 477 318
479 321 480 318
482 321 482 319
485 321 484 319
490 321 490 320
493 321 493 321
381 324 383 321
383 324 385 321
386 324 388 320
408 324 410 321
427 324 429 321
430 324 432 321
433 324 435 320
435 324 438 321
438 324 440 321
444 324 446 321
446 324 448 321
449 324 451 321
452 324 454 321
457 324 459 321
463 324 464 321
466 324 467 321
471 324 471 321
474 324 474 321
477 324 477 322
479 324 479 322
485 324 484 322
488 324 487 322
490 324 490 324
493 324 493 324
381 326 382 323
383 326 385 323
386 326 388 323
425 326 427 323
427 326 430 323
430 326 433 323
433 326 436 323
435 326 438 323
438 326 440 323
441 326 443 323
444 326 446 323
446 326 448 323
452 326 454 323
455 326 456 324
460 326 460 324
463 326 462 325
471 326 471 324
474 326 473 324
477 326 476 324
479 326 479 324
482 326 481 325
485 326 484 325
488 326 487 326
490 326 490 326
493 326 493 327
378 329 379 326
381 329 382 326
383 329 385 326
389 329 388 326
411 329 414 326
414 329 416 326
422 329 424 326
425 329 427 326
427 329 429 326
430 329 433 326
433 329 435 326
435 329 438 326
438 329 441 326
441 329 443 326
444 329 446 326
446 329 448 326
452 329 454 326
455 329 457 326
463 329 463 328
466 329 465 327
468 329 468 327
471 329 470 330
474 329 473 328
477 329 476 329
479 329 479 329
482 329 482 329
488 329 487 329
490 329 490 329
493 329 493 329
381 332 382 329
386 332 386 329
405 332 408 329
408 332 411 329
411 332 414 329
414 332 416 329
416 332 419 329
419 332 422 329
422 332 425 329
425 332 427 329
427 332 430 329
430 332 433 329
433 332 435 329
435 332 438 329
438 332 441 329
441 332 443 329
444 332 446 329
449 332 451 329
463 332 462 330
471 332 471 333
479 332 479 332
485 332 484 330
488 332 487 332
490 332 490 332
493 332 493 332
378 335 377 335
381 335 379 335
389 335 388 333
392 335 391 334
394 335 394 334
397 335 396 334
408 335 411 331
411 335 414 331
416 335 419 331
419 335 422 332
422 335 426 332
425 335 428 332
438 335 441 332
441 335 443 332
444 335 446 332
446 335 449 332
449 335 452 332
452 335 454 331
455 335 457 332
460 335 463 332
468 335 468 335
471 335 471 335
477 335 477 335
479 335 479 335
482 335 482 335
485 335 484 335
488 335 487 335
493 335 493 335
378 337 378 337
386 337 385 337
389 337 388 337
392 337 390 337
394 337 394 337
416 337 421 337
433 337 435 337
438 337 440 337
441 337 443 337
463 337 463 337
466 337 465 337
468 337 468 337
471 337 471 337
479 337 479 337
482 337 482 337
488 337 487 337
493 337 493 337
