559 199 553 199
579 208 587 213
582 208 591 213
565 211 573 219
568 211 569 200
571 211 571 200
582 211 591 217
599 222 599 229
599 225 598 232
528 227 528 218
576 227 570 208
599 227 598 235
602 227 601 236
602 230 601 238
602 233 600 242
604 233 604 243
607 233 606 243
602 239 594 241
604 239 598 241
610 239 606 247
548 242 577 249
604 242 603 250
613 242 618 255
542 244 570 254
551 244 576 252
559 244 584 228
562 244 587 228
602 244 599 252
604 244 602 252
607 244 606 254
590 247 593 256
613 247 611 257
616 247 615 257
540 250 569 260
588 250 590 259
590 250 594 259
593 250 596 259
613 250 625 273
616 250 615 261
619 250 631 271
621 250 635 271
542 253 569 263
545 253 573 263
551 253 578 264
554 253 580 274
556 253 583 274
588 253 590 262
616 253 628 275
619 253 631 275
545 256 572 266
548 256 575 263
551 256 578 267
576 256 555 276
602 256 608 266
548 258 574 266
551 258 576 279
562 258 550 227
576 258 556 280
585 258 586 283
599 258 609 275
602 258 613 276
548 261 572 269
551 261 576 282
559 261 548 231
562 261 551 231
579 261 582 287
582 261 586 287
585 261 589 287
599 261 607 281
602 261 612 279
604 261 615 279
607 261 619 280
627 261 630 284
630 261 634 284
633 261 642 287
540 264 529 271
548 264 573 285
551 264 576 285
562 264 588 286
590 264 591 288
596 264 594 286
599 264 607 285
613 264 624 282
624 264 627 286
627 264 630 286
630 264 634 286
633 264 642 290
548 267 572 288
551 267 576 287
624 267 624 289
627 267 630 289
630 267 633 289
537 270 564 292
548 270 572 290
554 273 601 275
599 275 606 293
602 275 609 293
644 275 645 293
647 275 647 293
599 278 605 296
602 278 608 296
638 278 641 296
644 278 645 296
647 278 647 296
599 281 605 299
602 281 607 299
604 281 610 299
644 281 645 299
647 281 647 300
590 284 595 302
644 284 645 303
647 284 647 303
579 287 584 297
602 287 605 302
579 290 584 300
590 290 594 301
596 290 598 305
599 290 602 304
602 290 605 305
607 290 608 305
610 290 611 305
616 290 617 306
554 292 554 292
556 292 557 292
559 292 560 292
585 292 586 304
588 292 590 304
590 292 593 304
593 292 596 304
602 292 604 309
607 292 608 308
610 292 611 308
613 292 613 308
616 292 616 309
638 292 634 311
579 295 583 304
588 295 590 307
590 295 593 306
593 295 595 307
596 295 598 308
602 295 604 311
607 295 607 310
610 295 610 311
613 295 613 311
624 295 622 312
627 295 624 312
635 295 631 313
638 295 634 313
554 298 555 295
556 298 557 295
559 298 559 298
562 298 564 298
576 298 581 306
590 298 592 309
593 298 595 310
599 298 599 310
610 298 610 314
613 298 613 314
627 298 623 315
635 298 634 316
559 301 560 301
562 301 563 302
571 301 574 309
573 301 577 309
576 301 580 309
588 301 590 310
593 301 595 313
573 304 576 312
585 304 586 312
588 304 589 312
565 306 565 311
568 306 568 311
647 306 647 308
602 315 595 315
