0.9963970184326172 -0.08201900124549866 0.02158465981483459 -0.2015028446912766 
0.08041289448738098 0.9945093989372253 0.06696894019842148 -0.07335855066776276 
-0.02695885114371777 -0.06499197334051132 0.9975215792655945 -0.5277529358863831 
0 0 0 1 

0.9774793982505798 -0.1914320141077042 -0.08881297707557678 -0.1305938959121704 
0.203461155295372 0.9666006565093994 0.1558419018983841 -0.1319117397069931 
0.05601354315876961 -0.1704022437334061 0.9837812185287476 -0.5156199336051941 
0 0 0 1 

0.93558269739151 -0.2777680158615112 0.2180134057998657 -0.2774201631546021 
0.2376828193664551 0.9519906044006348 0.1929265558719635 -0.14905746281147 
-0.2611355781555176 -0.1286806464195251 0.9566866755485535 -0.4383785724639893 
0 0 0 1 

0.9343892335891724 -0.3485173583030701 0.07383908331394196 -0.1992946416139603 
0.3252042531967163 0.9190583229064941 0.2226518094539642 -0.1804161667823792 
-0.1454605460166931 -0.1840306222438812 0.9720976948738098 -0.4605105817317963 
0 0 0 1 

0.9580773115158081 -0.2614003419876099 0.1172924935817719 -0.221549928188324 
0.2453978210687637 0.9599823355674744 0.1349581182003021 -0.1222179606556892 
-0.1478768736124039 -0.1005169302225113 0.9838845133781433 -0.4663825333118439 
0 0 0 1 

0.9096537232398987 -0.3668991327285767 0.1947173476219177 -0.2452290952205658 
0.3546400666236877 0.9300852417945862 0.0957685261964798 -0.1203191801905632 
-0.2162411510944366 -0.01806151680648327 0.9761728644371033 -0.4520750045776367 
0 0 0 1 

0.9855090975761414 -0.1462585479021072 0.08590712398290634 -0.2104330211877823 
0.1414337903261185 0.9881383180618286 0.05982451513409615 -0.06273301690816879 
-0.09363803267478943 -0.04680733010172844 0.9945053458213806 -0.4731403589248657 
0 0 0 1 

0.9325615167617798 -0.2946115136146545 0.20864537358284 -0.2427584081888199 
0.3014711737632751 0.9534745812416077 -0.001130291726440191 -0.05720193311572075 
-0.1986050456762314 0.06395470350980759 0.9779906868934631 -0.4462445974349976 
0 0 0 1 

0.9754060506820679 -0.008258777670562267 0.2202609032392502 -0.270521879196167 
-0.08199865370988846 0.9139772653579712 0.397393673658371 -0.1855666935443878 
-0.2045954316854477 -0.4056812822818756 0.8908216953277588 -0.3720299601554871 
0 0 0 1 

0.9377136826515198 -0.2650557160377502 0.2245842516422272 -0.2548763453960419 
0.2307101637125015 0.9584340453147888 0.1678585112094879 -0.1089951992034912 
-0.2597410976886749 -0.1055891811847687 0.959888219833374 -0.3963610529899597 
0 0 0 1 

