424 163 497 61
354 198 421 140
371 198 441 140
371 215 441 152
441 215 522 150
458 215 543 152
476 215 558 151
319 233 384 164
337 233 403 163
354 233 423 165
441 233 522 164
458 233 540 163
476 233 559 163
285 250 350 181
302 250 367 179
319 250 384 177
337 250 404 176
354 250 422 177
371 250 441 176
389 250 461 177
406 250 480 176
424 250 503 176
476 250 561 176
285 267 348 198
302 267 368 191
319 267 385 190
337 267 405 189
354 267 423 188
371 267 444 189
389 267 464 189
406 267 484 189
424 267 504 189
441 267 525 187
458 267 546 186
233 285 301 252
302 285 368 213
319 285 385 207
337 285 406 204
354 285 426 203
389 285 467 201
406 285 486 202
424 285 508 202
441 285 527 200
458 285 547 203
302 302 367 237
319 302 382 228
337 302 407 222
354 302 427 220
371 302 447 216
406 302 489 216
424 302 509 216
441 302 529 216
458 302 550 221
250 319 315 307
267 319 334 312
319 319 387 251
337 319 407 249
354 319 429 244
371 319 447 241
389 319 469 231
406 319 493 234
424 319 511 232
441 319 531 234
458 319 552 238
493 319 590 259
510 319 617 263
250 337 315 329
267 337 334 329
319 337 388 269
337 337 407 272
354 337 429 272
424 337 514 250
441 337 533 253
493 337 594 286
250 354 317 344
267 354 336 344
285 354 353 343
319 354 391 300
337 354 409 302
354 354 431 303
371 354 450 303
406 354 496 295
424 354 516 273
528 354 645 316
319 371 391 365
354 371 432 350
424 371 519 313
319 389 393 380
337 389 411 382
371 389 452 373
389 389 473 367
441 389 541 325
233 406 289 396
250 406 310 399
267 406 328 399
337 406 417 398
354 406 436 404
371 406 454 403
476 406 582 400
233 424 291 420
250 424 311 419
267 424 326 415
285 424 349 416
354 424 439 421
371 424 458 422
389 424 478 423
406 424 496 423
458 424 566 416
476 424 584 418
233 441 291 439
250 441 312 439
267 441 328 437
285 441 353 430
302 441 368 431
337 441 419 439
354 441 437 439
371 441 457 439
389 441 479 441
406 441 498 443
424 441 525 439
476 441 597 436
250 458 309 454
267 458 330 455
285 458 352 450
371 458 457 457
389 458 480 459
406 458 498 459
424 458 527 459
441 458 549 459
493 458 632 426
267 476 330 473
285 476 349 475
337 476 420 475
354 476 438 475
389 476 483 475
406 476 499 478
424 476 531 475
441 476 547 476
528 476 676 446
