129 111 121 63
146 111 141 63
562 146 641 17
562 163 642 34
337 198 359 93
354 198 377 93
371 198 400 92
389 198 423 92
406 198 446 59
423 198 471 55
458 198 514 93
545 198 625 87
319 215 338 111
337 215 357 111
354 215 381 110
371 215 402 109
389 215 425 108
458 215 516 108
476 215 535 107
302 233 316 127
319 233 335 127
337 233 359 126
354 233 381 127
371 233 403 126
389 233 426 126
406 233 448 124
423 233 471 124
441 233 498 126
458 233 518 124
476 233 538 124
285 250 292 148
302 250 318 147
319 250 337 145
337 250 358 143
354 250 382 144
371 250 404 143
389 250 428 143
406 250 452 142
423 250 474 142
441 250 495 140
458 250 520 141
476 250 541 141
493 250 562 163
267 267 274 183
302 267 316 165
319 267 338 163
337 267 361 161
354 267 383 160
371 267 407 160
389 267 430 160
406 267 453 160
423 267 475 159
441 267 502 157
285 285 295 200
319 285 339 183
337 285 362 179
354 285 386 178
371 285 411 179
389 285 433 178
406 285 456 177
423 285 480 177
441 285 504 176
458 285 527 179
215 302 218 242
250 302 258 243
319 302 342 205
337 302 365 201
354 302 388 200
371 302 413 198
389 302 435 196
406 302 459 197
423 302 482 196
441 302 507 197
458 302 529 199
493 302 569 217
510 302 595 217
337 319 365 232
354 319 391 228
371 319 411 225
389 319 435 218
406 319 461 216
423 319 486 217
441 319 509 218
458 319 531 222
476 319 552 240
493 319 571 236
267 337 289 299
337 337 367 259
354 337 390 257
389 337 436 251
406 337 462 244
423 337 489 238
493 337 573 263
250 354 267 319
267 354 286 316
337 354 369 288
354 354 394 289
371 354 414 288
389 354 440 282
406 354 463 278
423 354 491 265
441 354 516 269
476 354 551 290
493 354 572 289
510 354 595 292
528 354 621 290
233 371 245 347
267 371 287 335
337 371 373 330
354 371 395 327
371 371 416 323
406 371 467 303
441 371 519 293
510 371 602 306
233 389 250 366
250 389 271 364
337 389 374 357
371 389 418 350
389 389 440 344
441 389 516 323
476 389 550 348
510 389 604 326
528 389 629 328
233 406 254 383
250 406 272 386
267 406 292 382
285 406 307 383
337 406 378 377
354 406 397 376
389 406 440 374
406 406 465 370
458 406 526 368
476 406 554 368
233 423 251 404
285 423 315 405
302 423 329 402
337 423 378 395
354 423 402 395
371 423 423 397
337 441 382 417
354 441 402 416
371 441 424 421
389 441 444 420
406 441 468 421
423 441 488 418
493 441 594 392
510 441 618 394
250 458 273 451
267 458 290 451
354 458 404 441
371 458 427 440
389 458 445 438
423 458 494 438
458 458 541 435
267 476 292 469
285 476 312 468
371 476 428 464
