1 0 0 -0.04922165349125862 
0 1 0 -0.0675094872713089 
0 0 1 -0.5077975988388062 
0 0 0 1 

0.9981845021247864 0.01967793516814709 -0.05692450329661369 -0.0586988776922226 
-0.017078822478652 0.998805046081543 0.04578965902328491 -0.09109746664762497 
0.05775754526257515 -0.04473430663347244 0.9973278045654297 -0.5111192464828491 
0 0 0 1 

0.9979740977287292 -0.0219397097826004 -0.05971892550587654 -0.05581526458263397 
0.02474565804004669 0.9986042976379395 0.04665856063365936 -0.09420827031135559 
0.05861188843846321 -0.04804183542728424 0.9971241354942322 -0.511748731136322 
0 0 0 1 

0.9980401992797852 -0.02493920177221298 -0.05739112943410873 -0.04572828859090805 
0.02892937138676643 0.9971429109573364 0.06977880746126175 -0.1082783192396164 
0.05548690631985664 -0.07130236178636551 0.9959101676940918 -0.5071097612380981 
0 0 0 1 

0.9978467226028442 0.04454055428504944 -0.04814619943499565 -0.05572123825550079 
-0.0431336835026741 0.9986225366592407 0.02987569943070412 -0.08954008668661118 
0.04941055178642273 -0.0277346596121788 0.9983934164047241 -0.5141587257385254 
0 0 0 1 

0.9743303656578064 -0.2119797766208649 -0.07579469680786133 -0.02990362979471684 
0.2174340784549713 0.9733526706695557 0.07284873723983765 -0.1281089186668396 
0.05833248049020767 -0.08745911717414856 0.9944587349891663 -0.5163135528564453 
0 0 0 1 

0.9443787932395935 -0.3233679831027985 -0.05984769016504288 -0.0611700713634491 
0.3285421431064606 0.9357060194015503 0.1285077780485153 -0.1955142319202423 
0.01444451697170734 -0.1410225182771683 0.9899010062217712 -0.5425680875778198 
0 0 0 1 

-0.2698995769023895 -0.9607674479484558 0.0638740062713623 -0.1188265085220337 
0.9571101069450378 -0.2604325413703918 0.1269447207450867 -0.09885075688362122 
-0.1053294986486435 0.09539679437875748 0.9898510575294495 -0.5046021342277527 
0 0 0 1 

-0.382061630487442 -0.9209617376327515 0.07653903216123581 -0.1189238727092743 
0.913372278213501 -0.3637095987796783 0.1829377859830856 -0.1312359273433685 
-0.1406407356262207 0.1398021578788757 0.9801405668258667 -0.490355908870697 
0 0 0 1 

0.6547593474388123 -0.6907241344451904 0.3069038987159729 -0.3089361488819122 
0.6318207979202271 0.7230342626571655 0.2793272435665131 -0.1961658746004105 
-0.4148401319980621 0.0110162990167737 0.9098275899887085 -0.4776364862918854 
0 0 0 1 

