430 217 429 216
432 217 432 216
437 217 435 216
514 217 513 217
517 217 516 216
519 217 519 217
538 217 538 216
430 219 429 219
474 219 475 220
477 219 477 220
480 219 479 220
482 219 482 219
517 219 514 220
530 219 530 219
535 219 533 220
432 222 432 219
435 222 435 219
461 222 461 222
464 222 464 222
474 222 475 222
477 222 477 222
525 222 527 220
527 222 527 222
535 222 535 220
538 222 538 222
430 224 429 222
432 224 432 222
445 224 445 222
461 224 461 225
464 224 464 224
467 224 467 227
472 224 472 225
498 224 501 222
501 224 504 222
527 224 527 225
535 224 535 222
538 224 538 228
430 227 429 225
432 227 432 225
456 227 459 227
461 227 461 227
482 227 477 227
485 227 480 227
498 227 501 225
535 227 535 224
538 227 538 224
430 230 429 227
432 230 432 227
435 230 438 224
437 230 440 225
451 230 445 230
456 230 450 228
459 230 454 227
469 230 472 233
430 232 429 230
432 232 432 230
435 232 438 227
443 232 448 228
456 232 451 230
461 232 461 230
527 232 528 228
533 232 533 228
538 232 538 229
459 235 459 232
461 235 461 232
464 235 463 232
467 235 467 232
527 235 527 230
533 235 532 230
538 235 538 232
461 238 461 235
467 238 464 235
472 238 474 235
525 238 528 232
527 238 530 233
430 240 429 241
437 240 440 237
456 240 450 240
467 240 464 238
472 240 472 238
522 240 524 235
525 240 527 235
527 240 529 235
530 240 532 235
538 240 538 235
430 243 429 245
432 243 431 243
506 243 501 237
525 243 525 238
430 246 430 248
480 246 479 246
430 248 430 252
480 251 480 254
527 254 530 251
490 259 490 264
527 259 525 259
490 261 490 266
525 261 522 261
527 261 525 261
525 264 522 264
527 264 525 264
456 272 454 272
459 275 456 275
456 277 453 277
527 280 527 274
527 283 527 277
538 283 538 278
474 285 480 288
493 288 498 291
496 288 501 291
496 290 501 293
440 293 438 295
440 301 440 301
514 304 517 306
517 306 519 308
538 306 538 304
517 309 519 311
538 309 538 306
514 314 519 317
535 314 535 312
538 314 538 312
511 317 517 318
430 320 430 319
453 320 445 319
527 320 525 320
538 320 538 323
430 322 430 323
432 322 432 323
456 322 450 322
525 322 522 322
527 322 525 322
430 325 430 325
448 325 440 325
451 325 442 324
453 325 445 324
456 325 450 324
459 325 454 324
461 325 456 324
496 325 499 325
533 325 527 325
538 325 538 325
430 327 430 328
432 327 432 328
451 327 442 327
453 327 445 327
456 327 448 327
461 327 453 327
469 327 459 328
477 327 480 328
496 327 498 328
498 327 501 328
519 327 519 327
533 327 530 327
538 327 538 327
