430 217 429 216
432 217 433 216
435 217 437 216
514 217 516 216
519 217 522 216
538 217 538 217
443 219 494 219
474 219 503 220
477 219 505 220
480 219 471 221
467 222 485 221
474 222 495 221
496 222 513 218
535 222 532 221
451 224 468 224
456 224 471 224
459 224 473 224
461 224 476 224
464 227 482 227
477 227 495 229
445 230 458 237
448 230 460 237
501 230 522 229
514 230 524 232
517 230 526 231
530 230 530 226
535 230 534 224
445 232 458 240
448 232 460 240
517 232 526 234
527 232 527 228
469 235 471 245
511 235 511 237
509 238 513 233
459 240 481 250
467 240 468 248
503 240 509 245
517 240 517 252
535 240 533 260
448 243 482 258
503 243 508 250
511 243 512 245
514 243 513 245
535 243 533 263
538 243 538 264
464 246 500 254
503 246 509 253
511 246 511 247
538 246 538 266
488 248 522 269
511 248 511 250
538 248 537 239
451 251 485 264
464 251 467 280
467 251 469 280
535 251 535 279
538 251 538 250
482 254 498 259
538 254 538 253
430 256 429 310
453 256 487 280
461 256 466 286
485 256 501 261
538 256 538 255
459 259 464 288
469 259 485 293
493 259 498 245
509 259 509 274
535 259 535 276
538 259 538 258
493 261 498 248
496 261 500 248
519 261 514 259
522 261 517 259
530 261 535 263
538 261 538 260
430 264 429 306
519 264 514 261
443 267 448 304
482 267 479 264
519 267 514 263
482 269 479 267
522 269 516 266
535 269 533 279
445 272 472 295
448 272 480 299
519 272 512 269
533 272 532 285
538 272 538 282
498 275 495 293
506 275 519 240
509 275 521 240
519 275 511 272
533 275 533 288
430 277 429 289
496 277 506 279
506 277 519 243
509 277 521 243
530 277 525 296
533 277 527 295
430 280 429 292
432 280 432 292
514 280 519 304
533 280 527 277
430 283 430 294
456 283 452 289
496 283 475 311
453 285 451 291
456 285 453 291
461 285 455 290
501 285 485 282
514 285 517 309
535 285 533 304
432 288 432 297
451 288 448 294
453 288 451 294
459 288 452 294
461 288 461 296
451 290 449 297
459 290 458 298
461 290 461 298
503 290 523 292
527 290 531 309
530 290 533 309
437 293 432 299
440 293 434 296
445 293 458 304
461 293 461 301
464 293 464 301
522 293 526 311
525 293 529 311
527 293 531 312
530 293 533 311
443 296 456 307
445 296 458 307
461 296 461 304
464 296 464 304
467 296 467 303
493 296 499 305
501 296 520 295
527 296 531 314
430 298 430 270
461 298 462 307
517 298 525 280
430 301 429 273
511 301 496 298
535 301 536 311
430 304 429 275
511 304 503 293
514 304 506 293
525 304 525 297
527 304 527 297
535 304 536 313
538 304 538 313
527 306 527 300
530 306 531 300
535 306 536 316
430 309 430 313
498 312 510 314
525 312 520 311
527 312 523 312
453 314 442 316
498 314 509 317
522 314 517 314
525 314 521 314
527 314 523 315
435 317 435 315
456 317 442 318
459 317 446 318
519 317 512 316
522 317 517 316
525 317 520 316
527 317 525 317
530 317 528 317
430 320 430 317
432 320 433 317
435 320 435 317
456 320 443 321
459 320 445 320
461 320 447 321
522 320 517 319
527 320 523 319
530 320 526 319
533 320 528 318
430 322 429 323
432 322 432 320
435 322 435 320
437 322 438 323
453 322 440 324
456 322 443 323
459 322 448 323
498 322 483 322
511 322 513 322
517 322 507 324
527 322 523 321
533 322 530 321
535 322 534 321
538 322 538 319
430 325 429 326
432 325 435 323
448 325 462 323
456 325 446 326
459 325 448 326
493 325 461 325
496 325 480 325
498 325 483 325
511 325 514 325
514 325 517 325
530 325 528 324
533 325 531 324
535 325 534 324
538 325 538 324
456 327 446 328
467 327 482 328
469 327 485 327
480 327 509 328
501 327 512 327
503 327 515 327
514 327 517 328
517 327 520 327
530 327 528 327
533 327 531 327
535 327 533 327
538 327 538 327
