1.000000000000000000e+00 0.000000000000000000e+00 0.000000000000000000e+00 -1.178319603204727173e-01
0.000000000000000000e+00 1.000000000000000000e+00 0.000000000000000000e+00 -4.324014484882354736e-02
0.000000000000000000e+00 0.000000000000000000e+00 1.000000000000000000e+00 -8.289935588836669922e-01
0.000000000000000000e+00 0.000000000000000000e+00 0.000000000000000000e+00 1.000000000000000000e+00
9.939640164375305176e-01 -1.087685152888298035e-01 -1.431560609489679337e-02 -1.037164255976676941e-01
1.093719676136970520e-01 9.926431179046630859e-01 5.193548649549484253e-02 -5.011692270636558533e-02
8.561383001506328583e-03 -5.318771302700042725e-02 9.985479116439819336e-01 -7.960970401763916016e-01
0.000000000000000000e+00 0.000000000000000000e+00 0.000000000000000000e+00 1.000000000000000000e+00
9.830720424652099609e-01 -1.817786246538162231e-01 -2.292815037071704865e-02 -8.266396820545196533e-02
1.829891651868820190e-01 9.803860187530517578e-01 7.319752871990203857e-02 -5.593321099877357483e-02
9.172630496323108673e-03 -7.615406066179275513e-02 9.970538020133972168e-01 -7.808240652084350586e-01
0.000000000000000000e+00 0.000000000000000000e+00 0.000000000000000000e+00 1.000000000000000000e+00
9.735914468765258789e-01 -2.174281775951385498e-01 -6.960397958755493164e-02 -5.201803520321846008e-02
2.241448462009429932e-01 9.682587385177612305e-01 1.106076762080192566e-01 -7.049607485532760620e-02
4.334540292620658875e-02 -1.232880875468254089e-01 9.914238452911376953e-01 -7.615603804588317871e-01
0.000000000000000000e+00 0.000000000000000000e+00 0.000000000000000000e+00 1.000000000000000000e+00
9.609682559967041016e-01 -2.596876323223114014e-01 -9.540548175573348999e-02 -5.927210673689842224e-02
2.670006453990936279e-01 9.608529210090637207e-01 7.397415488958358765e-02 -6.323374807834625244e-02
7.246040552854537964e-02 -9.656019508838653564e-02 9.926860928535461426e-01 -7.388448119163513184e-01
0.000000000000000000e+00 0.000000000000000000e+00 0.000000000000000000e+00 1.000000000000000000e+00
9.518494606018066406e-01 -2.696500718593597412e-01 -1.458468586206436157e-01 7.753000129014253616e-03
2.896704375743865967e-01 9.468450546264648438e-01 1.399128139019012451e-01 -9.314994513988494873e-02
1.003668457269668579e-01 -1.754234880208969116e-01 9.793636202812194824e-01 -6.912840008735656738e-01
0.000000000000000000e+00 0.000000000000000000e+00 0.000000000000000000e+00 1.000000000000000000e+00
9.429190158843994141e-01 -3.314757943153381348e-01 -3.205363079905509949e-02 -4.583750851452350616e-04
3.285236060619354248e-01 9.100968241691589355e-01 2.525783479213714600e-01 -1.340861022472381592e-01
-5.455177277326583862e-02 -2.486912906169891357e-01 9.670453667640686035e-01 -6.579037308692932129e-01
0.000000000000000000e+00 0.000000000000000000e+00 0.000000000000000000e+00 1.000000000000000000e+00
9.243564605712890625e-01 -3.810642659664154053e-01 -1.884820312261581421e-02 -1.521457917988300323e-02
3.625980913639068604e-01 8.620473742485046387e-01 3.541141748428344727e-01 -1.546284556388854980e-01
-1.186922267079353333e-01 -3.341620266437530518e-01 9.350122213363647461e-01 -6.315118074417114258e-01
0.000000000000000000e+00 0.000000000000000000e+00 0.000000000000000000e+00 1.000000000000000000e+00
9.824240803718566895e-01 -1.662835329771041870e-01 -8.480980247259140015e-02 9.652568027377128601e-03
1.863194257020950317e-01 9.010954499244689941e-01 3.915506005287170410e-01 -1.500127166509628296e-01
1.131326612085103989e-02 -4.004704952239990234e-01 9.162397384643554688e-01 -5.992630720138549805e-01
0.000000000000000000e+00 0.000000000000000000e+00 0.000000000000000000e+00 1.000000000000000000e+00
9.780166149139404297e-01 -2.028775960206985474e-01 4.820966720581054688e-02 -5.614956095814704895e-02
1.798647940158843994e-01 9.377100467681884766e-01 2.972346842288970947e-01 -1.432401239871978760e-01
-1.055089831352233887e-01 -2.820292413234710693e-01 9.535865187644958496e-01 -6.136968731880187988e-01
0.000000000000000000e+00 0.000000000000000000e+00 0.000000000000000000e+00 1.000000000000000000e+00
9.660935997962951660e-01 -2.475832700729370117e-01 7.325008511543273926e-02 -6.715247035026550293e-02
2.113494873046875000e-01 9.212864637374877930e-01 3.264390528202056885e-01 -1.710110604763031006e-01
-1.483052223920822144e-01 -2.998893260955810547e-01 9.423756003379821777e-01 -6.050603389739990234e-01
0.000000000000000000e+00 0.000000000000000000e+00 0.000000000000000000e+00 1.000000000000000000e+00
9.691222310066223145e-01 -2.187083959579467773e-01 1.138801723718643188e-01 -1.088241785764694214e-01
1.699143648147583008e-01 9.270050525665283203e-01 3.343510031700134277e-01 -1.982108950614929199e-01
-1.786929219961166382e-01 -3.046770691871643066e-01 9.355428814888000488e-01 -5.954271554946899414e-01
0.000000000000000000e+00 0.000000000000000000e+00 0.000000000000000000e+00 1.000000000000000000e+00
9.751849770545959473e-01 -1.653311997652053833e-01 1.472400724887847900e-01 -1.520190089941024780e-01
1.179081574082374573e-01 9.507516026496887207e-01 2.866512537002563477e-01 -2.104097902774810791e-01
-1.873812079429626465e-01 -2.621771693229675293e-01 9.466526508331298828e-01 -5.918483138084411621e-01
0.000000000000000000e+00 0.000000000000000000e+00 0.000000000000000000e+00 1.000000000000000000e+00
9.651329517364501953e-01 -1.865134090185165405e-01 1.836601942777633667e-01 -1.556399315595626831e-01
1.211949363350868225e-01 9.403020739555358887e-01 3.180311322212219238e-01 -2.365341335535049438e-01
-2.320131659507751465e-01 -2.846836149692535400e-01 9.301210045814514160e-01 -5.827915072441101074e-01
0.000000000000000000e+00 0.000000000000000000e+00 0.000000000000000000e+00 1.000000000000000000e+00
9.562874436378479004e-01 -1.658053994178771973e-01 2.408792972564697266e-01 -1.705298125743865967e-01
7.523929327726364136e-02 9.354957342147827148e-01 3.452342450618743896e-01 -2.527543604373931885e-01
-2.825832962989807129e-01 -3.120195269584655762e-01 9.070779085159301758e-01 -5.732395052909851074e-01
0.000000000000000000e+00 0.000000000000000000e+00 0.000000000000000000e+00 1.000000000000000000e+00
9.615265727043151855e-01 -8.668561279773712158e-02 2.606765329837799072e-01 -1.754593104124069214e-01
2.412547357380390167e-03 9.515367150306701660e-01 3.075257241725921631e-01 -2.401344329118728638e-01
-2.747013568878173828e-01 -2.950652241706848145e-01 9.151369333267211914e-01 -5.839623212814331055e-01
0.000000000000000000e+00 0.000000000000000000e+00 0.000000000000000000e+00 1.000000000000000000e+00
9.600759744644165039e-01 -8.731053024530410767e-02 2.657648921012878418e-01 -1.757569760084152222e-01
7.383014541119337082e-03 9.576224088668823242e-01 2.879318594932556152e-01 -2.783317863941192627e-01
-2.796418964862823486e-01 -2.744743227958679199e-01 9.200348258018493652e-01 -5.755757093429565430e-01
0.000000000000000000e+00 0.000000000000000000e+00 0.000000000000000000e+00 1.000000000000000000e+00
9.452771544456481934e-01 -1.299917697906494141e-01 2.992542088031768799e-01 -1.989915221929550171e-01
7.351330947130918503e-03 9.254561066627502441e-01 3.787833750247955322e-01 -3.028955161571502686e-01
-3.261854052543640137e-01 -3.558553457260131836e-01 8.757681250572204590e-01 -5.358985662460327148e-01
0.000000000000000000e+00 0.000000000000000000e+00 0.000000000000000000e+00 1.000000000000000000e+00
