1 0 0 -0.04922165349125862 
0 1 0 -0.0675094872713089 
0 0 1 -0.5077975988388062 
0 0 0 1 

0.9981845021247864 0.01967793516814709 -0.05692450329661369 -0.05869180336594582 
-0.017078822478652 0.998805046081543 0.04578965902328491 -0.09109881520271301 
0.05775754526257515 -0.04473430663347244 0.9973278045654297 -0.5111328959465027 
0 0 0 1 

0.9979740977287292 -0.02193970791995525 -0.05971890315413475 -0.0558134913444519 
0.02474565990269184 0.9986042976379395 0.04665859416127205 -0.09421448409557343 
0.05861186608672142 -0.04804186895489693 0.9971241354942322 -0.5117614269256592 
0 0 0 1 

0.9980403780937195 -0.02493839710950851 -0.0573890395462513 -0.0457281805574894 
0.0289282463490963 0.9971431493759155 0.06977636367082596 -0.1082820743322372 
0.05548496916890144 -0.07129979878664017 0.9959105253219604 -0.5071175694465637 
0 0 0 1 

0.9978469014167786 0.04453868046402931 -0.04814420267939568 -0.05572312325239182 
-0.04313191398978233 0.9986225962638855 0.02987442351877689 -0.08954230695962906 
0.04940846562385559 -0.02773353271186352 0.9983935356140137 -0.5141555666923523 
0 0 0 1 

0.9817209839820862 -0.1724518686532974 -0.08052372932434082 -0.02990368567407131 
0.1766776293516159 0.9830662608146667 0.04863801971077919 -0.1131544262170792 
0.07077240198850632 -0.06197575852274895 0.9955652952194214 -0.5198987722396851 
0 0 0 1 

0.9743310809135437 -0.2119768708944321 -0.0757935494184494 -0.02990224398672581 
0.217431053519249 0.973353385925293 0.07284783571958542 -0.1281100958585739 
0.05833180621266365 -0.0874578133225441 0.9944589138031006 -0.5163129568099976 
0 0 0 1 

0.9538115859031677 -0.28728386759758 -0.0878143385052681 -0.01886372081935406 
0.2945886552333832 0.9517339468002319 0.08613923192024231 -0.1365460008382797 
0.05882944911718369 -0.1080297231674194 0.9924054741859436 -0.5129998922348022 
0 0 0 1 

0.944379448890686 -0.3233662247657776 -0.05984723940491676 -0.06117022782564163 
0.3285403251647949 0.9357067346572876 0.1285071223974228 -0.1955156028270721 
0.0144445626065135 -0.1410217136144638 0.9899011254310608 -0.5425682067871094 
0 0 0 1 

0.7128258347511292 -0.6920391917228699 -0.1138491407036781 -0.01015658769756556 
0.698355495929718 0.6854128241539001 0.2061784416437149 -0.1903526037931442 
-0.06464987993240356 -0.2264764010906219 0.9718689918518066 -0.5900008678436279 
0 0 0 1 

