556 199 555 200
573 199 591 199
576 199 594 199
556 202 551 206
562 202 571 201
568 202 586 200
545 205 544 206
571 205 588 201
576 205 594 202
579 205 597 202
582 205 599 202
545 208 545 208
571 208 586 203
573 208 588 204
576 208 592 204
579 208 597 204
582 208 599 204
545 211 545 211
559 211 573 204
568 211 583 204
585 211 600 208
542 213 560 206
545 213 563 206
556 213 571 206
559 213 574 206
571 213 585 207
573 213 591 207
576 213 594 207
585 213 600 210
588 213 603 210
551 216 565 206
568 216 582 209
571 216 585 210
573 216 591 209
576 216 593 210
579 216 596 210
531 219 548 208
534 219 551 208
537 219 554 208
540 219 557 209
548 219 563 208
551 219 565 208
571 219 584 212
576 219 594 212
579 219 596 212
537 222 553 211
548 222 563 211
537 225 552 212
542 225 557 212
565 225 582 215
576 225 594 218
588 225 599 222
531 227 546 214
545 227 560 214
548 227 563 215
573 227 588 221
579 227 593 221
585 227 597 224
588 227 599 224
528 230 545 217
542 230 557 217
545 230 560 217
551 230 577 215
565 230 580 223
568 230 582 223
571 230 585 223
573 230 588 223
576 230 591 223
588 230 599 227
531 233 548 219
548 233 562 220
551 233 565 220
554 233 579 218
565 233 579 226
568 233 582 225
571 233 585 226
573 233 588 227
576 233 590 227
579 233 593 227
604 233 604 230
610 233 610 233
548 236 556 223
568 236 567 226
573 236 587 230
579 236 593 229
602 236 601 233
604 236 604 233
613 236 611 236
531 239 545 229
534 239 547 229
545 239 553 226
548 239 556 226
551 239 559 226
568 239 567 228
604 239 602 235
613 239 608 235
528 242 542 231
531 242 544 231
534 242 547 232
545 242 553 229
548 242 556 229
604 242 602 238
613 242 607 238
528 244 539 234
531 244 545 243
545 244 553 232
551 244 565 232
556 244 576 226
565 244 570 232
576 244 585 241
531 247 545 246
534 247 548 246
537 247 547 234
540 247 550 234
602 247 593 244
619 247 618 262
528 250 538 248
531 250 539 239
585 250 576 234
588 250 579 235
616 250 604 244
576 253 565 237
582 253 573 240
607 253 595 262
610 253 598 261
613 253 601 259
621 253 609 258
624 253 613 258
534 256 550 257
602 256 589 264
607 256 595 264
610 256 598 264
621 256 610 261
624 256 613 261
528 258 528 228
537 258 550 260
582 258 570 244
585 258 573 244
596 258 580 261
619 258 601 262
627 258 618 264
630 258 621 264
565 261 569 261
582 261 570 246
585 261 573 246
593 261 578 263
596 261 581 263
621 261 604 264
630 261 621 267
633 261 624 267
635 261 629 268
565 264 567 254
579 264 573 263
582 264 575 263
621 264 604 267
627 264 612 270
635 264 624 270
638 264 637 274
596 267 581 269
624 267 609 272
627 267 613 272
635 267 624 272
562 270 567 269
565 270 569 269
602 270 607 267
633 273 618 276
635 273 620 277
559 275 552 263
579 275 578 272
604 275 595 279
633 275 618 279
641 275 629 280
635 278 623 283
647 278 646 291
588 281 580 281
644 281 632 286
585 284 578 283
588 284 581 284
602 284 598 283
619 284 606 284
621 284 609 285
571 287 572 286
596 287 592 284
602 287 598 286
619 287 606 287
621 287 609 287
627 287 613 287
644 287 629 290
545 290 549 286
576 290 572 304
593 290 589 287
596 290 592 287
599 290 595 287
545 292 549 289
548 292 552 289
568 292 566 288
576 292 571 306
585 292 581 295
596 292 591 289
599 292 594 290
602 292 597 290
565 295 563 311
596 295 591 292
599 295 594 293
602 295 597 293
621 295 615 299
593 298 589 293
599 298 594 296
602 298 597 296
604 298 600 296
607 298 603 296
619 298 609 302
565 301 562 315
579 301 572 313
590 301 589 295
596 301 592 295
604 301 599 299
607 301 603 299
610 301 606 301
619 301 608 305
579 304 572 314
582 304 574 315
585 304 583 303
593 304 588 306
596 304 592 298
602 304 596 302
604 304 599 302
607 304 603 302
590 306 586 306
596 312 588 312
607 312 611 313
613 312 617 313
630 312 622 313
633 312 625 313
585 315 580 315
588 315 582 315
590 315 585 315
596 315 588 315
599 315 591 315
602 315 594 315
610 315 614 315
613 315 617 315
616 315 620 315
633 315 625 315
