1 0 0 -0.2022774517536163 
0 1 0 -0.02555054239928722 
0 0 1 -0.5562111139297485 
0 0 0 1 

0.9993770718574524 -0.01861710287630558 0.02998013235628605 -0.2107847034931183 
0.01663574762642384 0.9977444410324097 0.06503214687108994 -0.0603279136121273 
-0.03112325072288513 -0.06449287384748459 0.9974326491355896 -0.5256327986717224 
0 0 0 1 

0.9960607290267944 -0.03853654861450195 -0.07986170798540115 -0.1488970369100571 
0.04527794569730759 0.9954028725624084 0.08439820259809494 -0.07070340216159821 
0.07624214887619019 -0.08768171817064285 0.9932265877723694 -0.5410796403884888 
0 0 0 1 

0.959500253200531 -0.05148965865373611 -0.2769620418548584 -0.03235992044210434 
0.1006808206439018 0.980898380279541 0.1664381772279739 -0.1201951801776886 
0.263101726770401 -0.1875822693109512 0.9463562369346619 -0.5439598560333252 
0 0 0 1 

0.9306991696357727 -0.129690483212471 -0.3420223891735077 0.0109983691945672 
0.2173072844743729 0.9481829404830933 0.231789842247963 -0.1804825812578201 
0.294238805770874 -0.2900506258010864 0.9106557965278625 -0.5258845686912537 
0 0 0 1 

0.989034116268158 -0.1031162664294243 -0.1057284399867058 -0.1243864893913269 
0.1246397718787193 0.9668147563934326 0.2230112701654434 -0.1581753194332123 
0.07922369241714478 -0.233743742108345 0.9690651893615723 -0.5083487033843994 
0 0 0 1 

0.9917648434638977 -0.1187379509210587 -0.04799762368202209 -0.1563121229410172 
0.1242929100990295 0.982720673084259 0.1371545791625977 -0.1111183315515518 
0.03088279254734516 -0.1419908702373505 0.9893860816955566 -0.5123909115791321 
0 0 0 1 

0.9657829999923706 -0.1524130553007126 0.2098413705825806 -0.288646012544632 
0.1412281543016434 0.9876812100410461 0.06738299131393433 -0.07273650169372559 
-0.2175264209508896 -0.03544183075428009 0.9754107594490051 -0.4609529674053192 
0 0 0 1 

0.9713514447212219 -0.180555135011673 0.1545186191797256 -0.255512535572052 
0.1651307344436646 0.9803926348686218 0.1075268685817719 -0.09857185930013657 
-0.1709035038948059 -0.07893052697181702 0.9821211099624634 -0.4673004746437073 
0 0 0 1 

