1.000000000000000000e+00 0.000000000000000000e+00 0.000000000000000000e+00 1.118196174502372742e-02
0.000000000000000000e+00 1.000000000000000000e+00 0.000000000000000000e+00 -6.161215156316757202e-02
0.000000000000000000e+00 0.000000000000000000e+00 1.000000000000000000e+00 -6.309888362884521484e-01
0.000000000000000000e+00 0.000000000000000000e+00 0.000000000000000000e+00 1.000000000000000000e+00
9.924270510673522949e-01 -3.409140184521675110e-02 -1.180109009146690369e-01 7.510171830654144287e-02
3.313391655683517456e-02 9.994002580642700195e-01 -1.006650459021329880e-02 -5.758560448884963989e-02
1.182832866907119751e-01 6.080113351345062256e-03 9.929612874984741211e-01 -6.162387132644653320e-01
0.000000000000000000e+00 0.000000000000000000e+00 0.000000000000000000e+00 1.000000000000000000e+00
9.613999724388122559e-01 -1.192289218306541443e-01 -2.479811906814575195e-01 1.441438347101211548e-01
1.069686040282249451e-01 9.923028945922851562e-01 -6.239018589258193970e-02 -2.811719104647636414e-02
2.535111606121063232e-01 3.345568850636482239e-02 9.667537212371826172e-01 -5.991775989532470703e-01
0.000000000000000000e+00 0.000000000000000000e+00 0.000000000000000000e+00 1.000000000000000000e+00
9.245811700820922852e-01 -3.626321256160736084e-02 -3.792554438114166260e-01 2.029855251312255859e-01
1.348252780735492706e-02 9.979507327079772949e-01 -6.255203485488891602e-02 -2.397255226969718933e-02
3.807466030120849609e-01 5.272111669182777405e-02 9.231752753257751465e-01 -5.765184760093688965e-01
0.000000000000000000e+00 0.000000000000000000e+00 0.000000000000000000e+00 1.000000000000000000e+00
9.591304659843444824e-01 -1.037825569510459900e-01 -2.632444202899932861e-01 1.425080746412277222e-01
1.129496768116950989e-01 9.934015870094299316e-01 1.988905295729637146e-02 -6.750914454460144043e-02
2.594432830810546875e-01 -4.880961030721664429e-02 9.645240306854248047e-01 -5.881132483482360840e-01
0.000000000000000000e+00 0.000000000000000000e+00 0.000000000000000000e+00 1.000000000000000000e+00
8.562564849853515625e-01 -1.517338156700134277e-01 -4.937626421451568604e-01 2.605577111244201660e-01
1.479852050542831421e-01 9.878746271133422852e-01 -4.694700613617897034e-02 -2.512573078274726868e-02
4.948990345001220703e-01 -3.287090733647346497e-02 8.683284521102905273e-01 -5.334519147872924805e-01
0.000000000000000000e+00 0.000000000000000000e+00 0.000000000000000000e+00 1.000000000000000000e+00
7.754945755004882812e-01 -1.536926478147506714e-01 -6.123614311218261719e-01 3.186242282390594482e-01
1.154764443635940552e-01 9.880847930908203125e-01 -1.017536148428916931e-01 5.945788230746984482e-03
6.207037568092346191e-01 8.196002803742885590e-03 7.840021252632141113e-01 -4.895068109035491943e-01
0.000000000000000000e+00 0.000000000000000000e+00 0.000000000000000000e+00 1.000000000000000000e+00
7.078269720077514648e-01 -2.018305212259292603e-01 -6.769380569458007812e-01 3.527540266513824463e-01
1.388158947229385376e-01 9.793696403503417969e-01 -1.468509882688522339e-01 2.802081592381000519e-02
6.926115751266479492e-01 9.975273162126541138e-03 7.212415337562561035e-01 -4.553336501121520996e-01
0.000000000000000000e+00 0.000000000000000000e+00 0.000000000000000000e+00 1.000000000000000000e+00
6.163428425788879395e-01 -2.971135377883911133e-01 -7.292768359184265137e-01 3.846940100193023682e-01
1.896956264972686768e-01 9.548385143280029297e-01 -2.286894023418426514e-01 6.834616512060165405e-02
7.642884254455566406e-01 2.610358642414212227e-03 6.448690295219421387e-01 -4.122929573059082031e-01
0.000000000000000000e+00 0.000000000000000000e+00 0.000000000000000000e+00 1.000000000000000000e+00
4.469034075736999512e-01 -3.684116005897521973e-01 -8.151993751525878906e-01 4.218802452087402344e-01
1.817861646413803101e-01 9.296494722366333008e-01 -3.204771280288696289e-01 1.100351139903068542e-01
8.759171962738037109e-01 -4.969670437276363373e-03 4.824357032775878906e-01 -3.305940032005310059e-01
0.000000000000000000e+00 0.000000000000000000e+00 0.000000000000000000e+00 1.000000000000000000e+00
4.308095574378967285e-01 -2.635567486286163330e-01 -8.630995750427246094e-01 4.331401288509368896e-01
1.190745010972023010e-01 9.646427035331726074e-01 -2.351289391517639160e-01 6.594366580247879028e-02
8.945525288581848145e-01 -1.477408572100102901e-03 4.469601809978485107e-01 -3.153106868267059326e-01
0.000000000000000000e+00 0.000000000000000000e+00 0.000000000000000000e+00 1.000000000000000000e+00
3.953544199466705322e-01 -1.418085545301437378e-01 -9.075158238410949707e-01 4.398247897624969482e-01
1.427666097879409790e-01 9.854902029037475586e-01 -9.179733693599700928e-02 -2.914245240390300751e-03
9.073656201362609863e-01 -9.327049553394317627e-02 4.098635017871856689e-01 -2.916297614574432373e-01
0.000000000000000000e+00 0.000000000000000000e+00 0.000000000000000000e+00 1.000000000000000000e+00
3.616055846214294434e-01 2.595749124884605408e-02 -9.319696426391601562e-01 4.431012868881225586e-01
5.791130661964416504e-02 9.970567822456359863e-01 5.023997277021408081e-02 -5.703279003500938416e-02
9.305307865142822266e-01 -7.213863730430603027e-02 3.590380847454071045e-01 -2.671974897384643555e-01
0.000000000000000000e+00 0.000000000000000000e+00 0.000000000000000000e+00 1.000000000000000000e+00
6.859744191169738770e-01 3.674358502030372620e-02 -7.266971468925476074e-01 3.561380207538604736e-01
-9.724577516317367554e-02 9.943940639495849609e-01 -4.151726886630058289e-02 -1.916031353175640106e-02
7.210978269577026367e-01 9.914803504943847656e-02 6.857020854949951172e-01 -3.982178568840026855e-01
0.000000000000000000e+00 0.000000000000000000e+00 0.000000000000000000e+00 1.000000000000000000e+00
7.080358862876892090e-01 -8.622424304485321045e-02 -7.008925676345825195e-01 3.478961586952209473e-01
6.148561462759971619e-02 9.962757229804992676e-01 -6.045017018914222717e-02 -1.215359475463628769e-02
7.034945487976074219e-01 -2.939333498943597078e-04 7.107005715370178223e-01 -3.969815671443939209e-01
0.000000000000000000e+00 0.000000000000000000e+00 0.000000000000000000e+00 1.000000000000000000e+00
6.860484480857849121e-01 -1.595596224069595337e-01 -7.098437547683715820e-01 3.549695312976837158e-01
1.124232783913612366e-01 9.871860146522521973e-01 -1.132463365793228149e-01 1.108874101191759109e-02
7.188172936439514160e-01 -2.110510598868131638e-03 6.951956748962402344e-01 -3.832425475120544434e-01
0.000000000000000000e+00 0.000000000000000000e+00 0.000000000000000000e+00 1.000000000000000000e+00
6.102472543716430664e-01 -2.208355218172073364e-01 -7.608087062835693359e-01 3.818934857845306396e-01
9.712427109479904175e-02 9.739720225334167480e-01 -2.048054486513137817e-01 4.918228089809417725e-02
7.862346768379211426e-01 5.108894035220146179e-02 6.158122420310974121e-01 -3.443388640880584717e-01
0.000000000000000000e+00 0.000000000000000000e+00 0.000000000000000000e+00 1.000000000000000000e+00
5.991403460502624512e-01 -2.573505342006683350e-01 -7.581565380096435547e-01 3.858097791671752930e-01
5.382540076971054077e-02 9.577380418777465820e-01 -2.825608551502227783e-01 8.062935620546340942e-02
7.988325953483581543e-01 1.284855008125305176e-01 5.876715183258056641e-01 -3.297055065631866455e-01
0.000000000000000000e+00 0.000000000000000000e+00 0.000000000000000000e+00 1.000000000000000000e+00
5.725103020668029785e-01 -3.168863058090209961e-01 -7.561845183372497559e-01 3.894945681095123291e-01
9.151786565780639648e-02 9.412266612052917480e-01 -3.251413702964782715e-01 1.008718460798263550e-01
8.147737979888916016e-01 1.169423460960388184e-01 5.678626894950866699e-01 -3.161613643169403076e-01
0.000000000000000000e+00 0.000000000000000000e+00 0.000000000000000000e+00 1.000000000000000000e+00
