446 228 459 229
455 230 468 232
430 239 449 239
433 239 452 240
435 239 455 240
452 239 467 241
419 241 436 241
430 241 452 242
433 241 455 242
435 241 457 243
446 241 463 244
452 241 467 243
455 241 469 244
414 244 430 242
422 244 443 244
438 244 460 245
446 244 463 246
411 247 427 245
425 247 442 247
427 247 445 247
430 247 452 245
438 247 459 249
422 250 439 250
425 250 442 250
430 250 447 251
433 250 450 250
411 252 426 249
433 252 450 253
411 255 426 254
414 255 429 252
466 255 478 263
394 269 408 258
397 269 410 261
394 272 407 263
383 280 401 275
386 280 403 276
463 288 481 296
466 288 484 296
466 291 483 299
394 313 406 306
397 313 411 307
400 313 414 307
397 318 405 308
400 318 408 308
471 318 476 319
477 318 482 320
479 318 485 319
468 321 473 321
471 324 475 322
474 324 475 325
466 326 469 325
471 326 472 327
482 326 484 330
485 326 486 330
471 335 471 335
482 337 483 337
485 337 485 337
