576 208 576 208
579 208 579 208
562 211 562 211
568 211 568 213
571 211 572 211
573 211 576 211
576 211 578 211
579 211 581 211
590 211 590 211
593 211 593 211
596 211 596 211
562 213 562 215
565 213 565 215
576 213 573 215
593 213 592 214
596 213 596 214
548 216 553 218
562 216 562 218
565 216 565 218
579 216 579 218
590 216 590 217
593 216 593 217
596 216 596 217
540 219 542 222
548 219 550 222
579 219 578 222
582 219 581 221
596 219 596 219
540 222 542 225
542 222 544 225
537 225 537 225
540 225 542 228
596 225 596 225
599 225 599 221
599 227 599 224
602 227 601 225
537 230 538 229
540 230 541 229
596 230 596 230
604 230 604 228
596 233 596 233
613 233 610 231
616 233 612 232
607 236 607 233
610 236 609 233
588 239 587 239
590 239 590 238
593 239 596 236
607 239 607 235
593 242 596 239
596 242 599 239
602 242 602 235
613 242 612 238
596 244 599 241
599 244 601 241
602 244 603 238
604 244 607 238
610 244 610 242
596 247 599 243
599 247 601 243
602 247 604 244
604 247 606 244
610 247 610 244
590 250 592 246
593 250 596 246
596 250 599 246
599 250 601 246
602 250 604 247
604 250 606 247
607 250 610 247
610 250 612 247
619 250 621 250
548 253 553 256
590 253 593 250
593 253 596 249
596 253 599 249
599 253 602 249
602 253 604 249
604 253 607 250
607 253 610 251
610 253 613 251
545 256 550 258
548 256 553 258
590 256 593 253
593 256 596 252
596 256 599 252
599 256 602 252
602 256 607 252
613 256 616 253
619 256 620 252
545 258 550 261
599 258 602 255
602 258 606 256
607 258 610 256
610 258 613 256
613 258 616 255
548 261 556 264
585 261 587 261
588 261 591 260
593 261 598 258
599 261 603 258
602 261 606 259
607 261 610 259
610 261 613 259
613 261 616 258
619 261 621 258
545 264 554 267
548 264 557 267
585 264 587 264
588 264 590 263
590 264 596 262
593 264 598 261
599 264 604 263
602 264 607 262
604 264 609 261
613 264 615 261
616 264 618 260
548 267 556 269
590 267 596 266
593 267 598 266
602 267 607 266
604 267 609 264
610 267 613 264
613 267 616 264
616 267 618 264
588 270 593 269
602 270 606 269
604 270 609 269
613 270 616 267
616 270 618 267
624 270 626 267
585 273 591 272
588 273 593 272
607 273 610 272
610 273 613 270
613 273 616 270
616 273 618 270
619 273 621 270
621 273 624 270
630 273 629 269
590 275 590 275
610 275 613 273
613 275 615 273
616 275 619 272
619 275 621 273
621 275 623 273
630 275 630 272
593 278 594 279
599 278 599 278
602 278 602 278
610 278 612 276
613 278 615 276
616 278 618 275
619 278 621 275
621 278 623 275
585 281 585 281
588 281 590 281
593 281 593 281
610 281 612 279
613 281 615 279
616 281 618 278
619 281 621 279
621 281 623 278
540 284 545 284
582 284 584 283
585 284 588 284
588 284 591 284
593 284 592 283
596 284 596 283
602 284 602 284
610 284 612 282
616 284 618 281
619 284 621 281
624 284 624 281
627 284 626 281
633 284 633 281
542 287 547 287
548 287 551 287
576 287 579 286
582 287 582 287
585 287 585 287
588 287 588 287
590 287 590 286
607 287 609 286
610 287 612 285
613 287 615 285
616 287 618 284
624 287 624 284
627 287 627 284
548 290 551 290
551 290 554 290
562 290 565 290
579 290 580 289
582 290 582 289
585 290 585 289
588 290 588 289
590 290 590 288
593 290 593 287
599 290 599 289
610 290 612 288
619 290 619 287
621 290 621 287
630 290 633 288
633 290 635 289
542 292 546 291
548 292 551 292
562 292 565 292
565 292 568 292
571 292 573 292
576 292 579 293
582 292 582 292
585 292 585 291
588 292 588 292
590 292 591 292
599 292 599 291
607 292 608 292
621 292 621 290
635 292 637 292
641 292 642 292
545 295 548 293
556 295 560 295
562 295 564 295
565 295 567 295
568 295 570 295
571 295 573 295
573 295 576 296
576 295 579 296
579 295 582 295
588 295 588 295
590 295 591 295
599 295 599 298
602 295 602 295
604 295 605 295
613 295 615 292
641 295 641 294
644 295 644 294
562 298 564 298
565 298 567 298
568 298 570 298
571 298 573 298
573 298 576 298
576 298 579 298
579 298 581 298
582 298 584 298
588 298 589 298
590 298 591 298
593 298 595 297
633 298 633 296
635 298 636 296
638 298 639 296
641 298 642 297
644 298 644 296
562 301 565 301
565 301 567 301
568 301 570 301
571 301 573 301
573 301 576 301
576 301 579 301
579 301 581 301
582 301 584 301
588 301 589 301
590 301 591 301
638 301 639 299
641 301 642 299
644 301 644 300
562 304 565 303
565 304 567 304
568 304 570 303
571 304 573 304
573 304 576 304
576 304 579 304
579 304 582 304
582 304 584 304
588 304 589 304
590 304 591 304
602 304 601 301
604 304 604 301
607 304 607 301
635 304 637 303
568 306 567 307
571 306 573 306
573 306 575 306
576 306 578 306
579 306 581 306
582 306 584 307
588 306 589 307
590 306 592 307
596 306 597 306
607 306 607 304
610 306 610 304
624 306 626 305
627 306 629 305
630 306 632 305
635 306 637 305
638 306 641 305
559 309 559 309
565 309 567 308
568 309 570 309
571 309 572 309
573 309 575 309
576 309 578 309
579 309 581 309
582 309 584 309
590 309 592 310
596 309 597 309
602 309 604 310
610 309 613 309
613 309 616 309
616 309 618 308
619 309 621 308
621 309 624 308
624 309 626 308
627 309 629 308
630 309 632 308
638 309 641 308
641 309 643 308
562 312 562 312
565 312 566 313
568 312 569 312
571 312 572 312
573 312 575 312
576 312 578 313
585 312 586 312
590 312 591 312
596 312 597 312
599 312 600 312
604 312 605 311
607 312 608 311
610 312 613 312
613 312 616 312
616 312 618 311
619 312 621 311
621 312 624 312
624 312 626 312
627 312 630 311
630 312 632 311
635 312 636 311
641 312 642 311
644 312 645 311
568 315 568 315
571 315 572 315
573 315 574 315
576 315 577 315
579 315 580 315
582 315 583 315
585 315 586 315
590 315 592 315
596 315 597 315
599 315 600 315
602 315 602 314
604 315 607 315
607 315 609 315
610 315 612 315
613 315 616 315
616 315 619 315
619 315 621 314
621 315 624 314
624 315 627 314
627 315 629 315
630 315 633 314
633 315 635 314
638 315 639 314
641 315 642 314
644 315 644 314
647 315 647 314
