146 129 38 23
163 129 55 22
424 146 378 27
458 146 421 35
476 146 440 34
424 163 378 52
476 163 443 54
371 181 319 84
389 181 341 81
406 181 361 78
424 181 382 76
337 198 281 112
354 198 301 109
371 198 321 107
389 198 343 104
406 198 363 102
424 198 384 100
441 198 404 99
493 198 464 92
528 198 504 87
319 215 262 137
337 215 283 136
354 215 304 134
371 215 325 131
389 215 344 128
406 215 364 125
424 215 387 123
441 215 408 120
458 215 427 119
476 215 446 116
493 215 466 114
510 215 485 111
528 215 506 110
545 215 525 107
319 233 266 157
337 233 286 159
354 233 306 157
371 233 325 154
389 233 346 152
406 233 367 149
424 233 387 145
441 233 405 143
458 233 427 141
476 233 448 139
493 233 468 137
510 233 487 136
528 233 507 133
267 250 212 176
285 250 232 176
319 250 269 176
337 250 289 178
354 250 309 178
371 250 329 177
389 250 350 175
406 250 369 173
424 250 389 169
441 250 409 168
458 250 430 165
476 250 449 163
493 250 469 161
510 250 489 159
528 250 507 154
545 250 526 147
250 267 200 195
285 267 235 194
319 267 272 195
337 267 293 198
354 267 314 197
371 267 332 197
389 267 351 195
406 267 372 194
424 267 391 191
441 267 411 190
458 267 431 187
476 267 451 185
493 267 471 183
510 267 489 179
528 267 509 174
562 267 540 162
233 285 184 216
250 285 198 216
285 285 241 213
302 285 259 210
319 285 278 215
337 285 296 215
354 285 315 217
371 285 335 215
389 285 355 213
406 285 373 212
424 285 393 209
441 285 411 209
458 285 433 209
476 285 452 207
493 285 471 203
510 285 492 200
562 285 542 182
580 285 561 177
597 285 582 172
233 302 186 239
319 302 282 235
337 302 299 234
354 302 319 235
371 302 338 233
389 302 360 233
406 302 379 231
424 302 397 229
441 302 416 229
458 302 436 228
476 302 453 226
510 302 492 220
528 302 511 215
545 302 527 207
562 302 545 205
597 302 581 194
319 319 283 252
337 319 302 252
371 319 340 250
389 319 362 249
406 319 380 247
424 319 399 246
441 319 418 246
458 319 436 245
476 319 456 244
493 319 473 243
545 319 531 227
562 319 547 224
302 337 270 261
354 337 325 270
371 337 345 269
389 337 365 266
406 337 384 264
424 337 402 263
441 337 419 262
458 337 436 260
476 337 456 262
493 337 476 262
528 337 511 248
545 337 530 243
267 354 240 279
285 354 258 277
302 354 275 276
424 354 403 278
441 354 422 279
458 354 439 278
476 354 458 278
493 354 474 275
510 354 493 273
545 354 529 262
562 354 546 257
267 371 244 299
285 371 261 298
302 371 279 297
319 371 298 292
441 371 424 295
458 371 441 293
476 371 460 294
510 371 495 293
267 389 243 321
285 389 262 316
302 389 287 314
337 389 316 305
354 389 335 310
371 389 353 309
389 389 370 309
406 389 389 308
458 389 445 311
476 389 461 311
510 389 495 311
597 389 581 290
614 389 596 285
302 406 286 329
319 406 298 328
337 406 321 326
389 406 372 323
406 406 390 323
424 406 408 321
441 406 428 318
476 406 464 328
510 406 501 325
597 406 583 309
614 406 599 306
337 424 319 343
354 424 341 339
371 424 357 337
389 424 375 338
406 424 392 338
424 424 410 338
614 424 599 324
302 441 292 366
319 441 303 361
337 441 322 360
354 441 347 358
371 441 362 354
389 441 379 352
406 441 396 350
424 441 412 350
528 441 509 340
545 441 529 335
580 441 564 352
597 441 583 345
614 441 599 340
319 458 305 382
389 458 380 370
406 458 396 368
597 458 582 361
614 458 600 359
