493 59 464 29
476 94 451 64
493 94 467 61
528 94 511 69
562 94 546 64
441 111 425 112
458 111 437 93
476 111 457 80
545 111 537 97
562 111 554 93
580 111 574 82
597 111 589 79
25 129 65 171
42 129 82 170
59 129 97 168
77 129 113 166
476 129 459 94
493 129 474 91
562 129 557 110
580 129 575 106
597 129 593 100
632 129 611 87
42 146 82 184
458 146 446 112
476 146 460 110
493 146 476 108
510 146 508 133
545 146 540 129
580 146 572 125
597 146 587 122
632 146 614 105
441 163 433 138
458 163 449 128
476 163 463 125
493 163 481 127
510 163 507 146
528 163 528 146
545 163 546 145
562 163 564 143
597 163 593 131
614 163 600 149
632 163 617 126
389 181 389 159
406 181 405 157
476 181 467 146
493 181 484 147
632 181 615 144
406 198 407 170
458 198 455 164
476 198 469 162
493 198 486 161
510 198 501 158
528 198 520 158
562 198 566 177
597 198 588 172
614 198 601 169
632 198 618 164
337 215 345 189
354 215 361 187
371 215 375 185
389 215 391 183
441 215 440 180
580 215 584 191
614 215 602 189
285 233 304 213
319 233 331 207
337 233 348 203
354 233 362 200
371 233 376 199
389 233 392 196
423 233 425 193
441 233 441 191
458 233 457 191
476 233 473 190
493 233 488 187
510 233 504 185
545 233 536 184
562 233 572 209
597 233 585 208
614 233 605 205
267 250 274 251
285 250 305 231
319 250 334 223
337 250 348 219
354 250 362 215
371 250 378 212
389 250 394 210
423 250 425 206
441 250 441 204
458 250 457 202
476 250 473 202
493 250 489 199
510 250 505 198
528 250 522 198
545 250 542 201
597 250 570 194
614 250 608 221
267 267 293 252
285 267 307 249
319 267 335 238
337 267 351 236
354 267 365 229
476 267 474 214
493 267 490 213
510 267 506 212
528 267 523 212
545 267 545 220
614 267 610 236
233 285 265 271
250 285 280 270
267 285 293 268
285 285 310 268
319 285 337 255
337 285 352 251
371 285 383 243
389 285 399 239
423 285 427 234
441 285 444 231
458 285 459 229
528 285 526 228
545 285 551 234
562 285 574 232
233 302 265 285
250 302 281 284
285 302 312 284
319 302 339 271
354 302 370 260
371 302 386 259
389 302 400 257
423 302 430 251
441 302 446 248
458 302 461 244
476 302 475 241
493 302 492 240
510 302 509 240
562 302 563 244
580 302 578 242
597 302 599 246
267 319 298 304
285 319 316 302
319 319 342 290
337 319 357 282
354 319 371 277
371 319 388 276
406 319 417 271
423 319 432 267
441 319 448 265
458 319 464 261
476 319 478 258
493 319 494 255
510 319 512 258
562 319 564 260
580 319 581 258
267 337 300 320
285 337 317 322
319 337 346 312
337 337 360 299
354 337 374 293
371 337 390 292
389 337 406 291
423 337 435 285
441 337 451 282
458 337 466 280
476 337 480 275
493 337 497 272
528 337 536 275
545 337 552 278
580 337 584 274
267 354 302 337
285 354 319 336
319 354 348 330
354 354 377 311
371 354 392 311
389 354 409 309
423 354 438 301
441 354 454 299
458 354 469 296
476 354 483 292
493 354 500 289
510 354 517 289
250 371 287 357
267 371 305 353
302 371 335 351
319 371 350 346
337 371 364 339
354 371 380 336
371 371 395 333
389 371 412 329
406 371 427 326
441 371 458 318
458 371 472 314
476 371 487 310
493 371 503 306
510 371 519 306
528 371 542 313
545 371 560 311
580 371 586 325
597 371 606 310
233 389 270 377
250 389 293 377
267 389 309 375
319 389 352 365
337 389 367 356
354 389 383 354
371 389 398 351
389 389 415 348
406 389 430 345
441 389 460 336
458 389 476 332
476 389 490 327
493 389 505 322
545 389 562 329
580 389 588 340
597 389 606 331
614 389 624 328
215 406 254 396
250 406 296 400
302 406 333 374
337 406 370 375
354 406 386 371
371 406 401 369
389 406 417 364
423 406 448 358
441 406 464 355
476 406 493 345
510 406 529 341
528 406 549 348
545 406 564 347
580 406 588 357
597 406 610 352
614 406 626 347
632 406 645 352
198 423 244 428
302 423 348 388
337 423 370 389
354 423 388 388
371 423 403 387
389 423 419 382
423 423 451 377
441 423 466 373
458 423 486 374
510 423 533 368
528 423 553 369
545 423 568 367
614 423 624 363
632 423 644 361
198 441 252 445
215 441 281 439
233 441 298 438
250 441 318 432
354 441 391 403
371 441 406 403
406 441 435 398
423 441 453 395
458 441 488 392
476 441 504 390
493 441 521 386
510 441 538 388
528 441 555 387
545 441 570 384
580 441 591 372
597 441 608 387
614 441 623 381
632 441 643 379
198 458 267 457
215 458 287 456
233 458 305 452
250 458 327 452
354 458 373 421
389 458 410 417
406 458 437 415
423 458 455 412
441 458 472 411
458 458 488 412
476 458 504 410
493 458 522 404
510 458 540 403
528 458 555 403
198 476 275 473
215 476 290 473
233 476 308 472
371 476 397 476
389 476 413 436
406 476 446 433
476 476 508 427
528 476 558 417
