181 25 177 27
198 25 194 26
233 25 229 26
250 25 247 27
354 25 351 25
371 25 368 25
389 25 386 25
406 25 403 25
424 25 421 25
441 25 438 26
476 25 473 27
493 25 489 28
510 25 507 27
528 25 522 26
545 25 542 25
562 25 559 26
580 25 575 24
597 25 592 26
614 25 610 28
198 42 194 43
319 42 317 44
337 42 334 42
354 42 350 43
389 42 386 42
406 42 403 42
424 42 421 42
476 42 474 44
493 42 491 44
510 42 507 46
528 42 523 43
545 42 540 44
562 42 558 44
580 42 576 46
597 42 594 47
198 59 194 61
215 59 211 59
302 59 299 60
319 59 317 59
337 59 333 60
354 59 350 60
371 59 369 60
389 59 386 59
406 59 403 59
424 59 420 59
476 59 472 61
493 59 488 62
510 59 507 62
528 59 523 61
545 59 541 61
562 59 558 62
580 59 576 62
597 59 593 61
267 77 264 78
285 77 282 77
302 77 299 77
319 77 317 77
337 77 334 77
354 77 351 77
371 77 368 77
441 77 438 77
458 77 455 77
476 77 472 77
493 77 488 78
510 77 506 79
528 77 524 79
545 77 540 79
562 77 558 79
580 77 576 79
597 77 593 79
233 94 229 95
250 94 246 95
267 94 265 94
285 94 281 94
302 94 299 94
319 94 316 94
337 94 334 94
354 94 351 94
371 94 369 95
389 94 386 94
406 94 404 94
424 94 421 95
441 94 439 96
458 94 455 95
476 94 472 94
493 94 489 95
528 94 523 97
545 94 541 96
562 94 558 97
580 94 576 96
233 111 230 111
250 111 247 111
267 111 265 111
285 111 282 111
302 111 299 112
319 111 317 111
337 111 334 111
354 111 350 112
371 111 369 111
389 111 385 112
406 111 404 112
424 111 421 112
441 111 438 112
458 111 455 112
476 111 472 112
493 111 490 112
510 111 507 112
528 111 524 114
545 111 540 114
562 111 558 115
580 111 576 115
215 129 212 129
233 129 229 128
250 129 247 129
267 129 264 129
285 129 282 129
302 129 300 129
319 129 316 129
337 129 334 129
354 129 351 129
371 129 368 129
389 129 386 129
406 129 404 129
424 129 421 129
441 129 438 129
458 129 455 129
476 129 472 129
493 129 489 129
510 129 507 130
528 129 523 131
545 129 540 132
562 129 558 134
580 129 576 132
198 146 195 146
215 146 212 146
233 146 229 146
250 146 247 146
267 146 264 146
285 146 281 146
302 146 299 146
319 146 317 146
337 146 334 146
354 146 351 146
371 146 369 146
389 146 386 146
406 146 404 146
424 146 421 146
441 146 438 146
458 146 455 146
476 146 473 147
510 146 506 149
528 146 525 147
545 146 541 148
562 146 559 148
163 163 159 164
181 163 177 164
198 163 196 164
215 163 214 164
250 163 246 163
267 163 266 163
285 163 282 163
302 163 298 164
319 163 316 163
337 163 335 164
354 163 351 163
371 163 368 163
389 163 386 164
406 163 404 164
424 163 420 164
441 163 438 164
458 163 455 163
476 163 472 164
493 163 491 164
510 163 505 165
528 163 525 165
545 163 542 163
562 163 559 166
146 181 142 182
163 181 163 183
181 181 180 182
198 181 194 181
215 181 211 181
233 181 229 181
250 181 246 181
267 181 264 181
285 181 280 179
302 181 299 180
319 181 316 181
337 181 334 181
354 181 352 181
371 181 369 181
389 181 386 181
406 181 403 181
424 181 421 181
441 181 438 181
458 181 455 181
476 181 473 181
510 181 508 182
528 181 524 182
545 181 543 181
129 198 126 198
146 198 143 197
163 198 160 199
181 198 177 199
198 198 195 198
250 198 246 198
267 198 264 199
285 198 283 197
302 198 300 198
319 198 317 198
337 198 333 198
354 198 353 198
371 198 368 198
389 198 386 198
406 198 403 198
424 198 420 198
441 198 438 198
458 198 454 198
476 198 472 198
493 198 490 198
510 198 507 198
528 198 525 199
545 198 542 199
129 215 124 216
146 215 141 216
163 215 160 216
181 215 178 216
198 215 195 217
215 215 211 216
233 215 229 216
250 215 247 216
267 215 264 216
285 215 281 216
302 215 299 216
319 215 318 216
337 215 335 216
354 215 351 215
371 215 368 215
389 215 386 215
406 215 404 215
424 215 420 215
441 215 439 215
458 215 455 215
476 215 472 216
493 215 490 216
510 215 508 216
528 215 525 216
198 233 194 233
215 233 213 235
233 233 230 234
250 233 247 233
267 233 264 233
285 233 282 232
302 233 300 233
319 233 317 233
337 233 335 233
354 233 351 233
371 233 368 233
389 233 386 233
406 233 403 233
424 233 422 232
458 233 455 233
476 233 473 233
493 233 490 233
510 233 506 233
528 233 524 233
198 250 194 252
215 250 214 252
233 250 232 250
250 250 247 253
267 250 266 252
285 250 282 250
302 250 299 250
319 250 317 250
337 250 335 251
354 250 352 250
371 250 370 251
389 250 386 251
406 250 403 250
424 250 422 250
476 250 474 250
493 250 491 250
510 250 507 250
528 250 524 251
545 250 541 251
198 267 194 269
215 267 212 270
233 267 231 265
250 267 248 266
267 267 264 268
319 267 316 268
337 267 334 268
354 267 352 268
371 267 369 267
389 267 385 268
406 267 403 268
424 267 421 268
441 267 438 267
476 267 473 267
493 267 490 268
510 267 507 268
528 267 524 269
545 267 543 268
562 267 559 268
181 285 176 287
198 285 195 285
215 285 214 286
233 285 234 284
267 285 266 283
285 285 281 285
319 285 316 286
337 285 334 286
354 285 351 286
371 285 368 285
389 285 386 285
406 285 403 285
441 285 438 285
458 285 456 286
476 285 473 284
493 285 490 286
510 285 507 286
528 285 524 287
545 285 542 285
562 285 559 286
181 302 177 302
198 302 200 300
215 302 215 304
233 302 235 303
267 302 253 300
285 302 282 302
302 302 300 304
319 302 316 303
337 302 334 303
354 302 352 304
371 302 368 303
389 302 386 302
406 302 403 303
424 302 421 303
441 302 439 302
458 302 456 302
493 302 490 303
510 302 507 303
528 302 525 302
545 302 543 303
562 302 559 302
163 319 159 320
181 319 178 322
198 319 200 319
215 319 217 320
233 319 234 323
285 319 282 320
302 319 300 321
319 319 317 321
337 319 333 320
354 319 351 321
371 319 369 320
389 319 386 321
406 319 404 320
424 319 422 321
458 319 455 320
476 319 472 320
493 319 490 321
510 319 508 319
528 319 525 319
545 319 543 320
562 319 559 322
163 337 160 337
181 337 180 336
198 337 203 332
215 337 218 337
233 337 234 337
250 337 250 340
267 337 268 336
285 337 284 339
302 337 300 340
319 337 317 338
337 337 335 338
354 337 353 339
371 337 371 338
389 337 385 337
406 337 402 338
424 337 421 337
441 337 440 337
458 337 458 337
476 337 474 337
510 337 508 336
528 337 524 337
545 337 543 337
562 337 559 337
163 354 159 356
181 354 177 358
198 354 197 355
215 354 218 352
233 354 237 353
250 354 255 353
267 354 270 352
285 354 284 355
302 354 300 355
319 354 318 356
337 354 336 355
354 354 354 355
371 354 371 355
389 354 385 353
406 354 402 355
424 354 419 355
441 354 438 355
458 354 457 354
476 354 474 352
510 354 508 353
528 354 524 354
545 354 542 354
562 354 559 355
163 371 161 374
181 371 179 376
215 371 214 375
233 371 232 373
250 371 252 370
267 371 270 371
285 371 285 375
302 371 300 374
319 371 317 374
337 371 333 371
354 371 352 371
371 371 368 372
389 371 386 373
406 371 404 373
424 371 420 373
441 371 440 373
458 371 456 369
476 371 472 371
510 371 508 371
528 371 524 372
545 371 542 372
181 389 177 392
198 389 194 392
215 389 210 390
233 389 230 390
250 389 251 389
267 389 268 392
285 389 286 392
302 389 301 393
319 389 318 391
337 389 334 391
354 389 350 388
371 389 368 390
389 389 387 390
406 389 405 390
424 389 422 390
441 389 439 389
458 389 456 389
476 389 472 390
510 389 507 388
528 389 525 389
545 389 542 389
198 406 195 408
215 406 212 408
233 406 229 409
250 406 250 406
267 406 266 408
285 406 285 407
302 406 303 406
319 406 317 407
337 406 332 409
354 406 350 407
371 406 367 409
389 406 386 406
406 406 406 405
424 406 424 405
441 406 442 408
458 406 455 408
476 406 473 409
528 406 524 407
545 406 542 407
250 424 248 426
267 424 266 425
285 424 288 425
302 424 304 425
319 424 317 425
337 424 334 424
354 424 352 427
371 424 369 427
389 424 387 421
406 424 405 421
424 424 424 421
441 424 441 424
458 424 455 428
42 441 36 444
59 441 55 443
77 441 71 441
94 441 91 444
267 441 264 443
285 441 285 444
302 441 301 444
319 441 318 443
337 441 334 442
354 441 354 443
371 441 374 442
389 441 389 440
406 441 404 442
424 441 422 443
441 441 439 443
458 441 455 445
42 458 36 458
59 458 54 462
77 458 72 461
94 458 90 462
111 458 107 463
129 458 123 460
302 458 300 460
319 458 317 460
337 458 333 459
354 458 353 459
371 458 371 458
389 458 387 459
406 458 404 460
424 458 422 459
441 458 437 461
458 458 456 460
42 476 36 475
59 476 53 478
77 476 70 477
94 476 89 477
111 476 105 477
129 476 123 477
146 476 140 476
163 476 159 476
337 476 333 476
354 476 349 476
371 476 368 477
389 476 388 476
406 476 405 476
424 476 422 476
441 476 439 476
