354 25 377 44
371 25 393 44
389 25 413 20
406 25 430 18
424 25 448 17
337 42 360 59
354 42 376 58
389 42 414 40
406 42 430 37
424 42 448 36
319 59 343 73
337 59 361 73
354 59 378 72
424 59 449 55
302 77 326 88
458 77 481 84
476 77 501 84
493 77 521 87
267 94 293 104
285 94 309 103
302 94 327 103
319 94 344 102
337 94 362 102
354 94 379 101
371 94 397 101
441 94 467 100
458 94 483 99
476 94 501 98
493 94 519 100
233 111 258 120
250 111 275 118
267 111 293 119
285 111 310 118
302 111 327 118
319 111 346 118
337 111 363 117
354 111 380 117
371 111 397 116
389 111 414 116
406 111 431 115
424 111 450 115
493 111 521 115
215 129 240 138
233 129 258 137
250 129 276 136
267 129 293 135
285 129 310 133
302 129 329 134
319 129 345 133
337 129 363 133
354 129 382 133
371 129 398 132
389 129 416 131
406 129 435 131
424 129 451 131
441 129 468 129
458 129 487 129
476 129 505 130
493 129 523 133
215 146 241 160
250 146 277 151
267 146 294 150
285 146 310 149
302 146 328 149
319 146 346 148
337 146 364 148
354 146 382 147
371 146 399 146
389 146 418 147
406 146 436 147
424 146 453 146
441 146 472 144
458 146 488 144
476 146 507 145
163 163 189 191
215 163 243 182
250 163 279 173
267 163 294 168
285 163 312 165
302 163 329 164
319 163 348 163
337 163 365 163
354 163 384 163
371 163 401 162
389 163 419 163
406 163 438 163
424 163 455 162
441 163 473 161
458 163 491 161
163 181 191 208
181 181 207 206
233 181 257 195
250 181 276 193
267 181 293 189
285 181 309 182
302 181 330 181
319 181 348 181
337 181 366 180
354 181 384 179
371 181 402 178
389 181 420 178
406 181 438 178
424 181 456 177
441 181 474 177
458 181 492 178
528 181 563 188
146 198 168 224
163 198 189 224
250 198 274 211
267 198 293 211
285 198 311 202
319 198 349 199
337 198 368 198
354 198 385 197
371 198 403 196
389 198 421 195
406 198 439 195
424 198 457 194
441 198 476 194
458 198 493 196
476 198 511 198
493 198 529 205
510 198 545 203
146 215 173 241
163 215 186 239
198 215 221 240
215 215 239 242
250 215 276 231
267 215 295 228
285 215 312 223
302 215 329 220
319 215 348 219
337 215 368 220
354 215 388 219
371 215 404 213
389 215 422 213
406 215 440 212
424 215 458 211
441 215 476 211
458 215 494 213
476 215 512 217
493 215 529 222
510 215 547 220
267 233 295 247
285 233 312 241
302 233 331 242
319 233 349 241
337 233 368 241
354 233 386 239
371 233 403 236
389 233 422 233
406 233 441 230
424 233 461 229
493 233 530 240
510 233 547 239
233 250 260 279
285 250 313 262
302 250 330 262
319 250 349 262
337 250 370 262
354 250 388 260
371 250 405 258
389 250 425 256
406 250 440 253
424 250 459 248
476 250 514 260
493 250 531 260
510 250 547 259
545 250 585 263
215 267 241 300
371 267 404 278
389 267 422 276
406 267 442 275
424 267 462 271
441 267 481 268
493 267 530 278
545 267 588 278
285 285 307 313
337 285 368 308
354 285 385 306
371 285 404 304
389 285 423 300
424 285 460 293
441 285 483 289
528 285 572 295
562 285 608 297
285 302 306 329
354 302 385 326
371 302 403 326
389 302 422 322
424 302 463 318
458 302 502 307
510 302 554 313
528 302 573 312
545 302 593 315
562 302 608 313
267 319 292 347
285 319 309 351
302 319 328 350
319 319 341 347
337 319 365 349
354 319 382 348
371 319 405 347
476 319 517 342
493 319 533 341
510 319 558 332
528 319 575 330
545 319 595 332
181 337 202 375
233 337 253 368
250 337 273 366
302 337 324 367
319 337 346 369
337 337 363 367
354 337 389 367
389 337 423 367
406 337 440 366
510 337 559 352
545 337 597 350
181 354 198 393
215 354 232 386
233 354 250 388
319 354 346 387
354 354 390 384
371 354 408 384
406 354 443 381
510 354 562 368
528 354 577 370
198 371 219 410
215 371 234 409
233 371 251 404
267 371 292 403
319 371 348 404
337 371 365 401
354 371 385 400
371 371 409 401
389 371 426 401
424 371 465 399
441 371 482 397
510 371 563 385
528 371 578 389
215 389 232 424
233 389 252 426
250 389 269 421
319 389 351 421
337 389 367 420
354 389 383 416
371 389 409 417
441 389 485 416
476 389 521 414
510 389 561 403
528 389 581 404
250 406 277 441
319 406 351 440
337 406 366 438
354 406 384 434
371 406 402 434
441 406 485 431
528 406 580 424
250 424 272 464
267 424 296 462
285 424 311 459
319 424 351 457
337 424 366 454
