496 217 492 222
501 217 498 223
443 219 439 221
445 219 442 222
480 219 477 224
482 219 479 225
488 219 484 224
496 219 492 225
498 219 495 225
501 219 497 225
443 222 439 225
445 222 442 225
456 222 453 227
459 222 455 227
461 222 457 227
469 222 466 227
477 222 475 227
480 222 477 227
485 222 481 224
496 222 492 227
498 222 494 227
501 222 497 227
503 222 501 229
517 222 513 224
437 224 434 230
440 224 437 229
456 224 453 229
459 224 455 229
467 224 463 229
469 224 466 229
472 224 469 229
474 224 471 229
477 224 474 229
480 224 477 229
482 224 479 229
485 224 482 229
496 224 492 230
498 224 494 230
501 224 497 230
509 224 504 230
440 227 437 232
443 227 440 232
453 227 450 232
456 227 452 232
459 227 455 232
467 227 464 232
469 227 466 232
472 227 469 232
474 227 471 232
477 227 474 232
480 227 477 232
482 227 479 232
485 227 481 233
488 227 484 233
490 227 487 233
493 227 490 233
496 227 492 233
501 227 497 232
503 227 500 233
509 227 503 233
511 227 508 233
437 230 435 236
440 230 437 236
469 230 466 235
472 230 469 234
474 230 472 234
477 230 474 235
493 230 489 235
496 230 492 236
501 230 497 235
503 230 500 235
509 230 503 236
511 230 507 235
437 232 434 238
440 232 437 239
472 232 469 237
474 232 471 237
477 232 474 237
498 232 494 238
501 232 497 238
503 232 500 237
430 235 430 240
477 235 474 240
498 235 494 240
503 235 500 240
506 235 503 240
509 235 506 240
511 235 506 242
430 238 430 243
435 238 431 243
456 238 452 243
474 238 471 242
496 238 492 243
498 238 495 243
503 238 500 243
506 238 503 243
430 240 429 246
456 240 452 246
472 240 468 243
474 240 471 244
477 240 474 245
501 240 498 245
503 240 500 245
509 240 503 246
511 240 509 246
472 243 468 246
498 243 495 248
501 243 498 248
503 243 500 248
443 246 437 251
480 246 477 253
493 246 490 254
496 246 493 254
498 246 496 253
501 246 498 251
503 246 501 253
506 246 503 253
477 248 474 256
480 248 477 256
482 248 480 256
506 248 500 250
432 251 432 258
435 251 435 258
448 251 444 255
451 251 447 256
453 251 450 256
456 251 452 256
461 251 457 256
467 251 463 256
480 251 477 259
482 251 480 258
432 254 432 261
435 254 435 261
509 254 504 256
469 259 464 264
480 259 479 264
514 259 511 267
469 261 466 265
474 261 472 266
477 261 477 267
480 261 480 267
517 261 513 269
477 264 477 270
480 264 479 270
503 264 498 272
480 267 480 272
511 267 506 272
467 269 462 272
472 269 466 272
485 269 482 272
488 269 485 272
490 269 490 272
493 269 492 272
509 269 503 274
432 272 432 272
464 272 459 274
467 272 462 274
469 272 464 275
472 272 467 275
474 272 472 275
477 272 475 275
485 272 482 274
488 272 485 275
490 272 487 275
493 272 492 275
498 272 498 274
506 272 501 277
509 272 504 277
511 272 506 277
519 272 512 277
464 275 461 280
467 275 463 280
469 275 466 280
472 275 469 280
474 275 472 279
477 275 475 279
485 275 482 278
488 275 485 278
490 275 487 278
493 275 493 277
496 275 495 277
498 275 498 276
506 275 501 279
509 275 504 280
511 275 506 279
514 275 508 277
467 277 463 283
469 277 466 283
472 277 469 282
474 277 471 282
480 277 477 282
482 277 480 282
485 277 482 281
488 277 485 281
490 277 488 281
493 277 493 280
496 277 495 280
498 277 498 279
506 277 501 282
509 277 503 282
511 277 507 282
514 277 509 280
467 280 461 285
469 280 463 285
477 280 474 284
480 280 477 284
482 280 480 284
485 280 483 284
496 280 496 283
498 280 498 282
506 280 500 285
509 280 503 285
511 280 506 284
467 283 461 287
469 283 463 287
480 283 479 287
482 283 482 287
485 283 485 287
488 283 488 287
498 283 495 286
501 283 498 285
514 283 509 285
480 285 479 290
493 285 487 291
498 285 499 288
506 285 500 288
511 285 505 288
514 285 508 287
517 285 510 287
480 288 474 290
511 288 504 290
514 288 506 290
440 290 437 296
533 293 533 295
535 293 535 295
493 296 490 303
496 296 493 303
533 296 533 297
535 296 535 297
530 298 530 300
533 298 533 300
535 298 535 300
530 301 530 303
533 301 533 303
509 304 509 311
432 309 432 307
514 314 512 314
517 314 514 314
527 314 527 314
533 314 532 317
503 317 500 319
511 317 508 316
514 317 512 317
533 317 533 319
538 317 538 317
530 320 531 322
538 320 538 320
430 322 429 322
490 322 483 324
493 322 485 325
535 322 535 322
538 322 538 322
430 325 429 325
445 325 448 324
533 325 533 325
535 325 535 325
538 325 538 325
430 327 429 328
432 327 432 328
530 327 530 328
533 327 533 327
538 327 538 327
