493 129 473 6
129 146 29 38
146 146 60 35
441 146 418 2
476 146 456 27
493 146 478 24
510 146 499 23
129 163 44 62
146 163 64 60
424 163 401 27
441 163 417 32
458 163 438 56
476 163 457 50
493 163 479 49
528 163 517 17
545 163 538 14
562 163 555 12
580 163 581 10
614 163 610 9
632 163 639 7
111 181 27 91
181 181 116 80
441 181 415 60
476 181 459 72
493 181 481 70
614 181 621 27
632 181 645 29
371 198 342 102
389 198 356 97
406 198 378 95
424 198 397 91
441 198 418 88
476 198 463 87
528 198 516 58
545 198 539 53
562 198 556 73
580 198 576 52
597 198 594 49
614 198 623 47
632 198 646 43
337 215 302 129
354 215 316 126
371 215 336 124
389 215 358 122
406 215 379 119
424 215 399 115
441 215 420 113
458 215 441 112
493 215 481 107
510 215 503 106
528 215 523 101
562 215 556 91
580 215 573 66
597 215 591 65
614 215 627 83
632 215 648 60
319 233 281 151
337 233 299 151
354 233 319 152
371 233 342 148
389 233 360 146
406 233 380 143
424 233 402 141
441 233 420 139
458 233 444 136
476 233 462 133
493 233 482 131
510 233 503 129
528 233 522 126
545 233 541 123
562 233 563 121
597 233 588 90
302 250 266 169
337 250 299 173
354 250 323 171
371 250 342 171
389 250 360 171
406 250 381 170
424 250 403 166
441 250 421 162
458 250 442 160
476 250 464 158
493 250 483 155
510 250 505 155
528 250 525 154
545 250 544 147
562 250 564 143
580 250 575 118
597 250 592 111
285 267 252 184
302 267 268 189
319 267 287 189
337 267 306 192
354 267 326 192
371 267 345 192
389 267 363 194
406 267 384 192
424 267 404 191
441 267 422 187
458 267 444 186
476 267 465 183
493 267 485 181
510 267 505 178
528 267 525 176
545 267 543 169
562 267 565 158
580 267 573 141
614 267 616 119
285 285 252 208
302 285 272 207
337 285 308 210
354 285 328 213
371 285 346 212
389 285 367 214
406 285 387 212
424 285 405 211
441 285 425 210
458 285 445 209
476 285 467 207
493 285 485 203
510 285 506 201
528 285 526 198
562 285 560 180
580 285 575 156
597 285 604 156
233 302 203 226
250 302 222 226
267 302 238 227
285 302 255 227
302 302 276 226
337 302 312 230
354 302 331 231
371 302 349 233
389 302 368 232
406 302 388 230
424 302 406 228
441 302 427 228
458 302 446 228
476 302 467 228
493 302 486 226
510 302 507 223
528 302 526 218
545 302 546 214
562 302 562 199
580 302 579 196
597 302 602 190
614 302 620 188
233 319 203 252
250 319 227 248
267 319 243 249
302 319 282 239
319 319 291 239
337 319 316 248
354 319 333 251
371 319 353 252
389 319 370 249
406 319 393 248
424 319 408 246
441 319 428 247
458 319 447 246
476 319 468 245
493 319 488 247
528 319 525 239
545 319 544 228
562 319 565 223
580 319 581 222
597 319 600 221
614 319 618 208
285 337 265 260
302 337 285 254
319 337 298 260
337 337 316 266
354 337 335 269
371 337 354 268
389 337 374 266
406 337 394 264
424 337 410 262
441 337 429 262
458 337 449 262
476 337 469 264
493 337 491 263
528 337 524 254
562 337 565 244
580 337 582 241
302 354 286 272
371 354 357 286
389 354 377 283
406 354 396 280
424 354 413 277
441 354 431 280
458 354 451 279
476 354 470 278
493 354 489 279
510 354 505 277
545 354 548 265
302 371 289 290
319 371 308 291
337 371 322 291
389 371 378 299
406 371 397 296
424 371 415 294
458 371 452 295
476 371 470 295
493 371 488 294
510 371 505 297
528 371 526 294
545 371 538 287
562 371 558 282
580 371 576 279
267 389 265 291
302 389 289 308
319 389 312 304
354 389 344 305
371 389 362 306
476 389 469 314
493 389 489 313
510 389 507 314
528 389 528 315
597 389 596 289
614 389 613 286
250 406 249 312
267 406 266 327
285 406 285 327
302 406 300 328
319 406 318 325
337 406 333 318
371 406 365 322
389 406 382 322
406 406 402 322
424 406 419 321
441 406 436 321
458 406 454 322
493 406 488 329
510 406 509 330
528 406 526 331
562 406 557 305
580 406 578 308
597 406 597 307
614 406 614 307
632 406 631 303
233 424 228 353
250 424 252 347
267 424 266 353
285 424 287 348
302 424 305 342
319 424 322 348
337 424 340 342
354 424 354 335
371 424 370 336
406 424 403 338
424 424 419 336
441 424 438 335
458 424 455 335
476 424 470 337
597 424 598 327
614 424 613 327
632 424 631 325
233 441 219 393
250 441 253 371
337 441 345 362
354 441 355 355
371 441 371 351
389 441 391 349
406 441 408 350
441 441 440 352
458 441 456 351
476 441 469 351
493 441 487 354
580 441 579 343
597 441 596 344
614 441 613 347
632 441 630 341
233 458 297 459
354 458 349 377
371 458 376 373
389 458 393 366
406 458 412 366
424 458 428 365
458 458 456 365
476 458 471 365
528 458 526 379
545 458 541 353
562 458 559 348
580 458 579 370
597 458 597 369
614 458 616 366
632 458 631 364
649 458 647 357
215 476 242 424
233 476 282 476
250 476 298 473
267 476 317 474
424 476 433 382
545 476 535 472
597 476 596 392
