590 205 590 203
548 208 555 206
537 211 546 209
540 211 549 209
542 211 552 209
545 211 554 208
554 211 561 209
542 213 551 212
551 213 557 215
554 213 560 216
542 216 551 215
571 216 580 214
604 216 613 218
565 219 573 216
568 219 576 216
571 219 580 216
537 222 542 220
568 222 576 219
545 225 553 226
548 225 556 227
596 225 603 233
545 227 553 229
548 227 556 230
593 227 603 235
542 230 550 233
571 230 574 235
588 230 597 238
593 230 603 238
554 233 562 237
556 233 565 237
568 233 571 237
571 233 574 238
590 233 600 241
551 236 559 239
554 236 562 240
559 236 565 240
562 236 568 240
568 236 571 240
571 236 574 241
588 236 597 243
602 236 609 241
585 239 588 246
562 242 573 249
579 242 584 247
590 242 595 250
604 242 611 247
559 244 570 252
562 244 573 251
573 244 581 249
576 244 585 249
585 244 588 250
545 247 549 250
559 247 570 254
562 247 573 254
596 247 599 252
554 250 561 259
559 250 570 257
562 250 573 257
596 250 599 256
619 253 620 252
562 256 573 261
565 256 576 262
613 256 614 253
619 256 620 254
621 256 623 255
556 258 567 264
559 258 570 264
565 258 576 264
568 258 579 266
607 258 611 256
613 258 615 256
619 258 620 257
621 258 622 257
624 258 625 258
542 261 546 264
548 261 558 263
551 261 561 265
554 261 564 266
562 261 573 267
565 261 575 267
613 261 615 259
616 261 617 259
619 261 620 259
621 261 622 260
624 261 625 261
627 261 628 261
531 264 534 265
540 264 543 266
548 264 554 266
554 264 563 269
556 264 567 269
559 264 569 269
562 264 572 270
565 264 575 270
568 264 578 271
571 264 581 272
613 264 614 262
616 264 617 262
619 264 619 263
621 264 622 263
624 264 625 263
531 267 534 268
537 267 540 268
540 267 543 268
542 267 546 269
545 267 549 270
548 267 555 268
551 267 560 271
554 267 563 272
556 267 567 272
559 267 569 272
562 267 572 273
565 267 575 273
568 267 578 273
619 267 619 265
621 267 622 266
624 267 625 266
627 267 628 266
531 270 533 271
534 270 537 271
537 270 540 271
540 270 542 273
542 270 545 273
554 270 562 274
556 270 566 275
559 270 568 275
562 270 571 275
619 270 619 268
621 270 622 268
624 270 624 268
627 270 627 268
528 273 529 273
531 273 533 273
548 273 554 274
551 273 559 276
556 273 565 278
562 273 570 278
590 273 592 280
616 273 616 271
619 273 618 271
621 273 621 271
624 273 624 271
627 273 627 271
630 273 630 272
633 273 633 272
528 275 529 276
548 275 553 277
559 275 566 280
616 275 615 274
619 275 618 274
627 275 627 274
630 275 630 275
633 275 633 275
531 278 533 279
545 278 548 277
548 278 553 280
554 278 560 281
565 278 571 283
585 278 583 281
588 278 586 281
610 278 610 277
613 278 613 277
616 278 615 277
621 278 620 277
624 278 624 277
630 278 629 277
531 281 531 282
542 281 545 279
545 281 548 279
548 281 553 283
551 281 556 284
559 281 566 286
562 281 568 286
573 281 577 284
582 281 580 284
588 281 586 284
593 281 595 286
607 281 608 280
610 281 610 280
613 281 613 280
616 281 615 280
619 281 618 280
621 281 620 280
627 281 625 280
630 281 628 280
633 281 631 280
531 284 532 284
534 284 535 284
545 284 547 283
556 284 563 289
559 284 565 289
582 284 579 286
585 284 582 285
590 284 591 289
593 284 594 289
610 284 610 283
613 284 613 283
616 284 615 283
619 284 618 284
621 284 621 284
627 284 625 284
534 287 535 287
559 287 565 292
585 287 583 291
588 287 585 291
599 287 601 286
602 287 603 286
610 287 610 286
613 287 613 286
616 287 615 286
619 287 619 287
621 287 621 287
627 287 625 287
630 287 630 287
633 287 632 286
641 287 641 287
531 290 532 290
537 290 538 289
540 290 541 289
548 290 549 289
565 290 569 293
576 290 574 292
590 290 597 288
596 290 598 291
599 290 600 289
602 290 603 289
604 290 606 289
610 290 612 289
616 290 616 290
621 290 620 291
624 290 623 290
630 290 630 289
638 290 638 289
545 292 547 292
548 292 549 292
554 292 556 295
568 292 570 296
585 292 585 294
588 292 588 294
590 292 591 294
593 292 594 294
596 292 597 294
599 292 600 293
602 292 603 294
604 292 605 292
616 292 615 292
619 292 618 293
621 292 621 293
624 292 623 293
630 292 630 292
633 292 632 291
638 292 638 291
644 292 642 291
647 292 647 292
531 295 529 296
534 295 532 296
537 295 538 295
542 295 544 296
545 295 547 295
559 295 562 298
562 295 565 298
565 295 568 299
568 295 570 299
573 295 574 297
576 295 576 297
579 295 579 297
582 295 582 297
585 295 585 297
588 295 588 297
590 295 591 296
593 295 594 296
596 295 596 296
599 295 600 296
607 295 608 295
613 295 612 296
616 295 615 296
619 295 618 295
621 295 621 295
624 295 623 295
627 295 627 295
630 295 630 295
635 295 633 294
647 295 646 295
528 298 528 299
554 298 555 300
556 298 558 300
562 298 565 301
565 298 567 301
568 298 569 302
573 298 573 300
576 298 576 300
579 298 579 300
582 298 582 300
585 298 585 300
588 298 588 299
590 298 590 299
593 298 594 299
596 298 597 299
602 298 602 299
610 298 611 298
616 298 615 298
619 298 617 298
621 298 620 298
627 298 627 298
630 298 629 298
633 298 632 298
635 298 635 298
638 298 638 298
644 298 642 297
647 298 646 297
528 301 528 301
537 301 538 300
545 301 547 302
556 301 557 303
559 301 561 304
562 301 564 304
565 301 567 304
568 301 569 304
573 301 574 303
579 301 579 303
582 301 581 303
585 301 584 302
588 301 587 302
590 301 590 302
593 301 594 302
596 301 597 302
599 301 599 301
607 301 609 301
610 301 611 301
616 301 614 300
619 301 617 300
621 301 620 301
624 301 623 301
627 301 627 301
630 301 630 301
633 301 632 301
635 301 635 301
641 301 640 300
644 301 643 300
647 301 647 301
542 304 542 303
548 304 549 304
556 304 556 304
559 304 561 306
565 304 567 307
576 304 577 306
579 304 579 306
582 304 582 306
585 304 585 305
588 304 587 305
590 304 590 305
593 304 594 305
596 304 597 305
602 304 602 304
604 304 605 304
607 304 608 304
610 304 611 304
616 304 614 303
619 304 617 303
621 304 620 304
624 304 623 304
627 304 626 304
630 304 629 304
633 304 632 304
635 304 634 304
638 304 637 303
641 304 640 303
644 304 643 303
647 304 647 304
545 306 546 307
548 306 549 307
568 306 569 309
571 306 572 309
576 306 577 309
579 306 579 308
582 306 582 309
585 306 584 309
588 306 587 308
590 306 590 308
593 306 593 308
604 306 605 307
607 306 608 307
610 306 611 307
613 306 614 307
616 306 616 308
619 306 620 307
624 306 624 307
627 306 627 307
630 306 629 307
633 306 632 307
638 306 637 306
641 306 640 306
644 306 643 306
647 306 647 306
548 309 548 310
559 309 560 310
565 309 567 311
568 309 569 311
571 309 572 311
576 309 577 311
579 309 579 311
582 309 582 312
585 309 584 312
588 309 587 311
590 309 590 311
593 309 593 311
596 309 596 311
599 309 598 311
602 309 602 310
604 309 605 311
607 309 608 310
610 309 610 310
613 309 613 310
616 309 616 310
619 309 619 310
621 309 622 309
627 309 626 309
630 309 629 309
633 309 632 309
638 309 637 309
641 309 640 309
644 309 643 309
647 309 646 309
562 312 563 313
565 312 566 313
568 312 569 313
571 312 572 314
576 312 576 314
579 312 579 314
582 312 582 314
585 312 584 314
588 312 587 314
590 312 590 314
593 312 592 313
596 312 595 314
602 312 601 313
604 312 605 313
607 312 607 313
613 312 613 313
616 312 616 313
619 312 619 313
621 312 622 313
627 312 626 312
635 312 635 312
638 312 637 312
641 312 639 312
644 312 643 312
647 312 647 312
559 315 559 315
562 315 563 316
565 315 567 316
568 315 570 316
571 315 572 316
599 315 598 315
602 315 601 315
604 315 604 316
607 315 607 315
610 315 610 315
613 315 613 315
616 315 616 315
619 315 619 315
630 315 629 314
633 315 632 315
635 315 635 315
638 315 638 315
641 315 640 315
644 315 643 315
647 315 646 315
