354 149 364 151
359 149 354 149
333 154 345 153
302 160 302 164
312 160 317 158
328 160 339 159
333 160 343 159
359 160 354 158
302 165 301 169
333 165 344 164
359 165 353 163
364 165 380 164
369 165 392 170
333 170 344 168
364 170 379 170
265 175 266 194
312 175 355 170
323 175 366 170
338 175 381 176
271 180 281 173
312 180 359 175
317 180 365 175
323 180 368 175
338 180 381 180
385 180 387 176
390 180 391 175
395 180 395 175
323 186 370 185
328 186 375 186
333 186 379 186
369 186 387 180
390 186 391 180
281 191 296 185
286 191 306 190
291 191 312 190
338 191 381 189
343 191 385 190
369 191 386 185
317 196 359 191
323 196 364 196
333 196 376 195
401 196 401 191
406 196 406 191
260 201 270 206
265 201 276 205
286 201 302 201
328 201 369 201
333 201 375 200
338 201 380 197
343 201 385 197
406 201 406 195
411 201 411 196
260 206 270 211
276 206 286 206
307 206 345 202
317 206 359 202
323 206 365 202
333 206 374 206
338 206 379 208
369 206 396 206
406 206 406 207
411 206 411 201
255 212 265 215
260 212 270 216
265 212 274 211
271 212 279 212
291 212 297 216
323 212 365 207
328 212 369 207
349 212 385 212
411 212 411 207
265 217 273 217
276 217 286 217
281 217 291 217
302 217 338 216
317 217 359 213
323 217 364 213
328 217 369 213
359 217 390 217
411 217 407 218
416 217 411 217
260 222 270 226
265 222 274 221
276 222 281 221
281 222 291 221
333 222 369 221
338 222 374 222
395 222 395 195
411 222 405 223
416 222 410 223
271 227 274 225
276 227 287 225
281 227 291 226
312 227 353 224
317 227 358 223
328 227 365 223
333 227 370 226
338 227 374 227
343 227 379 228
354 227 385 223
364 227 392 226
369 227 396 226
375 227 396 223
411 227 405 228
276 232 286 231
281 232 292 231
307 232 348 228
312 232 353 228
323 232 359 228
328 232 364 232
333 232 370 232
364 232 391 231
276 238 286 235
281 238 291 236
291 238 333 233
307 238 348 233
312 238 354 234
323 238 359 233
328 238 365 237
333 238 370 237
338 238 374 234
354 238 384 234
369 238 395 235
375 238 399 234
411 238 406 234
276 243 286 241
281 243 290 241
291 243 328 243
302 243 343 239
307 243 348 239
312 243 354 239
317 243 358 239
349 243 380 242
359 243 386 242
364 243 390 242
369 243 395 243
411 243 405 239
281 248 290 246
286 248 296 254
302 248 343 244
307 248 348 244
312 248 353 244
317 248 358 243
323 248 362 244
338 248 374 247
349 248 381 248
401 248 395 254
416 248 411 248
307 253 349 249
312 253 354 250
317 253 358 249
333 253 370 250
338 253 374 253
349 253 380 252
354 253 384 251
401 253 394 260
291 258 328 259
312 258 354 255
333 258 370 258
338 258 374 258
349 258 380 258
354 258 383 255
364 258 391 256
276 264 300 269
286 264 317 263
291 264 326 263
297 264 332 263
333 264 371 265
338 264 374 263
354 264 383 260
364 264 390 261
390 264 389 264
291 269 323 268
297 269 332 268
312 269 354 266
317 269 358 266
323 269 363 264
349 269 380 265
359 269 385 266
390 269 389 269
416 269 417 268
291 274 324 274
297 274 332 273
302 274 341 272
317 274 357 271
323 274 362 270
328 274 367 270
338 274 374 269
359 274 385 271
390 274 390 275
411 274 411 274
416 274 416 274
291 279 325 278
297 279 332 279
302 279 342 279
307 279 347 279
312 279 352 276
317 279 357 279
385 279 388 280
395 279 395 280
286 284 317 284
291 284 323 285
297 284 333 284
302 284 338 285
307 284 343 285
317 284 354 284
323 284 360 284
328 284 364 286
333 284 368 287
380 284 384 286
385 284 389 285
390 284 393 285
401 284 400 284
406 284 406 284
411 284 411 284
291 290 323 290
297 290 332 290
302 290 338 289
307 290 344 289
312 290 350 289
317 290 354 290
323 290 359 290
328 290 363 290
369 290 374 291
385 290 389 291
390 290 394 291
395 290 398 291
406 290 407 290
411 290 411 290
416 290 416 290
307 295 344 296
312 295 349 296
317 295 354 296
323 295 357 295
328 295 352 305
333 295 358 306
385 295 389 295
390 295 394 295
395 295 399 295
401 295 403 296
411 295 411 296
416 295 416 296
323 300 357 301
349 300 362 300
359 300 369 302
375 300 379 302
380 300 385 300
390 300 394 300
395 300 399 300
401 300 404 300
411 300 411 300
416 300 416 300
302 305 317 307
349 305 363 306
359 305 369 306
369 305 374 306
375 305 380 306
380 305 385 305
385 305 390 305
390 305 394 306
395 305 399 306
401 305 404 306
416 305 416 305
297 310 306 311
338 310 348 316
343 310 352 315
369 310 375 311
375 310 380 310
380 310 385 310
385 310 390 311
390 310 394 311
395 310 399 311
401 310 405 311
406 310 409 311
411 310 414 311
416 310 419 311
421 310 425 311
437 310 436 311
359 316 363 318
364 316 369 315
369 316 375 316
375 316 380 316
380 316 385 316
385 316 389 316
390 316 394 316
395 316 399 316
401 316 405 316
406 316 410 316
411 316 415 316
416 316 420 317
421 316 426 317
442 316 442 316
307 321 310 322
312 321 314 321
317 321 319 321
323 321 325 320
328 321 332 320
349 321 352 326
359 321 364 322
364 321 369 321
375 321 380 321
380 321 385 322
385 321 389 322
390 321 394 321
395 321 399 321
401 321 405 322
411 321 415 322
416 321 421 322
302 326 304 326
307 326 310 327
312 326 314 326
323 326 325 326
328 326 331 326
333 326 336 326
354 326 359 327
359 326 364 326
369 326 374 326
375 326 379 327
380 326 384 328
385 326 389 327
390 326 394 327
395 326 400 327
401 326 405 327
406 326 410 327
411 326 415 327
416 326 421 328
421 326 426 328
427 326 431 328
442 326 442 325
302 331 304 331
312 331 315 330
328 331 330 331
333 331 335 331
338 331 340 331
349 331 354 331
359 331 364 331
369 331 374 331
375 331 380 332
380 331 385 332
385 331 389 332
390 331 394 331
395 331 400 332
401 331 405 332
406 331 410 332
411 331 416 332
416 331 421 333
421 331 426 333
427 331 431 333
432 331 437 333
442 331 442 329
302 336 301 337
307 336 309 336
312 336 315 336
317 336 319 336
323 336 325 336
328 336 330 337
333 336 335 337
343 336 345 338
359 336 364 336
369 336 374 337
375 336 380 337
380 336 385 337
385 336 389 337
390 336 394 337
395 336 400 337
401 336 405 337
411 336 416 337
416 336 421 337
421 336 426 338
427 336 431 338
432 336 436 338
437 336 440 337
442 336 442 334
