42 111 38 110
59 129 58 128
77 129 76 128
458 129 457 126
476 129 474 126
493 129 492 128
25 146 26 146
42 146 43 145
59 146 59 144
94 146 91 145
111 146 109 145
129 146 126 145
441 146 440 144
510 146 507 144
545 146 543 144
42 163 40 163
59 163 59 163
77 163 76 163
94 163 93 162
129 163 128 163
146 163 145 163
163 163 164 162
181 163 178 162
198 163 195 162
424 163 422 161
441 163 439 161
458 163 457 160
476 163 473 162
493 163 490 162
510 163 509 162
528 163 526 162
545 163 545 162
562 163 562 161
181 181 178 179
406 181 405 178
424 181 422 179
458 181 456 178
476 181 473 179
510 181 510 178
528 181 528 178
545 181 544 178
562 181 560 178
580 181 579 179
597 181 595 179
424 198 422 196
441 198 439 196
493 198 491 197
510 198 510 195
545 198 545 195
562 198 564 196
580 198 580 196
597 198 595 196
614 198 611 195
389 215 388 213
406 215 404 214
424 215 423 214
441 215 439 214
458 215 456 214
528 215 526 213
545 215 544 213
562 215 563 212
580 215 581 213
614 215 612 212
371 233 369 232
389 233 386 231
406 233 404 231
424 233 421 230
458 233 455 231
476 233 473 232
510 233 508 229
528 233 526 230
545 233 544 231
562 233 563 229
580 233 580 230
597 233 596 229
614 233 612 230
354 250 353 249
371 250 369 250
389 250 386 249
406 250 404 249
424 250 421 248
493 250 491 249
528 250 525 247
562 250 561 247
302 267 301 265
319 267 318 267
337 267 335 266
354 267 352 266
371 267 369 267
389 267 387 267
406 267 404 267
424 267 422 266
441 267 439 266
458 267 457 266
476 267 474 266
493 267 491 265
510 267 507 265
528 267 526 265
562 267 561 264
580 267 578 265
285 285 284 284
302 285 300 283
319 285 318 284
337 285 335 284
354 285 353 284
371 285 369 283
389 285 387 283
406 285 404 284
424 285 421 284
441 285 438 284
458 285 456 282
476 285 473 283
493 285 490 283
510 285 509 284
528 285 525 282
562 285 560 281
580 285 578 281
597 285 595 283
267 302 266 301
285 302 284 300
302 302 301 301
319 302 318 302
337 302 336 301
354 302 353 301
371 302 370 301
389 302 387 301
406 302 403 300
424 302 422 301
441 302 439 300
458 302 456 300
476 302 474 300
493 302 490 300
510 302 508 300
545 302 544 298
562 302 560 298
580 302 577 299
597 302 595 300
233 319 232 319
250 319 250 319
285 319 284 318
302 319 301 318
319 319 318 318
337 319 335 318
354 319 353 319
371 319 370 319
389 319 387 318
406 319 404 318
424 319 422 318
441 319 440 318
458 319 456 317
476 319 474 318
493 319 491 318
510 319 508 317
562 319 561 316
580 319 577 317
198 337 197 336
215 337 216 336
250 337 248 336
285 337 283 335
319 337 318 335
337 337 335 334
354 337 353 335
371 337 370 335
389 337 388 336
406 337 405 336
424 337 421 335
441 337 439 335
458 337 456 335
476 337 473 335
493 337 491 335
510 337 508 334
528 337 525 333
545 337 543 334
562 337 559 333
580 337 578 333
215 354 215 353
233 354 232 353
250 354 249 353
267 354 266 352
302 354 301 352
337 354 336 353
354 354 353 353
371 354 370 352
389 354 386 352
406 354 404 352
424 354 422 353
441 354 440 353
458 354 457 353
476 354 474 352
493 354 491 352
545 354 543 351
580 354 578 351
250 371 250 369
267 371 267 369
285 371 284 369
319 371 318 370
337 371 335 369
354 371 353 370
371 371 371 370
389 371 387 370
406 371 403 369
424 371 422 369
441 371 440 370
458 371 457 370
476 371 474 369
493 371 490 370
510 371 507 369
528 371 526 369
545 371 543 369
250 389 250 386
267 389 269 386
285 389 284 386
302 389 301 387
319 389 318 386
337 389 336 386
354 389 353 388
371 389 370 386
389 389 387 387
406 389 404 386
424 389 422 387
441 389 440 386
458 389 456 388
493 389 491 386
545 389 543 386
250 406 249 405
267 406 267 405
285 406 285 405
302 406 302 405
319 406 317 402
354 406 353 404
389 406 388 404
406 406 406 405
424 406 423 405
441 406 440 405
458 406 456 404
476 406 474 404
510 406 509 403
528 406 525 403
215 424 215 421
233 424 233 423
285 424 284 424
302 424 303 424
319 424 319 421
337 424 336 422
354 424 353 421
371 424 371 421
389 424 388 421
406 424 405 421
424 424 423 422
441 424 439 421
458 424 456 422
476 424 474 420
510 424 509 421
528 424 525 420
545 424 543 420
198 441 198 439
215 441 215 442
233 441 232 442
250 441 249 440
267 441 268 442
285 441 285 442
302 441 304 442
337 441 336 438
354 441 354 438
371 441 370 439
389 441 388 439
406 441 405 438
424 441 423 438
441 441 439 439
458 441 456 438
476 441 474 439
510 441 509 438
528 441 526 437
545 441 544 437
562 441 560 437
580 441 577 437
198 458 197 458
215 458 213 462
233 458 227 464
250 458 252 461
267 458 268 459
285 458 285 461
302 458 304 459
319 458 320 457
354 458 353 456
371 458 370 455
406 458 406 455
424 458 423 455
458 458 457 456
493 458 491 455
510 458 509 455
528 458 526 454
545 458 543 455
562 458 560 454
580 458 578 456
181 476 181 475
198 476 198 475
215 476 214 476
267 476 269 476
285 476 286 477
302 476 301 476
319 476 317 476
337 476 333 476
354 476 355 475
371 476 372 474
389 476 389 474
406 476 406 474
493 476 489 474
510 476 507 473
