462 302 470 282
460 304 468 285
462 304 471 285
518 304 497 312
458 306 466 288
460 306 468 288
462 306 473 280
462 308 473 282
458 311 467 291
460 311 470 291
455 313 465 292
458 313 468 292
460 313 470 293
453 315 463 295
455 315 466 295
458 315 468 295
462 315 472 292
460 318 463 311
515 318 507 305
506 325 502 312
444 334 462 320
499 334 500 322
501 334 503 322
504 334 505 323
442 336 460 323
499 336 500 325
501 336 502 325
511 336 510 325
513 336 514 325
444 338 462 323
492 338 495 320
511 338 509 328
481 352 487 320
481 354 482 352
483 354 485 352
485 364 487 362
492 364 495 353
485 366 487 364
492 366 495 355
497 366 492 365
