528 25 519 15
545 25 536 11
580 25 570 11
614 25 594 13
389 42 365 9
406 42 386 3
441 42 428 3
476 42 463 10
510 42 499 18
597 42 578 26
614 42 594 27
649 42 631 23
666 42 650 30
267 59 235 18
389 59 367 22
406 59 388 20
424 59 407 21
441 59 426 20
458 59 444 21
476 59 462 23
510 59 499 33
528 59 514 37
562 59 540 36
580 59 558 40
614 59 594 45
632 59 612 41
371 77 348 38
389 77 367 39
406 77 385 39
441 77 425 40
458 77 443 40
476 77 461 42
493 77 478 46
510 77 496 48
562 77 541 56
580 77 560 58
597 77 577 59
614 77 592 63
632 77 613 66
337 94 308 59
354 94 328 55
371 94 350 56
389 94 367 57
406 94 385 58
493 94 477 63
510 94 495 66
528 94 513 66
545 94 531 67
597 94 575 77
614 94 592 79
632 94 612 82
649 94 630 85
302 111 271 76
319 111 291 74
337 111 309 73
354 111 329 73
371 111 347 74
389 111 367 75
406 111 386 77
424 111 404 78
441 111 422 79
458 111 440 79
476 111 459 82
493 111 477 83
510 111 494 83
528 111 512 84
545 111 530 85
562 111 547 87
597 111 575 94
614 111 593 97
632 111 612 99
649 111 628 102
319 129 291 90
337 129 310 90
354 129 328 91
371 129 347 92
389 129 367 95
406 129 385 95
424 129 403 96
441 129 423 98
458 129 439 99
476 129 458 100
493 129 476 100
510 129 494 101
528 129 511 102
545 129 528 103
597 129 574 111
614 129 594 115
632 129 611 117
285 146 252 107
302 146 271 107
319 146 291 107
337 146 310 108
354 146 328 110
371 146 349 111
389 146 367 112
406 146 385 113
424 146 403 116
441 146 421 116
458 146 439 117
476 146 457 117
493 146 475 118
510 146 493 119
528 146 510 120
545 146 529 121
580 146 555 128
597 146 572 129
632 146 610 135
285 163 252 125
302 163 271 125
319 163 290 126
337 163 308 128
354 163 326 130
371 163 348 130
389 163 366 131
406 163 384 132
424 163 402 133
441 163 421 134
458 163 439 135
476 163 457 135
493 163 476 136
510 163 493 137
528 163 511 138
580 163 556 145
597 163 573 145
614 163 594 144
632 163 609 152
267 181 233 144
285 181 252 145
302 181 271 146
319 181 289 145
337 181 307 146
354 181 328 148
371 181 347 149
389 181 365 150
406 181 383 151
424 181 401 151
441 181 420 152
458 181 439 153
476 181 456 154
493 181 474 153
510 181 492 156
528 181 510 155
562 181 543 160
597 181 571 161
614 181 593 160
233 198 194 164
267 198 232 163
285 198 251 163
302 198 269 164
319 198 288 165
337 198 309 166
354 198 327 166
371 198 346 167
389 198 364 167
406 198 382 168
424 198 401 169
441 198 419 171
458 198 438 171
476 198 456 171
493 198 474 172
510 198 491 173
528 198 509 174
545 198 524 176
580 198 560 177
597 198 578 178
215 215 175 182
233 215 193 182
250 215 215 182
267 215 231 183
285 215 252 182
319 215 289 184
337 215 307 183
354 215 326 186
371 215 345 185
389 215 364 186
406 215 382 187
424 215 400 187
441 215 418 188
458 215 437 189
476 215 456 189
493 215 473 190
510 215 490 191
528 215 508 193
545 215 524 194
580 215 557 195
597 215 576 196
215 233 174 199
233 233 194 200
250 233 213 200
267 233 231 201
285 233 250 202
302 233 270 203
319 233 288 204
337 233 307 202
354 233 325 204
371 233 344 204
389 233 365 206
406 233 382 205
424 233 400 206
441 233 419 207
458 233 437 207
476 233 455 207
493 233 472 209
510 233 490 209
528 233 507 211
545 233 524 212
562 233 542 213
580 233 559 213
215 250 176 218
233 250 194 218
250 250 212 219
285 250 250 221
302 250 268 221
319 250 287 222
337 250 308 223
354 250 326 222
371 250 343 223
389 250 360 223
406 250 383 224
424 250 401 225
441 250 418 226
458 250 437 225
476 250 455 226
545 250 523 230
562 250 540 230
580 250 558 231
285 267 251 240
302 267 268 239
319 267 286 238
337 267 306 241
354 267 324 240
371 267 343 241
389 267 361 241
406 267 378 241
441 267 417 244
458 267 436 245
476 267 453 244
493 267 471 244
528 267 503 246
545 267 523 247
580 267 554 253
614 267 589 250
632 267 605 250
285 285 249 257
302 285 266 257
319 285 278 255
337 285 304 257
354 285 325 259
389 285 360 260
406 285 378 260
424 285 395 260
441 285 416 261
458 285 433 262
476 285 451 262
493 285 469 262
510 285 488 263
528 285 503 263
545 285 522 265
580 285 553 270
614 285 588 267
632 285 605 267
267 302 231 275
285 302 245 276
302 302 257 274
337 302 299 269
354 302 322 276
371 302 340 277
389 302 360 278
406 302 378 279
424 302 396 279
458 302 432 280
476 302 451 281
493 302 469 281
510 302 487 281
545 302 521 281
597 302 572 285
614 302 588 284
632 302 605 285
250 319 212 292
267 319 229 290
285 319 243 289
302 319 259 291
319 319 276 290
337 319 295 286
354 319 317 289
371 319 339 293
389 319 358 296
424 319 395 297
441 319 413 297
458 319 431 298
476 319 449 299
510 319 487 299
562 319 534 300
597 319 571 301
614 319 588 301
632 319 605 303
250 337 211 315
285 337 242 304
302 337 260 309
319 337 275 309
337 337 295 308
354 337 331 305
389 337 354 312
406 337 372 313
424 337 392 313
441 337 411 314
476 337 450 315
510 337 486 316
528 337 506 314
562 337 534 318
580 337 553 319
597 337 570 318
614 337 587 319
632 337 603 321
267 354 224 321
285 354 262 343
302 354 260 325
319 354 275 327
337 354 294 327
354 354 317 328
371 354 335 326
389 354 352 331
406 354 367 333
424 354 387 333
441 354 410 333
458 354 426 333
476 354 449 331
493 354 469 332
510 354 488 330
528 354 505 333
580 354 552 335
597 354 569 336
614 354 586 336
632 354 602 338
250 371 209 342
267 371 223 339
302 371 279 341
319 371 292 344
337 371 312 341
371 371 333 343
389 371 351 346
406 371 372 349
424 371 392 349
441 371 409 348
458 371 427 350
476 371 444 353
493 371 467 351
528 371 494 351
545 371 513 352
580 371 552 352
597 371 569 352
614 371 584 355
632 371 601 356
267 389 226 362
285 389 243 362
302 389 279 375
319 389 297 375
337 389 315 360
371 389 332 361
389 389 361 369
424 389 391 363
441 389 412 367
510 389 474 379
528 389 494 369
545 389 513 370
562 389 532 368
597 389 568 370
614 389 585 371
632 389 599 373
267 406 229 381
285 406 244 380
302 406 262 380
319 406 296 391
371 406 336 381
389 406 361 387
406 406 376 385
424 406 394 385
441 406 414 384
476 406 440 385
510 406 472 396
528 406 492 386
545 406 514 386
562 406 531 385
580 406 548 385
597 406 567 386
614 406 584 388
302 424 264 400
319 424 279 398
337 424 308 400
371 424 343 401
389 424 359 403
406 424 377 401
424 424 393 401
441 424 412 399
458 424 430 403
510 424 470 414
528 424 492 406
545 424 513 403
597 424 562 402
614 424 580 405
337 441 297 416
371 441 333 418
389 441 352 417
406 441 379 420
424 441 393 420
441 441 412 416
476 441 441 421
545 441 512 422
371 458 334 434
389 458 350 434
406 458 366 432
424 458 392 436
441 458 410 438
476 458 440 436
493 458 454 439
528 458 491 441
406 476 361 449
424 476 382 450
441 476 411 452
458 476 429 453
493 476 451 455
