537 225 566 218
540 225 569 218
540 230 561 225
565 233 590 225
559 239 584 230
548 244 574 240
540 247 568 242
542 247 570 242
545 247 573 243
540 250 568 244
542 250 570 245
542 258 563 250
554 258 573 254
534 261 555 252
537 261 558 253
542 261 564 254
545 261 567 257
551 261 573 257
531 264 551 255
534 264 555 255
537 264 558 256
540 264 561 256
542 264 563 256
534 267 554 258
537 267 557 258
540 267 561 259
542 267 564 260
545 267 566 260
542 270 564 263
545 270 568 266
548 270 572 266
551 270 574 266
537 273 560 265
545 273 568 269
548 273 572 269
619 273 629 274
621 273 631 274
540 275 563 268
542 275 566 269
624 275 634 275
627 275 636 275
630 275 641 275
624 278 633 278
627 278 636 278
630 278 642 278
633 278 645 278
607 281 619 279
616 281 627 281
624 281 633 280
627 281 636 281
630 281 640 281
568 284 583 273
604 284 615 281
607 284 618 282
610 284 621 283
613 284 625 283
616 284 627 284
548 287 571 275
610 287 621 286
613 287 624 286
616 287 626 286
624 287 633 286
633 287 643 284
537 290 561 280
548 290 572 279
579 290 594 289
582 290 597 289
602 290 615 286
610 290 621 288
613 290 623 289
616 290 626 288
624 290 633 289
633 290 642 289
635 290 644 289
537 292 561 283
540 292 564 283
542 292 567 283
579 292 594 292
582 292 597 292
585 292 600 292
588 292 602 292
590 292 605 292
607 292 618 291
610 292 621 291
613 292 624 291
616 292 626 292
537 295 562 286
579 295 594 295
582 295 597 295
585 295 599 295
590 295 605 295
610 295 620 294
613 295 623 294
635 295 645 293
542 298 566 286
548 298 570 290
579 298 594 298
582 298 597 299
585 298 599 298
588 298 602 298
602 298 614 297
607 298 620 297
633 298 641 297
548 301 570 294
551 301 572 293
576 301 592 301
582 301 597 301
585 301 599 301
588 301 602 301
590 301 604 301
599 301 612 300
602 301 614 300
616 301 626 301
621 301 629 297
633 301 642 299
551 304 572 296
571 304 587 301
573 304 590 304
576 304 592 305
579 304 595 305
585 304 600 304
588 304 602 303
593 304 607 303
596 304 610 303
602 304 615 303
604 304 617 303
607 304 620 304
621 304 632 304
624 304 635 302
633 304 641 302
635 304 644 302
556 306 575 302
559 306 578 302
562 306 580 303
565 306 583 304
571 306 587 307
573 306 590 307
576 306 592 308
579 306 595 308
582 306 598 308
585 306 601 308
590 306 604 306
593 306 607 306
596 306 609 306
602 306 614 306
604 306 617 306
607 306 619 306
613 306 622 304
633 306 641 305
635 306 644 305
644 306 647 305
571 309 587 309
573 309 589 310
576 309 591 311
579 309 594 311
582 309 597 311
590 309 604 309
593 309 607 309
599 309 611 308
602 309 614 308
604 309 617 308
607 309 619 309
613 309 622 307
619 309 629 309
621 309 631 309
627 309 637 308
633 309 641 308
556 312 563 298
559 312 576 310
571 312 586 312
573 312 589 312
576 312 592 313
593 312 606 312
596 312 609 312
602 312 614 311
604 312 617 311
607 312 619 311
613 312 622 310
621 312 631 312
624 312 634 312
633 312 640 311
565 315 580 314
568 315 583 315
576 315 592 315
582 315 598 314
585 315 601 315
590 315 604 315
593 315 606 315
596 315 609 315
602 315 614 315
604 315 617 315
607 315 620 315
613 315 625 315
616 315 627 315
621 315 632 315
624 315 634 315
627 315 637 315
633 315 640 315
