556 225 576 224
548 227 565 226
551 227 570 224
542 230 562 227
548 230 565 229
551 230 568 229
545 236 567 232
573 253 592 255
537 258 548 255
537 261 548 258
537 264 548 261
540 264 550 261
542 264 556 264
537 267 547 264
540 267 551 264
616 267 630 270
537 270 548 267
616 270 630 272
534 273 546 270
537 273 550 269
619 273 632 274
534 275 547 272
542 275 556 269
554 275 564 272
616 275 630 277
619 275 632 276
627 275 639 276
571 278 581 272
616 278 630 279
627 278 639 278
568 281 579 275
571 281 582 276
619 281 633 281
624 281 639 281
627 281 641 281
633 281 644 280
542 284 559 275
568 284 578 278
596 284 611 278
540 287 556 280
542 287 562 280
545 287 562 278
548 287 567 278
551 287 571 278
602 287 616 284
604 287 619 284
540 290 556 284
545 290 564 281
548 290 567 281
551 290 571 281
554 290 573 281
579 290 595 287
582 290 598 287
585 290 601 286
602 290 616 287
604 290 618 287
610 290 622 287
619 290 630 289
633 290 644 290
635 290 647 290
542 292 558 287
545 292 564 284
548 292 567 284
559 292 573 283
576 292 592 292
579 292 595 290
582 292 597 290
585 292 601 290
607 292 621 290
610 292 623 290
633 292 644 293
548 295 567 288
576 295 592 295
579 295 594 293
582 295 597 295
585 295 600 295
590 295 604 295
599 295 613 294
604 295 618 293
607 295 621 293
616 295 628 294
619 295 630 293
537 298 555 289
551 298 568 293
554 298 569 289
573 298 590 298
576 298 592 298
582 298 597 298
588 298 602 298
590 298 605 298
593 298 608 297
596 298 610 296
599 298 613 296
602 298 615 296
604 298 618 297
607 298 621 297
616 298 629 298
624 298 635 298
537 301 555 291
540 301 558 291
551 301 567 295
554 301 570 292
576 301 592 301
579 301 595 300
585 301 600 301
590 301 605 300
593 301 608 299
596 301 611 299
599 301 613 299
602 301 616 299
604 301 618 300
607 301 621 299
610 301 624 299
616 301 629 301
621 301 632 301
534 304 553 294
537 304 555 294
540 304 558 295
551 304 567 298
554 304 570 297
556 304 573 296
562 304 578 301
565 304 581 301
571 304 586 301
573 304 587 304
576 304 592 304
579 304 595 304
585 304 600 304
596 304 611 303
599 304 613 302
602 304 616 302
604 304 618 302
607 304 621 304
610 304 624 304
613 304 626 304
616 304 629 304
624 304 634 302
551 306 568 301
556 306 572 303
559 306 575 304
562 306 578 304
565 306 581 305
568 306 583 304
576 306 591 307
582 306 596 307
585 306 599 307
588 306 602 307
593 306 609 306
604 306 619 306
613 306 627 307
624 306 635 307
559 309 575 307
562 309 578 307
565 309 580 308
568 309 583 307
573 309 588 310
576 309 592 309
582 309 596 311
585 309 599 310
590 309 604 309
593 309 607 307
599 309 613 308
602 309 616 308
607 309 621 309
610 309 623 309
613 309 627 310
616 309 630 310
624 309 635 309
627 309 638 309
633 309 640 309
562 312 578 310
573 312 587 313
576 312 590 313
579 312 592 313
582 312 598 313
585 312 602 313
590 312 604 312
593 312 607 312
596 312 610 312
599 312 613 312
602 312 615 312
604 312 618 312
610 312 623 312
613 312 626 312
616 312 630 313
621 312 632 312
624 312 635 312
627 312 637 312
630 312 640 312
633 312 644 312
635 312 646 312
573 315 587 315
576 315 589 316
579 315 592 316
582 315 595 315
585 315 602 315
590 315 604 315
604 315 618 315
607 315 621 315
610 315 623 315
613 315 626 315
619 315 630 315
621 315 632 315
624 315 635 315
627 315 637 315
630 315 640 315
633 315 643 315
635 315 647 315
