430 217 429 216
451 217 451 217
474 217 459 217
477 217 485 217
432 219 432 224
469 219 466 219
474 219 472 219
477 219 475 219
501 219 488 219
430 222 430 220
435 222 435 228
477 222 475 222
496 222 483 222
498 222 485 222
501 222 487 221
503 222 490 222
506 222 493 221
435 224 435 230
461 224 461 219
464 224 464 222
461 227 461 224
464 227 463 224
488 227 493 227
496 227 504 226
498 227 506 226
511 227 511 227
514 227 525 230
519 227 517 227
522 227 519 227
443 230 440 232
511 230 511 230
514 230 525 232
517 230 527 233
522 230 525 227
527 230 532 230
443 232 440 235
501 232 508 233
514 232 525 235
519 232 517 230
522 232 520 230
432 235 432 232
443 235 440 237
519 235 517 233
522 235 520 233
530 235 530 232
430 238 430 235
432 238 432 235
464 238 463 232
480 238 475 233
496 238 485 235
530 238 528 235
430 240 429 240
432 240 432 240
474 240 469 235
482 240 476 234
527 240 525 237
530 240 528 238
535 240 536 238
538 240 538 238
430 243 429 243
432 243 432 243
474 243 475 238
477 243 477 238
480 243 480 238
501 243 501 238
506 243 501 236
511 243 511 235
530 243 528 240
533 243 533 243
535 243 535 243
448 246 451 241
464 246 464 241
467 246 466 241
477 246 477 241
480 246 480 241
501 246 498 240
503 246 501 240
506 246 503 240
445 248 447 244
448 248 450 243
461 248 461 243
464 248 464 243
469 248 469 244
501 248 498 243
503 248 501 243
506 248 503 243
509 248 506 243
459 251 459 248
461 251 461 248
464 251 464 248
469 251 469 246
474 251 474 246
477 251 477 246
480 251 480 246
482 251 483 247
485 251 485 247
488 251 488 246
490 251 491 246
501 251 498 246
503 251 500 246
506 251 503 246
509 251 506 246
511 251 514 248
514 251 516 248
517 251 519 248
519 251 522 248
451 254 448 254
459 254 458 251
472 254 471 249
477 254 477 249
480 254 480 249
488 254 488 249
493 254 493 249
496 254 496 249
498 254 498 249
503 254 501 249
506 254 503 249
509 254 506 249
511 254 514 250
514 254 516 251
517 254 519 251
519 254 522 251
451 256 451 254
453 256 453 254
456 256 455 253
459 256 458 253
461 256 461 252
464 256 464 251
472 256 471 252
477 256 477 252
480 256 479 252
482 256 482 252
485 256 485 252
488 256 488 252
496 256 495 252
503 256 502 251
506 256 504 251
511 256 514 253
514 256 517 254
517 256 519 253
519 256 522 253
453 259 453 256
461 259 461 254
467 259 466 254
469 259 469 254
474 259 472 256
477 259 475 256
480 259 479 255
482 259 482 254
485 259 485 254
488 259 488 254
493 259 492 254
496 259 495 254
503 259 503 254
509 259 509 256
511 259 512 256
514 259 516 257
517 259 519 258
519 259 522 256
430 261 429 254
448 261 445 260
451 261 448 259
453 261 453 259
461 261 460 256
464 261 464 256
467 261 467 257
469 261 470 257
474 261 472 259
477 261 475 258
480 261 477 259
482 261 482 257
485 261 485 257
488 261 487 257
490 261 490 257
493 261 492 257
496 261 495 257
498 261 498 257
501 261 500 257
506 261 506 257
511 261 512 258
514 261 516 261
517 261 519 261
453 264 453 262
456 264 456 261
459 264 458 261
461 264 460 261
467 264 466 259
469 264 470 259
480 264 479 259
482 264 482 259
488 264 487 260
493 264 492 260
498 264 497 261
501 264 500 259
503 264 503 259
506 264 506 260
509 264 508 259
511 264 512 261
456 267 456 264
459 267 459 264
461 267 460 264
464 267 463 264
467 267 466 262
472 267 471 262
480 267 479 264
488 267 487 263
493 267 493 263
498 267 498 264
501 267 500 262
503 267 503 262
506 267 505 262
509 267 508 262
511 267 512 264
448 269 445 265
461 269 461 267
464 269 464 266
472 269 471 265
474 269 474 265
488 269 486 267
490 269 489 266
493 269 492 267
501 269 500 264
503 269 503 265
506 269 505 267
509 269 509 267
511 269 512 266
517 269 514 262
535 269 535 251
538 269 538 250
448 272 445 267
461 272 461 269
474 272 474 267
482 272 480 270
488 272 486 270
490 272 488 270
493 272 491 270
496 272 494 270
501 272 500 267
503 272 503 268
509 272 509 270
514 272 514 269
525 272 522 262
533 272 532 254
535 272 535 254
538 272 538 253
448 275 445 270
451 275 448 270
453 275 451 269
461 275 461 271
464 275 464 272
467 275 466 270
472 275 471 270
474 275 474 270
477 275 477 269
480 275 477 272
482 275 479 273
485 275 482 275
490 275 488 273
493 275 491 273
496 275 493 273
503 275 503 272
522 275 519 264
538 275 538 278
448 277 446 272
451 277 449 272
453 277 451 272
459 277 458 273
464 277 464 274
467 277 467 274
477 277 477 275
480 277 480 275
496 277 495 272
501 277 500 272
503 277 503 275
506 277 505 275
509 277 509 271
514 277 514 271
527 277 525 272
538 277 538 280
432 280 432 275
451 280 451 278
456 280 455 275
459 280 458 275
464 280 464 276
469 280 469 275
480 280 480 278
490 280 489 277
498 280 496 277
501 280 500 277
509 280 508 277
511 280 511 277
517 280 516 274
519 280 519 278
525 280 522 277
527 280 524 278
430 283 430 278
432 283 432 277
448 283 448 282
451 283 451 281
456 283 455 277
459 283 458 278
469 283 469 279
474 283 474 278
490 283 490 280
493 283 492 279
496 283 495 279
503 283 503 280
506 283 505 278
522 283 520 280
525 283 522 280
527 283 524 281
538 283 538 283
435 285 435 280
437 285 437 280
448 285 448 285
456 285 455 280
459 285 459 280
461 285 461 281
464 285 464 281
474 285 472 280
477 285 475 280
480 285 477 281
485 285 485 282
488 285 488 283
493 285 493 282
522 285 520 283
525 285 522 283
527 285 524 283
535 285 534 284
538 285 538 286
432 288 432 280
456 288 454 285
472 288 472 283
482 288 480 283
496 288 495 283
498 288 498 282
501 288 500 282
503 288 503 283
509 288 508 283
511 288 511 283
514 288 514 282
517 288 517 282
535 288 535 290
538 288 538 290
430 290 430 283
432 290 433 283
461 290 458 285
464 290 461 285
469 290 469 285
482 290 482 286
485 290 485 286
490 290 490 286
501 290 501 285
503 290 503 285
509 290 509 286
511 290 512 286
517 290 517 285
519 290 520 285
533 290 532 293
535 290 535 293
538 290 538 293
461 293 458 288
464 293 461 288
474 293 471 287
477 293 474 288
482 293 482 288
485 293 484 289
488 293 488 289
493 293 493 289
496 293 495 288
503 293 504 288
509 293 509 288
511 293 511 290
514 293 514 290
517 293 517 288
533 293 533 296
535 293 535 296
472 296 467 290
474 296 471 290
490 296 492 292
496 296 495 292
498 296 498 291
511 296 511 293
519 296 519 291
522 296 522 290
538 296 538 269
445 298 446 288
469 298 464 292
472 298 466 293
474 298 469 293
477 298 472 293
480 298 475 294
482 298 480 293
485 298 482 293
498 298 499 293
506 298 506 297
509 298 509 296
514 298 514 293
517 298 516 294
525 298 517 306
453 301 453 293
467 301 461 299
469 301 464 295
472 301 467 296
485 301 482 295
488 301 484 295
498 301 501 296
506 301 506 298
509 301 509 298
514 301 514 296
525 301 516 309
538 301 538 299
430 304 429 302
451 304 451 296
453 304 453 295
467 304 461 302
488 304 485 298
496 304 496 298
503 304 503 301
506 304 506 300
511 304 508 301
525 304 515 312
538 304 538 301
430 306 429 304
453 306 453 298
482 306 480 301
485 306 483 300
488 306 485 300
490 306 488 301
493 306 490 301
503 306 503 303
506 306 506 303
527 306 524 298
538 306 538 304
430 309 429 306
443 309 440 303
453 309 454 301
456 309 456 301
459 309 459 301
467 309 474 316
485 309 482 309
488 309 485 309
490 309 488 304
430 312 430 309
443 312 440 306
445 312 442 307
456 312 456 304
480 312 480 312
482 312 483 311
488 312 485 312
493 312 490 308
496 312 492 308
430 314 430 311
440 314 436 309
456 314 456 306
480 314 480 314
506 314 508 303
509 314 511 303
530 314 532 312
430 317 429 315
445 317 445 315
451 317 451 315
453 317 453 315
496 317 492 314
498 317 495 314
509 317 512 306
527 317 530 315
538 317 538 307
430 320 430 317
448 320 448 318
451 320 451 318
501 320 503 311
503 320 501 319
527 320 530 317
451 322 450 322
453 322 454 322
459 322 461 322
480 322 477 317
488 322 483 322
496 322 491 322
498 322 496 321
501 322 498 321
519 322 516 319
525 322 527 322
538 322 538 322
440 325 477 324
451 325 450 325
453 325 453 325
456 325 458 324
459 325 461 325
461 325 459 319
467 325 469 324
469 325 472 324
472 325 475 324
485 325 480 325
488 325 482 325
490 325 485 325
493 325 488 325
496 325 491 325
498 325 493 325
501 325 498 324
509 325 510 325
514 325 514 325
517 325 517 325
519 325 519 325
522 325 522 324
525 325 528 324
538 325 538 324
430 327 430 327
432 327 435 327
437 327 438 327
448 327 440 327
451 327 443 327
453 327 453 328
456 327 458 328
459 327 461 328
467 327 469 327
482 327 477 327
485 327 479 328
488 327 482 328
493 327 487 327
496 327 490 327
498 327 493 327
501 327 498 327
514 327 514 327
517 327 516 327
519 327 519 327
522 327 522 327
525 327 525 327
533 327 530 327
535 327 533 327
538 327 538 327
