0.9837446212768555 -0.1771087050437927 -0.0296492800116539 -0.07808750122785568 
0.178855299949646 0.981113612651825 0.07366777211427689 -0.05600585043430328 
0.01604212075471878 -0.07777320593595505 0.9968420267105103 -0.7812009453773499 
0 0 0 1 

0.975013256072998 -0.2041385471820831 -0.08761537820100784 -0.03964999690651894 
0.2128140926361084 0.971451461315155 0.1048429757356644 -0.06588751822710037 
0.06371152400970459 -0.1208691298961639 0.9906217455863953 -0.7628962993621826 
0 0 0 1 

0.9618567824363708 -0.2456838190555573 -0.1202947273850441 -0.04124989733099937 
0.2554353177547455 0.9640249609947205 0.07354312390089035 -0.06151548773050308 
0.09789872914552689 -0.1014655157923698 0.9900103807449341 -0.7395839691162109 
0 0 0 1 

0.9445128440856934 -0.3261751532554626 -0.03879667446017265 0.002648809226229787 
0.3252390027046204 0.9121269583702087 0.2494870126247406 -0.1326824873685837 
-0.04598907008767128 -0.2482618689537048 0.9676006436347961 -0.6581072807312012 
0 0 0 1 

0.9276423454284668 -0.372209757566452 -0.0306519977748394 -0.01140058599412441 
0.3589025437831879 0.8657532930374146 0.3487981259822845 -0.1524401009082794 
-0.1032890230417252 -0.3345609605312347 0.936696469783783 -0.6326360106468201 
0 0 0 1 

0.9812060594558716 -0.172031506896019 -0.08740591257810593 0.009328919462859631 
0.1926042586565018 0.9007460474967957 0.3893070220947266 -0.1501242965459824 
0.01175737380981445 -0.3988251686096191 0.9169515371322632 -0.5992147922515869 
0 0 0 1 

0.9780871272087097 -0.2027354538440704 0.04736897721886635 -0.05608529597520828 
0.1799878776073456 0.9377467632293701 0.2970441579818726 -0.1439899057149887 
-0.1046415269374847 -0.2820092439651489 0.9536880254745483 -0.6139933466911316 
0 0 0 1 

0.9676543474197388 -0.2428746223449707 0.06824189424514771 -0.06406858563423157 
0.2089201509952545 0.9230943918228149 0.3228762447834015 -0.1690364629030228 
-0.1414121836423874 -0.2981754839420319 0.9439777135848999 -0.6061933636665344 
0 0 0 1 

0.9715589880943298 -0.2047713249921799 0.1189193055033684 -0.1101890057325363 
0.1549795717000961 0.929568886756897 0.3344889879226685 -0.1967349648475647 
-0.1790374964475632 -0.3065456748008728 0.9348663687705994 -0.5950337648391724 
0 0 0 1 

0.9816327095031738 -0.1604877710342407 0.1031544283032417 -0.1270967870950699 
0.1223256215453148 0.9443928599357605 0.3052187263965607 -0.2115624845027924 
-0.1464021950960159 -0.2869942486286163 0.9466787576675415 -0.592863142490387 
0 0 0 1 

