596 208 596 204
604 208 604 207
562 211 574 207
588 211 580 205
604 211 605 210
545 213 543 213
602 213 602 207
534 216 533 215
540 216 539 215
599 216 601 216
604 216 604 214
593 222 557 223
571 230 589 212
559 236 577 214
556 239 574 216
559 239 576 217
545 242 580 217
607 242 604 223
610 242 615 249
579 244 591 224
596 244 597 247
613 244 619 256
531 247 553 233
596 247 597 250
616 247 616 252
554 253 572 225
593 258 547 259
616 258 609 260
621 258 618 259
624 258 621 259
573 261 580 229
619 261 611 262
621 261 615 262
624 261 621 262
627 261 627 262
619 264 612 264
621 264 615 265
624 264 617 265
627 264 627 265
619 267 611 267
621 267 616 268
630 267 629 266
588 270 590 261
616 270 611 270
619 270 614 271
621 270 616 270
624 270 620 271
630 270 628 268
633 270 632 268
562 273 575 257
576 273 573 244
619 273 614 273
621 273 616 274
627 273 625 275
630 273 629 275
633 273 635 273
638 273 638 271
528 275 540 265
556 275 568 258
635 275 637 276
559 278 571 262
635 278 636 279
638 278 639 279
641 281 642 282
548 284 557 273
610 284 598 275
613 284 601 275
630 284 630 287
607 287 594 277
613 287 601 278
641 287 642 286
644 287 645 287
556 290 570 278
585 290 546 293
588 290 601 271
616 290 604 278
641 290 643 289
644 290 645 289
647 290 647 289
548 292 555 276
607 292 597 284
635 292 629 290
647 292 648 292
551 295 557 277
576 295 575 284
548 298 554 279
551 298 556 279
596 298 605 294
610 298 599 291
641 298 638 294
534 301 555 291
599 301 610 301
534 304 552 293
537 304 555 293
540 304 558 294
556 304 573 297
565 304 580 294
576 304 591 299
585 304 597 300
647 304 647 299
545 306 561 296
562 306 577 299
573 306 588 302
576 306 590 302
582 306 595 302
585 306 597 302
588 306 600 303
647 306 647 302
548 309 564 299
554 309 569 300
562 309 576 304
568 309 581 306
573 309 588 304
576 309 590 305
582 309 594 305
585 309 597 305
588 309 600 306
590 309 602 305
551 312 564 301
562 312 576 307
565 312 578 307
568 312 581 309
571 312 586 305
582 312 594 309
585 312 597 309
590 312 603 308
599 312 609 309
616 312 621 311
621 312 627 313
633 312 633 312
559 315 577 312
562 315 576 309
565 315 578 309
573 315 587 310
576 315 589 310
593 315 605 313
596 315 608 313
633 315 636 316
