565 211 566 215
585 211 583 208
596 211 593 210
559 213 565 219
588 213 585 212
590 213 589 212
545 216 558 220
579 222 594 224
585 222 544 227
582 225 592 216
602 227 610 243
559 244 573 230
616 244 619 241
562 247 576 233
616 247 619 247
551 250 555 236
551 253 555 239
621 253 621 252
593 256 599 227
610 256 586 271
616 256 611 252
619 256 615 250
621 256 621 254
534 258 555 255
542 258 552 259
610 258 611 269
621 258 618 254
624 258 623 258
540 261 550 261
545 261 563 264
610 261 611 271
613 261 610 258
621 261 617 257
627 261 625 261
540 264 550 263
542 264 559 266
545 264 553 264
602 264 601 270
619 264 616 260
624 264 620 260
540 267 549 266
548 267 557 266
596 267 580 279
599 267 598 273
602 267 601 273
619 267 615 266
630 267 627 266
542 270 551 268
548 270 556 268
599 270 598 276
621 270 617 269
624 270 620 270
630 270 627 271
633 270 630 270
540 273 549 271
542 273 552 271
551 273 610 276
624 273 617 272
627 273 620 273
633 273 630 275
635 273 633 275
537 275 547 273
593 275 540 265
624 275 617 276
627 275 619 277
633 275 629 279
599 278 599 279
607 278 606 278
610 278 609 278
616 278 613 279
624 278 616 279
630 278 625 281
633 278 628 281
604 281 603 281
610 281 608 282
613 281 607 271
638 281 634 283
641 281 637 284
630 284 624 285
633 284 627 285
635 284 630 286
638 284 633 286
641 284 637 286
633 287 627 288
641 290 637 290
644 290 639 290
647 290 642 290
540 292 561 293
542 292 564 293
545 292 567 293
619 292 613 296
624 292 622 296
644 292 640 293
540 295 561 296
542 295 564 296
545 295 566 297
590 295 599 302
599 295 604 300
604 295 609 302
619 295 615 299
621 295 618 300
635 295 629 295
644 295 646 305
647 295 643 295
545 298 563 286
556 298 568 287
596 298 583 296
599 298 605 303
619 298 615 302
621 298 617 303
531 301 545 295
534 301 548 294
545 301 562 289
556 301 569 291
565 301 578 292
568 301 581 292
616 301 614 305
621 301 618 306
624 301 621 307
534 304 548 296
537 304 551 297
540 304 553 297
613 304 614 309
616 304 616 309
621 304 620 309
630 304 626 307
641 304 637 303
644 304 640 304
542 306 557 302
579 306 591 311
582 306 593 312
624 306 622 311
548 309 565 309
556 309 575 308
573 309 587 314
582 309 594 314
588 309 596 312
596 309 603 314
621 309 616 311
624 309 622 314
627 309 626 314
641 309 639 310
551 312 567 313
554 312 570 314
576 312 577 308
579 312 581 309
588 312 596 315
590 312 599 316
616 312 612 314
621 312 616 315
624 312 619 316
641 312 638 312
562 315 573 315
565 315 577 315
568 315 580 315
579 315 583 316
644 315 641 315
647 315 646 314
