129 77 133 27
42 94 43 52
94 94 99 48
111 94 114 46
129 94 132 45
25 111 27 69
59 111 65 65
94 111 99 65
111 111 119 64
129 111 136 64
146 111 156 63
42 129 50 86
146 129 155 83
25 146 33 105
423 163 450 86
354 181 371 120
371 181 392 118
423 181 452 107
337 198 353 140
354 198 372 139
371 198 393 138
406 198 431 130
423 198 451 130
319 215 332 160
337 215 353 159
354 215 373 159
371 215 393 157
441 215 473 155
458 215 495 155
476 215 514 153
302 233 314 179
319 233 333 178
337 233 355 177
354 233 373 177
371 233 393 177
389 233 414 177
406 233 434 176
423 233 454 174
441 233 474 176
458 233 496 175
476 233 515 174
285 250 296 198
302 250 314 199
319 250 334 198
337 250 352 196
354 250 374 195
371 250 394 195
389 250 415 195
406 250 435 195
423 250 454 196
441 250 475 194
458 250 496 195
476 250 516 196
250 267 261 222
285 267 295 218
302 267 314 218
319 267 334 217
337 267 353 216
354 267 373 215
371 267 394 214
389 267 415 216
406 267 434 214
423 267 455 215
441 267 476 214
458 267 497 214
528 267 575 222
233 285 244 244
285 285 296 240
302 285 315 238
319 285 334 237
337 285 354 236
354 285 374 235
371 285 394 236
389 285 415 236
406 285 435 235
423 285 455 235
441 285 476 234
458 285 498 235
476 285 516 236
510 285 558 238
528 285 575 242
198 302 211 264
215 302 228 262
233 302 246 262
285 302 300 260
302 302 318 258
319 302 335 256
337 302 354 256
354 302 375 256
371 302 395 256
389 302 416 256
406 302 437 255
423 302 455 254
441 302 477 254
458 302 498 254
476 302 517 256
493 302 537 256
250 319 270 280
302 319 319 278
319 319 336 278
337 319 355 277
354 319 374 275
371 319 395 275
389 319 416 274
406 319 437 275
423 319 456 274
441 319 477 274
458 319 497 274
476 319 517 275
510 319 558 275
285 337 305 300
319 337 337 297
337 337 358 298
354 337 376 296
371 337 395 295
389 337 417 295
406 337 437 294
423 337 456 294
441 337 477 295
476 337 517 296
493 337 537 296
510 337 554 298
250 354 271 321
267 354 287 322
285 354 307 321
319 354 340 318
354 354 380 317
389 354 418 317
406 354 437 315
423 354 457 314
476 354 517 314
233 371 253 338
250 371 270 339
285 371 306 336
319 371 346 336
354 371 381 337
371 371 400 335
441 371 479 334
458 371 498 334
528 371 580 334
233 389 253 357
302 389 323 354
337 389 364 354
354 389 384 356
371 389 403 356
389 389 422 356
441 389 479 354
510 389 558 355
528 389 580 354
215 406 236 373
354 406 379 373
406 406 441 374
458 406 498 375
493 406 540 374
510 406 558 373
528 406 581 375
215 423 235 391
319 423 343 397
337 423 361 395
371 423 404 393
406 423 443 395
441 423 479 396
458 423 498 395
476 423 520 393
493 423 541 393
528 423 581 394
215 441 239 410
233 441 254 410
302 441 330 413
354 441 386 412
371 441 405 410
389 441 426 411
406 441 444 413
423 441 462 414
441 441 477 416
458 441 501 413
493 441 541 414
528 441 581 412
285 458 308 434
354 458 386 431
371 458 406 433
406 458 441 431
423 458 462 431
458 458 500 432
510 458 560 434
528 458 580 433
389 476 429 452
423 476 463 452
458 476 502 451
493 476 539 451
510 476 560 453
