480 217 484 216
482 217 488 216
488 217 494 216
503 217 512 216
506 217 522 216
533 217 534 216
538 217 538 217
480 219 486 218
482 219 489 218
488 219 495 219
490 219 529 222
506 219 523 220
530 219 533 224
506 222 524 223
448 224 461 221
490 224 531 228
496 224 502 224
498 224 505 224
496 227 502 226
517 227 495 235
527 227 525 231
467 230 448 247
469 230 431 231
517 230 496 238
467 232 449 251
488 232 501 239
490 232 516 243
514 232 493 251
522 232 503 242
535 232 534 257
538 232 538 248
456 235 456 259
467 235 462 258
522 235 504 245
527 235 521 255
530 235 525 256
530 238 526 260
533 238 529 259
474 240 484 256
514 240 523 235
533 240 530 262
445 243 442 275
514 243 523 238
430 246 430 277
432 246 432 277
469 246 472 261
501 246 499 265
514 246 502 252
533 246 533 236
535 246 535 263
480 248 467 266
496 248 494 257
498 248 477 277
514 248 502 256
430 251 429 274
498 251 497 257
501 251 499 256
496 254 495 260
535 254 529 277
469 256 510 263
480 256 449 307
493 256 492 264
443 259 444 303
474 259 466 301
530 259 531 302
535 259 535 232
538 259 538 290
482 261 475 289
509 261 498 260
538 261 538 235
435 264 436 278
501 264 463 289
509 264 498 262
517 264 519 249
472 267 453 268
498 267 508 264
514 267 517 252
451 269 435 275
464 269 444 273
514 269 517 255
453 272 439 277
464 272 445 277
430 275 429 290
430 277 430 293
432 277 433 291
506 277 524 242
430 280 430 296
432 280 434 295
459 283 482 274
461 283 485 275
467 283 488 274
496 283 448 305
533 283 535 279
490 285 487 299
509 285 526 266
514 285 509 285
490 288 487 302
533 288 531 277
488 290 492 276
493 290 491 305
511 290 527 268
517 290 511 294
432 293 430 311
435 293 434 283
437 293 437 282
477 293 483 279
482 293 490 280
498 293 518 274
501 293 522 273
527 293 525 284
533 293 531 284
430 296 430 317
488 296 471 286
506 296 498 277
511 296 526 275
519 296 511 279
525 296 521 266
535 296 534 296
509 298 523 279
522 298 507 301
535 298 534 302
488 301 471 290
496 301 512 281
519 301 504 305
522 301 507 304
498 304 492 288
511 304 514 312
514 304 518 311
514 309 505 298
517 309 508 298
533 309 535 292
535 309 532 292
511 314 494 313
437 320 433 217
530 320 532 318
517 322 523 322
538 322 538 319
430 325 430 324
538 325 538 323
432 327 432 327
472 327 438 327
480 327 453 327
482 327 455 327
485 327 458 327
514 327 499 327
517 327 524 328
