477 219 431 218
488 219 505 219
490 219 509 221
493 219 511 221
490 222 509 224
493 222 512 224
472 224 446 243
490 224 510 227
493 224 513 226
533 224 533 254
467 227 464 257
477 227 433 227
490 227 510 230
496 227 513 230
503 227 462 251
519 227 525 227
432 235 434 228
467 235 484 257
430 238 430 221
440 238 437 229
488 238 505 247
490 243 502 235
493 243 505 234
477 246 451 272
488 246 497 238
533 246 531 273
430 248 429 282
437 248 450 254
440 248 454 254
474 248 446 276
477 248 451 275
533 248 531 275
538 251 538 286
533 254 534 289
488 256 439 307
435 261 498 293
488 261 470 293
472 269 460 285
501 269 518 303
503 269 521 302
469 272 457 289
472 272 460 288
501 272 518 305
503 272 522 305
511 272 519 280
430 277 430 313
432 277 432 315
459 277 504 276
496 277 507 289
430 280 430 316
474 280 510 249
517 280 522 289
519 280 525 289
430 283 429 318
453 283 524 273
514 283 515 294
430 285 429 270
432 285 432 270
443 285 464 321
456 285 502 284
459 285 505 282
506 285 521 234
430 288 430 273
432 288 433 306
459 288 505 285
530 288 532 291
488 290 521 258
517 290 525 306
530 290 532 293
533 290 534 293
456 293 528 309
467 293 455 311
453 296 525 313
498 296 503 305
517 296 520 299
530 296 532 296
533 296 535 295
485 298 489 295
488 298 492 295
496 298 509 277
519 298 524 301
527 298 530 300
530 298 532 299
533 298 535 299
485 301 489 298
488 301 492 298
496 301 510 279
501 301 515 284
533 301 533 302
533 304 534 305
535 304 537 304
538 304 538 301
493 306 508 285
493 309 509 289
535 309 534 309
430 312 445 224
461 312 501 312
535 312 535 313
538 312 538 313
430 314 445 227
432 314 448 227
459 314 498 315
461 314 501 315
464 314 504 315
496 314 489 310
538 314 538 316
437 317 454 228
461 317 502 317
496 317 489 313
498 317 492 313
530 317 532 314
448 320 465 228
503 320 518 318
448 322 466 231
477 322 464 324
480 322 510 324
485 322 513 324
501 322 516 321
503 322 519 320
514 322 507 322
530 322 527 321
533 322 530 320
535 322 533 320
538 322 538 319
514 325 507 325
527 325 524 325
530 325 528 324
533 325 530 323
538 325 538 323
488 327 480 327
514 327 507 328
517 327 511 327
519 327 513 327
527 327 526 328
530 327 528 327
533 327 531 327
538 327 538 328
