471 236 459 231
474 236 461 231
441 239 431 232
444 239 434 232
477 239 464 234
479 239 467 233
414 241 411 238
460 241 448 234
477 241 464 236
479 241 467 236
446 244 434 237
455 244 440 237
457 244 440 240
468 244 453 236
471 244 457 236
474 244 459 240
477 244 465 240
479 244 467 239
411 247 404 247
422 247 411 244
436 247 428 240
444 247 431 241
463 247 445 240
474 247 460 243
477 247 462 243
479 247 467 242
411 250 403 249
414 250 406 249
416 250 409 247
422 250 413 246
430 250 420 244
463 250 446 245
471 250 428 249
474 250 460 245
479 250 468 244
400 252 392 253
416 252 409 249
419 252 412 249
479 252 468 247
383 255 381 259
408 255 400 256
414 255 407 255
433 255 423 246
452 255 435 249
389 258 384 259
392 258 387 259
400 258 392 260
408 258 403 259
414 258 407 260
416 258 410 261
427 258 417 249
430 258 420 249
482 258 474 262
389 261 384 262
392 261 386 263
397 261 391 264
400 261 392 264
403 261 396 263
405 261 399 263
408 261 402 263
419 261 415 266
427 261 417 252
383 263 378 265
394 263 387 266
403 263 395 266
408 263 401 266
414 263 407 266
419 263 412 263
471 263 437 263
383 266 378 267
389 266 383 268
400 266 393 269
405 266 398 269
408 266 401 269
411 266 404 269
414 266 407 268
430 266 423 267
433 266 426 266
383 269 379 270
392 269 385 269
394 269 388 270
383 272 379 273
392 272 385 272
394 272 387 273
397 272 390 272
422 272 412 269
485 272 477 270
383 274 379 276
386 274 382 276
394 274 387 275
397 274 390 276
405 274 399 275
485 274 477 272
394 277 387 278
397 277 390 278
400 277 393 278
403 277 396 278
405 277 399 278
408 277 401 277
433 277 455 257
381 280 379 281
386 280 386 298
394 280 388 281
397 280 391 281
400 280 393 281
422 280 409 272
468 280 469 276
471 280 472 276
488 280 486 286
490 280 489 286
452 282 438 272
460 282 443 271
463 282 445 271
466 282 448 271
471 282 472 278
474 282 474 278
386 285 382 286
392 285 385 284
394 285 388 284
397 285 390 283
452 285 435 274
455 285 440 274
460 285 443 273
463 285 446 274
466 285 449 274
468 285 451 274
394 288 388 287
397 288 390 287
400 288 393 287
455 288 441 276
463 288 446 276
466 288 449 277
468 288 453 276
389 291 383 292
392 291 386 291
397 291 391 289
400 291 393 290
403 291 399 288
405 291 408 291
408 291 410 291
436 291 427 274
490 291 480 298
389 293 383 295
392 293 386 295
394 293 388 292
397 293 391 292
400 293 393 293
405 293 408 294
408 293 411 294
466 293 449 279
394 296 388 295
403 296 396 297
405 296 402 297
471 296 486 297
394 299 388 298
397 299 391 300
403 299 397 300
405 299 402 300
408 299 408 299
471 299 487 300
474 299 489 300
477 299 492 300
397 302 392 303
400 302 394 303
403 302 397 303
405 302 402 303
408 302 411 302
427 302 440 302
455 302 441 282
457 302 444 282
474 302 490 303
488 302 450 301
397 304 392 307
400 304 394 306
403 304 397 306
405 304 400 306
414 304 419 305
446 304 444 296
455 304 441 285
474 304 489 306
477 304 493 306
394 307 391 309
397 307 393 309
403 307 397 309
405 307 400 309
408 307 403 309
471 307 437 314
394 310 391 312
403 310 397 311
405 310 400 312
408 310 403 312
457 310 450 296
474 310 467 289
386 313 385 314
397 313 393 315
422 313 437 316
425 313 440 315
427 313 443 316
449 313 439 325
460 313 455 298
378 315 378 316
381 315 381 316
397 315 394 317
422 315 437 318
441 315 447 304
460 315 456 301
378 318 378 318
381 318 380 318
383 318 383 318
389 318 389 318
433 318 444 307
488 318 450 321
378 321 378 321
381 321 380 321
383 321 383 321
405 321 395 320
457 321 456 309
378 324 378 324
381 324 380 324
411 324 398 322
455 324 456 315
457 324 457 312
488 324 484 312
378 326 378 327
381 326 381 327
408 326 395 325
411 326 397 325
422 326 408 328
441 326 408 317
444 326 411 316
452 326 453 317
455 326 456 317
460 326 451 332
463 326 453 332
378 329 378 330
389 329 384 329
411 329 395 328
414 329 398 327
444 329 411 320
457 329 459 320
466 329 465 328
378 332 377 332
403 332 389 329
408 332 392 331
411 332 395 331
414 332 398 331
446 332 448 332
460 332 457 332
463 332 459 332
466 332 462 332
378 335 377 335
403 335 389 331
405 335 389 334
408 335 393 334
411 335 395 334
414 335 397 334
427 335 435 335
430 335 437 335
446 335 449 335
452 335 451 335
457 335 454 335
460 335 457 335
463 335 460 334
466 335 462 335
468 335 465 335
471 335 441 335
474 335 443 335
477 335 445 333
493 335 493 323
405 337 390 337
446 337 476 337
460 337 456 337
466 337 465 337
493 337 493 337
