531 242 536 239
579 261 584 261
582 261 588 261
576 264 581 264
579 264 585 264
582 264 588 264
585 264 590 264
602 295 615 297
599 298 613 300
602 298 615 300
596 301 610 303
599 301 613 303
602 301 615 303
630 301 641 303
590 304 606 305
596 304 611 306
602 304 615 306
604 304 617 305
610 304 618 302
619 304 629 306
621 304 632 306
630 304 641 306
588 306 603 308
590 306 606 308
593 306 609 308
596 306 611 309
604 306 617 308
616 306 627 308
619 306 623 305
621 306 632 309
630 306 640 309
568 309 586 304
571 309 589 305
576 309 594 306
579 309 597 307
582 309 600 308
607 309 620 311
616 309 627 311
619 309 630 311
621 309 632 311
624 309 635 312
627 309 638 312
630 309 640 312
647 309 647 305
562 312 580 306
568 312 586 307
573 312 591 308
576 312 594 309
579 312 597 311
582 312 600 311
588 312 604 311
590 312 606 311
599 312 614 311
619 312 630 314
621 312 632 315
627 312 635 314
565 315 583 309
568 315 585 310
590 315 606 314
593 315 608 314
596 315 611 314
599 315 614 315
602 315 617 314
621 315 626 315
635 315 643 315
647 315 647 315
