559 208 557 208
562 208 561 208
565 208 564 208
554 211 549 213
556 211 552 213
565 211 557 212
568 211 560 212
537 213 537 214
545 213 544 217
571 213 563 214
573 213 566 213
588 213 577 210
528 216 528 216
545 216 543 219
571 216 563 215
590 216 581 213
528 219 528 219
531 219 530 223
534 219 532 223
585 219 574 216
588 219 577 215
531 222 530 225
534 222 532 226
542 222 537 224
562 222 555 219
565 222 558 219
568 222 560 219
571 222 563 218
573 222 566 218
582 222 572 219
585 222 575 218
588 222 578 219
593 222 586 221
562 225 555 222
568 225 561 221
571 225 564 221
573 225 567 221
579 225 570 221
582 225 573 221
585 225 575 221
588 225 578 221
593 225 586 224
559 227 552 225
565 227 558 225
571 227 564 224
573 227 567 224
582 227 572 224
585 227 575 224
588 227 578 224
545 230 540 230
562 230 555 228
571 230 556 230
573 230 566 227
576 230 569 226
585 230 575 227
588 230 578 227
531 233 529 237
551 233 546 232
559 233 557 230
573 233 567 229
576 233 570 229
579 233 573 229
531 236 529 240
542 236 538 237
545 236 541 236
562 236 546 237
565 236 550 236
568 236 553 236
593 236 587 230
531 239 530 241
540 239 538 239
565 239 552 239
593 239 587 233
531 242 530 245
534 242 533 245
540 242 536 243
545 242 544 244
551 242 550 241
571 242 566 236
528 244 530 253
573 244 570 239
604 244 596 244
548 247 547 250
573 247 571 241
582 247 578 242
585 247 582 245
588 247 585 244
528 250 531 257
542 250 541 253
548 250 547 254
551 250 552 254
573 250 570 261
585 250 582 247
593 250 590 244
596 250 593 243
585 253 582 250
576 256 576 269
588 256 587 256
590 256 590 256
596 256 593 247
599 256 599 255
604 258 590 278
627 261 627 266
531 264 531 265
559 264 556 264
528 267 528 268
534 267 533 269
551 267 538 264
554 267 541 264
556 267 544 265
559 267 557 267
610 267 605 292
531 270 531 272
551 270 538 268
554 270 541 268
556 270 544 268
559 270 547 265
633 270 634 268
551 273 539 271
554 273 542 271
556 273 545 271
559 273 547 268
633 273 635 272
635 273 639 271
599 275 588 267
627 275 631 277
630 275 633 277
633 275 636 277
635 275 639 274
638 275 642 274
627 278 631 279
630 278 634 279
635 278 639 277
638 278 642 277
585 281 565 269
610 281 625 279
627 281 630 282
630 281 633 282
633 281 636 281
635 281 639 280
638 281 642 280
528 284 528 274
531 284 530 274
635 284 639 283
638 284 642 283
528 287 528 276
531 287 530 276
638 287 641 285
644 287 645 283
528 290 528 279
531 290 531 279
537 290 536 279
551 290 547 273
554 290 550 274
573 290 573 284
576 290 576 284
630 290 632 289
644 290 645 285
528 292 528 282
534 292 533 282
551 292 547 276
559 292 562 287
568 292 571 287
576 292 576 287
579 292 579 287
633 292 637 291
644 292 644 288
537 295 536 285
551 295 548 282
559 295 561 290
565 295 567 290
571 295 571 290
582 295 581 290
588 295 587 292
590 295 591 292
604 295 611 296
531 298 537 294
551 298 548 285
554 298 550 285
556 298 563 294
562 298 560 291
582 298 580 293
585 298 584 293
599 298 605 297
602 298 608 298
613 298 616 298
534 301 539 299
537 301 543 297
540 301 545 297
545 301 551 297
548 301 546 287
551 301 548 288
554 301 551 288
556 301 565 298
559 301 568 297
565 301 574 295
573 301 576 295
596 301 603 300
599 301 605 300
602 301 608 300
610 301 614 301
616 301 625 303
540 304 547 301
542 304 551 302
548 304 557 299
554 304 562 300
559 304 568 299
562 304 571 299
565 304 575 298
568 304 577 299
579 304 588 299
593 304 601 304
616 304 626 306
542 306 550 304
545 306 554 304
551 306 559 302
554 306 562 302
556 306 565 302
559 306 569 302
562 306 571 302
565 306 574 302
568 306 577 302
571 306 580 301
573 306 583 301
576 306 586 301
627 306 634 306
641 306 643 305
644 306 646 305
542 309 549 308
545 309 554 308
548 309 557 305
551 309 560 305
554 309 563 305
556 309 566 305
559 309 569 305
562 309 571 304
565 309 574 304
568 309 577 304
571 309 580 307
573 309 584 304
576 309 585 308
579 309 588 307
582 309 591 306
588 309 596 306
613 309 618 309
621 309 623 308
641 309 643 308
644 309 646 308
545 312 554 310
551 312 559 308
554 312 563 308
556 312 566 308
559 312 569 308
562 312 571 308
565 312 574 307
568 312 577 307
571 312 580 310
579 312 588 310
582 312 591 309
585 312 594 309
610 312 616 312
616 312 620 312
627 312 631 313
630 312 634 313
633 312 637 314
638 312 643 312
644 312 646 311
551 315 560 313
554 315 563 311
556 315 566 310
559 315 569 311
565 315 575 310
568 315 577 313
571 315 579 313
573 315 580 315
579 315 589 315
582 315 591 315
585 315 594 311
588 315 596 313
593 315 600 312
596 315 604 312
610 315 617 315
613 315 619 315
619 315 624 315
621 315 626 315
624 315 629 316
638 315 643 315
644 315 646 315
