0.984639585018158 -0.113459624350071 -0.1327092051506042 -0.1093807891011238 
0.1435101479291916 0.9588379263877869 0.2450191378593445 -0.1700576990842819 
0.09944675862789154 -0.2603006958961487 0.9603924751281738 -0.5082232356071472 
0 0 0 1 

0.9854968786239624 -0.1519686877727509 -0.07550721615552902 -0.1396191269159317 
0.1626773178577423 0.972694993019104 0.165530800819397 -0.129348561167717 
0.04828990995883942 -0.1754134297370911 0.983309805393219 -0.5132650136947632 
0 0 0 1 

0.9503121972084045 -0.1775999665260315 0.2556657493114471 -0.3075419068336487 
0.154212474822998 0.982012152671814 0.1089521497488022 -0.09157824516296387 
-0.2704167664051056 -0.06411167979240417 0.9606062769889832 -0.4456998705863953 
0 0 0 1 

0.9391705393791199 -0.2628538310527802 0.2210574746131897 -0.2806223630905151 
0.2256442308425903 0.9574663043022156 0.1798411011695862 -0.1412025690078735 
-0.2589270770549774 -0.1190210282802582 0.9585356712341309 -0.4393142461776733 
0 0 0 1 

0.9448845386505127 -0.3170381784439087 0.08173048496246338 -0.206465408205986 
0.2932180762290955 0.9304930567741394 0.2195578366518021 -0.1738399565219879 
-0.1456579566001892 -0.1834919005632401 0.9721699357032776 -0.4601057171821594 
0 0 0 1 

0.9635041356086731 -0.2406571358442307 0.1172337532043457 -0.2235866487026215 
0.2243172973394394 0.9648348689079285 0.1370229572057724 -0.1200055181980133 
-0.1460868120193481 -0.1057245805859566 0.9836060404777527 -0.4662677943706512 
0 0 0 1 

0.9218909740447998 -0.3281970918178558 0.2059213072061539 -0.2544438540935516 
0.3179397881031036 0.9445545673370361 0.08204225450754166 -0.1084481254220009 
-0.2214299440383911 -0.01016338262706995 0.9751232862472534 -0.4502915441989899 
0 0 0 1 

0.9894697666168213 -0.1211064234375954 0.07926343381404877 -0.2091221660375595 
0.1166133657097816 0.9914193749427795 0.05906673148274422 -0.05830288305878639 
-0.08573668450117111 -0.04920153692364693 0.9951022267341614 -0.4742338955402374 
0 0 0 1 

0.9482524394989014 -0.2413581311702728 0.2063092589378357 -0.2460052520036697 
0.2466779053211212 0.9690974950790405 -6.476035196101293e-05 -0.04979885369539261 
-0.1999181509017944 0.05095339566469193 0.9784868359565735 -0.4450866281986237 
0 0 0 1 

0.9319531321525574 -0.2105414271354675 0.295187771320343 -0.2919793426990509 
0.179085373878479 0.9751871228218079 0.1301476508378983 -0.1034714207053185 
-0.3152647912502289 -0.0684276670217514 0.9465333223342896 -0.4048581421375275 
0 0 0 1 

