571 199 585 199
571 202 585 201
573 202 588 201
579 202 594 201
576 205 591 203
542 211 556 205
545 211 559 205
571 211 583 207
582 211 596 209
568 213 580 209
571 213 583 210
568 216 580 212
585 216 598 214
588 216 600 214
559 219 571 213
540 222 552 213
554 222 565 215
588 225 592 220
551 230 560 224
562 230 566 224
585 230 595 226
542 233 552 227
545 233 554 227
585 233 595 229
590 233 598 229
545 236 553 230
562 242 564 239
568 242 575 241
571 242 578 241
573 247 569 244
593 304 588 305
590 306 586 307
593 306 588 307
599 309 593 309
588 315 583 315
593 315 587 315
607 315 598 315
627 315 621 315
630 315 623 315
