469 214 493 245
460 217 489 275
466 217 487 246
469 217 495 249
448 221 485 241
451 221 448 266
466 221 485 250
469 221 494 252
444 224 439 270
448 224 443 269
451 224 446 270
454 224 464 266
448 227 477 250
451 227 481 251
475 227 485 264
451 230 481 255
432 236 489 242
463 236 499 249
429 239 485 244
423 245 411 297
426 245 414 299
438 245 426 312
457 245 484 257
417 248 405 296
457 248 482 259
463 248 489 259
466 248 494 259
417 251 406 304
420 251 448 360
435 251 425 326
463 251 490 263
466 251 493 263
435 254 420 325
454 254 468 284
457 254 456 299
441 258 455 278
454 258 467 286
457 258 472 285
444 261 457 283
448 261 461 284
451 261 464 286
475 273 498 303
475 276 497 307
423 285 469 315
429 285 466 324
438 285 472 297
404 288 421 333
429 288 468 328
435 291 467 299
438 291 471 299
441 291 475 301
444 291 479 303
454 291 492 300
457 291 488 307
457 304 493 317
460 304 497 319
