556 202 556 203
559 202 559 203
562 202 562 203
565 202 565 202
568 202 568 202
571 202 571 202
573 202 574 202
551 205 550 206
554 205 553 207
556 205 559 206
559 205 563 205
565 205 569 205
542 208 545 208
545 208 548 209
548 208 552 209
551 208 554 209
596 208 577 204
540 211 543 211
545 211 549 212
571 211 551 218
596 211 575 207
542 213 529 231
545 213 532 230
548 213 534 228
551 213 537 227
542 216 530 234
545 216 533 234
548 216 535 231
551 216 538 231
604 216 583 212
542 219 530 237
545 219 533 236
548 219 538 235
551 219 542 233
554 219 545 232
588 219 572 216
596 219 575 214
602 219 579 216
548 222 538 239
551 222 541 238
554 222 545 235
596 222 576 216
548 225 539 242
554 225 545 239
588 225 574 222
596 225 577 223
599 225 579 221
593 227 577 225
599 227 580 225
579 230 569 232
596 230 581 228
610 230 609 243
593 233 578 231
559 236 549 248
579 236 564 242
604 236 604 244
559 239 549 250
579 239 564 244
588 239 576 238
559 242 556 252
571 242 558 249
590 242 582 240
565 244 553 254
571 244 559 252
590 244 582 243
593 244 585 243
593 250 586 249
590 253 583 252
593 253 586 252
596 253 593 252
621 253 617 249
621 256 617 252
576 258 565 252
579 258 568 251
610 261 619 269
619 261 638 271
528 264 536 267
613 264 628 269
616 264 631 268
624 264 637 265
571 267 582 265
585 267 587 259
613 267 628 274
582 270 583 246
585 270 586 245
588 270 589 245
593 270 589 273
613 270 630 278
630 270 631 259
576 273 574 253
579 273 578 253
588 273 589 248
613 273 630 280
616 273 633 280
619 273 636 280
624 273 639 280
576 275 574 258
579 275 578 257
627 275 642 282
635 275 641 264
554 278 540 278
613 278 631 290
616 278 633 289
630 278 645 285
610 281 616 267
613 281 631 292
616 281 634 292
624 281 640 288
630 281 646 288
579 284 587 278
582 284 589 276
585 284 596 276
624 284 640 291
627 284 643 291
568 290 559 283
593 290 597 257
610 290 625 293
579 292 579 289
582 292 588 286
585 292 585 289
599 292 613 292
604 292 620 297
607 292 622 296
610 292 625 296
613 292 628 296
624 292 636 298
627 292 638 299
534 295 545 287
537 295 547 286
562 295 547 284
571 295 571 295
573 295 575 294
579 295 579 293
582 295 582 292
599 295 613 295
604 295 620 300
610 295 626 299
616 295 629 300
624 295 636 301
627 295 639 301
630 295 642 302
647 295 647 275
573 298 574 297
596 298 610 298
602 298 617 301
613 298 623 300
616 298 629 302
619 298 632 303
627 298 639 304
630 298 642 304
635 298 645 304
531 301 545 294
534 301 548 293
565 301 562 299
568 301 566 300
571 301 570 300
573 301 574 300
593 301 607 302
599 301 614 304
610 301 620 303
613 301 624 304
559 304 558 301
568 304 567 303
571 304 570 303
576 304 577 303
593 304 607 305
599 304 611 305
602 304 611 302
604 304 613 302
607 304 617 305
562 306 562 303
573 306 573 306
576 306 577 306
582 306 586 304
596 306 608 308
610 306 618 307
613 306 622 309
624 306 634 311
627 306 637 311
551 309 553 305
568 309 568 306
571 309 571 308
573 309 574 309
576 309 577 308
579 309 581 307
585 309 589 306
596 309 612 310
599 309 615 310
616 309 624 312
619 309 627 313
565 312 566 312
568 312 569 311
571 312 572 311
573 312 574 312
576 312 578 311
579 312 581 311
582 312 584 311
585 312 586 311
588 312 590 312
590 312 593 310
599 312 615 313
602 312 608 311
627 312 631 315
562 315 563 314
565 315 569 315
571 315 572 314
573 315 575 314
576 315 578 315
579 315 581 315
582 315 584 314
590 315 593 314
607 315 622 315
613 315 634 314
