576 202 576 200
551 205 560 202
568 205 577 202
548 208 557 205
551 208 560 205
565 208 575 206
568 208 578 205
571 208 583 205
573 208 586 206
588 208 592 206
590 208 595 206
596 208 601 207
599 208 601 204
540 211 549 209
542 211 552 208
545 211 555 207
548 211 557 207
551 211 561 207
556 211 565 209
559 211 568 211
565 211 575 208
571 211 583 208
576 211 586 209
585 211 589 209
588 211 592 209
596 211 606 212
602 211 603 207
540 213 548 211
542 213 552 211
545 213 555 211
548 213 557 210
551 213 560 210
556 213 565 214
559 213 568 214
562 213 570 213
568 213 578 211
579 213 592 213
593 213 603 218
596 213 605 215
599 213 608 215
604 213 614 215
537 216 543 213
540 216 548 214
542 216 552 214
545 216 556 216
554 216 562 217
559 216 569 220
568 216 577 214
579 216 592 215
602 216 611 218
604 216 615 218
537 219 542 219
540 219 549 219
542 219 552 217
545 219 554 217
551 219 560 217
559 219 568 217
565 219 574 223
568 219 577 223
571 219 579 223
537 222 546 222
540 222 548 222
542 222 552 222
545 222 554 222
551 222 559 223
554 222 562 223
556 222 565 223
585 222 603 229
596 222 608 227
599 222 611 227
604 222 614 230
537 225 542 222
540 225 548 225
542 225 551 225
545 225 554 226
548 225 557 226
551 225 559 226
582 225 594 233
585 225 596 232
588 225 599 232
593 225 602 232
596 225 604 233
599 225 608 233
602 225 610 233
604 225 614 233
537 227 542 228
540 227 548 228
542 227 551 228
545 227 554 229
548 227 557 229
551 227 559 229
556 227 565 231
559 227 568 231
565 227 588 235
582 227 594 235
593 227 602 235
596 227 605 235
599 227 608 235
602 227 611 236
607 227 617 236
542 230 550 231
545 230 553 232
548 230 556 232
551 230 558 232
554 230 562 233
559 230 568 234
571 230 576 235
588 230 600 238
596 230 606 238
599 230 608 239
604 230 614 235
607 230 617 238
540 233 547 231
542 233 551 234
545 233 554 234
548 233 556 235
551 233 559 235
554 233 565 237
565 233 571 237
568 233 573 238
573 233 577 239
579 233 588 240
582 233 591 240
590 233 600 242
593 233 602 242
604 233 613 238
607 233 617 241
542 236 550 236
545 236 553 237
548 236 556 237
568 236 573 240
571 236 575 241
579 236 588 243
582 236 591 243
590 236 600 245
599 236 605 245
602 236 608 245
542 239 550 239
548 239 552 240
568 239 573 243
590 239 597 250
602 239 608 250
604 239 613 244
537 242 542 240
582 242 585 247
593 242 599 253
596 242 602 253
599 242 604 253
602 242 607 253
537 244 541 243
545 244 562 248
548 244 564 248
554 244 570 249
579 244 582 249
582 244 585 250
593 244 599 255
596 244 602 256
610 244 614 241
545 247 561 251
554 247 567 249
579 247 582 252
585 247 587 252
593 247 599 258
613 247 616 244
537 250 542 249
540 250 544 251
548 250 564 254
559 250 573 255
613 250 615 246
537 253 541 254
540 253 544 254
548 253 560 260
556 253 569 258
559 253 573 259
602 253 607 256
613 253 615 250
534 256 534 256
537 256 541 257
542 256 547 257
556 256 570 261
559 256 573 262
562 256 575 262
565 256 578 263
568 256 580 263
619 256 620 253
621 256 622 254
528 258 529 259
531 258 533 260
534 258 537 261
537 258 540 260
540 258 543 260
542 258 547 260
545 258 550 260
554 258 566 263
556 258 570 264
562 258 575 266
565 258 578 266
571 258 582 266
596 258 596 276
616 258 617 256
619 258 619 256
621 258 622 257
528 261 530 263
531 261 533 264
537 261 540 264
540 261 543 263
542 261 547 265
545 261 550 263
551 261 561 265
554 261 565 266
556 261 569 267
559 261 572 267
613 261 613 258
616 261 616 259
619 261 619 259
621 261 622 259
624 261 625 260
627 261 627 260
528 264 529 265
540 264 542 266
554 264 565 269
562 264 573 269
565 264 577 270
599 264 603 265
613 264 613 261
616 264 616 262
619 264 619 262
621 264 621 262
624 264 625 263
627 264 628 263
528 267 530 268
537 267 538 270
542 267 546 271
545 267 548 271
551 267 560 271
559 267 570 272
562 267 573 272
565 267 577 273
604 267 607 264
607 267 610 264
613 267 612 264
616 267 616 265
619 267 618 265
621 267 621 265
624 267 624 265
627 267 627 265
528 270 530 271
531 270 533 271
534 270 536 271
540 270 541 273
548 270 554 275
551 270 558 275
554 270 564 275
556 270 567 275
562 270 572 275
565 270 577 275
604 270 606 267
607 270 609 267
613 270 612 268
616 270 615 268
619 270 619 268
621 270 621 268
624 270 624 268
627 270 627 268
630 270 630 268
633 270 633 269
528 273 529 274
531 273 532 274
551 273 558 277
554 273 563 278
556 273 566 278
562 273 571 278
565 273 575 279
610 273 610 271
613 273 612 271
619 273 619 271
621 273 622 271
624 273 624 271
627 273 627 271
630 273 630 271
635 273 636 272
528 275 529 276
531 275 532 276
545 275 549 277
548 275 554 277
556 275 564 281
559 275 567 281
562 275 570 281
565 275 575 281
607 275 607 274
613 275 612 274
616 275 615 275
624 275 624 274
627 275 627 274
630 275 630 274
633 275 633 275
638 275 638 273
528 278 529 279
531 278 532 279
534 278 535 279
548 278 554 280
556 278 564 283
559 278 566 283
562 278 569 284
588 278 589 284
590 278 592 284
593 278 595 284
599 278 598 282
607 278 607 277
610 278 610 278
621 278 621 277
624 278 624 277
627 278 627 277
630 278 629 277
633 278 632 277
635 278 635 277
528 281 529 282
531 281 532 282
534 281 535 282
542 281 543 276
545 281 547 276
548 281 554 283
551 281 557 284
559 281 566 286
562 281 569 286
565 281 571 286
590 281 592 287
599 281 597 285
602 281 603 281
607 281 607 281
610 281 610 281
621 281 620 280
624 281 623 280
630 281 630 280
633 281 632 280
635 281 635 280
638 281 637 279
528 284 529 285
531 284 532 284
534 284 535 284
542 284 543 279
545 284 546 280
548 284 552 283
556 284 563 288
559 284 565 289
562 284 568 289
607 284 607 284
613 284 613 283
616 284 615 283
619 284 618 283
627 284 624 283
630 284 629 283
633 284 633 283
635 284 635 282
638 284 637 282
641 284 640 282
528 287 529 287
531 287 532 287
534 287 535 287
537 287 538 286
540 287 540 286
542 287 542 283
545 287 546 283
554 287 561 291
556 287 563 291
559 287 565 291
585 287 583 289
610 287 611 287
638 287 637 286
641 287 640 285
644 287 643 286
528 290 529 291
531 290 531 290
534 290 534 290
537 290 537 289
540 290 540 289
542 290 543 289
545 290 548 288
548 290 551 289
551 290 555 292
554 290 558 292
565 290 569 293
568 290 571 292
573 290 575 291
588 290 583 293
590 290 589 293
593 290 595 291
596 290 598 291
599 290 600 291
602 290 603 290
604 290 606 290
607 290 609 290
610 290 612 290
630 290 629 289
633 290 631 289
635 290 634 289
641 290 640 289
644 290 643 289
647 290 647 289
528 292 528 294
531 292 530 293
534 292 534 293
537 292 536 293
540 292 540 292
548 292 549 292
554 292 557 295
565 292 568 296
571 292 572 294
576 292 580 293
582 292 580 295
590 292 591 294
604 292 606 293
607 292 609 293
630 292 629 292
633 292 632 292
635 292 634 291
641 292 640 292
644 292 643 292
647 292 647 293
528 295 527 296
531 295 530 296
534 295 534 296
540 295 540 296
545 295 546 296
548 295 549 296
551 295 552 296
554 295 557 297
556 295 560 298
559 295 563 298
562 295 566 298
565 295 568 299
571 295 572 297
573 295 574 297
576 295 576 297
582 295 581 297
585 295 585 297
590 295 591 296
593 295 593 296
596 295 596 296
599 295 599 296
604 295 606 296
607 295 609 296
610 295 612 296
624 295 623 295
633 295 632 295
635 295 635 295
638 295 637 294
641 295 640 294
644 295 644 294
647 295 646 295
528 298 528 298
531 298 531 298
534 298 534 299
548 298 548 299
551 298 551 299
554 298 554 300
556 298 560 301
559 298 562 301
562 298 566 301
565 298 568 302
576 298 576 300
579 298 579 300
582 298 582 300
588 298 588 299
596 298 596 299
599 298 600 299
602 298 603 299
604 298 606 299
607 298 609 299
610 298 612 299
621 298 620 297
624 298 623 298
627 298 626 298
630 298 629 298
638 298 637 298
641 298 640 297
644 298 643 297
647 298 646 297
528 301 528 301
537 301 536 300
540 301 540 300
545 301 542 300
554 301 554 302
556 301 557 303
559 301 562 304
562 301 566 304
568 301 569 304
571 301 572 304
573 301 574 304
576 301 577 303
579 301 579 303
582 301 582 303
588 301 587 302
590 301 591 302
599 301 598 301
602 301 602 302
604 301 606 302
607 301 609 302
619 301 617 300
638 301 637 301
641 301 640 300
644 301 643 300
647 301 646 300
528 304 528 304
531 304 531 303
537 304 537 304
540 304 540 304
548 304 545 303
554 304 554 306
556 304 557 305
559 304 560 306
562 304 565 307
568 304 569 306
571 304 572 306
573 304 574 306
576 304 577 306
579 304 579 306
585 304 585 306
588 304 587 305
590 304 590 305
593 304 594 305
596 304 596 305
602 304 602 304
607 304 608 305
613 304 612 304
627 304 626 304
635 304 634 304
638 304 637 303
641 304 640 303
644 304 643 303
647 304 646 303
531 306 531 306
534 306 534 306
537 306 537 306
540 306 539 307
542 306 542 306
545 306 545 306
554 306 557 308
559 306 562 309
562 306 565 310
568 306 569 309
571 306 572 309
573 306 574 309
576 306 577 309
579 306 579 310
582 306 582 307
590 306 590 308
593 306 593 308
602 306 601 307
607 306 607 307
610 306 609 307
616 306 615 307
619 306 618 306
621 306 621 306
624 306 624 306
627 306 626 306
630 306 629 306
633 306 631 306
635 306 634 307
638 306 637 306
641 306 640 306
644 306 644 306
647 306 647 306
542 309 542 309
545 309 545 309
548 309 548 309
565 309 566 312
568 309 569 312
571 309 571 312
573 309 574 312
576 309 577 313
579 309 579 313
582 309 582 312
590 309 590 311
593 309 593 311
599 309 598 310
602 309 600 310
604 309 604 310
607 309 606 310
610 309 609 310
613 309 612 310
619 309 618 309
621 309 620 309
624 309 623 309
627 309 626 309
630 309 629 309
633 309 632 309
635 309 635 309
638 309 638 309
641 309 641 309
644 309 643 309
647 309 647 309
554 312 553 312
556 312 556 312
559 312 559 313
576 312 576 315
588 312 587 314
590 312 590 314
593 312 593 314
599 312 598 313
602 312 600 313
604 312 603 313
607 312 606 313
613 312 612 313
616 312 615 313
621 312 620 312
627 312 626 312
630 312 629 312
633 312 632 312
635 312 635 312
638 312 638 312
641 312 641 312
644 312 643 312
647 312 647 312
559 315 560 316
562 315 562 315
565 315 565 315
568 315 568 315
571 315 571 315
573 315 574 315
579 315 580 315
582 315 582 316
585 315 584 316
593 315 592 315
596 315 595 315
599 315 597 315
602 315 600 315
604 315 603 316
607 315 606 315
610 315 609 315
619 315 617 315
621 315 620 315
624 315 623 315
627 315 626 315
630 315 629 315
633 315 632 315
635 315 635 315
638 315 638 315
641 315 640 315
644 315 643 315
647 315 646 315
