317 154 317 155
328 154 328 155
333 154 334 155
338 154 339 155
343 154 344 155
349 154 349 155
354 154 354 155
317 160 318 160
323 160 323 160
328 160 328 160
333 160 334 160
338 160 340 160
343 160 344 160
349 160 349 160
354 160 354 160
359 160 359 160
364 160 365 160
369 160 370 160
380 160 379 160
302 165 302 165
307 165 307 165
312 165 312 165
317 165 318 165
323 165 323 165
328 165 329 165
333 165 334 165
338 165 339 166
343 165 344 165
349 165 349 165
354 165 355 165
359 165 360 165
364 165 365 165
369 165 370 165
375 165 375 165
380 165 380 165
385 165 385 165
286 170 286 171
291 170 292 170
297 170 297 170
307 170 308 170
312 170 313 171
317 170 319 171
323 170 324 171
328 170 328 171
333 170 334 171
338 170 339 171
343 170 345 170
349 170 350 170
354 170 355 170
359 170 360 170
364 170 365 170
369 170 370 171
375 170 376 170
380 170 380 170
385 170 385 170
281 175 281 175
291 175 292 175
307 175 308 176
312 175 314 176
317 175 319 176
323 175 324 176
328 175 329 175
333 175 334 176
338 175 340 176
343 175 345 176
349 175 350 176
354 175 355 175
359 175 360 176
364 175 365 176
369 175 371 176
375 175 375 176
380 175 380 176
385 175 386 176
390 175 390 176
276 180 276 180
281 180 281 180
286 180 287 180
291 180 292 181
302 180 303 181
307 180 308 181
312 180 313 181
317 180 318 181
323 180 324 181
328 180 329 181
333 180 334 181
338 180 340 181
343 180 345 181
349 180 349 181
354 180 355 181
359 180 360 181
364 180 365 181
369 180 370 181
375 180 375 181
380 180 381 181
385 180 385 181
390 180 391 181
276 186 276 185
281 186 281 186
286 186 286 186
302 186 303 186
307 186 308 186
312 186 313 186
317 186 318 186
323 186 324 186
328 186 329 186
333 186 335 186
338 186 340 186
343 186 345 187
349 186 350 186
354 186 355 186
359 186 360 186
364 186 365 186
369 186 370 186
375 186 376 186
380 186 381 186
385 186 386 186
390 186 391 186
395 186 395 186
276 191 276 191
281 191 281 191
286 191 286 191
297 191 297 191
302 191 302 191
307 191 308 191
312 191 313 192
317 191 318 192
323 191 323 192
328 191 329 191
333 191 334 191
338 191 340 191
343 191 345 192
349 191 349 191
359 191 359 191
364 191 365 191
369 191 370 191
375 191 376 191
380 191 381 191
385 191 385 191
390 191 391 192
395 191 395 191
271 196 271 196
276 196 276 196
281 196 281 196
291 196 292 196
297 196 298 196
302 196 303 196
307 196 308 197
312 196 313 197
317 196 318 197
323 196 323 197
333 196 335 196
338 196 340 196
349 196 349 196
354 196 354 196
359 196 359 197
364 196 365 196
369 196 369 196
375 196 375 196
380 196 380 196
385 196 386 196
390 196 390 197
395 196 395 197
271 201 271 201
281 201 281 202
286 201 287 202
291 201 293 201
297 201 297 201
302 201 303 202
307 201 308 202
312 201 313 202
317 201 318 202
323 201 323 202
328 201 329 202
333 201 335 201
338 201 340 202
349 201 349 201
354 201 355 202
359 201 359 202
364 201 365 202
369 201 370 201
375 201 375 202
380 201 380 202
385 201 385 202
390 201 390 202
395 201 395 202
276 206 276 207
281 206 281 207
286 206 287 207
291 206 292 207
307 206 308 206
312 206 313 206
323 206 322 207
328 206 329 207
333 206 334 207
338 206 339 207
343 206 344 207
349 206 349 207
354 206 355 207
359 206 359 207
364 206 364 207
369 206 370 206
375 206 375 207
380 206 380 207
385 206 385 206
390 206 391 206
395 206 396 207
401 206 400 207
276 212 276 212
281 212 281 213
291 212 292 213
297 212 298 212
302 212 303 212
312 212 313 212
317 212 318 212
323 212 324 212
328 212 329 212
333 212 334 211
338 212 339 212
343 212 344 212
349 212 349 212
354 212 355 212
359 212 360 212
369 212 370 212
375 212 375 212
380 212 380 212
385 212 386 212
390 212 391 211
395 212 395 212
401 212 400 213
271 217 271 217
276 217 276 217
281 217 281 217
286 217 286 217
291 217 291 217
297 217 297 217
302 217 302 218
307 217 308 218
312 217 313 217
317 217 319 217
323 217 324 217
328 217 329 217
333 217 335 217
338 217 339 217
343 217 344 217
349 217 350 217
354 217 355 217
359 217 360 217
369 217 370 217
375 217 375 217
380 217 381 217
385 217 385 217
390 217 391 217
395 217 395 217
276 222 276 222
281 222 281 222
286 222 286 222
291 222 291 222
297 222 297 223
302 222 303 222
317 222 318 222
323 222 324 222
328 222 329 222
333 222 333 222
338 222 339 222
343 222 344 222
349 222 350 222
354 222 355 222
359 222 360 222
364 222 365 222
369 222 370 222
375 222 375 222
380 222 380 222
395 222 396 222
401 222 400 223
276 227 276 227
281 227 281 228
286 227 286 228
302 227 302 227
307 227 308 227
312 227 313 228
317 227 318 227
323 227 323 227
328 227 329 227
333 227 334 226
338 227 339 227
343 227 344 228
349 227 350 228
354 227 354 228
359 227 360 227
364 227 365 227
369 227 370 227
375 227 375 228
380 227 380 228
395 227 395 228
286 232 286 232
291 232 292 232
297 232 297 232
302 232 303 232
307 232 307 233
312 232 313 233
317 232 318 232
323 232 323 232
328 232 329 232
333 232 334 232
338 232 339 232
343 232 344 233
349 232 350 233
354 232 355 233
359 232 360 232
364 232 365 232
369 232 371 232
375 232 375 233
380 232 380 232
385 232 385 232
395 232 395 233
291 238 291 238
297 238 297 238
302 238 302 238
307 238 308 238
312 238 313 238
317 238 318 237
323 238 324 237
328 238 329 237
333 238 333 237
338 238 339 238
343 238 344 238
349 238 349 238
354 238 355 237
359 238 361 237
364 238 366 237
369 238 371 237
375 238 375 238
380 238 380 238
395 238 395 238
291 243 292 243
297 243 297 243
302 243 302 243
307 243 308 243
312 243 313 243
317 243 319 243
323 243 325 242
328 243 329 243
333 243 333 243
338 243 339 244
343 243 344 243
349 243 349 243
354 243 354 243
359 243 360 243
364 243 365 243
369 243 370 243
375 243 375 244
380 243 380 244
395 243 395 243
291 248 291 248
297 248 297 248
302 248 302 249
307 248 308 248
312 248 314 249
317 248 319 249
323 248 323 248
328 248 329 248
333 248 334 249
338 248 339 248
343 248 344 248
349 248 349 248
354 248 354 248
359 248 359 248
364 248 365 249
369 248 369 249
375 248 375 249
380 248 380 248
385 248 385 249
395 248 395 247
401 248 400 244
286 253 287 253
297 253 297 253
302 253 302 253
307 253 308 253
312 253 313 253
317 253 318 254
323 253 323 254
328 253 329 253
338 253 339 253
343 253 344 253
349 253 350 253
354 253 354 253
359 253 359 253
364 253 365 253
369 253 370 254
375 253 375 253
380 253 380 253
385 253 386 253
395 253 396 254
286 258 286 259
291 258 291 259
297 258 297 259
302 258 302 259
307 258 308 258
312 258 314 258
317 258 318 259
323 258 323 259
328 258 329 258
333 258 334 259
338 258 339 259
343 258 345 259
349 258 350 259
354 258 355 259
359 258 360 259
364 258 365 258
369 258 369 258
375 258 375 258
380 258 381 257
385 258 386 259
390 258 390 259
395 258 395 260
401 258 399 260
291 264 292 264
302 264 302 263
307 264 307 262
312 264 314 263
323 264 324 264
328 264 329 264
333 264 334 264
338 264 339 264
343 264 344 264
349 264 350 264
354 264 355 264
359 264 360 264
364 264 364 264
369 264 370 263
375 264 375 263
380 264 381 263
385 264 385 264
390 264 390 264
395 264 395 265
401 264 400 266
291 269 291 269
302 269 302 269
307 269 307 268
312 269 312 268
323 269 323 269
328 269 328 269
333 269 334 269
338 269 339 269
343 269 344 269
349 269 350 269
354 269 355 269
359 269 360 269
364 269 365 269
369 269 370 269
375 269 376 269
380 269 381 269
385 269 386 270
390 269 390 269
395 269 395 271
297 274 296 274
302 274 302 274
307 274 307 273
312 274 314 274
317 274 319 274
323 274 324 275
328 274 329 274
333 274 334 274
338 274 339 274
343 274 344 274
349 274 350 274
354 274 354 274
359 274 360 274
364 274 365 274
369 274 370 274
375 274 375 274
380 274 380 274
385 274 385 275
395 274 395 276
297 279 296 278
302 279 302 279
307 279 308 279
312 279 312 279
317 279 318 279
323 279 324 279
328 279 328 279
333 279 334 280
338 279 339 280
343 279 344 279
349 279 350 279
354 279 355 280
359 279 360 279
364 279 365 279
369 279 370 280
375 279 375 280
380 279 380 279
385 279 385 280
395 279 396 280
297 284 296 284
302 284 302 284
307 284 307 284
312 284 312 284
317 284 318 284
323 284 323 284
328 284 328 285
333 284 334 285
338 284 339 285
343 284 344 284
349 284 349 285
354 284 354 285
359 284 360 285
364 284 365 285
369 284 370 285
375 284 375 286
380 284 380 285
385 284 385 285
395 284 396 285
401 284 400 285
302 290 302 289
307 290 308 290
312 290 312 289
317 290 317 288
323 290 323 289
328 290 328 290
333 290 334 290
338 290 338 290
343 290 344 290
349 290 350 290
354 290 355 290
359 290 360 290
364 290 365 290
369 290 370 290
375 290 375 290
380 290 380 290
395 290 396 290
401 290 400 289
312 295 312 294
317 295 317 294
323 295 323 295
328 295 328 295
333 295 333 295
338 295 339 295
343 295 344 295
349 295 349 295
354 295 355 295
359 295 359 295
364 295 365 295
369 295 370 295
380 295 380 295
385 295 385 295
390 295 390 296
395 295 396 295
312 300 313 301
317 300 318 301
323 300 323 300
328 300 328 300
333 300 334 301
338 300 339 301
343 300 344 300
349 300 349 301
354 300 354 300
359 300 360 300
364 300 365 300
369 300 369 301
375 300 375 300
380 300 380 300
385 300 385 301
401 300 401 300
406 300 405 300
317 305 317 305
323 305 323 305
328 305 328 305
333 305 334 305
338 305 338 305
343 305 344 306
349 305 349 306
354 305 354 306
359 305 359 306
369 305 370 306
375 305 375 305
380 305 380 305
385 305 385 306
390 305 391 306
395 305 395 305
401 305 401 305
406 305 406 305
411 305 410 305
317 310 317 310
323 310 322 310
328 310 327 309
333 310 333 310
343 310 343 310
364 310 365 310
369 310 370 310
375 310 375 310
380 310 380 310
385 310 385 310
390 310 390 311
395 310 395 311
401 310 401 310
406 310 406 310
411 310 411 310
432 310 432 311
437 310 438 311
442 310 443 311
312 316 312 317
323 316 322 316
328 316 328 316
333 316 332 317
343 316 339 315
349 316 348 316
359 316 360 315
364 316 365 315
369 316 370 315
375 316 375 315
380 316 379 316
385 316 385 316
390 316 390 316
395 316 395 316
401 316 401 316
406 316 406 316
411 316 411 316
416 316 416 316
421 316 421 316
442 316 442 316
312 321 312 321
317 321 317 321
323 321 323 321
328 321 327 321
333 321 332 320
338 321 338 320
349 321 349 321
354 321 354 321
364 321 365 320
369 321 370 321
375 321 375 321
380 321 380 321
385 321 385 321
390 321 390 321
395 321 396 321
401 321 401 321
406 321 406 321
411 321 411 321
416 321 416 321
421 321 421 320
432 321 432 321
437 321 438 322
442 321 443 322
312 326 313 325
317 326 318 326
323 326 323 327
328 326 327 327
333 326 332 326
338 326 338 325
343 326 343 325
349 326 348 325
354 326 354 325
364 326 365 326
369 326 371 325
375 326 375 326
380 326 380 327
385 326 385 326
390 326 390 326
395 326 396 326
401 326 401 326
406 326 406 326
411 326 411 326
416 326 416 326
421 326 421 325
442 326 442 326
307 331 307 331
312 331 312 331
317 331 318 331
323 331 323 332
328 331 327 332
333 331 334 330
338 331 338 330
343 331 343 330
349 331 349 330
359 331 359 332
364 331 365 332
369 331 370 331
375 331 375 331
380 331 380 332
385 331 385 331
390 331 390 331
395 331 395 331
401 331 401 331
406 331 406 331
411 331 411 331
416 331 416 331
421 331 421 331
427 331 426 330
432 331 432 331
302 336 301 337
307 336 307 337
312 336 312 337
317 336 317 337
323 336 323 337
328 336 328 336
333 336 333 335
338 336 339 335
354 336 354 336
359 336 360 337
364 336 365 337
369 336 370 337
375 336 375 337
380 336 380 337
385 336 385 336
390 336 390 337
395 336 396 337
401 336 401 337
406 336 406 337
411 336 411 337
416 336 416 337
421 336 421 336
427 336 426 336
432 336 432 336
437 336 437 336
442 336 443 336
