559 205 554 206
562 205 557 206
565 205 560 206
556 208 552 210
559 208 555 210
542 211 538 212
545 211 541 212
548 211 544 212
556 211 546 216
540 213 537 214
542 213 540 214
545 213 542 214
548 213 545 214
568 213 575 226
573 213 581 225
576 213 585 225
542 216 541 217
573 216 581 229
576 216 585 228
579 216 587 227
528 219 529 219
531 219 532 218
534 219 535 218
554 219 563 230
556 219 566 230
568 219 578 225
528 222 529 222
531 222 532 222
531 225 535 223
548 225 554 237
531 227 560 230
537 227 536 240
548 227 554 240
528 230 527 240
545 233 569 236
548 233 572 235
585 233 588 233
534 236 554 243
542 236 566 239
545 236 570 239
585 236 587 236
537 239 558 246
542 239 567 243
585 239 588 240
542 242 557 256
542 250 557 263
548 253 564 264
542 256 558 268
616 256 616 256
619 256 618 256
556 258 536 264
562 258 542 264
565 258 545 265
616 258 615 258
621 258 621 258
624 258 624 258
540 261 559 273
551 261 580 265
556 261 536 267
559 261 539 267
562 261 543 268
565 261 546 268
573 261 572 273
590 261 586 273
613 261 607 262
616 261 612 262
619 261 616 261
528 264 529 265
540 264 559 276
556 264 537 271
559 264 540 270
590 264 589 277
593 264 592 276
613 264 597 264
624 264 625 263
528 267 529 268
621 267 625 267
624 267 629 266
630 267 635 265
633 267 637 265
528 270 530 271
619 270 623 271
621 270 626 270
624 270 629 269
627 270 632 268
630 270 635 268
610 273 604 272
621 273 628 271
624 273 631 271
630 273 635 270
528 275 530 277
610 275 604 274
613 275 608 275
619 275 626 275
638 275 641 270
528 278 531 280
537 278 553 286
607 278 611 280
613 278 608 278
624 278 631 276
633 278 638 274
635 278 641 274
593 281 599 282
596 281 603 282
610 281 615 282
619 281 627 278
621 281 629 279
627 281 633 277
630 281 636 277
633 281 638 276
635 281 642 276
562 284 557 290
585 284 594 285
599 284 605 284
621 284 630 280
627 284 633 280
630 284 636 280
633 284 639 279
635 284 642 280
582 287 588 290
588 287 594 288
590 287 596 288
627 287 634 283
630 287 637 283
633 287 640 283
635 287 642 283
528 290 528 281
559 290 546 281
573 290 579 292
576 290 582 292
582 290 588 292
585 290 591 290
588 290 594 291
590 290 596 290
593 290 599 288
633 290 640 286
635 290 643 286
528 292 528 283
556 292 544 282
562 292 550 284
565 292 566 295
571 292 576 294
579 292 585 292
599 292 606 291
602 292 610 290
610 292 618 289
613 292 621 288
616 292 625 288
619 292 627 288
621 292 630 288
635 292 643 289
534 295 540 294
537 295 542 294
554 295 542 285
556 295 545 285
559 295 547 285
562 295 550 286
565 295 566 298
576 295 579 296
579 295 585 295
582 295 587 294
588 295 593 294
590 295 596 293
593 295 600 293
602 295 610 293
604 295 613 292
607 295 615 292
610 295 618 292
613 295 621 291
616 295 625 291
619 295 628 291
627 295 633 290
630 295 636 290
635 295 643 291
641 295 647 288
534 298 536 297
537 298 542 297
551 298 538 291
556 298 545 288
559 298 548 288
571 298 573 300
576 298 580 299
602 298 608 295
604 298 612 295
610 298 618 294
613 298 622 294
616 298 625 294
621 298 629 293
624 298 632 293
627 298 634 293
641 298 647 291
545 301 549 299
556 301 544 291
559 301 548 291
562 301 551 292
568 301 570 299
582 301 587 298
585 301 590 299
593 301 599 297
596 301 601 297
602 301 608 298
604 301 611 298
619 301 626 296
621 301 629 296
627 301 632 296
630 301 635 296
633 301 638 296
641 301 647 295
545 304 550 303
562 304 564 304
565 304 567 303
568 304 570 303
571 304 573 302
573 304 577 302
576 304 579 303
579 304 583 302
582 304 587 301
585 304 590 301
588 304 593 302
590 304 596 302
593 304 599 301
596 304 602 300
599 304 605 300
604 304 611 301
607 304 613 299
610 304 616 299
624 304 632 299
630 304 635 299
633 304 639 299
638 304 645 299
641 304 647 298
556 306 556 305
568 306 570 305
573 306 577 306
576 306 580 305
579 306 583 304
582 306 586 304
585 306 590 304
588 306 593 304
590 306 596 304
593 306 599 304
596 306 602 304
599 306 605 303
602 306 608 303
607 306 613 302
610 306 616 302
613 306 620 301
616 306 623 301
621 306 626 301
624 306 629 301
630 306 636 302
633 306 639 302
635 306 641 302
638 306 644 302
556 309 557 308
559 309 559 307
562 309 562 307
565 309 568 307
571 309 574 308
573 309 577 308
579 309 581 310
585 309 589 307
590 309 595 306
593 309 598 306
596 309 602 307
599 309 604 306
602 309 607 306
610 309 617 305
613 309 620 305
621 309 627 304
627 309 633 305
630 309 636 305
633 309 639 305
635 309 642 305
641 309 646 305
647 309 648 304
556 312 557 311
559 312 559 310
562 312 563 310
565 312 568 310
568 312 571 312
571 312 574 311
573 312 577 312
593 312 599 309
596 312 602 309
607 312 621 313
613 312 624 310
616 312 621 308
627 312 634 308
630 312 637 309
633 312 639 308
635 312 642 308
641 312 645 307
647 312 646 311
562 315 563 314
565 315 569 315
571 315 575 314
573 315 578 314
579 315 581 315
593 315 599 312
607 315 622 315
610 315 625 315
613 315 627 314
616 315 628 313
624 315 633 312
630 315 637 311
633 315 640 311
635 315 642 311
644 315 642 314
647 315 646 314
