441 129 392 18
458 129 410 16
476 129 432 15
441 146 395 38
458 146 414 39
476 146 435 37
493 146 456 33
528 146 493 27
580 146 547 20
597 146 567 18
406 163 358 67
423 163 377 63
476 163 437 58
493 163 458 55
545 163 514 44
562 163 528 38
580 163 548 39
597 163 568 37
354 181 296 95
371 181 317 93
389 181 341 90
406 181 360 88
423 181 379 86
545 181 514 62
562 181 532 60
580 181 549 58
614 181 591 53
319 198 259 121
337 198 280 118
354 198 301 116
371 198 320 114
389 198 341 112
406 198 362 108
423 198 382 106
441 198 401 104
493 198 460 96
510 198 481 94
528 198 499 91
562 198 535 82
302 215 245 145
319 215 264 142
337 215 284 140
354 215 304 138
371 215 323 136
389 215 344 132
406 215 363 130
423 215 385 127
441 215 404 126
458 215 425 123
476 215 443 121
493 215 462 117
510 215 482 114
528 215 501 113
545 215 522 111
614 215 594 95
632 215 612 97
285 233 230 167
319 233 267 162
337 233 288 162
354 233 306 159
371 233 326 157
389 233 346 154
406 233 366 151
423 233 386 147
441 233 406 147
458 233 425 143
476 233 446 141
493 233 465 138
510 233 484 137
528 233 503 134
580 233 555 118
614 233 596 114
632 233 615 114
250 250 197 187
267 250 217 188
285 250 235 185
319 250 272 182
337 250 290 180
354 250 309 178
371 250 328 177
389 250 349 174
406 250 367 172
423 250 390 170
441 250 408 167
458 250 428 165
476 250 448 162
493 250 467 161
510 250 486 158
528 250 504 154
580 250 557 136
597 250 579 134
250 267 200 206
267 267 219 205
302 267 258 201
319 267 275 201
337 267 295 200
354 267 313 199
371 267 332 196
389 267 352 195
406 267 371 193
423 267 389 189
441 267 412 190
458 267 430 185
476 267 449 182
493 267 469 180
510 267 488 178
528 267 507 173
562 267 540 161
215 285 168 234
233 285 185 229
319 285 280 220
337 285 297 218
354 285 316 218
389 285 357 214
423 285 394 209
441 285 414 208
458 285 433 206
476 285 451 202
493 285 471 201
510 285 489 196
580 285 561 182
597 285 580 176
267 302 232 241
337 302 302 239
354 302 320 237
371 302 341 235
389 302 362 233
406 302 377 230
423 302 397 227
458 302 435 224
476 302 453 222
493 302 472 221
528 302 511 211
545 302 527 207
562 302 545 205
337 319 303 255
371 319 345 253
389 319 365 251
406 319 380 247
423 319 400 245
458 319 438 244
476 319 456 242
545 319 530 227
562 319 547 223
580 319 566 221
267 337 241 275
285 337 259 273
302 337 276 273
354 337 326 273
406 337 383 264
441 337 420 261
476 337 458 259
493 337 476 259
510 337 496 250
528 337 512 247
545 337 531 243
562 337 547 241
580 337 567 237
267 354 243 294
285 354 260 292
302 354 280 289
371 354 350 284
406 354 386 281
423 354 406 280
441 354 423 279
458 354 439 277
493 354 478 275
528 354 515 261
545 354 531 261
562 354 549 259
250 371 231 315
267 371 245 315
285 371 263 313
302 371 285 306
337 371 318 301
354 371 336 302
371 371 353 299
389 371 372 298
406 371 389 296
441 371 425 295
458 371 444 293
510 371 495 287
528 371 517 279
545 371 534 277
233 389 217 336
250 389 234 335
285 389 267 323
302 389 284 323
319 389 302 320
354 389 339 317
371 389 358 316
389 389 374 314
406 389 391 312
423 389 409 310
458 389 445 308
476 389 462 308
493 389 481 308
510 389 498 307
597 389 585 288
215 406 201 352
389 406 377 330
406 406 394 328
423 406 412 326
441 406 428 324
458 406 446 324
476 406 466 324
493 406 482 324
510 406 504 320
597 406 587 306
614 406 602 303
319 423 309 357
337 423 329 351
354 423 346 352
389 423 381 345
406 423 397 344
423 423 415 342
614 423 603 319
302 441 296 379
319 441 312 376
337 441 330 373
354 441 347 370
371 441 363 363
389 441 382 362
406 441 401 359
423 441 415 356
545 441 533 338
562 441 554 344
580 441 571 345
597 441 588 341
614 441 605 338
319 458 313 394
389 458 383 379
458 458 456 365
476 458 470 364
493 458 492 359
580 458 572 361
597 458 587 358
