77 77 33 84
146 77 113 78
181 77 140 87
59 94 30 116
77 94 47 114
94 94 65 114
111 94 81 112
129 94 97 109
181 94 143 104
476 94 417 172
493 94 433 174
59 111 33 136
77 111 51 134
111 111 81 129
129 111 97 127
146 111 116 125
163 111 132 123
181 111 149 121
476 111 418 186
493 111 437 185
597 111 526 148
94 129 83 152
111 129 101 150
129 129 119 149
181 129 155 144
458 129 403 204
476 129 418 200
614 129 503 131
632 129 524 129
423 146 378 180
493 146 439 207
389 163 348 206
406 163 364 205
423 163 379 202
476 163 423 225
371 181 334 230
389 181 351 228
406 181 365 225
423 181 380 225
562 181 473 202
580 181 509 197
337 198 306 253
354 198 322 252
371 198 336 251
389 198 351 248
406 198 365 244
441 198 394 241
458 198 410 240
476 198 424 238
493 198 439 236
510 198 454 233
562 198 497 219
580 198 512 222
302 215 278 267
354 215 323 272
389 215 351 267
423 215 379 263
441 215 394 261
458 215 407 259
476 215 423 257
493 215 438 255
510 215 452 251
528 215 468 251
580 215 542 165
614 215 561 167
285 233 266 279
302 233 280 278
371 233 336 287
423 233 380 281
441 233 394 280
458 233 408 278
476 233 423 276
493 233 438 274
528 233 466 269
562 233 496 258
580 233 542 182
614 233 547 236
319 250 297 299
354 250 324 302
371 250 337 304
389 250 352 303
423 250 380 301
441 250 394 299
458 250 408 297
476 250 421 294
493 250 436 294
528 250 465 288
580 250 542 199
250 267 236 295
267 267 249 297
302 267 286 297
319 267 300 309
354 267 327 316
371 267 341 318
389 267 354 317
423 267 379 316
441 267 395 316
458 267 408 315
476 267 422 312
510 267 449 307
528 267 463 303
580 267 511 271
597 267 531 267
614 267 563 215
215 285 214 317
233 285 226 315
267 285 254 313
354 285 326 331
371 285 341 331
389 285 356 330
423 285 380 330
441 285 395 330
458 285 407 330
476 285 422 328
493 285 436 327
562 285 493 288
580 285 512 288
597 285 529 289
319 302 302 333
371 302 344 344
389 302 359 342
458 302 410 348
476 302 422 344
510 302 448 338
545 302 482 316
597 302 527 306
285 319 271 321
406 319 374 348
441 319 393 347
528 319 462 343
545 319 481 331
562 319 495 331
580 319 511 332
285 337 271 338
302 337 285 337
337 337 319 348
441 337 394 359
458 337 411 362
476 337 425 363
510 337 448 360
545 337 481 343
562 337 495 344
580 337 512 341
250 354 250 354
285 354 275 357
302 354 288 353
389 354 356 370
406 354 373 368
528 354 465 363
545 354 482 358
562 354 498 356
233 371 236 369
250 371 250 373
285 371 272 372
302 371 291 370
319 371 306 366
337 371 322 369
458 371 412 383
476 371 428 381
510 371 446 383
597 371 522 362
250 389 248 386
285 389 276 383
302 389 291 383
319 389 305 383
337 389 321 379
354 389 338 381
389 389 361 385
406 389 375 380
510 389 448 399
545 389 484 378
597 389 522 379
614 389 535 376
215 406 233 391
233 406 238 403
250 406 254 405
285 406 273 406
337 406 321 395
354 406 338 395
389 406 363 396
406 406 376 395
423 406 390 396
458 406 410 402
476 406 430 398
562 406 501 376
597 406 521 394
614 406 535 393
198 423 213 422
302 423 292 420
319 423 308 405
545 423 487 396
580 423 505 410
597 423 519 411
198 441 223 442
250 441 253 442
319 441 309 424
354 441 326 422
371 441 342 421
389 441 362 417
406 441 380 417
423 441 391 417
458 441 416 419
510 441 464 412
528 441 477 410
614 441 532 419
198 458 226 457
233 458 259 457
250 458 273 440
285 458 286 457
319 458 309 440
371 458 343 437
389 458 360 434
406 458 377 432
423 458 391 431
441 458 408 431
476 458 429 435
528 458 467 430
597 458 519 432
198 476 237 476
215 476 256 478
267 476 294 476
319 476 304 476
389 476 363 452
406 476 379 451
423 476 393 450
476 476 411 472
493 476 429 471
