573 205 573 205
582 205 580 204
585 205 585 204
548 208 546 209
556 208 552 210
559 208 556 209
562 208 559 209
573 208 573 208
579 208 577 207
548 211 546 212
551 211 548 212
573 211 571 210
576 211 574 209
579 211 576 209
582 211 579 210
585 211 582 208
588 211 585 208
590 211 588 208
593 211 591 207
596 211 594 207
551 213 548 214
554 213 551 214
573 213 571 212
576 213 574 212
585 213 582 211
588 213 585 211
590 213 588 210
593 213 591 210
599 213 600 210
590 216 588 213
593 216 591 213
599 216 597 213
554 219 563 218
556 219 567 218
559 219 570 216
562 219 574 216
593 219 592 216
596 219 596 216
548 222 557 221
551 222 560 221
602 222 599 223
604 222 604 221
545 225 540 227
548 225 543 224
554 225 564 224
568 225 573 225
582 225 579 219
531 227 537 261
545 227 536 229
556 227 567 230
559 227 571 230
590 227 591 230
545 230 540 233
548 230 543 233
556 230 567 233
542 233 537 235
545 233 541 246
556 233 567 235
548 239 543 241
554 239 554 243
551 242 545 247
568 242 579 243
548 244 544 250
599 244 613 239
568 247 573 229
573 247 582 247
548 250 547 255
554 250 554 255
565 250 571 232
568 250 574 232
582 250 596 247
585 250 599 247
604 250 618 251
582 253 596 250
585 253 599 244
590 253 602 249
607 253 619 247
565 256 567 249
582 256 596 253
585 256 599 254
590 256 602 253
593 256 605 252
528 258 542 263
556 258 570 258
559 258 573 258
562 258 564 252
582 258 596 256
585 258 599 256
590 258 602 256
596 258 607 252
610 258 618 253
528 261 542 266
534 261 548 264
548 261 562 264
554 261 567 261
556 261 570 262
582 261 596 258
585 261 599 259
593 261 605 256
599 261 608 255
602 261 611 253
604 261 614 253
607 261 616 256
610 261 618 256
613 261 621 261
531 264 544 267
554 264 567 264
556 264 570 264
565 264 573 264
573 264 590 262
576 264 593 262
582 264 596 261
585 264 599 261
590 264 602 262
596 264 605 258
599 264 608 258
607 264 615 259
610 264 618 259
540 267 547 273
551 267 564 267
554 267 567 266
556 267 570 266
573 267 590 264
582 267 596 264
590 267 601 264
593 267 604 264
599 267 607 261
602 267 610 261
604 267 613 261
616 267 621 264
542 270 559 270
551 270 565 270
554 270 567 269
556 270 570 269
562 270 573 269
579 270 593 268
585 270 599 267
590 270 601 267
599 270 607 265
604 270 610 263
607 270 616 267
619 270 622 268
630 270 632 273
554 273 567 272
559 273 570 272
562 273 573 272
576 273 588 270
596 273 604 267
602 273 608 268
604 273 610 267
619 273 622 270
542 275 550 278
545 275 553 278
548 275 557 277
551 275 559 277
554 275 565 276
599 275 604 271
604 275 610 271
607 275 613 271
619 275 621 273
624 275 626 275
545 278 553 281
548 278 557 281
551 278 559 281
554 278 561 281
556 278 568 278
573 278 581 275
576 278 578 275
596 278 595 278
599 278 598 278
627 278 627 279
633 278 632 280
635 278 635 280
542 281 541 281
548 281 556 284
551 281 559 284
554 281 562 284
559 281 570 280
593 281 592 279
610 281 610 281
627 281 627 282
630 281 630 282
633 281 632 282
635 281 635 283
638 281 638 284
641 281 641 284
559 284 564 289
579 284 584 281
596 284 595 282
627 284 626 285
630 284 629 285
633 284 632 286
641 284 641 287
556 287 562 291
559 287 563 293
565 287 568 293
568 287 570 293
573 287 573 289
579 287 581 295
593 287 592 284
596 287 595 284
599 287 601 287
602 287 604 287
607 287 607 287
616 287 615 284
619 287 618 284
624 287 621 288
627 287 625 288
630 287 630 288
647 287 647 287
551 290 547 292
559 290 563 296
565 290 567 295
568 290 570 295
571 290 572 296
573 290 573 292
576 290 577 296
590 290 589 286
604 290 604 290
607 290 607 290
613 290 615 292
624 290 621 291
630 290 628 291
633 290 633 291
635 290 636 291
644 290 641 289
647 290 644 290
556 292 556 295
559 292 559 295
565 292 567 300
571 292 572 298
573 292 574 298
579 292 579 299
590 292 590 298
602 292 601 295
607 292 607 293
613 292 615 295
624 292 624 294
627 292 627 294
633 292 630 293
635 292 632 293
638 292 638 294
647 292 647 293
551 295 550 295
554 295 553 296
559 295 558 298
562 295 564 304
565 295 567 303
568 295 570 301
571 295 572 301
573 295 575 301
579 295 579 301
582 295 582 301
588 295 587 301
590 295 590 301
593 295 593 301
596 295 596 298
599 295 598 298
619 295 618 296
621 295 621 296
627 295 628 297
630 295 630 297
638 295 638 296
647 295 647 297
554 298 553 298
559 298 558 301
571 298 572 304
579 298 579 304
582 298 582 304
585 298 585 304
590 298 590 304
593 298 593 304
599 298 598 304
602 298 601 304
604 298 604 304
613 298 613 298
616 298 615 299
619 298 618 299
630 298 630 299
633 298 632 299
635 298 634 299
638 298 638 299
641 298 640 299
644 298 643 299
647 298 647 302
556 301 556 301
559 301 558 304
562 301 561 304
571 301 572 307
576 301 576 307
582 301 582 306
585 301 584 306
588 301 587 307
590 301 590 306
593 301 593 306
596 301 595 307
602 301 600 306
604 301 606 308
613 301 613 301
616 301 615 301
621 301 618 302
624 301 627 302
630 301 630 302
633 301 632 302
635 301 635 302
638 301 637 302
641 301 641 302
644 301 643 302
562 304 561 307
568 304 567 309
579 304 579 309
582 304 582 309
585 304 584 310
588 304 587 310
590 304 591 309
593 304 593 309
621 304 623 306
624 304 626 305
627 304 630 305
633 304 632 305
635 304 635 304
638 304 637 304
641 304 640 305
644 304 644 305
647 304 646 305
576 306 576 313
579 306 579 313
582 306 582 312
585 306 584 313
590 306 590 313
593 306 593 312
596 306 595 312
610 306 609 310
613 306 612 310
621 306 623 310
624 306 626 310
630 306 629 308
633 306 632 308
635 306 635 307
638 306 638 307
641 306 640 307
644 306 643 307
647 306 646 308
607 309 604 310
619 309 615 310
621 309 618 310
630 309 630 311
633 309 632 311
638 309 638 310
641 309 641 310
644 309 644 310
647 309 646 310
568 312 565 312
571 312 567 312
627 312 627 314
633 312 630 313
638 312 638 313
641 312 641 313
644 312 643 313
647 312 647 313
573 315 569 315
579 315 572 315
585 315 578 315
599 315 598 315
602 315 600 315
604 315 603 315
619 315 615 315
621 315 618 315
630 315 626 315
633 315 629 315
635 315 632 315
641 315 641 315
647 315 646 315
