573 208 550 204
585 208 587 205
576 211 551 208
585 211 587 208
585 213 587 211
548 219 573 215
556 219 548 213
590 222 590 217
528 225 528 225
559 227 548 252
576 227 579 221
579 227 581 221
599 227 599 228
528 230 528 255
579 230 582 227
599 230 599 230
528 233 529 258
599 233 598 233
602 233 601 233
528 236 528 261
604 236 604 236
528 239 528 264
568 242 593 238
576 242 590 219
599 242 594 230
542 244 574 256
596 244 601 244
559 247 584 238
559 250 584 241
528 253 528 286
559 253 584 246
607 253 624 256
576 256 595 255
604 256 618 258
607 256 624 260
610 256 627 258
607 258 623 261
610 258 627 261
613 258 610 239
551 261 584 261
556 261 588 261
576 261 596 263
607 261 624 264
531 264 542 260
534 264 545 260
537 264 548 260
540 264 550 260
607 264 624 267
610 264 610 244
616 264 614 245
531 267 544 263
534 267 548 264
537 267 550 264
540 267 553 264
554 267 565 247
556 267 568 247
559 267 570 247
568 267 585 253
610 267 627 267
531 270 545 266
534 270 548 267
545 270 562 259
554 270 565 250
556 270 568 250
559 270 571 250
568 270 584 255
571 270 587 255
602 270 610 259
607 270 623 269
610 270 627 269
613 270 630 270
616 270 635 270
624 270 632 258
531 273 545 269
534 273 548 269
540 273 553 270
602 273 610 262
604 273 612 262
610 273 627 273
613 273 631 273
616 273 633 273
619 273 635 273
621 273 621 253
534 275 548 272
599 275 606 266
602 275 613 269
610 275 629 275
616 275 633 275
619 275 635 275
624 275 641 275
537 278 551 274
579 278 589 272
588 278 601 272
599 278 610 272
604 278 618 273
607 278 623 275
610 278 627 275
613 278 630 278
616 278 632 278
619 278 635 278
621 278 638 278
624 278 640 278
540 281 556 272
576 281 587 275
599 281 610 275
602 281 613 275
604 281 620 278
607 281 624 278
610 281 627 279
616 281 632 281
619 281 635 281
635 281 635 261
534 284 550 278
599 284 612 278
602 284 613 281
534 287 550 280
537 287 553 280
542 287 561 279
559 287 579 275
568 287 590 275
576 287 590 281
585 287 601 277
588 287 605 278
602 287 616 284
604 287 619 283
537 290 553 283
540 290 558 281
542 290 561 281
548 290 568 280
556 290 576 278
559 290 579 278
565 290 587 278
579 290 595 287
582 290 598 286
588 290 604 281
590 290 607 280
599 290 612 287
602 290 616 287
604 290 619 287
607 290 621 287
613 290 626 289
616 290 629 289
619 290 632 289
624 290 638 290
627 290 640 290
630 290 643 289
633 290 646 289
537 292 553 286
542 292 561 284
548 292 567 283
556 292 575 282
559 292 578 281
568 292 581 286
571 292 587 287
579 292 595 290
582 292 597 290
585 292 600 290
588 292 603 290
599 292 613 290
602 292 617 290
607 292 621 291
613 292 626 292
616 292 629 292
619 292 631 292
621 292 634 293
624 292 637 293
627 292 640 293
630 292 644 292
633 292 646 292
540 295 557 286
545 295 565 286
548 295 568 287
554 295 570 285
556 295 573 285
559 295 576 285
562 295 579 286
568 295 584 290
571 295 587 290
579 295 595 293
582 295 597 293
585 295 600 293
588 295 603 293
590 295 606 293
596 295 609 290
602 295 617 292
607 295 621 293
616 295 629 295
619 295 632 295
621 295 635 296
528 298 547 289
531 298 550 289
537 298 556 289
551 298 568 292
554 298 570 289
556 298 573 289
559 298 577 289
562 298 579 289
568 298 584 292
571 298 587 292
576 298 592 297
582 298 598 297
585 298 600 297
588 298 603 297
590 298 606 297
596 298 609 292
604 298 620 295
613 298 626 297
616 298 629 298
619 298 632 298
627 298 639 298
630 298 641 298
633 298 643 298
531 301 551 291
534 301 554 291
537 301 556 291
540 301 558 291
542 301 561 291
554 301 570 292
556 301 573 292
559 301 576 292
568 301 584 297
571 301 588 297
576 301 592 300
579 301 595 300
582 301 597 300
585 301 600 300
588 301 603 300
590 301 606 300
596 301 610 298
602 301 616 298
604 301 619 298
610 301 624 299
613 301 627 300
616 301 629 301
621 301 632 301
624 301 635 301
627 301 638 301
630 301 641 301
635 301 647 301
537 304 556 293
540 304 559 294
554 304 571 298
556 304 574 298
559 304 576 298
562 304 579 300
565 304 581 300
568 304 584 301
571 304 587 301
573 304 589 303
576 304 592 303
579 304 595 303
582 304 597 303
585 304 600 303
588 304 603 303
590 304 606 303
593 304 609 302
596 304 612 303
599 304 615 303
602 304 618 303
607 304 621 301
610 304 624 303
613 304 627 303
616 304 630 304
621 304 632 304
624 304 635 304
627 304 638 304
630 304 641 304
633 304 644 304
635 304 647 304
556 306 573 303
559 306 576 303
562 306 579 303
565 306 581 304
568 306 584 304
571 306 586 306
573 306 589 306
576 306 592 306
579 306 595 307
582 306 598 306
585 306 600 306
590 306 606 305
593 306 608 306
596 306 611 306
599 306 615 306
607 306 621 306
613 306 627 307
619 306 629 306
621 306 632 306
624 306 635 306
627 306 639 307
633 306 643 307
635 306 647 306
559 309 575 306
562 309 579 306
565 309 580 309
568 309 583 309
571 309 586 309
573 309 589 309
576 309 592 308
579 309 595 309
582 309 598 309
585 309 601 309
590 309 606 308
593 309 608 309
596 309 611 309
604 309 618 308
607 309 621 308
613 309 626 309
619 309 629 309
621 309 632 309
624 309 635 309
627 309 638 309
630 309 641 310
633 309 643 309
556 312 573 311
559 312 575 309
562 312 578 311
565 312 580 312
568 312 583 312
573 312 589 311
576 312 593 312
585 312 601 312
596 312 611 311
602 312 616 311
604 312 619 311
607 312 621 311
610 312 623 311
613 312 626 311
619 312 629 311
621 312 632 312
624 312 636 312
627 312 638 312
630 312 641 312
633 312 643 312
635 312 646 312
556 315 573 314
562 315 578 314
565 315 580 315
568 315 583 315
573 315 587 315
576 315 593 315
579 315 595 315
582 315 598 315
585 315 601 315
590 315 604 315
604 315 618 314
607 315 621 314
610 315 623 315
613 315 626 315
616 315 628 315
621 315 633 315
624 315 635 315
627 315 638 315
630 315 641 315
633 315 644 315
635 315 646 315
