542 211 547 210
542 213 555 211
537 219 552 217
537 230 551 219
542 230 557 220
540 233 555 223
542 233 558 223
545 239 556 230
545 242 556 232
537 261 547 253
571 281 580 275
579 281 589 273
627 284 631 283
627 287 630 286
630 287 634 282
579 290 584 288
585 290 590 286
590 290 594 287
537 292 543 280
545 292 553 282
585 292 589 290
588 292 592 290
596 292 599 288
599 292 602 288
627 292 630 291
630 292 633 291
633 292 636 289
531 295 537 280
534 295 540 280
537 295 543 284
548 295 555 286
554 295 559 286
556 295 562 287
559 295 568 286
576 295 580 292
579 295 583 293
582 295 586 293
585 295 589 293
588 295 592 293
590 295 594 293
596 295 599 291
599 295 602 291
602 295 604 290
627 295 626 293
630 295 629 294
635 295 636 292
638 295 638 292
531 298 537 284
534 298 540 284
548 298 555 288
554 298 559 289
556 298 562 290
559 298 565 289
576 298 580 295
579 298 583 296
582 298 586 296
585 298 589 296
588 298 591 296
590 298 594 296
599 298 601 294
602 298 604 294
635 298 635 295
638 298 638 295
641 298 641 295
548 301 552 291
551 301 556 292
556 301 562 293
559 301 565 293
562 301 568 293
568 301 571 293
573 301 577 297
576 301 580 298
579 301 582 299
582 301 585 299
585 301 588 299
588 301 591 299
590 301 594 300
599 301 601 297
602 301 604 298
607 301 610 299
610 301 611 295
627 301 629 300
635 301 635 298
638 301 638 298
641 301 641 298
644 301 645 296
647 301 648 297
545 304 551 293
548 304 554 294
554 304 558 295
556 304 562 296
559 304 565 295
562 304 567 296
565 304 570 297
568 304 573 300
571 304 575 300
579 304 582 302
582 304 585 302
585 304 588 302
588 304 591 302
590 304 594 302
593 304 596 302
596 304 598 301
599 304 601 300
602 304 604 301
604 304 607 301
607 304 610 302
616 304 616 302
635 304 635 301
638 304 637 301
644 304 644 302
548 306 554 297
551 306 557 298
556 306 561 298
559 306 564 299
562 306 565 302
565 306 568 302
568 306 572 303
571 306 575 303
579 306 582 305
582 306 585 305
585 306 588 304
588 306 591 305
590 306 593 304
593 306 596 305
599 306 601 304
602 306 604 304
610 306 612 304
616 306 616 305
621 306 619 302
630 306 631 304
635 306 635 304
638 306 637 304
641 306 640 304
559 309 563 302
562 309 565 305
565 309 568 306
568 309 571 306
573 309 576 307
576 309 579 307
579 309 582 308
582 309 585 308
585 309 588 307
588 309 590 307
590 309 593 307
593 309 596 308
599 309 600 307
602 309 603 307
604 309 606 307
607 309 609 307
610 309 611 307
613 309 618 309
630 309 630 307
635 309 635 307
638 309 638 306
647 309 647 309
556 312 559 304
559 312 562 305
562 312 565 308
565 312 567 309
568 312 570 309
571 312 573 310
576 312 578 310
579 312 581 311
582 312 584 311
590 312 594 311
593 312 597 311
602 312 603 309
604 312 606 310
607 312 609 310
610 312 611 310
624 312 623 310
627 312 627 310
630 312 630 310
633 312 633 311
635 312 636 310
638 312 639 310
641 312 642 311
647 312 647 312
576 315 577 315
579 315 580 315
582 315 583 315
585 315 586 315
588 315 589 314
590 315 593 314
596 315 599 313
599 315 602 314
607 315 609 313
610 315 611 313
613 315 614 313
616 315 617 313
619 315 621 314
621 315 626 315
627 315 626 313
630 315 630 314
633 315 633 314
635 315 636 314
638 315 639 313
644 315 642 315
647 315 646 315
