468 233 451 227
471 233 453 227
452 236 432 232
460 236 445 230
474 236 456 230
435 239 420 235
438 239 423 235
441 239 426 235
455 239 440 232
466 239 451 232
427 241 410 239
430 241 413 239
433 241 415 238
474 241 457 235
403 244 391 244
405 244 394 244
414 244 398 244
416 244 404 242
422 244 408 242
430 244 412 242
433 244 415 241
435 244 418 240
438 244 424 239
441 244 427 238
446 244 437 235
463 244 448 236
468 244 454 240
471 244 456 240
405 247 394 247
408 247 396 246
411 247 399 246
414 247 402 245
416 247 402 246
419 247 405 245
422 247 408 244
425 247 410 244
430 247 413 244
433 247 415 244
438 247 424 244
446 247 435 239
477 247 463 240
381 250 380 245
408 250 396 250
411 250 399 249
416 250 402 249
422 250 407 247
425 250 410 247
430 250 413 247
449 250 437 241
405 252 394 252
408 252 396 252
411 252 398 252
419 252 407 252
405 255 393 254
408 255 396 254
411 255 399 254
477 255 463 246
403 258 391 257
405 258 394 257
408 258 396 257
414 258 405 257
430 258 415 255
441 258 430 246
403 261 390 260
405 261 394 260
411 261 401 260
430 261 415 258
433 261 418 257
446 261 429 249
389 263 382 261
397 263 388 263
403 263 391 263
405 263 394 263
408 263 397 263
411 263 401 263
414 263 404 262
416 263 407 262
422 263 413 262
471 263 454 243
477 263 457 243
479 263 460 243
389 266 381 265
392 266 383 265
400 266 388 266
403 266 391 266
405 266 394 266
408 266 397 265
411 266 401 266
414 266 404 265
416 266 407 265
419 266 409 266
422 266 413 266
425 266 416 265
457 266 438 254
477 266 457 247
479 266 460 246
389 269 381 268
392 269 384 268
394 269 386 267
403 269 394 268
416 269 407 267
422 269 413 269
435 269 425 271
455 269 435 257
457 269 438 257
460 269 440 257
479 269 460 249
389 272 381 271
392 272 383 271
400 272 388 269
405 272 396 270
408 272 399 269
414 272 404 271
455 272 435 261
457 272 438 261
460 272 440 260
471 272 454 251
389 274 381 275
392 274 383 275
394 274 386 274
400 274 389 271
405 274 396 272
408 274 399 272
411 274 402 274
414 274 405 274
416 274 409 276
419 274 413 276
455 274 435 262
457 274 438 262
460 274 440 262
463 274 442 262
466 274 446 263
471 274 454 254
479 274 463 254
485 274 479 276
389 277 381 278
392 277 384 277
403 277 391 274
405 277 396 274
408 277 399 274
425 277 419 280
435 277 422 263
452 277 432 265
455 277 435 265
457 277 437 265
460 277 440 265
463 277 443 265
477 277 457 257
479 277 462 257
490 277 490 285
493 277 493 285
435 280 422 266
438 280 421 260
490 280 487 287
493 280 493 288
433 282 418 269
435 282 421 269
438 282 424 268
493 282 493 291
389 285 405 280
435 285 421 272
389 288 404 282
394 288 387 286
460 288 463 274
386 291 380 291
392 291 408 285
397 291 391 289
389 293 402 288
392 293 386 295
425 293 405 268
457 293 452 282
474 293 455 265
479 293 471 287
378 296 378 297
392 296 386 297
400 296 396 297
378 299 378 300
381 299 380 299
392 299 409 294
400 299 394 302
482 299 474 296
493 299 491 290
378 302 378 303
381 302 380 302
394 302 389 302
400 302 396 302
403 302 399 303
405 302 405 302
466 302 463 287
468 302 466 287
493 302 490 293
392 304 408 299
400 304 396 305
403 304 399 305
405 304 405 304
433 304 418 294
435 304 419 285
449 304 444 291
455 304 449 293
466 304 463 291
468 304 430 293
474 304 469 290
493 304 490 298
392 307 408 302
400 307 396 308
403 307 400 308
405 307 403 307
435 307 421 296
449 307 444 296
455 307 449 296
463 307 461 292
466 307 463 293
493 307 491 301
389 310 388 310
397 310 395 314
403 310 400 310
422 310 433 307
433 310 419 299
449 310 444 298
452 310 447 299
455 310 449 299
460 310 457 293
466 310 463 296
474 310 436 299
378 313 378 313
381 313 380 313
383 313 383 313
408 313 409 311
449 313 444 301
474 313 488 303
378 315 378 315
381 315 380 315
383 315 383 315
386 315 386 316
394 315 410 308
408 315 408 313
441 315 453 318
457 315 453 301
460 315 457 298
378 318 378 318
381 318 381 318
383 318 383 318
386 318 386 318
408 318 402 314
416 318 427 312
452 318 449 304
457 318 452 304
378 321 378 321
381 321 381 321
419 321 425 315
455 321 449 308
457 321 452 307
460 321 455 305
463 321 482 312
378 324 378 324
397 324 386 322
405 324 392 322
452 324 447 310
455 324 449 311
457 324 452 310
460 324 455 309
463 324 458 307
466 324 461 306
468 324 463 306
477 324 469 307
394 326 384 325
397 326 386 325
403 326 390 325
405 326 392 324
408 326 400 324
411 326 403 324
452 326 447 315
455 326 450 313
457 326 477 317
466 326 460 309
468 326 463 310
477 326 468 310
479 326 471 310
493 326 491 312
378 329 378 330
400 329 387 328
403 329 389 327
411 329 403 327
455 329 472 321
457 329 477 320
460 329 480 317
466 329 460 312
477 329 468 312
479 329 471 312
482 329 474 312
378 332 378 333
397 332 386 330
403 332 392 330
411 332 403 330
435 332 440 329
457 332 475 324
463 332 480 322
466 332 453 329
471 332 488 319
477 332 482 328
479 332 472 315
378 335 378 335
397 335 384 335
400 335 389 333
408 335 400 333
411 335 417 331
414 335 412 334
416 335 422 335
422 335 428 332
427 335 431 334
435 335 440 332
438 335 442 332
463 335 453 334
466 335 456 335
468 335 458 335
474 335 479 334
477 335 482 334
479 335 485 334
482 335 475 318
493 335 493 333
378 337 378 337
403 337 397 337
414 337 419 337
446 337 441 337
449 337 445 337
463 337 453 337
471 337 461 337
474 337 479 337
477 337 483 337
493 337 493 337
