419 250 409 253
430 250 421 254
419 252 409 255
422 255 418 260
425 255 420 259
419 258 410 263
422 258 412 262
425 258 414 261
427 258 423 260
466 258 457 261
468 258 459 262
425 261 415 263
425 266 415 266
427 274 418 278
425 277 416 280
422 280 415 275
430 280 421 283
471 280 463 284
474 280 465 284
425 282 418 285
430 282 422 285
422 288 416 288
408 291 396 289
411 296 401 297
414 296 404 297
405 299 395 300
408 299 397 300
425 299 417 303
400 302 391 303
403 302 393 302
411 302 402 303
400 304 391 306
400 307 391 309
405 307 397 307
400 310 391 311
438 310 442 313
441 310 445 313
408 313 403 312
422 313 419 316
438 313 443 316
441 313 446 316
408 315 402 314
441 315 446 319
378 318 378 314
386 318 383 317
389 318 386 317
416 318 411 319
436 318 440 321
438 318 443 322
441 318 446 322
444 318 448 323
446 318 451 324
386 321 383 320
389 321 386 320
414 321 408 321
416 321 410 322
436 321 439 324
438 321 443 324
455 321 462 323
378 324 377 320
383 324 381 321
433 324 436 326
436 324 439 327
438 324 443 327
444 324 450 326
378 326 378 323
383 326 381 324
389 326 386 325
416 326 418 327
433 326 436 329
436 326 439 329
378 329 378 326
381 329 380 326
386 329 383 327
394 329 392 328
416 329 418 329
441 329 445 331
444 329 448 331
378 332 378 329
381 332 380 329
397 332 398 331
400 332 401 330
403 332 403 331
408 332 409 331
411 332 412 331
416 332 418 332
425 332 427 333
378 335 378 335
381 335 380 331
389 335 387 334
392 335 392 333
394 335 395 333
397 335 398 333
400 335 401 333
403 335 404 333
405 335 407 333
411 335 412 334
419 335 421 335
422 335 424 335
425 335 426 335
427 335 429 335
438 335 442 336
441 335 446 335
378 337 378 337
386 337 384 337
389 337 387 337
392 337 392 337
394 337 395 337
397 337 397 337
400 337 400 337
403 337 403 337
405 337 407 337
408 337 410 337
411 337 413 337
419 337 421 337
422 337 424 337
427 337 432 337
441 337 446 337
