548 205 548 205
556 205 557 205
559 205 560 205
565 205 565 205
568 205 569 205
576 205 576 205
579 205 578 205
582 205 580 205
585 205 584 205
588 205 586 205
590 205 592 205
593 205 594 205
548 208 548 208
551 208 550 208
554 208 553 208
556 208 556 208
559 208 560 208
562 208 564 208
565 208 566 208
568 208 569 208
571 208 571 208
576 208 576 207
582 208 581 207
585 208 584 207
588 208 586 207
590 208 589 207
593 208 592 207
596 208 595 207
599 208 598 207
602 208 601 207
604 208 604 207
540 211 540 210
548 211 548 211
551 211 550 210
554 211 553 211
556 211 556 210
559 211 559 210
562 211 563 210
565 211 567 210
568 211 569 210
573 211 573 210
576 211 576 209
579 211 579 209
582 211 581 209
585 211 584 209
588 211 589 209
593 211 591 209
596 211 594 209
602 211 601 209
604 211 604 210
537 213 537 213
540 213 540 213
545 213 544 213
548 213 548 213
551 213 550 213
556 213 555 213
559 213 561 213
562 213 564 213
576 213 575 212
579 213 578 212
588 213 587 212
593 213 595 212
596 213 598 211
602 213 602 212
604 213 604 212
537 216 542 216
548 216 549 215
551 216 556 215
554 216 559 215
559 216 563 215
576 216 577 215
585 216 584 215
588 216 589 216
590 216 592 216
604 216 604 215
534 219 541 219
545 219 549 219
548 219 553 219
551 219 556 218
554 219 559 218
556 219 562 218
562 219 567 219
579 219 581 218
590 219 592 218
596 219 596 219
534 222 542 222
548 222 552 222
551 222 556 222
554 222 559 221
556 222 562 221
571 222 572 218
542 225 544 224
551 225 555 225
554 225 559 224
556 225 562 224
576 225 575 224
585 225 587 224
588 225 590 224
596 225 597 224
599 225 597 221
602 225 601 220
531 227 538 225
534 227 541 225
551 227 555 228
554 227 559 227
565 227 567 227
602 227 602 223
531 230 538 228
534 230 541 228
559 230 564 227
568 230 570 227
579 230 578 229
582 230 581 229
588 230 589 227
590 230 592 227
548 233 553 231
551 233 555 230
554 233 559 231
582 233 581 232
585 233 587 230
531 236 538 239
551 236 555 233
554 236 559 233
556 236 562 233
559 236 564 233
542 239 530 250
545 239 533 250
551 239 556 235
554 239 559 236
556 239 562 247
576 239 581 244
590 239 598 236
545 242 530 233
551 242 556 238
554 242 559 250
559 242 564 236
588 242 595 238
590 242 599 238
545 244 533 236
548 244 536 236
588 244 596 241
540 247 528 239
542 247 530 239
554 247 559 255
571 247 576 233
588 247 596 247
590 247 598 244
540 250 528 242
585 250 593 250
588 250 595 250
604 250 613 246
554 253 559 252
588 253 595 253
593 253 602 246
596 253 604 246
602 253 610 250
604 253 613 250
607 253 615 250
531 256 539 256
548 256 550 250
571 256 579 253
590 256 598 252
596 256 602 252
602 256 610 253
604 256 612 252
610 256 616 252
556 258 562 258
571 258 579 244
588 258 596 255
590 258 598 255
602 258 608 253
610 258 616 254
528 261 536 261
534 261 542 262
537 261 544 259
540 261 547 259
548 261 550 259
551 261 553 262
554 261 560 261
556 261 562 261
562 261 573 259
565 261 567 261
571 261 579 258
573 261 585 261
576 261 587 261
585 261 593 258
588 261 596 258
596 261 602 255
599 261 605 255
602 261 608 256
604 261 610 256
607 261 613 256
610 261 616 258
613 261 618 258
616 261 621 260
621 261 624 260
531 264 538 264
534 264 541 265
537 264 545 264
540 264 547 264
542 264 550 264
551 264 557 265
554 264 560 264
556 264 562 264
573 264 585 264
582 264 590 261
585 264 593 261
588 264 596 260
590 264 598 260
593 264 599 258
596 264 602 258
599 264 605 258
602 264 606 258
604 264 610 258
607 264 613 259
610 264 615 260
616 264 621 263
621 264 624 263
531 267 537 268
534 267 540 268
537 267 545 268
540 267 548 267
542 267 551 267
545 267 554 267
551 267 557 267
554 267 561 267
565 267 567 267
585 267 592 264
590 267 598 264
596 267 601 260
602 267 607 261
604 267 610 261
607 267 612 262
621 267 624 265
534 270 539 270
540 270 548 270
542 270 551 270
554 270 560 270
556 270 563 270
582 270 590 268
599 270 602 264
602 270 604 263
604 270 608 264
619 270 618 266
630 270 630 270
534 273 539 272
537 273 542 273
540 273 544 273
542 273 548 273
545 273 550 273
548 273 553 273
551 273 555 273
554 273 559 273
556 273 562 273
559 273 564 272
582 273 591 270
588 273 597 270
599 273 604 269
602 273 606 269
613 273 615 269
619 273 619 270
627 273 628 272
630 273 630 272
633 273 632 272
635 273 636 274
638 273 639 274
537 275 542 276
542 275 547 276
545 275 550 276
548 275 553 276
551 275 555 276
556 275 559 275
559 275 562 275
588 275 596 272
596 275 602 272
599 275 598 274
610 275 613 272
616 275 616 273
619 275 619 273
627 275 628 275
630 275 630 275
633 275 632 275
638 275 639 277
641 275 641 278
554 278 560 281
571 278 571 278
590 278 590 277
593 278 592 277
599 278 599 278
602 278 602 278
607 278 607 278
610 278 612 276
624 278 624 277
627 278 627 278
635 278 634 278
545 281 547 282
551 281 554 283
554 281 556 283
562 281 564 284
571 281 571 281
573 281 574 282
576 281 576 282
590 281 590 280
593 281 593 281
599 281 599 281
604 281 605 281
607 281 608 281
616 281 619 280
619 281 621 280
624 281 624 280
630 281 629 281
635 281 635 281
641 281 641 283
542 284 545 285
545 284 547 285
548 284 550 285
554 284 556 286
556 284 559 286
559 284 561 286
562 284 564 286
568 284 568 286
571 284 570 286
573 284 574 284
576 284 576 284
596 284 595 281
602 284 603 284
604 284 605 283
607 284 607 283
610 284 610 282
616 284 616 284
619 284 619 284
624 284 624 283
627 284 626 283
630 284 629 283
633 284 632 284
638 284 637 284
545 287 547 287
551 287 551 287
554 287 556 289
559 287 561 290
562 287 564 289
568 287 568 290
571 287 571 289
573 287 573 289
576 287 576 289
588 287 587 286
590 287 590 284
593 287 593 284
602 287 602 287
604 287 605 286
607 287 607 286
616 287 617 287
619 287 619 287
621 287 622 287
627 287 625 286
633 287 631 286
635 287 634 286
638 287 636 286
647 287 647 288
542 290 543 290
545 290 545 290
548 290 548 290
551 290 551 290
556 290 557 292
559 290 560 293
562 290 564 292
565 290 567 293
571 290 571 292
573 290 574 292
576 290 576 292
579 290 579 292
590 290 590 287
593 290 593 289
596 290 596 289
599 290 599 292
602 290 603 292
604 290 605 292
616 290 616 290
619 290 619 290
621 290 621 289
627 290 627 289
630 290 630 289
633 290 632 289
638 290 636 289
641 290 639 289
644 290 643 289
545 292 546 293
548 292 548 293
551 292 551 292
554 292 553 293
559 292 560 295
562 292 562 295
565 292 566 295
568 292 569 295
571 292 571 296
573 292 574 295
590 292 591 292
593 292 593 292
596 292 596 292
599 292 599 295
602 292 602 295
604 292 605 295
607 292 608 294
613 292 612 291
616 292 616 292
619 292 618 292
624 292 622 291
627 292 624 291
630 292 628 292
633 292 631 292
635 292 634 292
638 292 636 292
641 292 640 292
644 292 642 292
647 292 645 291
551 295 551 296
554 295 553 296
556 295 556 296
562 295 562 298
565 295 565 298
568 295 568 298
571 295 571 298
573 295 574 298
576 295 576 297
579 295 579 297
582 295 582 296
585 295 585 296
590 295 590 295
593 295 593 295
596 295 596 295
602 295 602 298
607 295 608 298
613 295 613 294
619 295 616 294
621 295 619 294
624 295 622 294
627 295 624 294
630 295 628 294
633 295 631 294
635 295 633 294
644 295 644 295
647 295 647 294
554 298 554 298
556 298 556 298
559 298 559 298
562 298 562 300
565 298 565 301
568 298 569 301
571 298 571 301
573 298 574 301
579 298 580 300
582 298 582 299
585 298 585 299
588 298 588 298
593 298 593 299
596 298 596 298
602 298 602 301
604 298 605 301
607 298 608 301
610 298 610 298
613 298 613 297
619 298 616 297
621 298 619 298
624 298 622 298
627 298 625 297
630 298 628 297
633 298 632 297
644 298 644 297
647 298 647 297
556 301 556 301
559 301 559 301
565 301 565 303
568 301 568 303
571 301 571 303
573 301 574 303
585 301 585 303
590 301 591 302
593 301 593 301
596 301 596 301
599 301 598 301
604 301 604 303
607 301 608 304
610 301 611 304
613 301 614 303
619 301 616 300
621 301 619 300
624 301 622 300
627 301 625 300
630 301 628 300
633 301 632 300
635 301 635 300
638 301 638 300
641 301 642 300
644 301 644 300
647 301 647 300
562 304 562 305
576 304 577 305
579 304 579 305
588 304 588 304
590 304 591 304
593 304 593 304
596 304 596 304
599 304 599 304
602 304 602 304
607 304 608 305
619 304 622 306
624 304 624 303
627 304 627 303
630 304 630 303
633 304 633 303
635 304 635 302
638 304 639 303
641 304 642 303
644 304 644 302
647 304 647 302
576 306 577 307
579 306 580 307
582 306 582 307
585 306 585 307
590 306 590 307
593 306 593 306
596 306 596 307
599 306 599 307
602 306 601 306
604 306 604 307
610 306 610 307
613 306 613 307
616 306 615 307
624 306 624 306
627 306 627 306
630 306 630 306
633 306 633 306
635 306 636 305
638 306 638 305
641 306 641 305
644 306 644 305
647 306 647 305
576 309 577 310
579 309 580 310
582 309 582 310
585 309 585 310
588 309 588 310
590 309 591 310
593 309 594 310
596 309 596 310
599 309 599 310
602 309 602 309
604 309 604 309
607 309 607 309
610 309 610 310
613 309 613 310
616 309 616 310
619 309 619 309
621 309 622 309
624 309 625 309
627 309 628 309
630 309 630 309
633 309 633 309
635 309 636 308
638 309 639 308
641 309 641 308
644 309 644 308
647 309 647 308
571 312 568 313
573 312 574 313
576 312 577 313
579 312 580 312
582 312 582 312
585 312 585 313
588 312 588 313
590 312 591 313
593 312 594 313
596 312 597 313
599 312 600 312
602 312 602 312
604 312 604 312
607 312 607 312
610 312 610 312
613 312 613 312
616 312 616 312
619 312 619 312
621 312 622 312
624 312 624 312
627 312 627 312
630 312 630 312
635 312 636 311
638 312 638 311
641 312 642 311
644 312 645 311
647 312 647 311
571 315 571 315
573 315 574 315
576 315 576 316
579 315 580 315
582 315 582 315
585 315 585 315
588 315 588 315
590 315 591 315
593 315 594 315
596 315 597 315
599 315 600 315
602 315 602 315
604 315 605 315
607 315 607 315
610 315 610 315
613 315 613 315
616 315 616 315
619 315 619 315
621 315 621 315
624 315 624 315
627 315 627 315
630 315 630 315
633 315 633 314
635 315 636 314
638 315 638 314
641 315 641 314
644 315 645 314
647 315 647 314
