302 25 222 6
319 25 239 5
337 25 255 7
424 25 359 16
562 25 481 53
580 25 499 54
597 25 517 53
614 25 530 53
632 25 548 54
666 25 588 52
319 42 239 23
406 42 341 27
441 42 393 9
458 42 411 10
476 42 426 11
493 42 443 13
580 42 498 72
597 42 513 71
614 42 528 71
632 42 546 71
649 42 566 71
666 42 586 72
198 59 79 20
267 59 183 41
285 59 203 42
424 59 364 38
441 59 390 26
458 59 409 24
476 59 427 27
597 59 512 87
614 59 528 89
632 59 545 87
649 59 570 84
666 59 587 84
389 77 329 50
406 77 346 51
424 77 366 55
441 77 390 45
458 77 408 44
476 77 424 45
510 77 458 68
528 77 481 72
614 77 528 105
632 77 544 106
649 77 569 104
666 77 585 103
371 94 308 64
389 94 328 65
406 94 346 67
424 94 364 69
458 94 406 64
476 94 424 67
528 94 467 81
545 94 483 83
614 94 528 120
632 94 544 122
649 94 568 125
354 111 289 78
371 111 307 80
389 111 328 82
406 111 346 83
424 111 364 86
441 111 384 87
493 111 435 94
510 111 454 96
545 111 484 99
562 111 501 101
614 111 528 136
632 111 549 140
337 129 271 93
354 129 289 94
371 129 309 95
389 129 328 97
406 129 346 100
424 129 364 102
441 129 381 102
458 129 399 104
510 129 452 110
562 129 501 116
580 129 516 119
649 129 571 144
319 146 249 107
337 146 270 110
354 146 289 111
371 146 309 112
389 146 328 115
406 146 346 117
441 146 381 120
458 146 398 122
476 146 421 124
493 146 436 124
528 146 469 129
545 146 486 129
580 146 517 137
614 146 531 157
285 163 194 148
302 163 228 124
319 163 249 124
337 163 271 126
354 163 289 128
371 163 307 129
389 163 327 131
406 163 347 134
424 163 366 136
441 163 384 137
458 163 402 139
476 163 419 140
493 163 436 141
510 163 454 141
545 163 486 144
614 163 545 161
649 163 570 176
285 181 179 165
302 181 226 146
319 181 248 143
337 181 269 143
354 181 288 145
371 181 308 147
389 181 327 148
406 181 347 149
424 181 366 151
441 181 384 153
458 181 402 154
476 181 420 155
493 181 437 155
510 181 455 157
528 181 471 158
562 181 498 170
580 181 510 178
597 181 527 179
614 181 545 178
285 198 203 167
302 198 224 169
319 198 246 164
337 198 266 162
354 198 289 164
371 198 310 164
389 198 328 165
406 198 347 166
424 198 366 167
441 198 384 169
458 198 403 170
476 198 420 172
493 198 438 172
510 198 455 174
528 198 471 175
580 198 513 189
597 198 528 190
614 198 548 189
233 215 123 200
250 215 148 194
267 215 181 189
285 215 201 190
302 215 219 194
319 215 245 187
337 215 266 185
354 215 286 184
371 215 309 181
389 215 327 183
406 215 347 183
424 215 367 184
441 215 385 186
458 215 402 186
476 215 420 188
493 215 437 190
510 215 455 190
528 215 472 193
562 215 499 204
580 215 515 204
597 215 533 205
614 215 547 205
233 233 136 212
250 233 157 210
267 233 177 210
285 233 196 212
319 233 247 203
337 233 265 206
354 233 286 205
371 233 306 202
389 233 325 201
406 233 346 203
424 233 365 203
441 233 384 203
458 233 402 202
476 233 420 205
493 233 438 206
510 233 455 208
528 233 472 210
580 233 516 219
597 233 531 220
233 250 139 230
250 250 154 227
267 250 175 230
285 250 196 234
302 250 216 238
354 250 285 224
371 250 304 224
389 250 323 223
406 250 343 223
424 250 364 223
441 250 382 222
458 250 402 222
476 250 420 222
493 250 437 222
510 250 455 225
562 250 499 238
580 250 514 238
597 250 531 238
302 267 215 259
319 267 233 253
337 267 259 245
354 267 283 244
371 267 303 243
389 267 323 244
406 267 341 246
424 267 360 245
441 267 377 244
476 267 419 242
493 267 438 241
510 267 454 244
545 267 478 259
562 267 496 257
580 267 513 256
614 267 545 260
632 267 563 263
285 285 183 292
302 285 211 277
319 285 232 273
337 285 252 270
354 285 280 270
371 285 303 265
389 285 321 265
406 285 337 265
424 285 357 265
441 285 376 264
458 285 394 264
476 285 416 264
493 285 436 261
510 285 453 260
545 285 478 277
562 285 495 275
580 285 512 275
597 285 529 276
614 285 544 276
632 285 561 277
649 285 576 279
285 302 179 309
302 302 227 290
319 302 243 291
337 302 262 292
354 302 279 303
371 302 294 293
389 302 314 292
406 302 334 292
424 302 355 290
458 302 393 287
476 302 415 283
493 302 433 282
510 302 453 280
562 302 494 295
580 302 512 291
597 302 529 292
614 302 545 291
632 302 562 292
267 319 158 330
285 319 191 310
319 319 245 307
371 319 293 314
389 319 312 315
424 319 352 311
441 319 372 312
458 319 391 310
476 319 411 306
493 319 434 306
510 319 450 302
528 319 469 299
562 319 492 314
580 319 506 316
597 319 530 309
614 319 545 310
632 319 564 313
649 319 576 314
267 337 159 345
285 337 190 339
371 337 297 332
389 337 312 332
406 337 331 334
424 337 350 334
441 337 370 333
458 337 390 330
545 337 477 331
562 337 492 333
597 337 533 327
614 337 547 328
632 337 564 329
649 337 579 329
267 354 161 361
302 354 210 343
319 354 226 342
337 354 244 344
354 354 260 344
371 354 301 363
389 354 316 360
406 354 334 352
424 354 350 351
441 354 368 353
458 354 387 352
476 354 405 348
493 354 426 348
510 354 445 342
528 354 454 348
545 354 476 349
562 354 492 350
580 354 511 349
597 354 532 344
614 354 545 349
632 354 563 347
649 354 579 348
267 371 170 380
285 371 188 360
302 371 210 362
319 371 229 376
371 371 301 380
389 371 317 375
406 371 333 370
424 371 351 369
441 371 369 370
458 371 387 369
476 371 405 368
493 371 421 367
510 371 437 367
528 371 459 365
545 371 475 365
562 371 491 366
614 371 543 366
632 371 561 366
649 371 579 363
285 389 187 398
302 389 210 394
319 389 228 393
371 389 299 393
389 389 316 393
406 389 331 386
424 389 351 387
441 389 369 389
458 389 386 386
476 389 402 386
493 389 420 386
510 389 437 385
528 389 458 383
545 389 475 381
562 389 492 383
597 389 531 371
285 406 188 416
302 406 205 414
319 406 225 411
337 406 241 411
354 406 259 413
371 406 292 410
389 406 314 408
406 406 332 409
424 406 349 406
441 406 366 405
458 406 385 406
476 406 403 403
493 406 419 403
510 406 437 402
528 406 456 402
545 406 474 400
562 406 493 400
597 406 529 387
614 406 545 389
632 406 563 392
302 424 211 436
319 424 225 431
337 424 242 430
354 424 261 431
371 424 289 430
389 424 311 430
406 424 332 426
424 424 350 423
441 424 369 429
458 424 384 432
476 424 401 422
493 424 421 422
510 424 437 420
528 424 457 420
545 424 473 417
562 424 492 419
597 424 528 404
614 424 547 404
632 424 565 407
337 441 235 445
354 441 262 447
371 441 292 450
389 441 313 449
406 441 333 445
424 441 351 444
476 441 403 438
493 441 418 440
510 441 436 442
528 441 456 438
545 441 475 437
371 458 280 466
406 458 329 465
424 458 350 463
441 458 368 457
458 458 384 457
493 458 418 459
510 458 436 456
528 458 460 455
545 458 476 454
441 476 365 476
458 476 382 476
476 476 400 477
493 476 420 477
510 476 434 477
528 476 456 477
545 476 474 476
