359 149 333 149
307 154 323 153
312 154 328 153
302 160 307 163
307 160 322 157
297 165 306 167
307 165 313 168
271 170 276 179
276 170 282 179
297 170 306 173
302 170 311 172
349 170 350 170
354 170 354 169
281 175 287 183
297 175 307 178
307 175 317 174
312 175 328 174
338 175 344 175
349 175 350 174
395 175 398 181
317 180 334 181
343 180 348 182
276 186 297 185
281 186 302 185
343 186 349 186
385 186 392 181
297 191 328 190
390 191 396 186
406 191 401 186
276 196 307 184
286 196 322 191
312 196 367 191
401 196 382 171
265 201 285 201
281 201 313 195
312 201 370 198
255 206 275 205
281 206 313 200
312 206 369 203
317 206 374 202
401 206 392 196
265 212 286 210
276 212 291 216
312 212 369 207
317 212 375 206
271 217 289 221
333 217 338 196
255 222 269 215
286 222 306 216
297 222 348 211
317 222 370 213
411 222 403 207
265 227 280 226
281 227 301 221
291 227 311 222
297 227 347 217
307 227 365 218
349 227 386 212
406 227 398 213
411 227 402 213
291 232 349 222
302 232 359 222
307 232 358 218
354 232 385 234
359 232 391 229
369 232 397 229
390 232 390 218
406 232 398 219
411 232 402 218
276 238 295 232
291 238 306 232
302 238 317 232
323 238 374 229
359 238 390 234
369 238 396 234
406 238 397 224
291 243 306 237
297 243 359 232
302 243 317 238
307 243 365 233
323 243 374 234
354 243 386 239
359 243 390 239
364 243 394 240
312 248 369 238
328 248 378 239
359 248 390 245
364 248 394 245
317 253 369 245
328 253 380 244
359 253 390 250
297 258 315 254
323 258 373 249
359 258 391 254
286 264 316 257
317 264 369 254
328 264 375 254
281 269 322 263
302 269 363 258
276 274 332 265
297 274 353 264
302 274 363 264
406 274 405 275
302 279 362 269
395 279 396 276
401 279 401 280
406 279 405 280
385 284 389 285
390 284 391 283
286 290 342 282
297 290 353 282
302 290 359 283
307 290 363 282
380 290 384 291
385 290 389 291
390 290 394 291
395 290 399 291
302 295 357 288
307 295 363 288
380 295 385 296
385 295 389 296
390 295 394 296
395 295 399 296
406 295 405 296
380 300 386 300
385 300 390 301
390 300 395 301
395 300 399 301
401 300 404 300
297 305 321 301
369 305 378 304
385 305 391 306
390 305 395 306
395 305 400 307
401 305 404 306
406 305 409 306
349 310 363 312
364 310 374 308
369 310 379 309
390 310 395 312
432 310 432 310
442 310 443 310
328 316 342 316
349 316 357 318
354 316 362 316
359 316 369 314
364 316 373 314
369 316 379 313
375 316 383 314
380 316 387 315
395 316 401 315
401 316 407 315
427 316 428 315
432 316 432 315
437 316 436 315
442 316 443 316
333 321 335 321
349 321 357 322
354 321 362 321
359 321 368 319
364 321 373 319
369 321 378 319
375 321 383 319
380 321 387 319
390 321 396 319
395 321 401 320
401 321 407 320
411 321 417 320
437 321 437 320
442 321 443 320
317 326 320 322
323 326 324 323
333 326 336 326
338 326 342 327
343 326 352 328
349 326 357 327
364 326 374 325
369 326 378 325
375 326 383 325
380 326 388 324
385 326 392 325
395 326 402 324
401 326 407 325
406 326 413 324
442 326 443 325
312 331 313 329
317 331 319 331
328 331 329 329
338 331 340 334
343 331 352 333
354 331 364 330
359 331 368 330
364 331 373 330
369 331 378 331
375 331 383 329
380 331 387 330
385 331 392 330
390 331 397 330
395 331 403 330
401 331 408 329
406 331 414 329
312 336 314 334
317 336 318 336
328 336 329 334
333 336 335 338
349 336 359 337
354 336 364 335
359 336 369 335
364 336 373 335
369 336 378 335
375 336 383 335
380 336 387 335
385 336 392 335
390 336 397 335
395 336 403 335
401 336 408 335
411 336 419 335
437 336 442 334
