476 25 540 139
476 42 541 151
493 42 557 151
528 42 627 153
562 42 668 153
580 42 684 152
597 42 706 155
528 59 628 171
545 59 653 169
562 59 667 168
580 59 681 168
614 59 701 165
458 77 530 180
476 77 545 178
493 77 560 176
562 77 667 189
580 77 682 187
614 77 700 185
632 77 715 186
458 94 531 193
476 94 545 190
493 94 559 190
562 94 667 206
580 94 682 205
614 94 697 208
632 94 714 203
458 111 531 206
476 111 545 205
493 111 561 205
614 111 699 222
632 111 715 223
424 129 509 226
458 129 531 225
476 129 547 222
493 129 564 222
562 129 673 240
614 129 704 237
632 129 718 237
406 146 494 243
424 146 510 240
441 146 524 239
476 146 551 238
493 146 568 237
510 146 585 235
580 146 703 256
632 146 719 255
528 163 601 248
545 163 617 246
562 163 639 248
580 163 705 275
632 163 720 277
354 181 445 266
371 181 462 266
389 181 476 265
406 181 490 265
441 181 519 265
458 181 535 263
476 181 552 264
493 181 567 262
510 181 582 260
528 181 598 259
545 181 617 260
562 181 640 262
354 198 447 280
371 198 460 278
389 198 473 277
406 198 488 276
441 198 517 275
458 198 532 274
476 198 549 274
493 198 563 273
510 198 579 272
528 198 596 273
545 198 618 276
580 198 671 271
614 198 701 294
319 215 422 299
354 215 446 295
371 215 460 292
389 215 472 291
441 215 516 287
458 215 530 287
562 215 649 298
302 233 409 318
319 233 421 316
354 233 447 310
371 233 460 306
424 233 502 303
476 233 545 299
493 233 560 299
510 233 577 299
528 233 595 299
545 233 617 305
285 250 393 336
302 250 410 333
319 250 424 332
354 250 447 324
389 250 472 320
424 250 502 319
441 250 516 317
458 250 530 316
476 250 545 315
493 250 561 313
510 250 576 313
528 250 599 316
562 250 646 326
597 250 681 324
250 267 370 346
285 267 393 346
302 267 409 346
319 267 424 347
354 267 447 342
371 267 460 336
389 267 473 336
424 267 503 335
441 267 519 335
458 267 533 334
476 267 549 333
493 267 563 331
510 267 577 328
528 267 600 333
562 267 648 345
580 267 665 343
597 267 682 341
302 285 409 362
319 285 425 369
337 285 437 365
371 285 459 353
389 285 473 352
424 285 502 353
441 285 521 352
458 285 535 352
476 285 551 351
493 285 566 349
510 285 579 346
528 285 596 346
545 285 635 364
562 285 653 362
580 285 670 360
597 285 690 361
302 302 410 384
319 302 424 385
441 302 520 371
458 302 537 371
476 302 553 369
493 302 568 367
510 302 582 364
528 302 598 362
562 302 657 382
580 302 673 380
597 302 691 377
302 319 409 404
319 319 424 404
337 319 440 406
371 319 466 398
389 319 480 396
406 319 496 395
424 319 511 393
441 319 526 394
458 319 541 392
476 319 554 387
493 319 571 386
510 319 585 384
528 319 600 380
562 319 659 402
580 319 677 399
302 337 408 418
319 337 422 418
337 337 442 418
371 337 468 417
406 337 497 414
424 337 513 414
441 337 528 413
458 337 545 412
476 337 560 410
493 337 573 406
510 337 587 400
528 337 601 398
285 354 371 453
337 354 430 433
354 354 450 435
371 354 469 438
389 354 484 436
406 354 498 433
424 354 515 433
441 354 531 433
458 354 546 431
476 354 562 431
562 354 667 447
597 354 687 431
614 354 706 430
319 371 414 452
337 371 430 453
354 371 444 453
371 371 466 454
389 371 485 455
406 371 499 454
424 371 516 455
441 371 533 454
458 371 548 451
476 371 565 450
493 371 582 449
528 371 618 452
597 371 687 449
614 371 706 445
632 371 726 447
666 371 775 461
371 389 464 473
389 389 481 475
406 389 502 475
424 389 517 476
441 389 532 472
458 389 551 469
476 389 570 468
493 389 603 469
