537 211 536 211
565 211 562 202
573 211 572 200
576 211 575 200
579 211 578 200
534 213 533 214
540 213 540 211
548 213 547 209
554 213 553 207
556 213 556 205
559 213 559 205
565 213 563 205
568 213 566 206
571 213 568 203
573 213 571 203
576 213 575 203
585 213 581 202
588 213 584 202
590 213 587 202
542 216 542 213
562 216 562 208
579 216 574 207
582 216 578 207
590 216 587 205
593 216 590 206
542 219 543 216
545 219 545 216
585 219 580 210
588 219 584 209
531 222 536 217
537 222 539 219
540 222 543 218
551 222 552 214
571 222 554 223
576 222 577 214
582 222 580 213
588 222 585 212
528 225 533 219
531 225 536 221
537 225 541 221
554 225 554 220
576 225 577 217
585 225 583 216
588 225 585 215
593 225 592 215
604 225 597 221
531 227 536 225
534 227 539 225
537 227 541 225
540 227 545 225
545 227 547 223
548 227 551 223
576 227 577 220
579 227 579 219
585 227 583 219
588 227 585 218
590 227 589 219
528 230 532 227
531 230 535 228
534 230 538 229
537 230 542 229
545 230 547 226
548 230 551 226
565 230 567 225
568 230 569 224
571 230 573 223
573 230 576 222
585 230 583 222
588 230 585 223
593 230 595 225
528 233 532 233
531 233 534 233
554 233 557 229
562 233 560 229
573 233 576 225
528 236 529 236
554 239 553 232
556 239 556 233
562 239 556 236
531 242 540 243
540 242 540 237
542 242 543 237
545 242 547 238
548 242 550 238
551 242 552 239
565 242 567 237
528 244 529 233
537 244 546 243
596 244 597 225
616 244 606 254
528 247 528 239
540 247 548 247
542 247 551 248
545 247 554 248
579 247 575 250
585 247 589 240
542 250 550 252
545 250 554 252
579 250 582 241
585 250 589 243
537 253 544 256
542 253 555 263
579 253 582 245
542 256 555 266
610 256 592 273
613 256 594 274
613 258 594 277
548 261 559 264
531 264 546 265
534 264 549 265
568 264 562 257
551 267 573 268
554 267 576 268
551 270 572 271
556 270 579 270
607 270 599 250
633 270 625 275
534 273 552 272
556 273 578 273
562 273 557 273
619 273 628 312
633 273 633 282
531 275 548 274
534 275 551 275
548 275 569 274
551 275 572 275
554 275 575 276
556 275 578 276
562 275 557 276
630 275 630 285
548 278 569 277
554 278 575 278
556 278 578 278
559 278 581 276
630 278 629 297
548 284 572 280
551 284 575 280
556 284 578 282
599 284 568 272
545 287 568 283
548 287 572 283
551 287 575 283
588 287 575 259
590 287 578 260
610 287 590 287
542 290 565 286
545 290 568 286
548 290 571 286
551 290 574 286
588 290 574 262
590 290 577 263
610 290 589 289
644 290 642 290
647 290 647 290
542 292 565 289
545 292 567 289
548 292 570 289
551 292 574 289
644 292 642 293
647 292 647 293
542 295 565 291
545 295 567 292
548 295 569 292
551 295 574 292
647 295 647 296
551 298 573 295
647 298 647 298
545 301 567 296
548 301 569 297
562 301 581 295
644 301 646 303
565 304 584 300
568 304 586 298
644 304 645 306
559 306 578 300
565 306 584 304
576 306 591 307
579 306 593 308
582 306 596 308
644 306 645 310
548 309 566 308
551 309 569 308
562 309 579 306
565 309 582 306
576 309 591 310
582 309 595 311
635 309 636 310
551 312 568 312
562 312 578 309
565 312 582 309
568 312 584 310
571 312 587 310
573 312 587 313
579 312 593 311
585 312 599 312
588 312 603 311
556 315 572 315
559 315 574 315
562 315 576 315
565 315 579 315
568 315 583 313
571 315 584 315
573 315 586 315
576 315 590 315
579 315 592 315
582 315 595 314
585 315 599 315
588 315 603 314
619 315 605 315
627 315 630 316
644 315 642 314
