565 211 563 211
531 227 530 231
534 230 532 233
534 233 532 236
559 233 556 230
562 233 559 229
582 233 575 227
531 236 529 240
534 236 533 239
559 236 556 233
573 236 567 230
579 236 572 231
582 236 576 231
540 242 538 246
568 242 564 236
582 242 573 241
585 242 576 242
548 244 548 245
576 244 575 244
576 247 576 248
585 258 578 253
588 258 582 253
588 261 582 258
590 261 585 258
540 264 539 262
556 287 556 282
576 292 576 284
644 292 645 289
542 295 546 290
554 295 560 292
573 295 573 289
548 298 553 296
551 298 557 295
582 298 580 293
537 301 543 299
540 301 546 299
554 301 562 299
556 301 565 299
559 301 568 297
562 301 571 296
565 301 574 296
610 301 614 301
537 304 543 302
540 304 547 302
542 304 551 302
559 304 568 299
562 304 571 299
604 304 608 301
610 304 615 303
542 306 551 305
554 306 562 302
556 306 566 302
559 306 569 302
562 306 572 302
565 306 575 302
607 306 611 306
613 306 617 306
542 309 551 307
545 309 554 307
551 309 560 305
554 309 563 305
556 309 566 305
559 309 569 305
562 309 572 304
565 309 575 304
568 309 578 305
571 309 580 304
573 309 583 304
576 309 586 306
579 309 589 305
582 309 591 306
585 309 594 307
588 309 596 307
602 309 605 306
607 309 611 309
610 309 614 309
613 309 617 309
621 309 623 309
624 309 625 309
545 312 554 310
548 312 558 310
551 312 559 308
554 312 563 307
556 312 566 308
559 312 569 307
562 312 571 308
565 312 575 307
568 312 578 307
571 312 580 307
573 312 583 307
579 312 588 309
582 312 591 310
585 312 593 309
588 312 597 309
590 312 600 309
602 312 605 309
610 312 617 312
616 312 620 313
554 315 563 310
556 315 566 310
559 315 569 310
565 315 575 310
568 315 577 313
571 315 580 312
579 315 588 315
582 315 595 315
585 315 593 312
588 315 597 313
590 315 599 313
607 315 614 315
610 315 617 315
613 315 620 315
619 315 623 315
621 315 626 315
