406 198 340 27
476 198 418 15
406 215 336 47
424 215 358 45
458 215 398 36
476 215 420 34
389 233 317 71
406 233 338 69
424 233 360 67
458 233 403 60
614 233 591 53
337 250 246 104
354 250 275 99
371 250 296 96
389 250 318 94
406 250 341 92
424 250 363 90
441 250 383 90
510 250 472 83
614 250 590 74
319 267 230 124
337 267 251 122
354 267 275 120
371 267 298 117
389 267 321 116
406 267 342 115
424 267 366 112
441 267 386 109
458 267 409 108
476 267 428 106
493 267 449 103
510 267 473 104
528 267 492 101
545 267 511 100
597 267 569 99
614 267 590 94
302 285 216 149
337 285 254 143
354 285 277 141
371 285 299 138
389 285 322 136
406 285 344 135
424 285 365 133
441 285 387 131
458 285 408 130
476 285 429 126
493 285 451 124
510 285 471 123
528 285 492 121
597 285 570 117
267 302 182 176
285 302 202 173
337 302 258 165
354 302 280 164
371 302 302 161
389 302 324 159
406 302 346 156
424 302 368 155
441 302 389 152
458 302 410 150
476 302 431 147
493 302 452 146
510 302 472 143
528 302 493 142
597 302 571 137
319 319 246 189
337 319 264 185
354 319 286 185
371 319 306 182
389 319 326 180
406 319 348 178
424 319 370 176
441 319 390 174
458 319 411 171
476 319 432 168
493 319 453 167
545 319 510 161
250 337 176 216
319 337 251 208
337 337 269 206
354 337 290 205
371 337 308 203
389 337 329 200
406 337 351 199
424 337 372 196
441 337 390 194
458 337 415 194
476 337 433 189
493 337 454 188
510 337 476 184
545 337 513 179
562 337 530 178
267 354 205 231
285 354 225 229
319 354 257 228
337 354 274 226
354 354 293 226
371 354 313 223
389 354 333 220
406 354 352 216
424 354 373 215
441 354 394 216
458 354 415 213
476 354 434 209
493 354 456 207
510 354 475 204
545 354 514 199
267 371 209 248
285 371 231 248
354 371 296 244
389 371 336 238
406 371 355 235
441 371 394 231
476 371 436 231
493 371 456 228
510 371 477 224
528 371 496 220
562 371 534 216
250 389 201 268
267 389 219 265
285 389 236 265
337 389 282 260
354 389 302 264
371 389 321 258
389 389 344 258
406 389 363 255
441 389 400 251
458 389 420 247
476 389 439 249
528 389 497 238
545 389 516 237
562 389 534 234
267 406 220 282
285 406 241 283
302 406 259 281
424 406 384 270
458 406 421 267
476 406 440 267
493 406 459 261
510 406 480 254
528 406 497 256
545 406 515 254
233 424 190 302
250 424 209 300
285 424 243 300
302 424 261 297
337 424 298 294
354 424 314 294
389 424 351 291
406 424 369 289
424 424 387 288
510 424 481 275
528 424 500 272
545 424 517 269
267 441 229 315
302 441 267 313
337 441 302 311
389 441 355 307
406 441 372 304
424 441 389 302
441 441 407 301
458 441 425 300
493 441 462 297
528 441 500 287
545 441 519 283
562 441 536 285
580 441 551 283
597 441 569 280
250 458 214 337
337 458 304 328
371 458 341 323
389 458 358 323
406 458 376 321
424 458 394 319
458 458 429 317
476 458 446 316
493 458 464 316
580 458 553 299
406 476 378 336
