0.8783608078956604 -0.2130119353532791 0.4279114305973053 0.05990460515022278 
-0.002246736316010356 0.8933658599853516 0.4493242800235748 -0.2994208633899689 
-0.4779929220676422 -0.3956302106380463 0.784218966960907 -0.5336079597473145 
0 0 0 1 

0.8624113798141479 -0.2597373127937317 0.4344916045665741 0.08765197545289993 
-0.01362313982099295 0.8461068272590637 0.5328390598297119 -0.3156836330890656 
-0.5060245394706726 -0.4654455780982971 0.7261537909507751 -0.4727357625961304 
0 0 0 1 

0.8342840075492859 -0.2975492179393768 0.4641492366790771 0.1023400202393532 
-0.04592882469296455 0.8014301657676697 0.5963221192359924 -0.320839911699295 
-0.5494183897972107 -0.5188197493553162 0.6549543142318726 -0.447028636932373 
0 0 0 1 

0.8044804334640503 -0.3207407593727112 0.4999365210533142 0.1083948388695717 
-0.09234753251075745 0.7639003992080688 0.6386924386024475 -0.3318586349487305 
-0.5867564082145691 -0.5599834322929382 0.5849233269691467 -0.4374187886714935 
0 0 0 1 

0.7832812666893005 -0.3228397369384766 0.5312672257423401 0.1104157865047455 
-0.154544860124588 0.7266349792480469 0.6694157123565674 -0.3557147085666656 
-0.6021513938903809 -0.6064454317092896 0.5192663669586182 -0.4304435849189758 
0 0 0 1 

0.8107970952987671 -0.3415291607379913 0.4753586053848267 0.1282628625631332 
-0.1537899374961853 0.6592918038368225 0.7359910607337952 -0.4012413918972015 
-0.5647624731063843 -0.6698448061943054 0.4820280969142914 -0.4267503619194031 
0 0 0 1 

0.8212067484855652 -0.2264353185892105 0.523780882358551 0.06553364545106888 
-0.1620438545942307 0.7875726819038391 0.5945340991020203 -0.562060534954071 
-0.547139048576355 -0.5731108784675598 0.61006760597229 -0.4960527420043945 
0 0 0 1 

0.8323088884353638 -0.1713105738162994 0.5271759033203125 0.06584180891513824 
-0.1521065980195999 0.8439543843269348 0.514397144317627 -0.4544694125652313 
-0.533034086227417 -0.5083242654800415 0.6763732433319092 -0.4866525530815125 
0 0 0 1 

0.830713152885437 -0.08682554215192795 0.549888014793396 0.048797857016325 
-0.1949154287576675 0.8798769116401672 0.433387279510498 -0.4339746236801147 
-0.5214628577232361 -0.4672021865844727 0.7140016555786133 -0.49183189868927 
0 0 0 1 

0.8442556262016296 -0.04345602914690971 0.534176230430603 0.04406949505209923 
-0.2002473920583725 0.8989434838294983 0.3896175026893616 -0.3978566825389862 
-0.4971254765987396 -0.4359039068222046 0.7502360343933105 -0.4865107536315918 
0 0 0 1 

