458 25 458 26
476 25 476 25
458 42 458 43
476 42 475 42
510 42 511 43
528 42 529 43
545 42 546 43
562 42 564 44
580 42 580 43
458 59 458 60
476 59 475 60
493 59 493 60
510 59 510 60
528 59 528 60
545 59 548 61
562 59 565 60
580 59 581 60
597 59 599 61
614 59 614 61
441 77 441 77
458 77 459 77
476 77 476 77
493 77 493 77
528 77 527 78
545 77 545 78
562 77 562 78
580 77 579 78
597 77 597 78
614 77 615 77
632 77 631 78
424 94 424 95
441 94 441 95
458 94 458 94
476 94 475 94
493 94 493 94
528 94 526 95
545 94 544 95
562 94 562 96
580 94 581 95
597 94 597 95
614 94 614 94
632 94 632 96
424 111 424 112
441 111 441 112
458 111 458 111
476 111 476 112
528 111 526 113
614 111 614 112
632 111 632 111
129 129 131 129
424 129 424 129
441 129 441 129
458 129 458 129
476 129 475 129
510 129 513 129
528 129 529 130
545 129 546 130
562 129 562 130
580 129 580 130
597 129 597 130
614 129 614 131
632 129 631 128
25 146 27 146
59 146 61 146
77 146 81 146
94 146 97 146
111 146 114 146
129 146 132 146
146 146 148 146
163 146 165 147
371 146 373 146
389 146 390 146
406 146 406 146
424 146 424 146
441 146 441 146
510 146 511 146
545 146 545 146
562 146 560 147
580 146 578 148
597 146 597 149
614 146 615 148
632 146 631 147
25 163 27 163
42 163 46 164
59 163 62 163
77 163 80 163
94 163 99 163
111 163 115 164
129 163 133 164
146 163 149 163
163 163 166 164
181 163 182 164
337 163 338 164
354 163 354 163
371 163 372 163
389 163 389 163
406 163 407 163
424 163 424 163
441 163 441 163
458 163 458 164
476 163 475 163
493 163 493 163
510 163 510 163
528 163 528 163
545 163 545 163
562 163 562 164
580 163 578 165
597 163 598 166
614 163 615 165
632 163 632 164
25 181 27 181
42 181 44 181
319 181 320 181
337 181 337 181
354 181 354 181
371 181 372 180
389 181 388 181
406 181 406 180
424 181 424 181
441 181 441 180
458 181 458 181
476 181 476 181
493 181 493 181
510 181 510 180
528 181 528 181
562 181 562 182
580 181 579 182
597 181 597 183
614 181 614 182
632 181 631 182
302 198 302 198
319 198 320 198
337 198 337 198
354 198 354 198
371 198 372 198
389 198 389 198
406 198 407 198
424 198 424 198
441 198 441 198
458 198 458 198
476 198 476 198
493 198 493 198
510 198 510 198
545 198 545 198
562 198 562 199
580 198 579 199
597 198 596 199
614 198 615 197
285 215 285 216
302 215 303 215
319 215 320 215
337 215 337 215
354 215 353 215
371 215 372 215
389 215 389 215
406 215 406 215
424 215 423 215
441 215 441 215
458 215 458 215
476 215 476 215
493 215 493 215
510 215 510 215
528 215 527 215
545 215 545 216
562 215 562 216
580 215 579 215
597 215 595 216
614 215 614 218
285 233 285 233
302 233 302 233
319 233 320 233
337 233 338 233
354 233 354 233
371 233 371 232
389 233 390 233
406 233 406 233
424 233 424 232
441 233 441 232
458 233 458 232
476 233 476 232
493 233 493 232
510 233 510 232
528 233 527 232
562 233 562 233
597 233 596 234
614 233 614 234
250 250 250 251
267 250 268 250
285 250 285 250
302 250 303 250
319 250 320 250
337 250 337 250
354 250 354 249
371 250 372 250
389 250 389 250
406 250 407 250
424 250 424 250
441 250 440 250
458 250 458 250
476 250 476 249
493 250 493 249
510 250 510 249
528 250 527 250
545 250 545 250
562 250 563 250
580 250 579 250
597 250 597 250
614 250 614 251
233 267 234 268
250 267 251 267
267 267 269 266
285 267 286 267
319 267 319 267
337 267 337 267
354 267 354 267
371 267 373 267
389 267 391 267
406 267 407 267
424 267 422 266
441 267 440 267
458 267 459 267
476 267 475 267
493 267 493 267
510 267 510 267
528 267 528 266
545 267 545 267
562 267 562 267
580 267 580 267
597 267 597 267
250 285 252 285
267 285 268 284
285 285 286 285
302 285 304 285
319 285 320 285
337 285 337 284
354 285 354 285
371 285 371 284
389 285 390 285
406 285 407 285
424 285 424 284
441 285 442 284
458 285 459 284
476 285 475 284
493 285 493 284
510 285 510 283
528 285 527 284
545 285 545 285
562 285 563 284
580 285 580 285
597 285 597 285
302 302 303 302
319 302 320 302
337 302 337 302
354 302 354 302
406 302 407 302
424 302 424 302
441 302 441 301
458 302 459 302
476 302 476 301
493 302 493 301
510 302 511 301
528 302 527 301
545 302 545 302
562 302 562 301
580 302 580 303
597 302 597 302
614 302 614 302
302 319 303 320
319 319 320 319
337 319 337 320
354 319 355 319
371 319 372 319
389 319 389 319
406 319 406 319
424 319 424 319
441 319 441 319
458 319 458 319
476 319 475 319
493 319 492 319
510 319 510 320
528 319 527 319
545 319 545 318
562 319 562 319
580 319 580 319
597 319 597 319
614 319 615 319
632 319 632 321
285 337 285 337
302 337 302 337
319 337 319 338
337 337 337 337
354 337 354 338
371 337 372 337
389 337 389 336
406 337 406 336
424 337 424 337
441 337 441 336
458 337 458 337
476 337 475 336
493 337 493 337
510 337 510 337
545 337 545 336
562 337 563 337
580 337 580 337
597 337 597 336
614 337 613 337
632 337 631 337
649 337 649 337
285 354 284 355
302 354 301 357
319 354 319 357
337 354 338 355
354 354 355 355
371 354 372 354
389 354 389 354
406 354 406 354
424 354 424 355
441 354 441 354
458 354 458 354
476 354 476 354
528 354 528 355
545 354 544 354
562 354 563 354
597 354 597 353
614 354 615 353
632 354 632 355
649 354 649 355
267 371 267 372
285 371 283 373
302 371 300 376
319 371 318 376
337 371 338 374
354 371 356 374
371 371 372 371
389 371 389 371
406 371 406 372
424 371 424 371
441 371 441 371
458 371 459 371
476 371 476 371
493 371 493 371
510 371 511 371
528 371 528 371
545 371 546 370
562 371 563 370
597 371 597 370
614 371 615 370
632 371 632 371
649 371 649 371
250 389 251 389
267 389 267 391
285 389 286 391
302 389 305 391
337 389 334 394
354 389 351 394
371 389 371 391
389 389 389 390
406 389 406 389
424 389 424 388
441 389 442 389
458 389 459 389
476 389 476 388
493 389 493 389
510 389 510 389
528 389 525 390
545 389 543 389
562 389 562 389
597 389 597 388
614 389 614 387
632 389 632 387
649 389 649 389
250 406 250 408
267 406 266 405
302 406 306 404
319 406 323 409
354 406 356 410
371 406 373 411
389 406 388 409
406 406 405 406
424 406 424 405
441 406 443 406
458 406 459 406
476 406 476 406
493 406 492 405
510 406 510 403
528 406 526 404
545 406 545 406
562 406 562 407
597 406 597 405
614 406 614 405
632 406 632 404
649 406 649 406
250 424 251 424
267 424 266 421
285 424 285 420
302 424 302 419
337 424 339 424
354 424 356 425
371 424 373 425
389 424 389 422
406 424 406 422
424 424 423 422
441 424 441 423
458 424 458 422
476 424 475 422
493 424 492 422
510 424 513 419
528 424 530 419
545 424 546 421
562 424 562 424
580 424 580 422
597 424 598 423
614 424 614 422
632 424 631 422
649 424 648 423
250 441 251 442
267 441 266 439
285 441 283 437
302 441 302 437
319 441 318 437
337 441 334 439
354 441 356 442
371 441 376 444
389 441 389 441
406 441 407 440
424 441 423 440
441 441 441 440
458 441 457 439
476 441 474 439
493 441 492 438
510 441 509 435
528 441 530 437
545 441 547 439
562 441 564 436
580 441 580 440
597 441 597 440
267 458 268 458
285 458 283 455
302 458 302 455
319 458 319 457
337 458 333 457
354 458 353 455
371 458 371 458
389 458 387 458
406 458 406 458
424 458 425 459
441 458 444 456
458 458 461 454
476 458 476 456
493 458 493 458
510 458 509 459
528 458 528 458
545 458 548 458
562 458 564 457
580 458 579 458
597 458 597 458
285 476 286 475
302 476 302 476
319 476 317 475
337 476 333 475
354 476 353 475
371 476 371 477
389 476 388 476
406 476 404 475
424 476 424 476
441 476 442 474
458 476 461 474
476 476 477 473
493 476 492 475
510 476 507 476
528 476 528 475
545 476 546 476
562 476 563 476
580 476 580 475
