1 0 0 0.05831152200698853 
0 1 0 -0.2219620198011398 
0 0 1 -0.7369999885559082 
0 0 0 1 

0.9966093897819519 -0.06477588415145874 0.05073191970586777 0.06950737535953522 
0.06148460879921913 0.9960572123527527 0.06395044177770615 -0.2275631576776505 
-0.05467435717582703 -0.06061436235904694 0.9966627359390259 -0.7028763294219971 
0 0 0 1 

0.9865708351135254 -0.09195518493652344 0.1349895298480988 0.07204320281744003 
0.08077986538410187 0.993009626865387 0.08606068044900894 -0.2316736429929733 
-0.1419596523046494 -0.07400047034025192 0.9871024489402771 -0.6991246342658997 
0 0 0 1 

0.9680910706520081 -0.127914622426033 0.2154934406280518 0.07250417023897171 
0.1062854528427124 0.9883236289024353 0.109177403151989 -0.2355590462684631 
-0.2269426733255386 -0.08278980106115341 0.9703828096389771 -0.6944365501403809 
0 0 0 1 

0.9432334303855896 -0.164910763502121 0.2882967591285706 0.05871737375855446 
0.1456936001777649 0.9854928851127625 0.08704670518636703 -0.2426129579544067 
-0.2984693348407745 -0.04010232910513878 0.9535763263702393 -0.6853825449943542 
0 0 0 1 

0.918806254863739 -0.1535879522562027 0.3636009693145752 0.04322276264429092 
0.1130277663469315 0.9849910140037537 0.130450963973999 -0.2491195052862167 
-0.3781794011592865 -0.07876210659742355 0.9223756194114685 -0.6619859337806702 
0 0 0 1 

0.90256667137146 -0.1625086516141891 0.3987030386924744 0.04201987385749817 
0.08007694035768509 0.9732350707054138 0.2154091000556946 -0.2480317801237106 
-0.4230376780033112 -0.1624940931797028 0.8914228081703186 -0.6313225626945496 
0 0 0 1 

0.8757147192955017 -0.1740205883979797 0.450378030538559 0.04521405696868896 
0.04400579258799553 0.9576747417449951 0.2844688892364502 -0.2598521709442139 
-0.4808191061019897 -0.2292943149805069 0.8463078141212463 -0.6084625124931335 
0 0 0 1 

0.8601612448692322 -0.1954074054956436 0.4711033701896667 0.05058951303362846 
0.01113593298941851 0.9306677579879761 0.3656957745552063 -0.2665674388408661 
-0.5099003911018372 -0.3093110918998718 0.8027003407478333 -0.5891608595848083 
0 0 0 1 

0.8617409467697144 -0.2100400775671005 0.4618285000324249 0.05682017281651497 
0.002182536525651813 0.9118051528930664 0.4106172919273376 -0.2778372466564178 
-0.5073437094688416 -0.3528377413749695 0.7861982583999634 -0.5651472806930542 
0 0 0 1 

