328 149 331 150
338 149 343 149
317 154 317 154
323 154 325 154
328 154 331 154
333 154 336 154
338 154 342 154
343 154 347 154
317 160 319 159
323 160 325 159
328 160 331 159
333 160 337 159
338 160 343 159
343 160 347 159
349 160 351 160
359 160 362 159
364 160 367 159
375 160 377 160
380 160 382 160
307 165 310 164
312 165 315 164
317 165 321 164
323 165 326 164
328 165 331 164
333 165 337 164
338 165 343 164
343 165 347 165
349 165 352 164
354 165 357 165
359 165 363 165
364 165 368 165
369 165 372 165
375 165 378 165
380 165 383 165
286 170 287 170
291 170 293 169
297 170 299 169
307 170 311 169
312 170 316 169
317 170 321 170
323 170 327 170
328 170 332 169
333 170 337 169
338 170 343 169
343 170 348 169
349 170 352 170
354 170 358 170
359 170 363 170
364 170 368 170
369 170 374 170
375 170 378 170
380 170 383 170
385 170 388 170
281 175 282 175
297 175 300 175
302 175 305 175
307 175 311 175
312 175 316 175
317 175 322 175
323 175 327 175
328 175 332 175
333 175 337 175
338 175 343 175
343 175 348 175
349 175 353 175
354 175 358 175
359 175 363 175
364 175 368 175
369 175 373 175
375 175 379 175
380 175 384 175
385 175 388 175
281 180 282 179
286 180 288 179
297 180 300 180
302 180 306 179
307 180 311 179
312 180 316 180
317 180 322 180
323 180 327 180
328 180 333 180
333 180 337 180
338 180 343 180
343 180 348 180
349 180 353 180
354 180 358 180
359 180 363 180
364 180 368 180
369 180 373 180
375 180 378 180
380 180 383 180
385 180 389 180
281 186 282 184
286 186 287 184
291 186 293 184
297 186 301 185
302 186 306 185
307 186 311 185
312 186 316 185
317 186 322 185
323 186 327 185
328 186 332 185
333 186 338 185
338 186 343 185
343 186 348 185
349 186 354 185
354 186 359 185
359 186 364 185
364 186 370 186
369 186 374 185
375 186 378 185
380 186 383 185
390 186 392 186
395 186 396 186
276 191 277 190
281 191 282 190
286 191 287 190
291 191 295 190
297 191 300 190
302 191 306 191
307 191 311 191
312 191 316 191
317 191 321 191
323 191 326 190
328 191 332 191
338 191 343 191
343 191 347 191
349 191 353 191
354 191 358 190
359 191 364 190
364 191 369 191
369 191 374 191
375 191 378 191
380 191 384 191
390 191 391 191
395 191 397 190
276 196 277 195
291 196 295 195
297 196 300 195
302 196 306 196
307 196 312 196
312 196 317 195
317 196 321 196
323 196 327 196
333 196 337 196
343 196 347 196
354 196 357 195
359 196 363 196
364 196 368 196
369 196 373 196
375 196 378 196
385 196 387 196
390 196 392 196
395 196 397 196
271 201 272 200
276 201 277 200
281 201 282 200
286 201 290 201
291 201 295 200
297 201 300 201
307 201 311 200
312 201 316 200
317 201 321 201
323 201 328 201
328 201 332 201
333 201 337 201
338 201 342 201
343 201 347 201
354 201 357 201
359 201 363 201
364 201 368 201
369 201 373 201
380 201 382 202
385 201 387 202
390 201 392 201
395 201 396 201
401 201 402 202
271 206 272 206
276 206 276 205
281 206 283 206
297 206 301 205
302 206 306 206
307 206 310 206
312 206 316 206
317 206 322 206
323 206 328 206
328 206 331 206
333 206 336 206
343 206 347 207
349 206 353 206
354 206 358 206
359 206 363 207
364 206 368 207
369 206 373 206
375 206 378 207
385 206 387 207
390 206 391 206
395 206 396 206
401 206 401 207
271 212 271 211
276 212 276 211
281 212 282 211
291 212 293 211
297 212 300 211
302 212 305 211
307 212 310 211
312 212 316 211
328 212 331 212
333 212 338 211
343 212 347 212
349 212 353 212
354 212 359 212
359 212 363 212
364 212 368 212
369 212 373 211
375 212 377 212
385 212 387 212
390 212 391 212
395 212 396 212
401 212 401 212
271 217 271 216
276 217 277 216
281 217 281 216
286 217 287 217
291 217 293 217
297 217 298 216
302 217 305 216
307 217 311 216
312 217 317 217
317 217 321 216
328 217 331 217
333 217 337 217
338 217 342 216
343 217 347 217
354 217 358 217
359 217 364 217
364 217 368 217
369 217 373 216
375 217 378 216
385 217 387 217
390 217 391 217
395 217 396 217
271 222 272 222
276 222 277 222
281 222 282 222
286 222 287 221
291 222 293 222
297 222 298 222
302 222 305 222
307 222 310 221
312 222 316 221
317 222 321 222
323 222 326 222
328 222 331 222
333 222 337 222
338 222 342 221
343 222 347 221
349 222 353 222
354 222 358 222
359 222 364 221
364 222 368 222
375 222 378 221
385 222 387 222
390 222 391 222
395 222 396 222
281 227 281 226
286 227 287 227
291 227 292 227
297 227 298 227
302 227 305 226
307 227 311 226
312 227 316 227
317 227 322 227
323 227 326 227
328 227 332 227
338 227 343 227
343 227 348 227
349 227 353 227
354 227 359 226
359 227 364 226
364 227 369 226
369 227 373 226
375 227 378 227
385 227 387 227
390 227 391 227
395 227 396 227
281 232 282 232
286 232 286 232
291 232 292 232
297 232 299 232
302 232 304 232
307 232 310 231
312 232 317 231
317 232 322 231
323 232 328 232
328 232 333 232
333 232 337 232
338 232 342 232
343 232 347 232
349 232 354 232
354 232 359 231
359 232 364 231
364 232 369 231
369 232 374 231
375 232 378 232
385 232 387 232
390 232 392 232
395 232 396 232
286 238 287 238
291 238 292 237
302 238 304 237
307 238 309 237
312 238 316 236
317 238 322 236
323 238 328 237
328 238 333 237
333 238 337 237
338 238 342 237
343 238 347 237
349 238 352 237
354 238 359 236
375 238 376 238
385 238 387 237
390 238 392 238
395 238 396 237
286 243 287 243
297 243 298 242
302 243 304 243
307 243 311 242
317 243 323 243
323 243 328 242
328 243 332 242
333 243 338 242
338 243 342 243
343 243 347 243
349 243 352 243
354 243 358 243
359 243 364 242
364 243 370 243
369 243 373 242
380 243 383 243
390 243 392 243
395 243 397 242
286 248 287 252
291 248 292 248
297 248 299 247
302 248 303 247
307 248 312 249
312 248 317 248
317 248 323 248
328 248 331 247
333 248 338 248
338 248 343 248
343 248 348 248
349 248 352 248
354 248 358 248
359 248 363 248
364 248 369 248
369 248 373 248
380 248 382 248
390 248 392 248
395 248 397 247
286 253 286 259
291 253 292 253
302 253 304 252
312 253 317 253
317 253 322 253
323 253 326 253
328 253 331 253
333 253 338 253
338 253 342 253
343 253 348 253
349 253 353 253
354 253 357 253
359 253 363 253
364 253 368 253
369 253 373 253
375 253 378 253
380 253 384 254
390 253 392 253
395 253 396 253
297 258 298 258
302 258 304 258
307 258 310 259
312 258 316 258
317 258 321 258
323 258 326 258
328 258 332 258
333 258 338 258
338 258 343 258
343 258 348 258
349 258 353 258
354 258 358 258
359 258 363 258
364 258 368 258
369 258 373 258
375 258 378 258
380 258 383 258
390 258 392 258
395 258 396 258
401 258 401 258
291 264 292 263
297 264 298 264
302 264 304 264
307 264 311 265
312 264 316 263
317 264 322 263
323 264 326 264
328 264 332 264
333 264 337 263
338 264 342 263
343 264 348 263
349 264 353 263
354 264 358 264
359 264 363 263
364 264 368 263
369 264 373 263
375 264 378 263
380 264 384 263
390 264 392 263
395 264 396 263
401 264 400 263
291 269 292 268
302 269 304 269
307 269 311 270
323 269 326 269
328 269 332 269
333 269 337 269
338 269 342 269
343 269 348 269
349 269 353 269
354 269 358 269
359 269 363 269
364 269 368 269
369 269 373 268
375 269 378 268
380 269 383 267
390 269 392 267
395 269 395 268
401 269 400 269
297 274 297 274
302 274 304 274
307 274 312 275
312 274 317 274
317 274 321 273
323 274 326 274
328 274 331 274
333 274 337 274
338 274 342 274
343 274 348 274
349 274 353 274
354 274 358 274
359 274 363 274
364 274 368 274
369 274 373 274
375 274 378 273
380 274 383 273
390 274 392 273
297 279 297 280
302 279 303 279
312 279 317 280
317 279 321 279
323 279 326 279
328 279 332 279
333 279 337 279
338 279 343 279
343 279 348 279
349 279 353 279
354 279 358 279
359 279 363 279
364 279 369 279
369 279 373 280
375 279 378 279
385 279 387 279
390 279 391 278
401 279 401 279
307 284 307 280
312 284 313 284
317 284 321 285
323 284 326 285
328 284 332 284
333 284 337 285
338 284 342 284
343 284 347 284
349 284 353 284
354 284 358 284
359 284 363 284
364 284 368 284
369 284 373 284
375 284 378 284
385 284 387 285
395 284 396 283
401 284 402 284
302 290 302 290
312 290 314 289
328 290 333 290
333 290 337 290
338 290 343 290
343 290 348 290
349 290 354 289
354 290 359 289
359 290 363 290
364 290 368 290
369 290 372 289
380 290 381 290
390 290 392 289
395 290 396 289
401 290 401 289
312 295 313 294
323 295 326 294
328 295 332 295
333 295 337 295
338 295 342 295
343 295 347 295
349 295 353 295
354 295 358 295
359 295 363 295
364 295 368 295
369 295 373 294
380 295 381 294
385 295 386 294
395 295 396 294
312 300 312 299
323 300 324 300
328 300 331 300
333 300 337 301
338 300 342 300
343 300 347 300
349 300 352 300
354 300 358 300
359 300 363 300
369 300 370 301
380 300 381 299
385 300 386 299
390 300 391 300
401 300 401 299
312 305 312 304
323 305 324 306
328 305 332 306
333 305 337 306
338 305 342 305
343 305 347 305
349 305 352 306
354 305 357 305
369 305 370 306
375 305 376 305
380 305 381 305
385 305 386 305
390 305 391 305
395 305 397 305
401 305 402 305
406 305 407 305
411 305 412 305
317 310 318 310
323 310 324 310
349 310 350 310
354 310 358 310
364 310 364 312
369 310 370 311
375 310 376 310
380 310 381 310
385 310 386 310
390 310 391 310
395 310 397 310
401 310 402 310
406 310 407 310
411 310 412 310
432 310 433 310
437 310 438 310
442 310 442 310
312 316 312 315
338 316 343 316
349 316 353 316
359 316 360 317
364 316 365 317
369 316 371 316
375 316 376 315
380 316 382 315
385 316 386 315
390 316 391 315
395 316 397 315
401 316 402 315
406 316 407 315
411 316 412 316
416 316 418 316
427 316 429 316
432 316 433 316
437 316 437 316
442 316 443 316
307 321 308 321
312 321 312 321
317 321 318 320
328 321 328 321
333 321 334 321
338 321 338 321
343 321 348 321
354 321 355 321
359 321 360 321
364 321 365 321
369 321 371 321
375 321 376 320
380 321 380 320
385 321 386 320
390 321 391 321
395 321 397 320
401 321 402 320
406 321 407 320
411 321 413 320
416 321 418 321
421 321 423 321
437 321 437 320
442 321 443 322
302 326 303 326
307 326 308 326
312 326 311 327
317 326 318 325
323 326 323 325
328 326 328 325
333 326 333 325
338 326 338 325
343 326 344 326
354 326 355 326
364 326 366 326
369 326 371 325
375 326 376 325
380 326 381 325
385 326 386 326
390 326 391 326
395 326 397 325
401 326 402 325
406 326 407 325
411 326 412 325
416 326 417 325
421 326 423 326
427 326 428 326
437 326 438 326
442 326 442 325
307 331 308 331
312 331 313 331
317 331 318 331
323 331 323 330
328 331 328 330
333 331 333 330
338 331 338 331
349 331 350 331
359 331 360 331
364 331 366 331
369 331 371 331
375 331 376 330
380 331 381 331
385 331 386 331
390 331 391 331
395 331 397 331
401 331 402 331
406 331 407 331
411 331 412 330
416 331 417 331
421 331 423 331
432 331 434 331
307 336 307 336
312 336 313 337
317 336 318 336
323 336 323 336
328 336 328 336
333 336 333 335
338 336 338 336
343 336 345 336
354 336 355 336
359 336 361 336
364 336 366 336
369 336 371 337
375 336 376 336
380 336 381 336
385 336 386 336
390 336 391 336
395 336 397 336
401 336 402 337
406 336 407 336
411 336 413 336
421 336 422 336
427 336 428 336
432 336 433 336
437 336 438 336
442 336 442 336
