559 208 567 200
565 208 573 200
571 208 576 199
534 211 534 211
548 211 556 202
551 211 560 202
554 211 562 203
559 211 566 203
565 211 572 203
573 211 578 202
576 211 582 202
579 211 585 201
551 213 559 207
565 213 572 205
545 216 554 208
559 216 568 211
576 216 581 205
579 216 584 205
582 216 587 206
534 219 545 207
551 219 558 209
559 219 565 208
562 219 568 208
565 219 571 209
576 219 581 208
579 219 584 208
582 219 587 208
585 219 590 210
588 219 593 213
531 222 538 211
534 222 543 210
540 222 548 210
559 222 564 210
573 222 577 209
576 222 581 210
579 222 583 211
582 222 587 212
585 222 589 213
531 225 538 214
534 225 543 213
540 225 547 213
551 225 557 212
554 225 559 212
556 225 564 213
565 225 570 214
573 225 577 213
576 225 580 213
582 225 585 215
585 225 589 216
588 225 592 216
534 227 542 216
542 227 549 214
556 227 563 216
571 227 573 215
573 227 577 215
579 227 583 215
585 227 588 218
588 227 591 218
528 230 536 218
568 230 565 220
571 230 573 218
573 230 575 219
576 230 580 218
579 230 581 220
582 230 584 220
585 230 588 221
588 230 591 221
590 230 594 222
528 233 535 221
573 233 575 222
576 233 577 222
579 233 581 223
582 233 585 224
585 233 588 225
588 233 591 225
568 236 571 222
588 236 589 229
596 236 597 221
528 239 534 224
540 239 545 223
542 239 547 223
545 239 550 224
556 239 560 224
559 239 564 224
568 239 564 230
571 239 573 226
573 239 577 226
588 239 589 232
596 239 597 224
528 242 534 226
534 242 540 226
537 242 543 226
554 242 558 226
571 242 566 233
573 242 576 232
576 242 579 230
528 244 533 230
537 244 543 229
542 244 550 228
551 244 554 229
554 244 556 228
596 244 598 234
599 244 599 230
531 247 537 232
548 247 550 231
551 247 553 231
554 247 556 231
559 247 559 233
571 247 571 237
599 247 601 238
540 250 545 236
545 250 549 235
551 250 552 234
554 250 555 234
576 250 571 242
593 250 593 233
528 253 530 230
537 253 541 239
540 253 544 240
542 253 541 236
545 253 549 237
554 253 554 238
585 253 580 234
588 253 582 234
590 253 588 235
534 256 531 257
545 256 549 247
551 256 554 245
588 256 582 237
590 256 587 238
616 256 612 254
619 256 618 256
621 256 621 256
534 258 531 260
588 258 581 240
590 258 587 241
599 258 595 239
619 258 614 257
621 258 617 257
624 258 623 259
627 258 627 260
528 261 528 239
545 261 547 243
548 261 551 243
588 261 584 243
590 261 587 244
593 261 591 241
619 261 613 260
621 261 617 261
624 261 620 261
627 261 626 263
630 261 628 263
633 261 631 263
562 264 569 248
588 264 583 246
624 264 619 264
627 264 625 266
630 264 628 266
635 264 634 265
542 267 545 256
545 267 548 257
588 267 585 248
590 267 589 249
621 267 616 264
638 267 637 269
641 267 641 269
545 270 548 260
576 270 577 246
588 270 585 252
590 270 588 252
593 270 593 259
596 270 594 257
599 270 597 257
635 270 631 271
638 270 634 271
644 270 643 274
545 273 547 263
548 273 549 260
588 273 585 254
593 273 592 262
596 273 595 263
604 273 602 267
610 273 605 268
613 273 608 266
616 273 611 267
624 273 621 272
627 273 623 273
630 273 626 273
635 273 631 274
638 273 633 274
641 273 637 274
644 273 642 277
548 275 549 264
582 275 582 264
585 275 586 264
590 275 589 264
593 275 591 265
596 275 595 266
602 275 598 270
604 275 601 271
607 275 605 272
613 275 608 271
616 275 611 271
619 275 618 273
624 275 620 274
630 275 625 277
635 275 630 278
638 275 633 278
641 275 636 277
644 275 643 280
582 278 582 267
593 278 590 269
602 278 594 276
610 278 610 276
613 278 612 277
621 278 617 277
624 278 619 279
633 278 629 281
638 278 634 281
641 278 637 281
644 278 642 282
599 281 553 277
624 281 619 284
627 281 622 284
630 281 625 285
638 281 634 284
644 281 641 285
647 281 644 283
551 284 573 278
610 284 612 283
619 284 615 286
621 284 617 286
635 284 630 287
638 284 634 287
641 284 637 287
644 284 640 288
647 284 647 290
556 287 557 274
599 287 591 286
602 287 603 291
604 287 608 288
621 287 617 290
633 287 626 290
635 287 630 290
638 287 633 290
641 287 637 290
534 290 533 283
559 290 540 275
596 290 587 288
599 290 591 289
604 290 608 292
633 290 626 293
635 290 629 293
638 290 633 293
534 292 532 286
545 295 553 290
582 295 587 294
585 295 589 295
588 295 592 295
607 295 596 293
610 295 599 294
627 295 631 300
548 298 556 294
568 298 575 285
582 298 586 298
585 298 589 298
588 298 593 299
590 298 595 300
593 298 598 300
582 301 588 301
585 301 591 302
588 301 593 304
593 301 598 303
647 301 647 303
576 304 584 304
582 304 588 305
585 304 592 306
588 304 594 306
590 304 596 307
596 304 601 306
602 304 607 307
624 304 621 304
627 304 624 306
644 304 643 306
568 306 571 300
573 306 581 306
576 306 583 307
579 306 586 307
582 306 589 308
588 306 594 309
590 306 596 310
624 306 623 308
638 306 640 309
647 306 647 308
562 309 566 310
565 309 569 310
568 309 576 308
573 309 580 310
576 309 583 310
579 309 586 311
582 309 589 310
588 309 593 313
590 309 597 313
599 309 603 311
647 309 646 310
571 312 577 312
573 312 580 313
576 312 583 313
579 312 586 314
624 312 620 311
627 312 623 312
630 312 626 313
635 312 629 312
638 312 632 313
644 312 642 313
647 312 646 313
568 315 572 315
573 315 579 315
582 315 590 314
590 315 592 315
593 315 596 315
596 315 599 315
604 315 603 315
607 315 605 315
610 315 608 315
627 315 623 315
630 315 625 316
635 315 628 315
638 315 632 315
641 315 638 315
644 315 641 315
647 315 645 316
