590 208 591 205
551 211 550 209
556 211 553 209
559 211 555 210
571 211 572 209
593 211 594 205
596 211 597 206
556 213 562 213
559 213 565 213
562 213 568 214
602 213 600 210
602 216 600 212
604 222 604 220
604 225 604 223
602 227 562 236
556 230 577 212
602 230 562 238
576 233 588 224
528 239 552 222
576 239 584 232
599 239 565 251
613 239 619 247
599 242 565 254
590 247 554 251
542 250 572 231
590 256 596 259
593 256 600 260
616 256 612 258
619 256 615 258
613 258 606 260
616 258 609 260
619 258 611 261
624 258 622 260
613 261 605 262
616 261 608 263
540 264 569 249
621 264 614 265
607 267 607 270
621 267 614 268
624 267 620 269
630 267 627 267
624 270 620 272
633 270 629 270
531 273 544 275
585 273 596 281
619 273 614 275
630 273 629 277
613 275 610 276
616 275 612 277
619 275 615 277
633 275 634 280
528 278 543 277
565 278 575 253
616 278 612 279
619 278 615 280
638 281 637 283
641 281 639 281
565 284 579 263
568 284 583 263
621 284 609 283
633 284 628 285
619 287 606 285
638 287 635 287
641 287 639 287
644 287 643 287
641 290 639 290
644 290 643 289
545 292 561 286
562 292 572 271
579 292 588 274
545 295 561 289
548 295 564 289
582 295 591 277
593 295 603 298
596 295 606 298
624 295 627 301
630 295 631 301
644 295 641 294
647 295 646 294
534 298 547 290
540 298 558 291
548 298 564 293
551 298 559 282
554 298 569 292
599 298 585 298
613 298 601 292
647 298 647 298
531 301 548 292
534 301 551 293
542 301 560 295
551 301 559 285
559 301 570 290
647 301 647 300
540 304 553 294
545 304 562 298
548 304 565 299
556 304 572 296
559 304 575 297
540 306 554 297
545 306 563 302
554 306 570 303
559 306 575 303
562 306 578 303
571 306 586 305
576 306 590 305
579 306 593 306
588 306 599 307
647 306 647 304
542 309 559 304
551 309 568 305
559 309 575 306
562 309 577 306
568 309 582 308
571 309 586 307
590 309 602 310
593 309 604 310
616 309 612 308
619 309 615 309
621 309 618 309
556 312 571 308
559 312 574 309
562 312 577 310
565 312 579 310
568 312 582 310
571 312 585 311
576 312 589 312
582 312 595 312
590 312 602 313
593 312 604 313
619 312 615 311
621 312 617 312
556 315 570 311
559 315 573 312
562 315 576 313
565 315 579 313
568 315 581 314
571 315 584 315
576 315 589 315
579 315 591 315
590 315 601 315
619 315 626 314
621 315 629 314
624 315 620 315
638 315 642 315
641 315 644 315
647 315 648 316
