466 233 451 228
468 233 454 228
446 236 432 232
449 236 435 232
460 236 448 231
466 236 452 231
468 236 454 231
436 239 425 234
452 239 440 233
457 239 446 235
460 239 449 235
471 239 459 238
422 241 411 238
425 241 414 238
430 241 416 238
433 241 422 236
436 241 425 236
438 241 427 236
441 241 429 236
446 241 433 236
455 241 443 236
416 244 404 242
430 244 419 239
433 244 421 239
449 244 436 239
460 244 446 239
463 244 449 239
474 244 463 239
408 247 400 244
411 247 402 244
416 247 411 241
419 247 408 244
422 247 411 243
427 247 413 244
430 247 415 244
433 247 419 244
449 247 437 241
455 247 441 241
457 247 443 241
460 247 446 242
466 247 452 241
468 247 454 241
471 247 457 238
400 250 392 247
403 250 395 247
405 250 398 247
408 250 400 247
411 250 402 246
416 250 405 247
419 250 408 246
430 250 416 247
433 250 419 247
457 250 443 244
463 250 450 244
466 250 452 244
468 250 454 244
471 250 457 243
403 252 395 250
405 252 397 250
408 252 400 249
411 252 402 249
430 252 424 244
466 252 451 247
471 252 457 246
392 255 386 244
405 255 397 252
408 255 400 252
416 255 408 255
471 255 457 249
477 255 462 247
479 255 479 255
405 258 397 255
408 258 400 255
411 258 402 258
414 258 405 255
479 258 479 258
378 261 378 258
400 261 392 257
403 261 394 257
405 261 397 257
408 261 399 257
414 261 405 258
425 261 417 253
400 263 394 260
408 263 400 260
414 263 405 261
449 263 432 249
455 263 441 253
463 263 448 249
378 266 378 261
386 266 382 261
389 266 385 260
394 266 388 261
400 266 391 263
403 266 394 263
405 266 398 263
408 266 401 263
411 266 402 263
414 266 405 263
449 266 432 252
455 266 441 255
460 266 446 252
479 266 464 249
383 269 378 264
386 269 381 264
389 269 384 264
392 269 386 265
394 269 389 265
400 269 392 266
403 269 396 266
408 269 401 266
446 269 430 254
449 269 432 254
452 269 435 255
460 269 446 255
463 269 449 255
479 269 465 255
383 272 378 268
386 272 381 267
389 272 384 267
392 272 386 268
394 272 389 269
400 272 392 269
403 272 395 269
452 272 435 258
455 272 438 258
460 272 450 266
463 272 449 257
479 272 465 257
386 274 380 271
389 274 383 270
392 274 386 271
400 274 392 272
403 274 395 272
438 274 430 263
449 274 430 260
452 274 433 261
471 274 458 260
485 274 474 277
386 277 380 273
389 277 384 273
457 277 435 263
460 277 438 264
493 277 493 287
392 280 386 275
430 280 422 276
460 280 437 266
493 280 493 290
392 282 386 277
394 282 389 277
490 282 466 276
383 285 400 277
389 285 383 280
394 285 389 280
430 285 416 261
477 285 446 282
378 288 378 288
392 288 387 288
394 288 390 288
477 288 447 285
383 291 381 291
394 291 389 290
397 291 394 290
427 291 413 266
383 293 381 293
394 293 389 294
397 293 395 293
427 293 413 269
378 296 378 296
383 296 381 296
397 296 395 297
400 296 398 297
488 296 460 263
392 299 388 301
397 299 395 299
400 299 397 300
403 299 407 298
468 299 465 282
471 299 433 303
474 299 435 303
383 302 381 301
386 302 383 302
389 302 386 304
392 302 388 304
397 302 395 302
400 302 397 302
403 302 403 302
405 302 411 301
463 302 460 285
466 302 463 285
468 302 465 285
471 302 433 307
474 302 435 307
477 302 441 288
378 304 378 307
389 304 386 307
392 304 388 307
400 304 397 305
403 304 403 305
463 304 460 288
466 304 463 287
471 304 466 287
474 304 469 288
477 304 441 290
381 307 380 307
389 307 386 310
392 307 389 310
394 307 391 310
400 307 397 308
403 307 400 307
463 307 460 290
466 307 463 290
471 307 466 290
474 307 469 290
493 307 493 295
378 310 378 310
381 310 381 310
383 310 383 311
392 310 389 312
394 310 392 313
466 310 463 293
468 310 465 292
474 310 468 293
479 310 440 296
493 310 490 299
378 313 378 313
381 313 381 313
383 313 383 313
386 313 386 313
466 313 463 296
468 313 465 296
474 313 468 295
493 313 491 302
378 315 378 316
381 315 381 316
383 315 383 316
386 315 386 316
389 315 389 316
425 315 484 295
457 315 454 299
378 318 378 319
383 318 383 318
386 318 386 318
389 318 389 318
408 318 406 312
449 318 416 309
457 318 454 302
378 321 378 321
381 321 381 321
386 321 383 321
457 321 454 305
468 321 465 301
378 324 378 324
457 324 477 312
466 324 462 304
468 324 465 304
485 324 480 329
468 326 463 307
477 326 494 313
378 329 378 329
397 329 384 329
405 329 389 327
419 329 449 331
422 329 452 331
457 329 476 318
468 329 463 310
474 329 491 315
477 329 493 315
378 332 378 331
403 332 386 331
405 332 388 331
422 332 452 334
468 332 463 312
471 332 465 312
474 332 490 318
477 332 469 310
479 332 472 310
378 335 378 335
381 335 380 335
400 335 383 334
403 335 386 334
405 335 389 334
422 335 432 330
425 335 435 329
430 335 438 332
460 335 455 334
471 335 487 320
474 335 490 320
488 335 482 334
493 335 493 334
378 337 378 337
381 337 380 337
400 337 383 337
403 337 386 337
430 337 439 337
457 337 455 337
488 337 484 337
493 337 493 337
