463 230 465 240
466 236 473 250
468 236 479 248
438 239 446 245
455 239 459 249
466 239 472 254
468 239 475 253
438 241 446 248
441 241 449 248
468 241 475 257
438 244 447 250
441 244 453 251
444 244 456 251
471 244 478 257
441 247 449 254
405 250 421 242
408 250 423 243
411 250 429 244
444 250 454 257
460 250 439 262
403 252 418 243
405 252 421 245
408 252 424 246
414 252 429 249
403 255 417 248
405 255 420 249
408 255 423 251
400 258 410 272
403 258 417 251
408 258 423 254
425 258 441 253
400 261 398 302
422 261 437 262
449 261 472 262
452 261 475 262
474 261 475 268
477 261 478 268
479 261 480 271
414 263 425 264
430 263 448 268
449 263 472 264
477 263 477 271
446 266 469 267
449 266 472 267
416 269 427 275
425 269 433 282
482 269 485 283
427 272 435 285
479 272 477 274
430 274 437 288
446 274 465 276
479 274 477 277
408 277 411 297
430 277 437 291
493 280 493 287
386 288 415 275
403 288 419 260
405 288 422 261
490 291 489 302
493 293 489 304
408 296 421 275
460 299 446 286
433 302 429 293
471 302 460 290
389 307 393 305
490 307 486 333
386 310 389 307
389 310 392 308
414 310 447 318
378 313 378 312
383 313 383 313
441 318 431 305
477 318 493 314
422 324 440 323
455 324 473 314
488 324 483 328
422 326 441 327
455 326 473 318
416 332 463 332
419 332 466 332
425 332 471 333
414 335 459 335
416 335 462 335
419 335 465 335
422 335 469 335
425 335 472 335
488 335 483 336
477 337 488 337
479 337 491 337
