551 205 546 204
571 208 559 204
579 213 592 239
593 213 604 214
585 216 586 207
548 219 546 234
602 219 603 208
545 222 546 248
599 222 606 235
551 225 551 253
599 225 605 238
610 225 611 230
588 227 590 243
590 227 594 243
602 227 611 254
604 227 615 254
607 227 609 236
588 230 590 246
590 230 594 245
607 230 609 240
610 230 612 241
537 233 543 258
607 233 608 243
613 233 614 244
528 236 530 267
531 236 534 265
537 236 541 263
599 236 607 260
607 236 607 246
613 236 613 247
534 239 564 285
537 239 541 267
542 239 553 215
545 239 556 216
585 239 593 279
607 239 606 249
610 239 610 250
613 239 612 250
528 242 529 271
531 242 533 269
534 242 563 289
542 242 568 280
545 242 556 220
582 242 588 281
585 242 592 282
590 242 595 282
607 242 605 252
624 242 617 245
534 244 562 279
588 244 591 286
596 244 604 276
610 244 608 254
621 244 618 256
540 247 566 287
610 247 607 257
616 247 612 258
619 247 615 258
621 247 617 259
624 247 620 259
630 247 625 260
633 247 628 261
542 250 571 296
551 250 564 256
554 250 568 256
602 250 603 259
613 250 610 260
619 250 614 261
621 250 617 261
624 250 619 262
627 250 622 263
633 250 627 264
548 253 562 259
610 253 606 262
613 253 609 263
619 253 613 264
624 253 618 266
630 253 623 267
633 253 626 267
635 253 629 267
548 256 562 263
551 256 565 263
582 256 560 256
610 256 606 265
613 256 609 266
619 256 612 267
624 256 616 268
627 256 619 269
630 256 622 269
633 256 625 270
635 256 628 270
641 256 640 280
545 258 558 264
610 258 605 269
613 258 608 270
619 258 611 271
624 258 614 271
627 258 618 272
633 258 624 273
644 258 642 285
551 261 561 268
596 261 580 299
627 261 617 275
633 261 620 275
635 261 623 276
638 261 630 276
641 261 637 287
644 261 640 287
624 264 612 278
633 264 620 279
635 264 623 279
641 264 636 290
644 264 640 291
627 267 615 281
638 267 626 282
641 267 629 282
647 267 645 296
638 270 625 285
641 270 628 285
571 273 586 304
616 273 614 288
638 273 624 288
641 273 627 288
619 275 616 292
621 278 620 293
545 281 552 287
627 281 615 296
630 281 621 297
633 281 625 298
619 284 611 301
647 284 632 299
556 287 565 293
613 287 597 302
621 287 603 299
624 287 608 300
559 290 537 297
576 290 588 309
610 290 603 309
619 290 599 302
621 290 604 303
624 290 606 303
551 292 532 303
576 292 588 313
619 292 599 305
621 292 603 305
624 292 608 306
627 292 612 307
635 292 620 306
647 292 630 306
559 295 558 308
562 295 562 309
571 295 568 308
635 295 620 309
638 295 622 309
644 295 628 309
556 298 556 312
559 298 560 313
579 298 575 305
593 298 585 311
616 298 592 309
630 298 614 313
633 298 618 313
635 298 622 313
641 298 625 312
644 298 628 312
559 301 559 316
571 301 568 311
619 301 601 312
621 301 604 313
647 309 647 310
596 312 573 312
593 315 570 315
596 315 573 316
599 315 577 316
644 315 644 316
