576 202 568 208
554 205 550 211
556 205 553 211
562 205 556 212
568 205 559 212
573 205 565 211
576 205 568 211
590 205 582 209
607 205 607 207
548 208 548 208
556 208 552 214
562 208 555 215
571 208 562 213
576 208 569 214
588 208 581 212
593 208 585 211
596 208 588 211
602 208 597 212
545 211 546 210
551 211 546 217
559 211 552 217
579 211 571 215
582 211 574 215
585 211 577 213
590 211 583 214
596 211 587 214
613 211 616 212
545 213 546 213
554 213 548 220
588 213 581 217
590 213 583 217
593 213 586 217
610 213 605 220
542 216 543 216
548 216 542 222
551 216 544 223
554 216 547 223
559 216 552 224
562 216 554 224
573 216 567 220
576 216 570 221
588 216 581 219
610 216 602 219
548 219 542 226
551 219 544 226
554 219 547 227
559 219 551 227
562 219 553 228
576 219 570 224
585 219 579 221
588 219 582 222
590 219 586 223
596 219 592 220
602 219 598 221
607 219 602 224
610 219 604 223
551 222 544 229
554 222 546 230
556 222 549 230
562 222 553 230
568 222 559 226
571 222 563 226
573 222 567 226
576 222 570 226
590 222 586 225
593 222 588 223
610 222 604 228
613 222 607 226
548 225 543 235
554 225 546 232
556 225 550 233
568 225 560 228
571 225 562 229
579 225 572 227
590 225 586 228
593 225 588 229
610 225 604 232
613 225 607 229
571 227 566 230
573 227 569 230
593 227 588 233
602 227 597 231
554 230 545 236
565 230 555 237
582 230 577 237
588 230 584 235
593 230 593 237
604 230 600 235
607 230 602 235
559 233 549 239
568 233 561 242
571 233 564 241
585 233 580 238
588 233 583 239
590 233 586 239
593 233 589 239
604 233 600 238
607 233 602 238
542 236 539 235
579 236 570 243
582 236 576 243
588 236 583 243
590 236 586 243
593 236 589 243
602 236 599 241
613 236 615 237
562 239 551 244
565 239 554 244
571 239 557 244
579 239 570 246
582 239 573 246
585 239 579 246
590 239 586 246
593 239 589 245
602 239 595 245
607 239 601 244
616 239 617 239
556 242 554 250
568 242 565 251
576 242 569 249
579 242 576 249
582 242 578 249
588 242 585 248
590 242 588 248
596 242 591 248
604 242 598 247
613 242 615 243
616 242 617 243
576 244 574 253
582 244 579 253
585 244 582 254
588 244 585 251
613 244 616 246
548 247 538 250
556 247 555 262
573 247 567 255
576 247 575 256
579 247 577 256
585 247 581 256
588 247 583 256
610 247 614 246
559 250 558 259
582 250 580 259
610 250 614 249
562 253 560 263
568 253 565 261
585 253 583 261
613 253 616 250
562 256 560 266
576 256 570 265
585 256 583 264
588 256 586 264
593 256 577 259
596 256 595 265
607 256 613 252
619 256 619 251
627 256 628 255
559 258 554 271
565 258 563 270
573 258 566 270
588 258 586 268
590 258 589 268
593 258 592 268
596 258 595 269
610 258 616 268
616 258 623 267
619 258 626 268
624 258 625 257
627 258 628 258
571 261 562 273
573 261 566 273
579 261 572 271
590 261 589 271
593 261 592 272
596 261 594 272
613 261 620 270
616 261 623 270
619 261 626 270
627 261 627 260
545 264 542 254
573 264 566 276
576 264 569 275
588 264 587 274
590 264 590 274
596 264 594 275
613 264 619 272
616 264 623 273
542 267 539 257
579 267 571 277
585 267 584 277
590 267 590 277
593 267 593 277
610 267 617 274
630 267 633 271
531 270 556 278
545 270 543 264
548 270 545 264
576 270 568 280
579 270 570 280
585 270 583 280
593 270 593 281
596 270 595 282
607 270 612 259
610 270 615 258
619 270 625 276
621 270 628 276
624 270 631 277
627 270 634 277
540 273 538 262
573 273 565 280
604 273 601 269
616 273 622 279
619 273 625 278
624 273 631 279
528 275 528 267
537 275 536 266
540 275 539 265
616 275 619 279
624 275 627 280
627 275 633 282
638 275 639 274
528 278 528 270
537 278 536 269
562 278 551 283
576 278 567 285
582 278 576 285
616 278 618 282
619 278 625 282
624 278 627 282
638 278 638 277
531 281 531 272
537 281 537 272
562 281 548 286
588 281 582 289
596 281 599 281
602 281 602 282
531 284 531 275
537 284 537 276
562 284 548 289
568 284 554 290
576 284 567 290
579 284 577 288
593 284 596 284
596 284 598 285
602 284 601 285
635 284 644 297
528 287 528 278
531 287 531 278
534 287 534 278
537 287 537 279
540 287 540 280
562 287 547 292
571 287 557 292
582 287 579 292
593 287 596 287
596 287 598 287
602 287 601 288
531 290 530 281
534 290 534 281
537 290 537 282
565 290 550 294
568 290 553 294
571 290 557 294
576 290 565 295
579 290 578 295
585 290 581 295
593 290 595 290
596 290 598 290
638 290 639 288
641 290 642 289
647 290 646 289
534 292 534 284
537 292 536 285
576 292 575 297
579 292 578 297
585 292 582 298
590 292 594 294
593 292 597 294
602 292 604 293
610 292 613 294
613 292 616 294
644 292 644 292
528 295 528 287
531 295 532 287
537 295 535 288
556 295 543 298
571 295 559 298
573 295 568 300
576 295 575 300
579 295 578 300
590 295 594 297
593 295 597 297
596 295 600 297
610 295 613 297
613 295 616 297
624 295 626 298
627 295 629 298
644 295 644 295
647 295 647 295
559 298 546 299
565 298 550 300
571 298 559 300
582 298 580 302
602 298 603 298
610 298 612 299
619 298 621 300
630 298 632 301
647 298 647 298
559 301 546 302
562 301 548 304
568 301 554 303
571 301 559 303
585 301 580 304
596 301 596 300
602 301 602 301
604 301 605 301
610 301 612 302
616 301 618 302
624 301 625 302
627 301 628 303
647 301 647 301
568 304 555 306
582 304 576 307
588 304 586 308
596 304 596 303
599 304 599 303
602 304 602 303
613 304 615 305
616 304 618 305
627 304 628 305
630 304 631 305
633 304 634 306
635 304 636 307
638 304 639 308
647 304 646 304
540 306 539 304
593 306 593 310
599 306 598 306
602 306 602 306
604 306 604 306
610 306 608 306
613 306 611 306
621 306 621 308
624 306 624 308
627 306 627 308
630 306 630 308
633 306 633 309
635 306 636 310
638 306 639 310
647 306 646 307
554 309 545 308
562 309 552 310
565 309 553 309
568 309 557 310
571 309 560 311
576 309 567 312
579 309 570 312
590 309 585 311
613 309 611 309
616 309 617 310
621 309 621 310
624 309 624 311
627 309 627 311
630 309 630 311
633 309 632 312
635 309 636 313
638 309 639 313
641 309 641 314
542 312 542 311
554 312 544 311
559 312 550 312
565 312 554 313
568 312 557 313
573 312 564 314
576 312 567 315
579 312 570 315
585 312 578 313
588 312 581 314
610 312 608 312
619 312 616 313
621 312 622 313
627 312 627 314
638 312 638 316
647 312 646 310
556 315 547 315
559 315 551 315
562 315 553 315
579 315 571 315
582 315 574 315
585 315 578 315
590 315 585 315
602 315 597 315
613 315 610 315
