571 216 547 206
582 222 563 230
568 225 533 220
610 230 585 204
610 233 585 208
590 239 579 254
593 239 581 254
613 239 589 217
621 242 597 254
554 247 538 258
565 247 617 246
624 247 599 260
531 250 531 250
568 250 620 249
621 250 596 265
624 250 600 264
531 253 531 253
568 253 620 253
621 253 596 268
624 253 599 267
627 253 605 264
621 256 595 271
551 261 547 255
554 261 565 262
602 261 620 272
633 261 634 258
554 264 567 267
585 264 609 276
599 264 622 278
624 264 605 266
633 264 633 260
635 264 636 261
579 267 607 276
599 267 615 277
621 270 635 276
619 273 631 280
621 273 634 280
624 273 640 280
633 273 647 278
616 275 627 282
630 275 644 280
633 275 647 281
616 278 629 289
528 281 529 268
537 281 538 267
548 281 573 271
551 281 576 272
624 281 640 287
635 281 647 285
528 284 529 271
531 284 531 272
534 284 536 270
537 284 539 270
540 284 541 271
545 284 569 275
548 284 573 275
551 284 575 275
596 284 579 251
619 284 632 289
528 287 528 274
531 287 531 274
534 287 534 274
537 287 538 274
548 287 572 278
616 287 630 292
619 287 633 293
621 287 636 292
528 290 528 278
531 290 531 278
534 290 534 277
573 290 563 281
616 290 629 295
619 290 633 295
531 292 534 282
610 292 620 296
616 292 631 298
621 292 635 298
638 292 645 294
531 295 533 288
534 295 543 289
540 295 546 287
613 295 628 302
616 295 631 301
619 295 634 301
537 298 541 292
542 298 552 291
613 298 628 305
616 298 631 304
619 298 633 304
542 301 553 295
545 301 557 295
593 301 597 303
602 301 610 295
562 304 573 287
599 304 609 302
602 304 610 299
604 304 615 303
610 304 625 307
554 306 567 290
556 306 570 291
596 306 599 307
599 306 610 305
602 306 612 305
604 306 615 306
607 306 620 309
613 306 627 310
554 309 567 293
556 309 570 294
559 309 576 295
565 309 581 298
604 309 615 308
607 309 618 310
610 309 624 312
619 309 633 313
627 309 638 313
554 312 569 299
556 312 572 299
559 312 575 299
562 312 578 300
565 312 581 302
568 312 585 302
579 312 596 309
585 312 603 308
588 312 605 307
602 312 606 311
604 312 608 311
619 312 629 314
624 312 635 315
556 315 572 303
559 315 575 303
562 315 578 303
565 315 583 310
588 315 605 314
590 315 608 314
602 315 617 315
604 315 620 316
607 315 623 316
641 315 643 315
