181 25 255 100
354 25 414 39
406 25 460 31
424 25 479 27
441 25 496 23
476 25 522 73
493 25 540 70
510 25 570 67
545 25 595 66
562 25 610 61
580 25 628 56
597 25 650 59
389 42 446 53
406 42 459 48
510 42 561 83
528 42 575 79
545 42 592 78
580 42 628 76
319 59 377 84
337 59 392 84
354 59 410 84
371 59 427 81
389 59 445 70
424 59 476 64
562 59 611 91
580 59 628 93
597 59 649 94
302 77 360 101
319 77 376 99
337 77 392 99
354 77 409 97
424 77 476 89
441 77 494 92
458 77 508 90
528 77 580 109
545 77 597 113
562 77 615 112
580 77 632 111
597 77 649 111
267 94 328 117
285 94 344 115
302 94 361 114
319 94 377 113
337 94 393 112
354 94 410 111
371 94 428 110
441 94 497 107
476 94 531 105
528 94 580 128
545 94 597 130
562 94 614 131
580 94 635 130
233 111 295 133
250 111 312 130
267 111 328 130
285 111 344 129
302 111 361 128
319 111 377 127
337 111 395 126
354 111 411 125
371 111 428 125
389 111 445 124
424 111 479 122
458 111 515 120
476 111 530 119
493 111 550 119
528 111 581 147
545 111 598 150
562 111 614 152
580 111 633 150
215 129 279 149
233 129 296 147
250 129 312 147
267 129 328 145
285 129 346 144
302 129 362 143
319 129 378 143
337 129 394 140
354 129 411 141
371 129 428 141
389 129 447 139
424 129 480 137
441 129 497 136
458 129 516 135
476 129 535 136
528 129 581 163
562 129 615 171
580 129 636 165
198 146 263 168
215 146 280 168
233 146 295 163
354 146 413 157
528 146 582 175
545 146 599 178
562 146 617 188
198 163 266 188
215 163 280 187
233 163 296 182
250 163 313 178
267 163 327 174
285 163 346 173
302 163 361 172
319 163 379 171
337 163 396 171
371 163 430 169
406 163 463 167
424 163 483 167
441 163 503 165
458 163 519 165
181 181 249 208
198 181 266 205
215 181 279 207
233 181 297 200
250 181 315 199
267 181 327 191
285 181 345 190
302 181 362 188
319 181 379 188
337 181 398 185
354 181 414 185
371 181 431 184
389 181 449 184
406 181 468 184
424 181 485 183
441 181 502 183
458 181 522 182
476 181 540 185
510 181 568 197
528 181 595 195
129 198 209 227
146 198 224 228
181 198 248 228
198 198 265 226
215 198 282 229
233 198 294 218
250 198 312 216
285 198 344 209
302 198 363 204
319 198 380 203
337 198 398 202
354 198 416 202
371 198 432 200
389 198 450 200
406 198 468 200
424 198 486 199
441 198 504 198
458 198 523 200
476 198 541 205
493 198 559 209
528 198 596 209
545 198 613 210
129 215 204 244
163 215 231 245
181 215 247 245
215 215 280 246
250 215 313 233
267 215 330 231
285 215 345 226
302 215 365 224
319 215 383 224
337 215 400 223
354 215 416 221
371 215 432 218
389 215 452 217
406 215 469 216
424 215 487 215
441 215 505 214
458 215 524 217
476 215 542 221
493 215 560 225
510 215 579 224
528 215 597 223
146 233 215 260
198 233 263 260
215 233 279 267
250 233 314 252
267 233 332 251
285 233 347 246
302 233 365 244
319 233 383 244
337 233 400 242
354 233 417 241
371 233 435 237
389 233 452 236
406 233 472 234
424 233 488 233
441 233 508 233
458 233 525 235
476 233 544 240
493 233 561 243
510 233 580 241
528 233 599 240
198 250 267 301
215 250 281 284
267 250 332 273
285 250 346 262
302 250 367 263
319 250 383 262
354 250 414 261
371 250 431 258
389 250 450 256
406 250 473 254
424 250 491 251
441 250 508 252
458 250 527 256
476 250 543 261
493 250 561 261
510 250 581 262
215 267 286 301
233 267 300 301
250 267 313 299
267 267 331 296
285 267 348 282
302 267 367 284
337 267 402 284
354 267 421 283
371 267 437 281
389 267 456 280
406 267 473 275
424 267 491 271
441 267 510 270
458 267 531 270
476 267 547 279
493 267 564 281
528 267 603 282
545 267 622 283
198 285 267 316
215 285 281 317
250 285 310 315
267 285 326 313
285 285 345 312
302 285 361 309
319 285 380 308
337 285 398 305
354 285 417 304
371 285 437 304
389 285 456 300
406 285 473 296
424 285 494 297
441 285 517 298
458 285 533 298
476 285 547 303
493 285 566 301
528 285 605 299
545 285 626 300
562 285 643 300
198 302 265 330
215 302 281 330
267 302 326 334
285 302 346 334
319 302 383 330
337 302 402 328
354 302 419 326
371 302 437 324
389 302 456 322
406 302 477 318
424 302 494 316
441 302 512 312
458 302 532 312
493 302 567 320
510 302 588 316
528 302 606 317
545 302 627 319
562 302 646 317
163 319 234 352
181 319 252 369
198 319 268 345
215 319 285 346
233 319 300 351
267 319 337 351
302 319 365 350
319 319 382 350
337 319 401 347
354 319 419 347
371 319 437 346
389 319 457 343
406 319 477 342
424 319 494 339
441 319 513 332
458 319 531 330
476 319 549 341
493 319 567 339
510 319 589 333
528 319 609 333
545 319 629 336
562 319 649 343
163 337 234 371
215 337 287 364
233 337 306 365
250 337 324 368
267 337 341 366
285 337 357 368
319 337 379 366
337 337 399 368
354 337 419 369
371 337 437 367
406 337 479 363
424 337 497 357
441 337 513 353
458 337 535 359
476 337 552 365
493 337 570 355
510 337 591 353
528 337 611 352
545 337 629 352
562 337 649 365
146 354 217 403
163 354 235 388
181 354 251 389
215 354 289 382
233 354 306 384
250 354 325 380
267 354 342 383
285 354 360 385
302 354 374 387
337 354 396 386
354 354 415 386
371 354 441 387
406 354 481 387
424 354 502 381
441 354 519 386
458 354 541 382
493 354 570 382
510 354 592 381
528 354 613 370
545 354 630 380
562 354 652 403
146 371 220 421
163 371 233 405
181 371 257 408
198 371 272 408
215 371 287 401
233 371 305 404
250 371 324 400
267 371 344 401
285 371 355 403
319 371 384 401
337 371 407 401
371 371 439 407
389 371 456 408
406 371 474 405
424 371 497 407
441 371 520 406
476 371 557 394
510 371 596 398
528 371 609 400
545 371 628 400
562 371 653 421
198 389 269 424
215 389 289 423
233 389 306 427
250 389 323 425
285 389 360 415
319 389 384 418
337 389 402 418
354 389 418 420
371 389 440 426
389 389 457 424
441 389 521 421
458 389 539 413
476 389 556 422
545 389 632 417
181 406 257 452
198 406 257 438
215 406 276 440
233 406 296 442
250 406 313 436
267 406 328 437
285 406 347 437
302 406 365 436
319 406 383 435
337 406 401 436
354 406 420 434
371 406 439 444
406 406 474 441
458 406 542 440
476 406 559 442
493 406 574 443
510 406 596 427
545 406 635 433
215 424 279 461
233 424 297 460
250 424 311 459
267 424 329 458
285 424 345 455
302 424 364 452
319 424 383 453
337 424 402 455
354 424 419 455
424 424 503 447
441 424 524 446
476 424 559 458
267 441 327 474
285 441 342 474
302 441 363 473
319 441 382 469
337 441 399 471
354 441 419 467
424 441 505 463
441 441 524 462
458 441 544 462
406 458 490 463
285 476 273 473
302 476 292 476
424 476 512 478
441 476 542 474
458 476 557 476
