573 199 586 215
576 199 589 215
579 199 592 216
568 202 566 222
548 208 567 219
590 208 595 210
590 211 595 213
593 211 597 213
593 213 597 216
542 216 566 225
596 222 597 219
528 225 576 250
571 227 562 225
596 227 599 231
531 230 541 229
540 230 589 279
604 230 605 230
604 233 604 232
548 236 557 229
545 239 556 232
540 242 546 238
562 242 563 252
621 244 632 269
540 247 547 254
588 247 583 239
540 250 547 257
542 250 550 257
596 250 603 251
624 250 631 275
534 253 544 257
571 253 556 264
596 253 603 253
599 253 605 253
621 253 618 252
627 253 633 277
534 256 544 259
540 256 547 259
554 256 573 274
565 256 551 266
571 256 556 265
593 256 602 256
619 256 615 252
624 256 631 278
573 258 559 267
596 258 604 259
599 258 605 257
604 258 608 256
619 258 614 254
630 258 634 282
633 258 636 282
531 261 578 257
545 261 558 255
607 264 607 272
616 264 613 272
619 264 616 273
542 267 570 271
630 267 624 274
548 270 565 284
573 270 566 280
607 270 601 278
621 270 616 276
624 270 618 277
610 273 603 278
613 273 605 279
568 275 562 287
596 275 583 288
602 275 597 280
604 275 600 280
619 275 609 278
641 275 628 277
571 278 565 289
604 278 596 284
607 278 599 284
619 278 608 281
621 278 612 279
624 278 615 279
627 278 619 279
630 278 621 279
633 278 624 280
644 278 635 287
554 281 550 285
559 281 556 291
571 281 565 292
573 281 568 290
610 281 602 285
616 281 605 284
621 281 615 282
627 281 618 282
641 281 628 282
644 281 630 282
545 284 544 287
556 284 556 294
573 284 568 294
576 284 570 293
588 284 581 291
593 284 593 285
604 284 597 286
607 284 599 286
610 284 602 287
644 284 630 284
568 287 564 298
573 287 568 298
576 287 571 296
579 287 573 296
588 287 583 294
593 287 587 294
604 287 596 290
607 287 599 290
610 287 602 289
613 287 604 290
616 287 607 291
621 287 612 284
556 290 550 291
562 290 553 291
576 290 571 299
582 290 577 297
585 290 580 297
588 290 583 297
590 290 585 297
613 290 604 293
616 290 607 293
644 290 640 300
548 292 546 294
559 292 552 296
568 292 564 302
571 292 567 302
573 292 569 302
576 292 573 302
585 292 580 300
588 292 582 300
593 292 588 301
604 292 598 296
613 292 605 296
630 292 620 294
644 292 633 293
647 292 635 293
551 295 549 296
568 295 563 304
571 295 566 304
573 295 569 304
579 295 576 303
582 295 579 303
596 295 590 302
607 295 601 299
610 295 603 299
616 295 607 296
624 295 610 290
635 295 626 296
559 298 557 304
576 298 573 305
579 298 576 305
582 298 578 306
585 298 581 306
593 298 588 304
607 298 601 302
610 298 604 302
621 298 613 300
635 298 626 299
638 298 628 298
562 301 560 306
565 301 563 308
568 301 566 308
571 301 569 308
579 301 576 309
582 301 578 309
585 301 581 309
593 301 588 307
596 301 591 304
599 301 594 307
627 301 625 308
568 304 566 310
582 304 578 311
585 304 581 312
588 304 584 312
596 304 591 310
602 304 596 308
621 304 616 307
627 304 619 308
633 304 625 305
635 304 627 305
641 304 631 305
568 306 563 310
573 306 569 311
590 306 586 314
593 306 589 313
599 306 594 310
602 306 596 311
604 306 599 311
607 306 602 312
616 306 610 310
619 306 612 310
630 306 627 311
635 306 627 307
638 306 630 307
647 306 643 303
599 309 593 314
602 309 596 314
604 309 599 314
607 309 602 314
616 309 609 312
624 309 615 310
635 309 630 311
647 309 643 306
568 312 562 313
573 312 566 313
579 312 569 314
619 312 611 313
621 312 614 314
627 312 619 314
630 312 626 314
635 312 630 314
582 315 574 315
585 315 577 315
616 315 608 316
619 315 611 316
621 315 614 315
627 315 618 315
630 315 621 316
