537 208 537 208
540 208 539 208
542 208 542 210
585 208 587 213
588 208 590 213
534 211 534 211
537 211 537 213
540 211 540 213
585 211 587 216
588 211 590 216
551 213 551 215
576 213 579 218
579 213 583 218
582 213 585 218
585 213 587 219
588 213 590 218
590 213 593 219
556 216 559 222
573 216 576 222
576 216 579 222
582 216 584 222
585 216 587 221
588 216 590 221
590 216 593 221
593 216 595 221
528 219 528 221
537 219 537 222
542 219 542 221
545 219 546 222
548 219 548 221
551 219 552 222
571 219 573 225
573 219 576 225
576 219 579 224
582 219 584 224
588 219 589 227
590 219 593 227
528 222 528 224
531 222 532 225
534 222 535 224
540 222 542 227
542 222 545 227
565 222 568 227
568 222 571 227
571 222 573 228
573 222 576 228
576 222 579 227
588 222 590 230
528 225 528 227
531 225 532 228
534 225 535 227
537 225 537 228
559 225 563 229
562 225 565 230
565 225 568 230
568 225 571 230
571 225 573 230
573 225 576 230
528 227 528 229
531 227 531 230
545 227 548 232
548 227 550 233
551 227 553 233
554 227 557 233
556 227 560 233
559 227 562 233
562 227 565 234
568 227 571 233
571 227 574 233
545 230 548 235
548 230 551 235
551 230 554 235
554 230 556 235
556 230 560 236
559 230 564 236
562 230 567 236
571 230 573 236
528 233 528 239
531 233 532 236
534 233 536 236
542 233 543 238
545 233 545 238
551 233 554 238
554 233 557 239
562 233 567 239
528 236 528 241
531 236 531 241
534 236 536 239
542 236 543 241
548 236 551 241
551 236 554 241
554 236 556 241
565 236 570 242
568 236 573 242
528 239 528 244
531 239 531 244
534 239 536 242
542 239 545 244
545 239 548 244
548 239 551 244
551 239 554 244
565 239 571 245
568 239 573 245
576 239 576 241
542 242 546 246
548 242 551 246
556 242 560 246
568 242 574 247
565 250 570 258
540 256 543 258
542 261 545 264
551 261 553 267
540 264 542 267
545 264 548 267
551 264 553 270
534 267 536 269
540 267 543 269
537 270 537 272
554 273 554 275
568 273 570 280
571 273 573 281
528 275 528 276
531 275 531 275
556 275 557 278
641 275 633 283
528 278 528 277
534 278 534 280
540 278 539 281
554 278 554 281
556 278 556 281
568 278 568 286
571 278 570 286
528 281 528 281
534 281 531 280
554 281 554 284
556 281 557 283
633 281 624 289
565 284 564 290
571 284 570 290
616 284 610 292
621 284 613 292
647 284 647 297
565 287 564 292
568 290 565 295
571 290 570 295
573 290 572 295
576 290 575 295
568 292 565 298
571 292 568 298
573 292 572 298
576 292 575 298
582 292 579 298
571 295 568 300
573 295 573 301
579 295 577 300
582 295 579 300
588 295 585 297
590 295 588 297
630 295 624 301
633 295 626 301
635 295 629 301
559 298 559 298
562 298 562 301
571 298 570 303
573 298 572 303
585 298 582 301
588 298 585 300
590 298 588 300
562 301 562 303
573 301 571 306
579 301 576 306
582 301 579 305
590 301 588 303
593 301 591 303
596 301 594 303
576 304 574 308
579 304 576 309
585 304 582 307
588 304 584 307
590 304 587 307
593 304 591 306
596 304 594 306
599 304 596 306
641 304 635 309
571 306 570 311
576 306 574 311
579 306 576 311
585 306 582 309
588 306 585 309
590 306 587 310
593 306 591 309
596 306 593 309
599 306 596 309
633 306 629 312
635 306 632 312
582 309 579 312
585 309 582 312
588 309 585 312
590 309 587 313
593 309 590 312
604 309 602 312
641 309 641 309
644 309 644 310
647 309 647 309
579 312 577 315
582 312 580 314
585 312 582 314
588 312 585 315
590 312 587 315
593 312 593 312
599 312 595 312
641 312 641 312
644 312 644 312
647 312 647 312
576 315 573 315
593 315 593 315
602 315 598 315
638 315 637 315
644 315 644 315
647 315 647 315
