554 202 565 208
556 202 568 209
576 202 575 208
534 205 551 209
537 205 554 209
542 205 558 210
551 205 557 213
562 205 572 210
565 205 575 210
585 205 598 216
588 205 600 216
590 205 604 218
534 208 548 214
551 208 556 216
579 208 591 218
582 208 593 218
588 208 603 221
531 211 542 217
534 211 546 217
537 211 546 221
545 211 553 220
548 211 555 220
562 211 589 221
579 211 596 222
585 211 601 228
590 211 605 226
528 213 539 219
534 213 543 228
551 213 557 226
562 213 588 224
565 213 574 224
585 213 601 231
590 213 603 232
596 213 607 233
599 213 610 233
534 216 543 230
537 216 546 231
540 216 549 233
542 216 552 234
545 216 556 235
554 216 561 225
559 216 568 223
562 216 571 224
590 216 603 236
593 216 606 236
599 216 609 236
537 219 545 234
540 219 548 236
562 219 571 227
565 219 573 227
568 219 596 236
585 219 598 240
590 219 601 240
593 219 605 239
599 219 608 240
534 222 542 233
540 222 551 240
571 222 584 244
576 222 587 244
585 222 597 243
593 222 601 244
534 225 541 236
537 225 547 242
540 225 550 242
576 225 587 247
579 225 593 246
585 225 597 246
593 225 600 247
599 225 607 250
531 227 534 238
537 227 544 241
554 227 556 244
579 227 593 249
540 230 549 246
545 230 559 249
565 230 581 253
593 230 603 251
540 233 549 249
565 233 581 256
579 233 593 260
528 239 528 247
531 239 531 247
565 239 580 260
528 242 528 250
554 242 543 257
556 242 547 258
590 242 598 256
534 244 537 243
554 244 543 261
607 244 618 242
585 247 596 280
604 247 622 256
593 250 600 265
596 250 613 247
599 250 604 269
604 250 621 259
607 250 617 246
540 253 563 274
542 253 566 274
588 253 595 269
593 253 599 268
599 253 613 260
607 253 617 248
610 253 620 248
616 253 623 246
545 256 565 276
548 256 570 275
551 256 573 275
582 256 587 275
585 256 590 275
604 256 617 262
610 256 626 264
551 258 572 277
610 258 625 267
616 258 625 257
528 261 531 261
602 261 616 268
604 261 619 268
610 261 624 269
621 261 628 261
528 264 530 265
602 264 615 271
604 264 618 271
619 264 628 271
528 267 529 268
531 267 533 268
534 267 537 269
585 267 587 285
607 267 620 274
613 267 623 274
619 267 627 274
627 267 630 265
528 270 529 271
531 270 533 271
534 270 536 272
537 270 540 274
619 270 627 277
621 270 630 278
624 270 634 279
630 270 632 268
528 273 529 274
531 273 532 275
534 273 536 275
537 273 539 276
588 273 589 289
616 273 623 280
619 273 626 280
621 273 629 281
633 273 634 270
588 275 585 292
635 275 635 272
638 275 637 272
540 278 542 278
542 278 545 278
585 278 582 294
588 278 585 295
528 281 528 282
534 281 531 282
540 281 540 281
585 281 571 271
593 281 607 262
531 284 530 285
540 284 537 284
576 284 578 296
579 284 581 296
582 284 585 298
602 284 612 264
644 284 642 285
537 287 533 286
540 287 535 287
562 287 553 300
582 287 581 301
590 287 587 302
633 287 633 296
635 287 636 296
638 287 639 295
644 287 641 287
528 290 528 292
534 290 530 288
537 290 533 289
540 290 535 290
545 290 542 291
565 290 556 301
571 290 561 300
573 290 564 301
599 290 601 299
613 290 615 295
633 290 632 298
638 290 638 298
647 290 644 290
528 292 528 294
537 292 531 292
540 292 534 292
542 292 538 294
545 292 541 294
562 292 553 303
565 292 555 305
571 292 560 303
573 292 563 303
576 292 566 304
579 292 569 305
588 292 582 305
593 292 590 306
613 292 615 298
635 292 635 301
638 292 638 301
641 292 641 302
644 292 644 302
531 295 531 295
542 295 538 297
545 295 540 297
562 295 551 307
565 295 554 308
571 295 559 309
573 295 563 306
576 295 566 307
579 295 569 308
582 295 572 305
585 295 576 305
588 295 579 306
590 295 585 309
593 295 589 309
607 295 613 305
616 295 572 295
621 295 621 301
624 295 624 301
630 295 628 302
633 295 630 303
635 295 634 303
638 295 637 304
644 295 643 305
540 298 536 299
545 298 540 300
548 298 543 301
562 298 551 309
576 298 564 311
579 298 568 311
582 298 571 309
590 298 582 311
624 298 623 304
630 298 628 304
633 298 630 305
635 298 633 306
638 298 636 307
644 298 643 308
647 298 646 296
540 301 536 303
565 301 554 311
568 301 557 312
576 301 564 314
579 301 567 315
585 301 575 310
588 301 578 310
590 301 581 314
630 301 627 307
633 301 630 308
644 301 642 312
647 301 646 312
568 304 556 315
588 304 578 313
635 304 632 310
638 304 635 311
641 304 638 312
633 306 628 313
635 306 631 313
638 306 635 313
641 306 638 314
630 309 618 314
593 312 570 315
621 312 602 309
633 312 591 310
588 315 561 315
596 315 573 316
627 315 611 315
633 315 590 314
635 315 594 315
