430 217 430 217
432 217 435 217
435 217 438 217
437 217 441 216
445 217 446 216
448 217 449 216
430 219 430 220
432 219 435 220
443 219 444 219
445 219 446 219
448 219 449 219
451 219 452 219
496 219 499 219
498 219 502 219
432 222 436 222
435 222 439 222
437 222 442 222
443 222 443 222
445 222 446 222
448 222 449 221
451 222 452 222
464 222 460 220
485 222 483 222
430 224 429 223
435 224 439 225
440 224 441 225
443 224 443 224
445 224 446 224
448 224 449 224
461 224 458 223
485 224 474 220
488 224 477 220
490 224 457 221
430 227 430 225
440 227 441 227
443 227 444 226
445 227 447 226
448 227 450 226
474 227 486 225
482 227 472 223
485 227 475 223
445 230 447 229
482 230 472 226
485 230 475 226
501 230 507 231
511 230 453 229
527 230 524 226
443 232 444 233
445 232 448 233
448 232 450 233
533 232 530 232
435 235 440 247
448 240 458 234
530 246 525 237
461 248 464 243
464 248 467 242
467 248 469 242
490 248 466 234
503 248 496 233
538 248 538 253
435 251 436 233
464 251 467 245
509 251 507 233
432 254 432 255
435 254 435 255
509 254 507 236
517 254 513 233
432 256 432 258
485 256 459 251
490 256 465 248
464 259 448 257
472 259 457 257
488 259 462 252
490 259 464 251
493 259 467 251
430 261 429 244
464 261 448 260
477 261 459 257
490 261 480 256
493 261 467 254
496 261 484 255
525 261 516 234
469 264 452 260
472 264 454 260
482 264 467 256
490 264 479 258
517 264 484 242
469 267 452 263
472 267 454 263
474 267 457 262
480 267 460 259
482 267 462 259
488 267 471 259
514 267 481 245
517 267 484 245
535 267 532 297
538 267 538 234
469 269 452 265
480 269 462 263
482 269 465 262
485 269 468 262
488 269 471 262
490 269 476 262
493 269 479 261
498 269 484 261
514 269 480 247
517 269 484 248
538 269 538 237
456 272 444 268
461 272 448 266
467 272 451 268
480 272 460 264
490 272 477 264
493 272 479 264
522 272 506 260
525 272 509 260
477 275 458 267
498 275 490 269
522 275 506 263
525 275 509 263
443 277 435 269
490 277 473 267
498 277 490 271
506 277 496 271
522 277 506 265
525 277 509 265
527 277 525 246
459 280 446 274
467 280 457 273
472 280 460 270
474 280 463 270
477 280 465 270
488 280 471 270
490 280 474 270
496 280 477 269
498 280 480 269
514 280 496 269
517 280 498 269
445 283 439 271
448 283 441 271
451 283 444 271
469 283 460 276
496 283 477 272
498 283 479 272
503 283 484 269
525 283 516 277
527 283 507 268
538 283 538 282
472 285 458 278
485 285 471 276
488 285 473 276
503 285 485 272
506 285 487 271
448 288 439 287
459 288 447 283
461 288 449 282
464 288 452 282
472 288 458 281
482 288 469 279
488 288 472 278
490 288 474 278
503 288 485 275
506 288 488 274
509 288 495 277
511 288 498 278
530 288 526 275
538 288 538 286
456 290 444 286
459 290 447 285
461 290 450 285
464 290 452 285
467 290 455 285
480 290 467 281
482 290 469 281
488 290 472 281
493 290 466 278
506 290 488 278
511 290 499 282
538 290 538 289
459 293 447 288
467 293 456 287
482 293 469 284
498 293 482 280
506 293 488 280
509 293 494 282
511 293 497 282
517 293 505 279
519 293 507 273
533 293 532 269
430 296 430 288
448 296 440 297
469 296 458 287
511 296 497 285
517 296 501 282
519 296 501 276
533 296 534 272
535 296 536 259
430 298 429 299
432 298 434 291
435 298 437 291
448 298 440 299
469 298 457 289
472 298 461 290
474 298 463 289
477 298 466 289
514 298 500 287
517 298 501 284
519 298 501 279
530 298 531 275
533 298 534 275
538 298 538 294
430 301 429 275
437 301 437 294
440 301 440 294
456 301 448 304
469 301 457 292
474 301 463 293
477 301 466 292
482 301 470 292
485 301 473 292
509 301 491 285
511 301 494 285
517 301 502 287
535 301 535 300
538 301 538 297
485 304 473 295
488 304 475 294
490 304 478 294
509 304 492 288
535 304 535 303
538 304 538 303
464 306 450 288
488 306 475 297
509 306 494 290
511 306 497 290
514 306 500 290
430 309 429 309
482 309 470 298
509 309 494 293
511 309 498 293
514 309 500 293
464 312 454 298
511 312 498 296
535 312 535 292
538 312 538 292
464 314 448 296
469 314 458 300
472 314 462 300
511 314 480 291
501 317 484 297
522 317 503 301
525 317 506 302
538 317 538 306
443 320 440 319
496 320 484 299
527 320 501 320
538 320 538 308
430 322 429 324
432 322 432 324
437 322 435 318
440 322 438 321
477 322 462 303
480 322 464 303
538 322 538 324
430 325 430 326
432 325 432 326
437 325 435 324
440 325 438 324
506 325 492 305
519 325 523 324
522 325 526 324
437 327 435 327
440 327 439 327
445 327 464 327
448 327 449 326
467 327 453 327
469 327 455 327
477 327 458 327
493 327 475 308
519 327 523 327
522 327 525 327
530 327 532 327
533 327 529 327
538 327 538 327
