1 0 0 -0.04922165349125862 
0 1 0 -0.0675094872713089 
0 0 1 -0.5077975988388062 
0 0 0 1 

0.9981845021247864 0.01967793516814709 -0.05692450329661369 -0.05870376899838448 
-0.017078822478652 0.998805046081543 0.04578965902328491 -0.09109655767679214 
0.05775754526257515 -0.04473430663347244 0.9973278045654297 -0.5111099481582642 
0 0 0 1 

0.9979740977287292 -0.0219397097826004 -0.05971894413232803 -0.05581655725836754 
0.02474565804004669 0.9986042976379395 0.04665853828191757 -0.09420366585254669 
0.0586119070649147 -0.04804181307554245 0.9971241354942322 -0.5117394328117371 
0 0 0 1 

0.9980401396751404 -0.02493970654904842 -0.05739237368106842 -0.04572859406471252 
0.02893003635108471 0.9971427917480469 0.06978031992912292 -0.1082755252718925 
0.05548807606101036 -0.07130393385887146 0.9959099888801575 -0.5071043968200684 
0 0 0 1 

0.9978466033935547 0.0445418618619442 -0.04814755544066429 -0.05571908131241798 
-0.0431348942220211 0.9986224174499512 0.0298765990883112 -0.08953872323036194 
0.04941199347376823 -0.02773541025817394 0.9983932971954346 -0.5141609907150269 
0 0 0 1 

0.9817209839820862 -0.1724520176649094 -0.08052379637956619 -0.02990489080548286 
0.1766777783632278 0.9830662608146667 0.04863806813955307 -0.1131476163864136 
0.07077247649431229 -0.06197580695152283 0.9955652952194214 -0.5198978185653687 
0 0 0 1 

0.974329948425293 -0.2119815051555634 -0.07579540461301804 -0.02990451082587242 
0.217435896396637 0.9733521938323975 0.07284928113222122 -0.1281081289052963 
0.0583329014480114 -0.08745989948511124 0.9944586753845215 -0.5163138508796692 
0 0 0 1 

0.9538115262985229 -0.2872839868068695 -0.08781438320875168 -0.01886242814362049 
0.2945887744426727 0.9517338871955872 0.0861392617225647 -0.136540874838829 
0.05882945656776428 -0.1080297827720642 0.9924054741859436 -0.512998104095459 
0 0 0 1 

0.9593897461891174 -0.2745219171047211 -0.06487676501274109 -0.02870049141347408 
0.278146356344223 0.9589318633079529 0.05553541332483292 -0.1200756132602692 
0.04696668684482574 -0.07132535427808762 0.9963467121124268 -0.5212480425834656 
0 0 0 1 

-0.3591634631156921 -0.9321132898330688 -0.04654263332486153 -0.03471271321177483 
0.9016016721725464 -0.3594244718551636 0.2406830042600632 -0.1661155223846436 
-0.2410723119974136 0.04448173940181732 0.9694873094558716 -0.4890227615833282 
0 0 0 1 

