585 202 581 213
559 205 554 207
562 205 557 207
565 205 560 207
556 208 552 210
579 208 569 212
582 208 573 213
545 211 539 213
548 211 542 214
559 211 557 212
585 211 582 225
588 211 585 225
537 213 537 213
562 213 562 231
588 213 585 231
528 216 528 216
537 216 537 217
562 216 570 230
590 216 588 234
528 219 528 220
554 219 567 233
556 219 571 233
590 219 589 238
593 219 589 232
528 222 528 224
545 222 562 233
604 222 602 254
531 225 536 238
551 225 559 240
556 225 568 239
604 225 606 259
607 225 609 260
531 227 536 241
534 230 533 245
537 230 538 244
534 233 533 247
534 236 536 250
540 236 542 252
540 239 541 255
528 242 527 257
531 242 531 256
534 242 534 256
604 244 588 267
613 244 606 267
604 247 588 269
607 247 591 269
537 250 534 262
540 250 536 262
545 250 549 261
548 250 552 261
565 250 572 244
537 253 535 265
540 253 540 264
542 253 543 265
545 253 545 265
548 253 552 264
565 253 572 247
607 253 595 275
531 256 529 271
537 256 537 267
540 256 540 267
545 256 545 268
548 256 552 268
559 256 563 251
571 256 564 269
576 256 574 269
607 256 595 279
531 258 530 274
537 258 537 271
540 258 540 271
590 258 584 256
531 261 530 277
588 261 575 280
593 261 581 249
596 261 584 249
635 261 636 267
531 264 529 269
548 264 547 273
551 264 553 276
554 264 559 275
582 264 569 283
585 264 571 283
590 264 580 283
593 264 581 252
596 264 583 252
537 267 538 277
542 267 544 277
548 267 547 276
551 267 553 278
554 267 560 278
531 270 532 283
537 270 538 283
540 270 541 280
548 270 548 280
554 270 559 281
559 270 562 280
613 270 596 254
616 270 599 254
528 273 529 286
531 273 532 286
534 273 535 286
540 273 541 282
542 273 544 283
548 273 548 283
551 273 550 282
556 273 562 284
613 273 596 257
638 273 639 273
641 273 642 272
531 275 532 289
537 275 538 286
540 275 541 286
542 275 544 286
545 275 547 286
548 275 550 285
630 275 634 278
638 275 640 276
641 275 642 275
537 278 538 288
540 278 542 288
542 278 545 288
545 278 547 288
548 278 550 288
551 278 553 288
571 278 575 286
613 278 622 283
616 278 625 282
619 278 629 281
633 278 637 281
638 278 640 279
641 278 643 279
540 281 542 291
542 281 546 291
545 281 548 291
548 281 550 291
551 281 553 291
556 281 560 289
565 281 572 288
568 281 575 289
573 281 579 289
585 281 590 288
638 281 640 282
641 281 643 281
545 284 549 293
559 284 563 290
562 284 567 292
565 284 572 292
568 284 574 291
585 284 590 291
613 284 622 286
630 284 634 285
633 284 637 285
556 287 560 294
559 287 563 294
579 287 581 292
616 287 620 288
627 287 632 288
630 287 634 288
633 287 637 288
559 290 563 296
562 290 566 296
565 290 568 295
568 290 571 295
571 290 574 295
573 290 577 294
596 290 599 290
599 290 602 291
602 290 608 293
624 290 629 290
627 290 632 291
630 290 635 290
644 290 644 284
647 290 646 285
545 292 540 295
554 292 558 300
556 292 561 299
559 292 563 299
562 292 565 298
565 292 568 298
568 292 572 297
571 292 575 297
573 292 578 297
593 292 596 293
596 292 599 293
599 292 602 293
627 292 632 294
630 292 635 293
644 292 647 292
542 295 540 297
545 295 542 298
551 295 546 296
554 295 558 302
556 295 560 302
559 295 563 302
562 295 566 302
565 295 569 301
568 295 571 301
576 295 581 298
579 295 584 298
585 295 588 296
596 295 600 296
599 295 603 296
602 295 606 296
619 295 620 296
621 295 629 296
630 295 635 296
633 295 639 296
635 295 641 296
641 295 644 293
554 298 558 304
556 298 560 304
559 298 564 305
562 298 567 305
571 298 575 302
573 298 578 301
576 298 581 301
579 298 584 300
585 298 589 299
593 298 597 297
602 298 606 298
604 298 609 298
607 298 612 298
610 298 614 298
613 298 618 298
619 298 620 298
630 298 635 299
633 298 638 299
635 298 641 299
554 301 552 302
559 301 564 307
562 301 567 307
565 301 570 304
568 301 573 304
571 301 575 304
573 301 578 304
576 301 581 303
579 301 584 303
585 301 589 302
593 301 597 300
596 301 600 299
599 301 603 300
604 301 609 301
607 301 611 300
610 301 615 301
613 301 618 301
616 301 620 301
619 301 623 301
551 304 549 304
565 304 571 307
568 304 573 307
571 304 576 306
585 304 588 306
588 304 593 304
593 304 598 303
596 304 600 303
599 304 603 302
602 304 606 303
610 304 614 303
616 304 620 304
619 304 623 304
627 304 633 306
633 304 636 305
641 304 645 304
647 304 648 304
551 306 549 306
562 306 569 310
565 306 571 310
568 306 574 309
573 306 579 307
576 306 582 307
579 306 584 307
590 306 595 307
593 306 598 306
596 306 601 306
599 306 604 305
602 306 606 305
604 306 609 305
613 306 618 307
616 306 621 307
619 306 623 307
624 306 627 306
630 306 635 308
638 306 642 307
641 306 645 307
647 306 648 307
554 309 553 309
556 309 555 309
559 309 558 308
571 309 577 310
573 309 579 310
579 309 585 310
588 309 592 310
593 309 598 309
596 309 601 309
599 309 603 308
602 309 606 308
610 309 615 309
613 309 618 310
616 309 621 310
619 309 624 310
624 309 628 309
627 309 630 309
638 309 642 310
641 309 645 310
647 309 648 310
559 312 559 312
562 312 562 312
571 312 577 313
573 312 580 313
576 312 582 313
579 312 585 313
585 312 591 312
593 312 598 312
596 312 600 312
599 312 603 312
602 312 606 311
610 312 615 312
613 312 618 312
616 312 621 312
619 312 624 313
624 312 628 312
627 312 630 312
630 312 633 311
633 312 636 312
635 312 638 312
638 312 643 313
641 312 645 313
562 315 562 315
565 315 564 315
568 315 567 314
571 315 577 315
573 315 580 315
576 315 583 315
582 315 586 315
585 315 590 315
588 315 593 315
590 315 595 315
596 315 600 315
599 315 603 315
604 315 610 315
610 315 613 314
613 315 618 315
616 315 620 315
621 315 625 315
624 315 628 315
627 315 631 315
630 315 634 315
633 315 637 315
635 315 639 315
