1 0 0 -0.2022774517536163 
0 1 0 -0.02555054239928722 
0 0 1 -0.5562111139297485 
0 0 0 1 

0.9986720085144043 -0.04816141352057457 0.01829373091459274 -0.2024400383234024 
0.04691768065094948 0.9968960881233215 0.06322097033262253 -0.06516747176647186 
-0.021281773224473 -0.06227871030569077 0.9978318810462952 -0.5285741090774536 
0 0 0 1 

0.9927780032157898 -0.06917602568864822 -0.09801263362169266 -0.1367618143558502 
0.07748755067586899 0.9934739470481873 0.08369656652212143 -0.07539276033639908 
0.09158318489789963 -0.09068689495325089 0.99165940284729 -0.5439865589141846 
0 0 0 1 

0.9853255748748779 -0.1516100615262985 -0.078407883644104 -0.138130709528923 
0.1627049595117569 0.9731099605560303 0.163045734167099 -0.1284613311290741 
0.05158004909753799 -0.1734105050563812 0.9834979176521301 -0.5139237642288208 
0 0 0 1 

0.9469977617263794 -0.1909468919038773 0.2583298981189728 -0.3081068694591522 
0.1699018329381943 0.9802002310752869 0.1016896963119507 -0.09114819765090942 
-0.2726323902606964 -0.05240910872817039 0.9606897234916687 -0.4451421797275543 
0 0 0 1 

0.9335165023803711 -0.280976265668869 0.2227086275815964 -0.2800318598747253 
0.2447481602430344 0.9533228874206543 0.1768437027931213 -0.1437952518463135 
-0.262002170085907 -0.1105789020657539 0.9587111473083496 -0.438922256231308 
0 0 0 1 

0.9388489127159119 -0.3349536955356598 0.0798041895031929 -0.2038301974534988 
0.3114177882671356 0.9248746037483215 0.2182333767414093 -0.1771374642848969 
-0.1469069868326187 -0.1800357103347778 0.972628116607666 -0.4601536691188812 
0 0 0 1 

0.9601576328277588 -0.2533301115036011 0.1179870292544365 -0.2231731861829758 
0.2379639595746994 0.9625188708305359 0.1301164776086807 -0.1198687702417374 
-0.1465272456407547 -0.09685555845499039 0.9844534993171692 -0.4665748775005341 
0 0 0 1 

0.916463315486908 -0.3421232104301453 0.2074767202138901 -0.2542690336704254 
0.3328378796577454 0.9396482706069946 0.07924622297286987 -0.1099808812141418 
-0.22206711769104 -0.003570103086531162 0.9750248193740845 -0.4501288533210754 
0 0 0 1 

0.9749151468276978 -0.1784372627735138 0.1330445110797882 -0.2277025282382965 
0.1659447252750397 0.9810721874237061 0.09979900717735291 -0.08362807333469391 
-0.1483339667320251 -0.07521750777959824 0.9860730767250061 -0.4598652422428131 
0 0 0 1 

