430 217 429 216
432 217 432 217
435 217 435 217
437 217 437 216
456 217 453 217
461 217 459 217
467 217 461 217
469 217 464 217
493 217 488 216
496 217 490 216
501 217 499 216
525 217 522 217
527 217 525 217
533 217 532 218
538 217 538 216
430 219 430 220
464 219 459 219
467 219 461 219
469 219 464 219
472 219 468 220
474 219 471 219
477 219 474 220
480 219 477 220
482 219 480 220
493 219 488 219
522 219 517 221
525 219 522 221
527 219 525 220
535 219 535 221
430 222 429 222
453 222 450 223
469 222 464 222
472 222 469 222
474 222 471 222
477 222 474 222
493 222 490 221
517 222 514 223
530 222 529 224
538 222 538 222
443 224 440 225
448 224 445 225
461 224 459 222
472 224 469 225
474 224 471 224
517 224 514 225
522 224 520 225
525 224 522 225
527 224 525 225
533 224 533 224
535 224 536 224
538 224 538 224
430 227 429 227
448 227 446 228
472 227 469 227
503 227 503 227
509 227 506 227
511 227 508 227
517 227 512 227
522 227 520 227
525 227 522 228
527 227 525 228
533 227 533 227
535 227 536 227
538 227 538 227
432 230 432 230
509 230 506 230
511 230 508 230
517 230 511 229
519 230 514 229
522 230 520 230
525 230 522 230
527 230 525 230
538 230 538 232
430 232 429 232
525 232 522 233
527 232 524 233
535 232 535 233
430 235 429 235
493 235 493 235
525 235 522 235
535 235 535 235
538 235 538 235
430 238 430 239
432 238 432 240
506 238 504 238
509 238 505 237
533 238 530 238
535 238 535 238
538 238 538 238
430 240 430 242
490 240 491 240
493 240 493 240
496 240 495 240
506 240 503 241
511 240 508 239
525 240 527 241
533 240 530 240
435 243 434 243
437 243 438 245
509 243 506 243
517 243 517 243
519 243 519 243
533 243 530 242
435 246 434 246
519 246 519 246
522 246 521 245
527 246 525 245
530 246 527 245
485 248 482 249
488 248 486 249
496 248 493 246
498 248 495 246
503 248 503 251
432 251 431 251
464 251 466 251
467 251 469 251
474 251 475 251
490 251 488 252
493 251 493 252
496 251 495 252
448 254 449 256
461 254 461 254
464 254 463 254
469 254 468 254
480 254 477 254
482 254 480 254
490 254 488 254
493 254 491 254
501 254 499 254
503 254 501 254
511 254 512 257
445 256 446 257
453 256 450 256
459 256 456 256
464 256 462 257
467 256 464 256
472 256 470 256
474 256 472 256
477 256 475 257
480 256 478 257
482 256 480 257
485 256 483 257
488 256 485 257
490 256 488 257
493 256 491 257
498 256 496 257
527 256 522 254
448 259 448 259
459 259 456 259
461 259 459 259
464 259 462 259
467 259 465 259
469 259 467 259
472 259 470 259
474 259 473 259
477 259 475 259
480 259 478 259
482 259 480 259
485 259 483 260
488 259 485 261
493 259 491 260
501 259 498 260
509 259 506 259
459 261 457 262
467 261 465 262
469 261 467 262
472 261 469 262
474 261 472 261
477 261 475 262
480 261 478 262
482 261 480 262
485 261 483 262
490 261 488 262
493 261 490 262
496 261 493 262
498 261 496 262
501 261 499 262
503 261 501 262
459 264 457 264
469 264 467 264
472 264 469 264
474 264 472 264
477 264 475 265
482 264 480 265
485 264 483 265
490 264 488 265
493 264 490 265
498 264 496 264
501 264 499 265
506 264 504 264
517 264 514 265
472 267 470 267
474 267 472 267
477 267 475 267
480 267 477 267
482 267 480 267
485 267 483 267
488 267 486 268
490 267 488 268
496 267 493 268
498 267 496 267
501 267 499 267
503 267 502 267
517 267 514 267
474 269 472 269
477 269 474 269
480 269 477 269
482 269 480 270
485 269 483 270
490 269 488 271
493 269 491 270
496 269 493 270
498 269 496 270
501 269 499 270
503 269 502 270
472 272 469 272
474 272 472 272
477 272 474 271
485 272 483 273
493 272 491 273
496 272 494 273
498 272 496 273
501 272 499 273
503 272 501 273
437 275 437 277
440 275 440 277
448 275 448 275
467 275 464 275
472 275 470 275
474 275 472 274
477 275 474 274
485 275 485 276
490 275 488 275
493 275 491 275
496 275 494 276
498 275 496 276
501 275 499 276
503 275 501 276
506 275 503 276
445 277 443 278
448 277 448 278
451 277 450 277
474 277 472 277
477 277 474 277
490 277 488 278
493 277 491 278
496 277 494 278
498 277 496 278
501 277 499 278
503 277 501 278
443 280 440 280
445 280 443 280
448 280 446 280
451 280 448 280
456 280 454 280
459 280 457 280
469 280 469 280
477 280 477 280
485 280 485 280
488 280 487 280
496 280 493 280
498 280 496 280
501 280 499 281
503 280 503 281
443 283 440 283
445 283 443 282
448 283 446 282
451 283 448 282
456 283 454 283
459 283 457 282
461 283 459 283
464 283 462 283
469 283 469 282
490 283 488 283
493 283 491 283
496 283 493 282
498 283 495 283
501 283 497 282
503 283 501 283
506 283 504 283
514 283 512 282
445 285 443 285
448 285 446 285
451 285 448 285
456 285 454 285
459 285 456 285
461 285 459 286
469 285 467 286
493 285 491 285
430 288 429 285
443 288 437 288
456 288 454 288
459 288 457 288
461 288 459 288
467 288 464 288
469 288 466 288
503 288 504 285
430 290 429 288
432 290 432 288
445 290 442 290
459 290 456 291
461 290 459 291
464 290 461 291
467 290 464 291
469 290 469 288
472 290 472 288
474 290 474 288
480 290 477 288
503 290 503 287
509 290 507 287
519 290 515 291
430 293 429 290
432 293 432 290
464 293 462 294
467 293 464 294
469 293 466 293
472 293 471 290
477 293 477 291
496 293 495 290
501 293 500 290
430 296 429 293
432 296 432 293
461 296 460 296
464 296 462 296
467 296 463 296
469 296 466 296
474 296 472 293
477 296 477 293
464 298 462 298
493 298 493 299
496 298 495 299
509 298 507 295
511 298 508 295
467 301 464 299
469 301 467 299
488 301 485 301
493 301 492 301
511 301 508 298
514 301 511 298
459 304 456 304
467 304 463 301
469 304 467 304
472 304 470 304
490 304 490 306
493 304 492 304
496 304 495 304
501 304 500 304
451 306 451 306
459 306 457 306
469 306 467 307
472 306 470 307
490 306 490 308
496 306 495 307
503 306 501 308
467 309 463 309
469 309 466 309
472 309 470 309
501 309 499 310
459 312 459 312
461 312 461 312
469 312 467 312
472 312 470 312
480 312 477 312
485 312 486 312
488 312 488 312
490 312 491 312
493 312 493 312
496 312 495 312
501 312 499 312
503 312 501 312
430 314 429 311
461 314 461 314
480 314 476 314
482 314 480 315
485 314 486 315
488 314 488 314
490 314 491 314
493 314 493 314
498 314 496 315
501 314 501 314
503 314 504 314
530 314 527 316
430 317 429 314
467 317 467 319
469 317 470 320
482 317 480 317
485 317 483 317
488 317 488 317
490 317 491 317
498 317 496 317
501 317 501 316
503 317 504 317
506 317 506 317
509 317 509 317
430 320 429 317
477 320 475 320
482 320 480 320
490 320 490 319
496 320 493 320
498 320 496 320
501 320 501 319
509 320 508 319
519 320 522 319
522 320 525 319
430 322 429 319
437 322 437 320
448 322 450 322
477 322 472 322
480 322 477 322
482 322 480 322
485 322 483 322
496 322 493 322
498 322 495 322
506 322 506 322
509 322 508 322
517 322 519 322
435 325 432 323
445 325 448 325
451 325 453 325
480 325 474 325
482 325 476 325
485 325 483 325
488 325 488 325
496 325 494 325
498 325 496 325
501 325 500 325
503 325 503 325
506 325 505 325
509 325 508 325
514 325 517 323
538 325 538 324
430 327 430 327
467 327 462 328
490 327 487 328
496 327 494 327
498 327 496 328
501 327 500 328
503 327 503 327
506 327 506 327
509 327 508 327
522 327 521 328
527 327 524 328
530 327 527 328
533 327 533 327
535 327 536 327
538 327 538 327
