424 25 509 183
476 25 614 276
493 25 635 275
389 42 490 202
424 42 510 196
476 42 618 291
510 42 639 284
389 59 491 218
424 59 513 210
580 59 658 305
371 77 483 238
493 94 578 241
510 94 639 307
233 111 393 266
302 111 439 260
337 111 464 260
371 111 485 257
389 111 498 256
424 111 524 253
441 111 537 252
458 111 553 249
267 129 414 270
285 129 426 268
233 146 393 286
371 146 488 272
476 146 574 263
215 163 382 311
267 163 414 288
285 163 428 285
319 163 449 280
337 163 463 279
389 163 501 276
424 163 526 274
441 163 540 271
458 163 556 270
476 163 574 278
181 181 343 356
250 181 402 311
267 181 414 306
302 181 438 292
458 181 558 283
250 198 402 328
319 198 452 303
354 198 474 297
371 198 488 293
389 198 503 293
424 198 528 290
441 198 545 290
493 198 604 314
181 215 353 367
198 215 365 366
250 215 403 343
285 215 421 323
302 215 439 320
319 215 452 317
337 215 467 315
371 215 489 307
389 215 505 304
441 215 543 300
458 215 561 303
528 215 640 322
215 233 377 402
250 233 647 232
285 233 424 339
302 233 441 338
319 233 454 338
354 233 480 334
371 233 494 330
389 233 508 327
424 233 531 310
493 233 605 336
510 233 627 336
215 250 376 420
233 250 392 417
302 250 440 356
319 250 455 355
354 250 483 352
371 250 497 349
389 250 511 347
424 250 532 321
354 267 483 373
371 267 500 368
389 267 514 364
406 267 532 363
215 285 376 440
250 285 397 438
267 285 412 438
285 285 435 450
302 285 448 431
319 285 465 426
354 285 487 427
371 285 505 400
406 285 537 379
424 285 556 380
250 302 398 454
267 302 413 455
337 302 486 442
371 302 511 439
302 319 437 466
354 319 498 464
371 319 516 463
371 337 517 478
476 406 667 384
424 424 621 438
424 476 627 477
