323 149 292 163
333 149 345 148
349 149 358 148
354 149 363 149
359 149 368 149
328 154 337 152
364 154 375 154
343 160 369 159
291 165 291 173
307 165 323 158
317 165 337 160
333 165 361 160
343 165 370 163
349 165 374 164
354 165 380 165
380 165 380 159
286 170 287 176
297 170 296 174
323 170 350 166
349 170 376 168
354 170 380 169
359 170 384 169
395 170 407 180
271 175 276 175
281 175 281 175
297 175 328 170
328 175 359 171
343 175 374 174
354 175 381 174
359 175 385 175
369 175 392 175
390 175 396 174
271 180 267 180
276 180 274 180
291 180 323 175
297 180 328 175
302 180 334 176
333 180 365 176
338 180 371 177
343 180 374 180
349 180 379 180
286 186 295 186
291 186 324 181
302 186 334 181
307 186 340 181
338 186 369 184
364 186 391 185
265 191 271 185
328 191 359 190
333 191 364 190
343 191 374 190
349 191 379 189
354 191 384 190
364 191 392 191
260 196 266 185
297 196 328 192
323 196 355 194
328 196 359 195
333 196 363 195
338 196 369 195
349 196 380 194
354 196 384 195
359 196 390 196
265 201 274 201
302 201 327 200
307 201 333 199
312 201 338 199
317 201 342 200
328 201 358 200
338 201 369 200
343 201 375 200
349 201 379 199
354 201 384 200
369 201 395 201
380 201 402 201
385 201 407 201
406 201 407 190
411 201 412 196
255 206 261 215
265 206 275 206
312 206 338 204
323 206 352 203
328 206 358 206
333 206 363 206
338 206 368 207
343 206 374 206
359 206 387 206
364 206 391 206
375 206 396 206
380 206 402 206
265 212 270 210
271 212 275 215
281 212 285 211
286 212 296 210
297 212 317 210
333 212 364 210
338 212 369 210
359 212 386 213
369 212 391 212
375 212 395 210
380 212 402 210
260 217 270 222
265 217 270 217
276 217 280 217
281 217 285 217
291 217 312 215
323 217 350 215
354 217 379 216
411 217 412 206
271 222 275 221
276 222 279 221
281 222 285 221
297 222 317 220
317 222 345 220
323 222 352 220
338 222 366 220
343 222 369 219
349 222 374 221
354 222 379 221
359 222 384 221
364 222 386 219
380 222 401 217
411 222 411 218
276 227 280 227
281 227 289 226
297 227 323 225
312 227 336 223
323 227 352 226
333 227 360 224
338 227 365 226
343 227 370 226
349 227 374 226
354 227 379 226
364 227 386 226
375 227 396 223
406 227 405 227
411 227 412 223
276 232 281 233
281 232 287 232
291 232 318 231
297 232 324 231
307 232 337 230
312 232 342 231
317 232 347 231
328 232 355 230
333 232 360 230
338 232 365 231
343 232 369 231
349 232 373 231
369 232 391 230
281 238 287 236
286 238 307 239
297 238 324 235
302 238 329 236
307 238 334 236
312 238 342 236
317 238 347 236
323 238 352 235
333 238 360 236
338 238 365 237
343 238 369 237
354 238 378 234
364 238 385 235
375 238 394 234
380 238 399 234
276 243 280 242
281 243 287 241
286 243 291 241
291 243 316 242
323 243 350 241
333 243 361 241
349 243 374 241
359 243 381 241
364 243 385 241
369 243 390 240
375 243 395 240
380 243 399 239
276 248 280 248
281 248 287 246
286 248 291 247
291 248 316 247
297 248 321 246
307 248 334 246
312 248 342 246
317 248 348 246
343 248 370 244
349 248 374 247
359 248 381 246
369 248 390 245
375 248 395 245
406 248 402 247
302 253 328 253
307 253 333 253
312 253 338 252
317 253 348 251
333 253 362 250
343 253 370 252
349 253 374 252
395 253 390 259
401 253 394 259
406 253 400 255
297 258 322 258
302 258 328 257
307 258 333 257
312 258 343 257
317 258 347 257
343 258 370 257
359 258 381 256
395 258 391 263
401 258 394 265
406 258 400 258
411 258 411 258
281 264 296 264
291 264 315 263
297 264 321 263
302 264 327 262
307 264 338 263
312 264 343 263
323 264 352 262
333 264 361 262
343 264 370 263
349 264 374 260
359 264 381 260
364 264 385 261
276 269 295 270
286 269 310 269
291 269 315 269
297 269 321 268
302 269 326 268
307 269 337 268
323 269 348 268
328 269 355 268
333 269 362 267
343 269 370 269
349 269 373 264
359 269 380 265
364 269 384 265
286 274 310 275
291 274 315 275
297 274 321 273
302 274 327 274
307 274 337 274
312 274 341 273
323 274 349 273
328 274 355 272
333 274 360 273
338 274 366 273
343 274 369 274
354 274 376 273
364 274 384 270
385 274 389 270
401 274 395 269
411 274 411 274
416 274 416 275
281 279 295 279
291 279 315 280
297 279 322 279
302 279 328 279
307 279 337 279
312 279 342 279
328 279 355 278
333 279 360 277
338 279 364 278
343 279 368 278
354 279 375 279
385 279 389 276
401 279 394 274
416 279 416 279
281 284 295 285
291 284 316 285
297 284 322 285
302 284 328 284
307 284 333 284
312 284 338 283
323 284 350 283
328 284 355 283
354 284 368 290
385 284 389 284
390 284 394 284
281 290 295 290
286 290 305 289
291 290 311 291
297 290 322 291
302 290 327 290
307 290 332 289
312 290 338 289
317 290 343 288
323 290 347 289
328 290 353 289
333 290 358 289
354 290 369 294
385 290 390 289
390 290 394 289
395 290 399 289
411 290 411 290
286 295 301 295
291 295 311 299
297 295 318 298
307 295 333 295
312 295 338 294
317 295 343 294
323 295 347 295
328 295 352 294
343 295 365 294
380 295 385 294
385 295 389 294
390 295 394 294
395 295 399 294
401 295 405 295
406 295 410 295
411 295 415 295
317 300 343 300
354 300 365 301
375 300 380 299
380 300 384 299
385 300 389 299
390 300 394 298
401 300 404 299
406 300 410 299
411 300 416 300
302 305 323 309
307 305 328 309
343 305 358 306
369 305 375 306
375 305 379 305
380 305 383 305
385 305 389 305
395 305 399 305
401 305 404 305
406 305 409 305
411 305 414 305
307 310 317 311
333 310 343 314
338 310 347 315
359 310 363 310
369 310 374 310
385 310 388 310
390 310 394 310
395 310 399 310
401 310 404 310
406 310 409 310
411 310 414 310
416 310 420 310
432 310 430 310
307 316 317 316
333 316 343 319
349 316 357 317
359 316 364 316
364 316 368 315
369 316 373 314
385 316 388 315
390 316 394 315
395 316 399 316
401 316 404 315
406 316 409 316
411 316 414 316
416 316 420 316
421 316 424 315
432 316 432 315
437 316 438 316
442 316 443 316
307 321 311 322
312 321 315 322
317 321 320 321
323 321 325 321
338 321 348 322
359 321 363 321
369 321 373 320
380 321 383 321
385 321 388 321
390 321 393 321
395 321 399 321
401 321 404 321
406 321 409 321
416 321 419 321
421 321 424 321
442 321 442 320
307 326 311 327
312 326 316 326
317 326 320 326
323 326 325 326
328 326 331 325
333 326 338 326
343 326 348 328
349 326 353 327
364 326 369 322
375 326 378 326
385 326 388 326
390 326 394 326
401 326 404 326
411 326 413 326
421 326 425 327
427 326 430 327
312 331 315 331
323 331 326 331
328 331 332 331
343 331 347 333
349 331 352 332
354 331 359 327
369 331 373 327
380 331 383 331
385 331 388 331
390 331 393 331
395 331 398 331
406 331 408 332
411 331 414 332
421 331 423 332
427 331 429 332
432 331 435 332
302 336 302 336
307 336 309 335
317 336 320 337
323 336 326 337
328 336 331 336
333 336 336 336
338 336 341 336
343 336 347 337
354 336 356 336
359 336 361 336
369 336 372 336
375 336 377 336
385 336 388 336
390 336 393 336
395 336 398 336
406 336 408 337
411 336 413 337
416 336 419 337
427 336 428 337
432 336 434 337
437 336 439 337
