582 264 581 263
559 281 556 285
565 281 560 286
562 284 558 289
562 287 557 292
568 287 562 291
590 287 587 286
593 287 589 286
565 290 560 294
585 290 582 291
590 290 586 292
582 292 579 294
588 292 583 294
593 292 590 293
596 292 592 293
565 295 561 298
568 295 563 299
571 295 567 300
579 295 575 300
585 295 582 297
590 295 586 298
596 295 592 296
568 298 564 302
571 298 567 302
585 298 581 301
588 298 584 302
596 298 592 299
599 298 594 299
641 298 631 301
576 301 573 303
579 301 575 303
582 301 578 304
585 301 581 304
593 301 589 302
596 301 592 302
599 301 594 302
602 301 597 301
635 301 623 303
638 301 625 303
573 304 570 305
576 304 572 306
579 304 575 306
582 304 578 306
585 304 580 307
588 304 583 307
590 304 587 305
596 304 591 305
599 304 594 305
604 304 600 304
633 304 622 306
573 306 569 308
576 306 572 309
579 306 575 310
582 306 578 310
585 306 580 310
588 306 583 310
590 306 587 307
596 306 592 308
599 306 594 308
602 306 597 308
604 306 600 306
568 309 566 311
571 309 568 311
576 309 572 311
579 309 575 312
582 309 578 312
585 309 580 313
588 309 583 313
590 309 586 312
596 309 591 311
599 309 594 311
602 309 597 311
604 309 599 310
610 309 606 310
630 309 618 308
635 309 624 309
638 309 627 309
590 312 586 314
593 312 588 314
604 312 599 312
607 312 603 313
610 312 606 313
613 312 609 313
624 312 616 311
627 312 619 312
630 312 622 313
635 312 623 312
576 315 571 315
579 315 574 315
582 315 578 316
585 315 581 316
596 315 592 315
604 315 600 315
610 315 606 316
613 315 608 316
616 315 611 315
621 315 615 315
624 315 618 315
627 315 620 315
633 315 624 315
