548 205 546 204
542 208 541 209
548 208 544 207
551 208 547 207
531 211 531 211
534 211 534 210
551 211 546 209
528 213 528 213
531 213 531 214
534 213 534 213
528 216 528 216
528 222 527 220
534 227 552 211
554 227 573 211
573 227 582 219
585 227 596 223
562 233 575 227
579 233 584 220
531 236 542 218
540 236 556 274
542 236 559 274
582 236 572 233
531 239 530 229
534 239 548 222
540 239 551 222
585 239 586 228
604 239 598 235
545 242 557 223
585 242 574 239
602 242 592 240
540 244 550 225
604 244 594 244
610 244 598 243
534 247 543 248
562 247 568 246
582 247 568 233
607 247 594 247
610 247 597 247
613 247 600 247
542 250 552 253
545 250 587 261
590 250 577 234
604 250 592 250
607 250 594 250
610 250 597 250
613 250 600 251
616 250 603 251
619 250 606 251
531 253 542 251
579 253 569 263
582 253 568 236
604 253 591 253
607 253 594 253
610 253 596 253
613 253 599 254
619 253 606 257
621 253 609 257
624 253 612 254
627 253 632 265
573 256 564 251
579 256 565 239
582 256 568 239
607 256 593 255
610 256 596 255
613 256 599 259
616 256 602 259
554 258 601 235
559 258 605 272
585 258 570 242
621 258 606 263
627 258 620 263
630 258 626 265
571 261 565 244
613 261 600 263
616 261 602 263
621 261 608 263
624 261 610 264
556 264 601 277
571 264 564 247
573 264 564 256
599 264 572 263
616 264 602 266
619 264 605 266
638 264 638 269
531 267 530 262
630 267 617 269
641 267 637 271
540 270 558 280
630 270 617 272
633 270 619 273
537 273 545 261
559 273 551 289
647 273 645 282
542 275 548 265
545 275 554 264
548 275 557 264
647 275 645 285
540 278 545 266
554 278 545 291
556 278 548 292
565 278 558 292
568 278 560 292
582 278 577 272
647 278 645 287
548 281 570 275
559 281 551 294
579 281 576 275
627 281 615 281
531 284 536 269
554 284 606 284
562 284 554 297
568 284 557 297
571 284 563 295
585 284 583 279
590 284 589 279
641 284 636 290
644 284 639 290
528 287 532 272
531 287 535 272
571 287 560 298
588 287 586 282
593 287 591 288
627 287 615 284
537 290 537 288
588 290 583 282
619 290 609 284
633 290 624 291
548 292 545 294
571 292 554 294
619 292 609 287
621 292 612 287
633 292 624 294
548 295 548 297
556 295 551 301
585 295 580 285
647 295 647 299
588 298 578 303
590 298 587 297
596 298 591 298
602 298 597 289
610 298 608 297
624 298 615 297
630 298 620 298
633 298 623 298
635 298 626 298
638 298 629 298
641 298 632 298
579 301 571 305
590 301 587 300
596 301 590 300
607 301 603 293
627 301 618 300
630 301 621 300
633 301 623 301
635 301 626 301
638 301 629 301
641 301 632 301
644 301 638 295
573 304 565 308
576 304 568 307
579 304 571 307
599 304 590 307
610 304 613 306
627 304 619 302
638 304 629 303
647 304 647 306
573 306 565 310
576 306 568 310
579 306 571 310
602 306 606 304
621 306 625 310
624 306 628 310
647 306 647 308
571 309 562 311
588 309 584 306
593 309 586 310
596 309 588 310
599 309 592 309
602 309 594 310
604 309 597 310
610 309 602 311
633 309 625 307
573 312 565 314
576 312 567 314
590 312 583 312
593 312 586 313
599 312 592 312
602 312 594 312
630 312 631 312
641 312 640 311
647 312 643 311
582 315 571 315
588 315 581 316
590 315 583 316
596 315 590 315
599 315 592 315
602 315 594 315
613 315 622 315
619 315 607 315
627 315 622 312
638 315 637 314
641 315 639 313
