551 199 552 199
554 199 554 199
556 199 557 199
565 199 564 199
573 199 572 199
579 199 578 199
582 199 581 199
548 202 549 201
551 202 552 202
554 202 555 202
559 202 559 202
565 202 564 202
571 202 570 202
573 202 573 202
576 202 575 202
579 202 577 202
542 205 542 205
545 205 545 205
548 205 548 205
551 205 551 205
556 205 556 205
559 205 558 205
562 205 561 205
565 205 564 205
571 205 570 205
573 205 573 205
576 205 575 205
579 205 578 205
588 205 587 204
537 208 536 208
540 208 539 208
542 208 542 208
545 208 545 208
548 208 547 208
551 208 550 208
556 208 556 208
559 208 558 208
562 208 561 207
565 208 564 207
571 208 570 207
576 208 575 208
579 208 578 207
582 208 581 207
585 208 584 207
588 208 587 207
590 208 589 207
540 211 539 211
542 211 542 211
545 211 545 211
548 211 547 210
551 211 551 210
559 211 558 209
576 211 575 210
579 211 579 210
585 211 584 210
588 211 587 210
531 213 532 213
534 213 534 213
540 213 539 213
542 213 542 213
548 213 548 213
551 213 551 213
556 213 555 212
571 213 570 213
573 213 573 212
576 213 576 212
579 213 578 213
582 213 581 212
585 213 584 212
588 213 587 213
590 213 590 213
537 216 536 216
540 216 539 216
542 216 542 216
545 216 545 216
548 216 549 215
554 216 553 215
556 216 555 215
565 216 564 215
568 216 567 215
571 216 570 215
573 216 573 215
576 216 576 215
579 216 579 215
582 216 581 215
585 216 583 215
588 216 587 216
531 219 531 219
534 219 534 219
537 219 536 218
540 219 539 219
542 219 542 219
545 219 545 219
551 219 550 219
554 219 553 218
559 219 559 218
562 219 561 218
565 219 564 218
568 219 567 218
571 219 570 218
573 219 572 218
576 219 576 218
579 219 578 218
582 219 581 218
590 219 589 215
528 222 528 222
531 222 531 222
534 222 534 222
537 222 536 222
540 222 539 222
542 222 542 222
545 222 545 221
556 222 556 221
559 222 559 221
562 222 561 221
565 222 564 221
568 222 567 221
571 222 570 221
573 222 572 221
588 222 586 219
593 222 591 219
534 225 533 224
537 225 536 224
540 225 539 224
542 225 542 224
554 225 553 224
556 225 556 224
559 225 559 224
562 225 561 224
565 225 564 224
568 225 566 224
585 225 583 221
588 225 586 221
590 225 589 221
593 225 592 221
596 225 594 221
528 227 529 227
531 227 531 227
534 227 534 227
542 227 542 227
545 227 545 227
548 227 547 227
551 227 550 227
554 227 553 227
556 227 555 227
559 227 558 227
562 227 561 227
576 227 576 230
579 227 578 230
588 227 586 224
590 227 589 224
596 227 594 224
534 230 535 230
540 230 540 230
545 230 545 229
554 230 553 229
556 230 555 230
565 230 566 228
571 230 578 224
579 230 575 224
596 230 594 226
531 233 531 233
534 233 534 232
537 233 536 232
540 233 541 233
542 233 544 232
548 233 548 232
559 233 558 233
562 233 561 233
599 233 599 233
602 233 602 233
534 236 534 236
545 236 547 236
596 236 596 238
599 236 599 236
602 236 602 236
542 239 544 242
545 239 547 242
548 239 550 242
568 239 575 236
590 239 590 241
593 239 593 241
596 239 596 241
599 239 599 240
602 239 602 238
604 239 605 238
537 242 536 242
540 242 541 239
554 242 553 244
576 242 579 245
585 242 585 244
588 242 587 244
590 242 590 244
593 242 592 243
596 242 596 243
599 242 599 243
604 242 603 241
607 242 607 241
610 242 610 241
619 242 618 242
537 244 537 244
596 244 596 246
599 244 599 246
602 244 601 244
604 244 603 244
607 244 607 243
610 244 610 244
613 244 613 244
619 244 618 244
528 247 528 247
537 247 537 247
540 247 539 247
542 247 545 245
551 247 550 247
554 247 555 248
599 247 599 249
602 247 602 247
604 247 604 246
607 247 607 246
610 247 610 246
613 247 612 246
528 250 528 250
534 250 534 250
540 250 540 250
542 250 544 248
548 250 549 250
551 250 552 250
554 250 556 250
579 250 581 249
602 250 601 249
604 250 604 249
607 250 607 248
610 250 610 249
613 250 613 249
616 250 615 248
619 250 617 248
621 250 621 249
624 250 624 250
528 253 528 253
540 253 540 253
542 253 544 253
545 253 547 253
548 253 550 253
551 253 553 252
554 253 556 252
559 253 561 253
562 253 564 253
565 253 567 253
599 253 601 255
602 253 601 252
604 253 604 252
607 253 607 254
613 253 613 252
616 253 615 252
619 253 617 251
621 253 621 252
624 253 624 252
627 253 627 253
542 256 544 256
551 256 554 255
554 256 557 255
559 256 562 255
604 256 605 255
610 256 609 255
613 256 612 255
616 256 615 255
619 256 618 255
621 256 621 255
624 256 623 255
627 256 627 255
630 256 630 255
528 258 528 258
545 258 547 258
556 258 559 257
562 258 564 256
604 258 605 259
607 258 607 259
610 258 609 258
613 258 612 258
616 258 615 257
619 258 618 257
621 258 621 257
624 258 623 258
627 258 626 258
528 261 528 261
531 261 531 261
534 261 534 261
537 261 537 261
540 261 540 261
542 261 544 262
554 261 556 260
556 261 559 259
559 261 561 259
562 261 564 259
607 261 607 261
610 261 609 261
613 261 612 260
616 261 615 260
619 261 618 260
621 261 621 260
624 261 623 261
627 261 626 261
630 261 629 261
633 261 633 262
528 264 528 264
531 264 531 264
534 264 534 264
537 264 536 265
542 264 542 264
554 264 556 262
556 264 559 263
593 264 597 264
602 264 602 263
604 264 604 264
607 264 607 264
610 264 609 263
613 264 612 263
616 264 615 263
619 264 618 263
621 264 621 263
624 264 623 263
627 264 627 264
630 264 630 264
528 267 528 267
531 267 531 267
534 267 533 267
540 267 539 267
548 267 547 267
556 267 559 266
559 267 562 266
562 267 564 264
602 267 602 266
604 267 604 266
607 267 606 267
610 267 609 266
613 267 612 266
616 267 615 265
619 267 618 266
621 267 621 266
627 267 625 266
630 267 628 266
633 267 632 266
638 267 636 266
531 270 531 270
534 270 534 270
537 270 536 270
540 270 539 270
542 270 542 270
554 270 556 269
556 270 559 269
562 270 565 269
565 270 567 270
599 270 599 267
602 270 601 269
604 270 604 269
607 270 607 270
610 270 610 270
613 270 612 269
616 270 615 269
619 270 618 269
624 270 622 269
627 270 625 269
630 270 628 269
633 270 632 269
641 270 640 270
644 270 644 271
528 273 528 273
531 273 531 273
534 273 534 273
537 273 537 273
540 273 539 273
542 273 543 273
556 273 559 272
559 273 562 272
562 273 564 272
565 273 567 272
590 273 590 272
593 273 593 272
596 273 596 272
613 273 613 273
619 273 618 272
621 273 621 272
627 273 625 272
630 273 628 272
633 273 631 272
635 273 635 272
638 273 637 272
641 273 640 273
647 273 646 273
528 275 528 275
531 275 531 275
534 275 535 276
537 275 539 275
542 275 543 275
545 275 545 276
554 275 556 275
556 275 559 275
559 275 562 275
562 275 564 275
565 275 567 275
568 275 570 275
599 275 599 275
602 275 602 275
604 275 605 276
613 275 613 275
619 275 618 275
621 275 621 275
627 275 625 275
630 275 629 274
633 275 632 275
635 275 635 275
638 275 638 275
644 275 643 275
647 275 647 276
528 278 528 279
534 278 536 279
540 278 540 278
542 278 542 278
545 278 544 278
559 278 561 277
562 278 564 278
565 278 567 278
571 278 571 277
573 278 573 277
576 278 578 278
579 278 581 277
590 278 590 278
593 278 593 278
596 278 596 278
599 278 599 278
602 278 602 278
604 278 605 278
607 278 607 278
619 278 618 278
621 278 621 278
624 278 623 278
633 278 631 278
635 278 634 278
638 278 638 278
644 278 642 277
647 278 647 279
531 281 531 279
537 281 537 281
540 281 539 281
542 281 542 281
545 281 545 281
559 281 562 280
562 281 564 281
565 281 567 281
571 281 571 281
573 281 574 281
576 281 576 281
579 281 578 281
588 281 587 281
590 281 589 281
593 281 593 281
596 281 596 281
599 281 598 281
602 281 602 281
604 281 605 281
607 281 607 281
610 281 610 281
613 281 613 281
616 281 615 281
619 281 618 281
621 281 620 281
624 281 623 281
627 281 626 281
630 281 629 281
633 281 632 280
635 281 635 281
641 281 639 280
644 281 642 280
537 284 537 284
545 284 545 284
548 284 548 284
562 284 563 284
565 284 566 283
568 284 569 284
571 284 571 283
573 284 574 284
576 284 576 284
582 284 582 284
588 284 587 284
590 284 590 284
593 284 593 284
596 284 595 284
599 284 598 284
602 284 601 284
604 284 604 284
607 284 607 284
610 284 610 283
613 284 613 283
616 284 616 283
619 284 618 284
621 284 621 283
624 284 624 283
627 284 626 283
630 284 629 283
633 284 632 283
635 284 635 283
638 284 638 283
641 284 641 283
644 284 643 284
647 284 647 284
531 287 533 287
545 287 546 287
548 287 548 287
562 287 563 286
568 287 569 286
571 287 572 287
573 287 574 286
576 287 577 287
579 287 579 287
582 287 582 287
585 287 585 287
588 287 588 287
590 287 590 287
593 287 593 287
596 287 595 286
599 287 598 287
602 287 601 286
604 287 604 286
607 287 607 286
610 287 609 286
613 287 612 286
616 287 615 286
619 287 618 286
621 287 621 286
624 287 624 286
627 287 627 286
633 287 631 286
635 287 635 286
638 287 638 286
641 287 641 286
644 287 644 286
647 287 647 286
537 290 537 290
540 290 539 290
542 290 543 290
545 290 546 290
548 290 548 289
565 290 566 289
568 290 568 289
571 290 571 289
573 290 574 289
576 290 577 289
579 290 579 290
582 290 581 289
585 290 584 290
588 290 587 290
590 290 590 290
593 290 593 290
596 290 595 289
599 290 598 290
602 290 601 289
604 290 604 289
616 290 615 290
619 290 618 289
621 290 621 289
624 290 624 289
627 290 627 289
633 290 630 289
635 290 635 289
638 290 638 289
641 290 642 289
644 290 644 289
647 290 647 289
540 292 542 292
545 292 545 292
548 292 548 292
565 292 565 292
568 292 568 292
571 292 571 292
573 292 574 292
576 292 577 292
579 292 579 292
582 292 582 292
585 292 585 292
588 292 587 293
590 292 591 293
593 292 593 293
596 292 596 293
599 292 598 292
602 292 601 292
604 292 604 292
610 292 609 292
613 292 612 293
616 292 615 292
619 292 618 292
621 292 621 291
624 292 624 292
633 292 633 292
635 292 635 292
641 292 642 292
647 292 647 292
562 295 563 295
565 295 565 295
568 295 568 294
571 295 571 295
573 295 574 295
576 295 577 295
579 295 579 295
582 295 582 295
585 295 585 295
588 295 588 295
590 295 590 295
593 295 593 295
596 295 596 295
599 295 598 295
602 295 601 295
604 295 604 295
607 295 607 295
610 295 610 295
613 295 613 295
616 295 616 295
619 295 618 294
621 295 621 294
624 295 624 294
633 295 633 295
635 295 636 295
638 295 638 295
641 295 642 294
562 298 562 298
565 298 566 297
568 298 568 297
571 298 571 298
573 298 574 298
576 298 577 298
579 298 579 298
582 298 582 298
585 298 585 298
588 298 588 298
590 298 590 298
593 298 593 298
596 298 596 298
599 298 598 298
602 298 601 297
604 298 604 297
607 298 607 298
613 298 613 298
616 298 615 298
621 298 619 297
630 298 628 297
633 298 633 298
638 298 637 298
647 298 647 294
565 301 565 301
568 301 569 300
571 301 571 301
573 301 574 301
576 301 576 301
579 301 579 301
582 301 582 301
585 301 585 301
588 301 587 301
590 301 590 300
593 301 593 301
596 301 595 301
599 301 598 301
602 301 601 301
604 301 604 300
607 301 607 301
610 301 610 301
613 301 612 301
616 301 615 301
621 301 619 300
624 301 624 301
627 301 627 303
630 301 628 300
633 301 633 301
638 301 637 301
641 301 641 300
644 301 644 300
565 304 566 304
573 304 574 303
576 304 576 303
579 304 579 303
582 304 582 303
585 304 585 303
588 304 587 303
590 304 591 304
593 304 593 304
596 304 596 304
599 304 599 303
602 304 601 303
604 304 604 303
607 304 607 303
610 304 610 304
613 304 613 304
619 304 617 303
621 304 619 302
627 304 627 305
630 304 630 305
633 304 633 304
638 304 637 303
641 304 641 303
644 304 644 303
573 306 574 306
576 306 576 306
579 306 579 306
582 306 582 306
585 306 585 306
588 306 587 306
590 306 590 307
593 306 593 306
599 306 598 306
602 306 601 306
604 306 604 306
607 306 607 306
610 306 610 306
616 306 614 306
619 306 617 306
624 306 622 305
627 306 625 305
633 306 632 306
638 306 637 306
641 306 640 306
647 306 646 306
576 309 576 309
579 309 579 309
582 309 582 309
585 309 585 309
588 309 588 309
590 309 590 309
593 309 593 309
599 309 598 309
602 309 601 309
607 309 607 308
610 309 610 309
613 309 613 309
619 309 617 308
621 309 619 308
624 309 622 308
627 309 625 308
630 309 628 308
633 309 632 309
635 309 634 309
638 309 637 309
647 309 646 309
571 312 574 312
579 312 579 312
582 312 582 312
585 312 585 312
588 312 588 311
593 312 593 313
602 312 600 312
604 312 604 312
607 312 607 312
610 312 610 312
613 312 613 312
619 312 617 311
621 312 619 311
624 312 623 311
627 312 626 311
630 312 628 311
633 312 631 312
635 312 635 312
638 312 637 312
641 312 640 312
644 312 643 312
647 312 646 312
571 315 574 315
576 315 576 315
579 315 579 315
582 315 582 315
585 315 585 315
588 315 587 315
590 315 590 315
593 315 593 315
596 315 596 315
602 315 601 315
604 315 604 315
607 315 607 315
610 315 610 315
613 315 613 315
616 315 616 315
619 315 619 315
627 315 626 314
633 315 632 315
635 315 634 315
638 315 637 315
641 315 640 315
644 315 643 315
647 315 647 315
