354 25 359 45
406 25 414 25
337 42 343 62
354 42 358 61
371 42 378 63
389 42 394 62
406 42 413 42
424 42 433 42
441 42 450 43
319 59 328 77
337 59 344 76
354 59 359 77
371 59 378 77
389 59 395 76
424 59 431 66
302 77 309 92
319 77 327 91
337 77 344 92
354 77 363 92
371 77 380 91
458 77 465 89
476 77 481 89
493 77 499 88
337 94 345 105
354 94 362 105
371 94 380 105
389 94 398 105
406 94 414 103
424 94 431 103
441 94 450 104
458 94 467 104
476 94 483 104
493 94 501 103
510 94 518 105
267 111 275 122
285 111 294 121
302 111 312 121
319 111 328 121
371 111 381 120
389 111 397 120
406 111 414 120
424 111 435 119
441 111 451 118
458 111 468 118
476 111 485 119
493 111 504 119
510 111 522 120
233 129 240 142
250 129 258 140
267 129 277 138
285 129 295 137
302 129 311 136
319 129 328 136
337 129 346 136
354 129 365 136
441 129 453 134
458 129 469 133
493 129 504 133
510 129 522 136
233 146 241 165
267 146 277 156
285 146 294 151
302 146 313 152
319 146 330 151
337 146 347 151
354 146 365 150
371 146 382 150
389 146 401 149
406 146 418 149
424 146 436 149
476 146 489 147
493 146 508 149
215 163 221 187
233 163 241 188
267 163 277 176
285 163 292 170
302 163 314 168
319 163 331 166
337 163 348 166
354 163 367 165
371 163 386 165
389 163 403 165
406 163 420 165
424 163 438 164
441 163 457 164
458 163 474 163
476 163 494 165
181 181 188 210
198 181 203 211
267 181 276 196
285 181 294 190
302 181 312 186
319 181 332 184
337 181 349 184
354 181 368 182
371 181 387 181
389 181 404 180
406 181 421 180
424 181 440 181
441 181 459 180
458 181 476 179
163 198 168 226
198 198 204 225
215 198 222 225
267 198 277 211
285 198 295 212
302 198 311 205
319 198 331 203
337 198 350 202
354 198 370 201
371 198 385 199
389 198 406 198
406 198 424 196
424 198 442 197
441 198 459 196
458 198 477 197
476 198 493 198
528 198 545 206
545 198 563 207
181 215 183 242
198 215 207 240
233 215 238 247
267 215 276 234
285 215 294 229
302 215 313 227
319 215 331 225
337 215 348 223
354 215 371 222
371 215 389 220
389 215 406 216
406 215 425 214
424 215 443 213
441 215 460 213
458 215 477 213
493 215 513 220
510 215 529 225
528 215 546 224
545 215 565 223
285 233 293 252
302 233 312 244
319 233 331 245
337 233 350 244
354 233 369 244
371 233 387 241
389 233 405 237
406 233 425 236
424 233 443 233
441 233 463 230
510 233 530 243
528 233 546 242
302 250 313 270
319 250 331 266
337 250 350 267
354 250 369 266
371 250 390 263
406 250 425 260
424 250 442 254
441 250 462 252
458 250 481 251
510 250 531 262
319 267 332 293
354 267 368 288
371 267 387 287
389 267 405 285
406 267 423 280
424 267 443 278
441 267 464 272
510 267 531 283
545 267 569 282
562 267 588 281
580 267 606 279
354 285 368 314
371 285 386 311
389 285 405 309
424 285 447 298
458 285 485 289
545 285 572 298
319 302 333 340
337 302 346 335
371 302 385 332
389 302 405 330
406 302 424 327
424 302 446 324
528 302 554 317
545 302 574 314
562 302 591 316
215 319 218 355
233 319 237 354
354 319 372 357
371 319 389 356
389 319 408 354
493 319 518 347
545 319 576 331
354 337 374 374
371 337 390 373
389 337 409 372
406 337 426 373
424 337 444 369
476 337 503 366
493 337 521 364
545 337 579 349
233 354 237 403
337 354 356 395
354 354 373 392
371 354 389 392
389 354 408 391
406 354 425 390
441 354 466 387
476 354 503 382
493 354 523 383
545 354 577 370
233 371 238 422
354 371 368 409
371 371 387 409
389 371 409 410
406 371 427 408
424 371 450 405
441 371 469 404
476 371 504 401
493 371 522 401
528 371 565 386
545 371 579 387
233 389 238 442
337 389 352 432
354 389 369 427
371 389 385 427
441 389 467 420
458 389 487 420
476 389 510 421
493 389 524 422
545 389 582 404
250 406 257 461
302 406 313 451
319 406 332 451
337 406 352 447
354 406 370 446
371 406 388 446
441 406 471 440
458 406 487 443
476 406 509 439
528 406 566 421
319 424 329 471
337 424 348 467
354 424 369 466
371 424 388 468
458 424 489 459
476 424 508 461
