456 224 457 245
456 227 457 248
493 232 494 256
469 235 470 257
493 235 493 259
496 235 496 260
501 235 500 260
461 238 463 260
464 238 466 260
469 238 470 260
482 238 484 261
485 238 486 261
501 238 500 264
506 238 505 265
461 240 462 262
464 240 465 262
472 240 473 263
474 240 476 263
477 240 479 263
482 240 483 264
485 240 486 264
488 240 488 264
490 240 491 264
493 240 493 264
496 240 496 265
448 243 446 263
477 243 479 266
485 243 485 266
488 243 488 266
490 243 491 266
493 243 493 266
496 243 496 267
503 243 503 267
506 243 506 268
509 243 508 268
469 246 469 265
485 246 485 268
488 246 488 269
501 246 500 270
503 246 503 270
506 246 505 270
509 246 508 270
451 248 448 269
498 248 498 272
503 248 503 273
509 248 508 273
445 251 445 272
501 251 501 275
443 254 442 274
482 254 482 275
485 254 485 275
501 254 501 278
443 256 442 277
496 256 492 280
443 259 441 280
498 259 494 284
503 259 500 282
506 259 503 283
443 261 441 283
445 261 444 283
451 261 450 284
453 261 454 284
477 261 476 282
480 261 479 282
503 261 500 285
506 261 503 285
445 264 445 286
456 264 456 286
461 264 461 285
474 264 473 285
477 264 476 285
506 264 503 288
509 264 505 288
459 267 458 287
461 267 461 287
474 267 473 288
477 267 475 288
509 267 505 290
511 267 509 290
459 269 458 290
461 269 460 289
469 269 467 290
430 272 430 293
459 272 457 292
461 272 460 292
498 272 494 295
430 275 430 295
432 275 433 295
435 275 435 296
464 275 461 295
467 275 464 295
430 277 430 298
432 277 433 299
467 277 464 298
430 280 430 301
432 280 433 301
456 280 454 298
467 280 465 301
474 280 474 300
477 280 476 300
482 280 480 300
485 280 482 300
456 283 454 301
459 283 457 302
467 283 465 304
469 283 468 304
477 283 476 302
482 283 480 302
485 283 482 302
459 285 457 303
461 285 460 304
467 285 465 307
469 285 468 307
474 285 472 305
477 285 475 305
480 285 478 305
482 285 480 305
493 285 490 304
496 285 494 304
498 285 496 304
503 285 501 304
467 288 466 310
469 288 468 310
474 288 471 307
477 288 473 307
480 288 476 307
482 288 479 308
485 288 482 307
490 288 487 308
493 288 490 307
496 288 494 307
503 288 501 307
535 288 532 312
435 290 434 311
469 290 468 313
474 290 471 310
477 290 473 310
493 290 492 312
496 290 496 312
506 290 502 312
522 290 515 311
530 290 524 314
538 290 538 313
464 293 462 313
501 293 498 315
503 293 500 315
445 296 451 314
493 296 489 317
496 296 492 317
493 298 489 320
