42 94 33 21
94 94 89 16
129 94 124 12
59 111 50 36
94 111 88 33
111 111 106 32
129 111 124 31
59 129 52 57
77 129 69 56
354 181 377 68
371 181 404 64
337 198 358 90
354 198 381 86
371 198 402 84
406 198 445 66
424 198 469 62
319 215 338 113
337 215 360 109
354 215 383 108
371 215 405 105
441 215 497 98
458 215 519 97
476 215 544 96
302 233 318 134
319 233 338 132
337 233 361 131
354 233 383 128
371 233 407 128
389 233 428 125
406 233 451 124
441 233 499 122
458 233 521 119
476 233 545 117
285 250 296 157
302 250 316 155
319 250 338 152
337 250 360 151
354 250 384 150
371 250 405 148
389 250 430 147
406 250 453 145
424 250 476 144
441 250 496 139
458 250 523 141
476 250 546 138
267 267 282 185
319 267 340 175
337 267 363 174
354 267 385 169
371 267 406 170
389 267 431 168
406 267 454 168
424 267 477 165
441 267 501 164
458 267 525 162
493 267 566 174
510 267 584 172
528 267 615 167
302 285 324 200
319 285 342 196
337 285 362 194
354 285 386 193
371 285 409 192
389 285 431 191
406 285 456 189
424 285 478 188
441 285 502 186
458 285 526 186
493 285 563 192
510 285 595 188
215 302 235 238
319 302 344 217
337 302 365 218
354 302 388 216
371 302 410 214
389 302 433 212
406 302 457 211
424 302 480 209
441 302 504 209
458 302 528 208
476 302 549 212
493 302 571 211
233 319 257 252
302 319 330 247
319 319 347 242
337 319 368 241
354 319 390 238
371 319 410 236
389 319 433 234
406 319 459 235
424 319 481 232
441 319 506 231
458 319 529 233
476 319 550 233
493 319 574 232
510 319 598 231
267 337 305 274
285 337 323 272
319 337 350 266
337 337 371 264
354 337 392 262
371 337 418 261
389 337 438 260
406 337 458 257
424 337 484 255
441 337 506 255
476 337 553 256
493 337 573 255
250 354 287 295
267 354 305 293
285 354 326 293
371 354 420 284
389 354 441 283
406 354 462 282
424 354 484 280
476 354 552 279
510 354 600 274
528 354 619 275
545 354 641 274
233 371 270 315
302 371 345 309
371 371 423 306
406 371 465 304
510 371 599 298
528 371 621 298
302 389 345 328
319 389 370 327
354 389 407 327
371 389 426 326
389 389 447 325
424 389 488 324
441 389 510 324
476 389 553 322
510 389 599 322
528 389 624 319
215 406 253 352
389 406 450 346
458 406 535 343
476 406 555 343
493 406 579 343
528 406 624 340
233 424 271 369
354 424 411 368
371 424 430 367
389 424 448 366
406 424 470 365
424 424 491 367
441 424 510 366
458 424 536 362
476 424 557 364
493 424 580 362
510 424 602 364
233 441 277 388
267 441 310 385
337 441 393 388
354 441 413 387
371 441 431 385
389 441 451 388
406 441 469 389
458 441 537 384
493 441 582 387
528 441 629 383
337 458 395 410
371 458 433 408
389 458 455 406
406 458 475 405
441 458 512 407
493 458 582 406
528 458 628 409
493 476 578 423
510 476 610 429
