59 94 143 121
25 111 109 140
59 111 146 137
545 129 642 69
562 129 654 138
25 146 76 164
371 146 317 221
423 146 495 29
562 146 653 157
406 163 481 63
423 163 498 58
545 163 622 193
406 181 480 82
441 181 503 113
545 181 621 214
562 181 654 123
354 198 421 140
371 198 441 140
406 198 478 102
476 198 577 143
562 198 642 231
389 215 460 151
423 215 502 150
441 215 522 150
458 215 542 151
476 215 560 151
562 215 643 247
319 233 386 164
337 233 405 163
354 233 424 164
371 233 443 164
441 233 521 163
458 233 542 164
476 233 563 164
493 233 581 165
510 233 602 198
285 250 350 180
302 250 367 178
319 250 386 176
337 250 405 176
354 250 425 177
371 250 443 176
389 250 465 176
423 250 504 177
476 250 564 177
267 267 332 213
285 267 348 200
302 267 369 191
319 267 387 190
337 267 407 189
354 267 425 188
371 267 445 189
389 267 465 189
406 267 486 189
423 267 506 189
441 267 528 186
458 267 547 187
476 267 569 196
493 267 583 216
510 267 601 213
233 285 300 253
250 285 319 250
267 285 333 253
285 285 350 219
302 285 369 213
319 285 386 207
337 285 407 204
389 285 469 202
406 285 489 202
423 285 508 202
441 285 529 200
458 285 549 202
493 285 601 232
510 285 618 235
198 302 262 266
250 302 314 268
267 302 334 289
302 302 368 239
319 302 384 228
337 302 407 223
354 302 427 220
371 302 448 215
389 302 469 217
406 302 491 216
423 302 511 216
441 302 531 216
458 302 552 221
476 302 573 243
493 302 600 245
510 302 618 247
250 319 316 311
267 319 334 314
302 319 370 267
319 319 387 251
337 319 406 249
354 319 427 244
371 319 447 242
389 319 466 239
406 319 494 234
423 319 513 232
441 319 534 234
458 319 554 240
476 319 574 267
493 319 591 259
510 319 619 262
250 337 316 330
267 337 335 330
319 337 389 269
337 337 409 273
354 337 428 269
371 337 443 263
389 337 463 264
406 337 494 257
423 337 516 250
441 337 535 254
458 337 557 272
493 337 603 286
250 354 317 347
267 354 335 345
285 354 354 344
302 354 370 347
319 354 392 300
337 354 410 302
354 354 433 304
406 354 501 294
423 354 519 272
441 354 545 287
493 354 605 308
510 354 624 317
528 354 647 317
545 354 667 321
233 371 288 368
250 371 308 367
267 371 325 367
285 371 355 364
302 371 377 363
319 371 392 363
337 371 413 356
354 371 433 351
371 371 451 350
389 371 434 314
406 371 500 315
423 371 520 314
441 371 544 308
476 371 581 357
493 371 607 327
215 389 274 385
233 389 291 380
250 389 308 380
267 389 327 381
285 389 357 378
302 389 374 378
319 389 395 381
337 389 412 382
354 389 433 375
371 389 454 373
389 389 474 367
423 389 524 347
441 389 543 327
476 389 583 381
215 406 273 401
233 406 290 398
267 406 326 395
285 406 345 397
302 406 364 397
319 406 395 394
354 406 430 402
371 406 454 404
389 406 474 391
423 406 523 369
476 406 587 401
493 406 614 378
510 406 632 389
215 423 275 420
233 423 294 420
267 423 330 411
285 423 346 414
302 423 365 414
337 423 422 423
354 423 437 423
371 423 457 423
389 423 477 424
406 423 503 424
423 423 526 420
441 423 561 415
458 423 576 412
476 423 594 415
493 423 617 393
215 441 273 440
233 441 290 438
250 441 308 437
285 441 367 431
302 441 390 434
319 441 402 434
337 441 420 440
354 441 439 441
371 441 457 440
389 441 480 442
406 441 500 443
458 441 579 435
215 458 275 455
233 458 290 458
285 458 368 453
302 458 386 454
319 458 399 452
337 458 421 457
354 458 438 457
371 458 458 459
389 458 483 460
406 458 500 461
423 458 531 460
441 458 561 453
458 458 580 455
476 458 601 455
493 458 634 426
250 476 302 474
267 476 332 476
285 476 351 474
337 476 419 476
354 476 437 476
371 476 460 476
389 476 484 476
406 476 500 478
423 476 532 476
441 476 552 476
458 476 580 475
476 476 605 475
510 476 658 447
