568 208 549 215
610 219 591 219
610 222 591 222
559 225 543 235
582 239 558 240
573 242 550 242
576 242 552 242
579 242 555 242
582 242 558 242
571 244 549 245
576 244 555 245
599 244 577 244
576 247 557 248
590 247 569 248
585 250 564 250
588 250 567 250
590 250 569 250
582 253 560 253
585 253 563 253
588 253 566 253
590 253 569 252
604 253 582 252
607 253 594 250
562 256 551 257
582 256 560 256
585 256 565 256
590 256 569 256
604 256 582 255
607 256 584 255
579 258 563 259
582 258 560 259
588 258 565 259
599 258 578 257
602 258 581 257
607 261 584 258
576 264 556 261
582 267 563 265
585 267 565 265
588 267 564 268
593 267 573 269
576 270 556 267
579 270 559 268
576 273 555 271
588 273 564 272
590 273 567 272
593 273 570 272
579 275 557 274
585 275 562 274
588 275 564 274
590 275 567 275
593 275 570 274
579 278 557 277
585 278 561 277
588 278 564 277
590 281 567 280
593 281 570 281
602 287 600 287
599 290 598 290
582 292 563 292
596 298 596 297
568 301 549 299
582 301 579 302
599 301 598 300
585 304 580 304
602 304 601 303
630 304 631 307
647 304 646 301
571 306 558 305
582 306 576 307
585 306 579 307
602 306 601 306
604 306 604 307
619 306 618 309
621 306 622 309
630 306 631 310
571 309 557 308
579 309 572 309
582 309 575 309
585 309 578 309
588 309 582 310
602 309 601 309
604 309 604 309
610 309 609 310
613 309 612 311
619 309 618 312
621 309 621 312
627 309 627 313
630 309 630 313
644 309 644 308
647 309 647 308
568 312 554 310
571 312 557 310
579 312 571 312
582 312 574 312
585 312 578 312
588 312 582 313
590 312 585 313
599 312 597 312
602 312 601 312
604 312 603 313
607 312 606 312
610 312 608 313
613 312 611 313
619 312 616 313
627 312 627 315
633 312 631 315
562 315 553 316
565 315 554 313
576 315 566 315
579 315 571 315
582 315 574 315
585 315 578 315
588 315 581 315
590 315 585 315
596 315 590 314
599 315 600 315
602 315 603 315
607 315 605 315
610 315 608 315
644 315 643 315
