582 202 577 208
565 205 552 211
573 205 561 212
571 208 558 216
562 213 549 222
579 213 564 219
607 216 595 219
593 219 578 220
607 219 595 222
616 227 605 232
579 239 564 246
582 239 570 247
576 242 560 248
579 242 557 245
582 242 560 246
590 244 576 251
593 244 578 250
596 244 582 250
565 247 554 254
579 247 561 252
585 247 569 254
588 247 572 254
590 247 576 253
593 247 578 253
602 247 588 252
588 250 572 256
590 250 574 256
593 250 578 256
599 250 584 255
573 253 565 261
596 253 581 258
602 253 586 258
573 256 565 264
593 256 577 260
599 256 583 260
607 256 595 259
573 258 559 264
596 258 583 263
599 258 586 264
573 261 559 266
593 261 580 266
596 261 583 266
590 264 574 266
588 270 570 274
571 273 561 273
573 273 563 274
579 273 566 274
585 275 566 278
588 275 569 278
579 278 560 280
582 278 563 280
588 281 568 283
590 281 571 284
593 281 574 284
585 284 565 286
588 284 569 287
590 284 571 286
630 284 632 290
633 284 635 290
602 287 600 289
630 287 632 293
638 287 638 288
641 287 641 287
579 290 562 291
582 290 565 291
621 290 623 295
630 290 632 296
647 290 647 290
596 292 596 293
624 292 626 298
627 292 629 298
644 292 643 292
613 295 613 298
644 295 642 294
647 295 647 295
630 298 631 303
633 298 634 303
647 298 646 298
596 301 595 301
599 301 598 301
619 301 619 304
621 301 621 304
635 301 636 307
571 304 554 303
585 304 580 305
619 304 618 307
624 304 624 307
627 304 627 308
630 304 630 309
633 304 633 309
638 304 639 310
641 304 642 310
610 306 609 308
624 306 624 310
627 306 627 310
630 306 630 311
635 306 636 312
638 306 639 312
647 306 646 307
565 309 551 309
582 309 575 309
585 309 578 310
588 309 582 310
593 309 590 311
596 309 593 311
568 312 553 312
571 312 557 312
579 312 571 312
582 312 574 312
585 312 578 312
588 312 581 313
596 312 593 313
624 312 621 314
635 312 635 316
559 315 551 315
562 315 553 316
579 315 571 315
582 315 574 315
585 315 578 315
588 315 581 315
590 315 584 316
593 315 589 316
607 315 602 315
610 315 608 315
644 315 645 316
