568 205 550 204
610 205 607 237
568 208 548 208
568 211 553 209
596 211 582 206
565 213 528 228
573 213 554 240
576 213 558 240
565 216 553 266
568 216 556 265
582 222 567 245
604 247 553 228
621 264 641 277
624 264 624 257
619 267 636 281
624 267 645 279
528 270 529 283
621 270 642 282
624 270 645 282
627 270 631 263
630 270 634 262
633 270 619 245
635 270 622 244
528 273 528 286
588 273 545 260
590 273 548 260
619 273 631 289
624 273 643 284
630 273 635 266
573 275 593 275
576 275 596 273
621 275 640 286
624 275 643 287
627 275 647 287
638 275 637 259
616 278 637 292
624 278 644 291
627 278 647 290
638 278 638 262
635 281 637 267
610 284 628 293
531 295 550 280
534 295 553 283
531 298 550 287
534 298 553 287
537 298 557 287
579 298 572 284
607 298 617 300
531 301 551 291
534 301 554 291
576 301 572 288
579 301 575 287
585 301 578 286
616 301 626 303
619 301 630 306
576 304 568 290
579 304 571 290
582 304 575 290
585 304 578 289
613 304 631 311
619 304 631 309
571 306 567 298
579 306 572 293
582 306 575 293
599 306 612 308
602 306 615 308
610 306 625 312
616 306 628 312
565 309 575 309
576 309 583 308
579 309 572 297
582 309 575 296
602 309 615 311
624 309 639 307
627 309 642 307
573 312 580 312
576 312 583 311
590 312 599 311
602 312 618 310
604 312 620 310
624 312 640 310
627 312 646 310
573 315 581 315
588 315 597 315
590 315 601 315
593 315 604 315
596 315 607 315
599 315 621 315
627 315 634 314
