588 202 568 204
571 205 552 210
613 205 621 253
568 208 547 214
571 208 553 212
565 213 530 232
562 216 528 235
571 216 533 230
568 219 531 234
593 222 582 240
571 225 534 237
593 225 583 244
582 239 536 243
585 239 535 241
588 239 538 240
596 239 602 252
621 239 576 222
588 242 539 243
588 244 554 243
565 247 532 263
619 247 575 232
599 253 554 250
602 253 558 249
627 256 627 255
585 264 588 279
607 267 561 252
621 267 640 279
624 267 643 279
619 270 634 285
621 270 637 285
624 270 643 281
633 273 638 264
542 275 550 279
576 275 596 283
627 275 644 287
633 275 638 266
545 278 552 282
635 278 635 264
638 287 642 272
613 290 628 297
616 290 631 297
613 292 628 299
616 292 631 300
531 295 544 286
537 295 547 286
540 295 550 285
613 295 628 303
616 295 630 303
534 298 547 289
610 298 618 298
613 298 621 300
531 301 545 295
540 301 554 294
579 301 573 294
610 301 618 301
613 301 621 303
610 304 618 304
613 304 622 306
619 304 629 309
602 306 613 304
610 306 620 309
616 306 626 312
619 306 629 312
621 306 632 312
593 309 604 309
599 309 610 308
604 309 616 305
590 312 601 312
593 312 603 312
604 312 616 307
562 315 570 315
565 315 573 315
619 315 630 315
621 315 632 314
