582 202 577 208
565 205 552 211
568 205 556 212
573 205 561 212
599 205 598 213
602 205 601 214
607 205 607 214
616 205 616 212
565 208 552 217
568 208 555 215
571 208 558 216
573 208 560 215
596 208 579 211
607 208 606 217
610 208 610 218
616 208 617 215
562 211 549 219
565 211 551 219
571 211 554 220
573 211 558 218
585 211 570 213
588 211 573 214
604 211 589 213
616 211 616 218
559 213 545 223
562 213 549 222
565 213 551 223
568 213 554 223
579 213 564 219
588 213 573 217
596 213 580 214
599 213 583 216
602 213 586 216
604 213 589 216
607 213 592 215
610 213 597 216
554 216 545 219
565 216 550 226
571 216 557 225
590 216 575 217
593 216 578 217
596 216 582 217
599 216 586 218
602 216 588 219
604 216 590 219
607 216 595 219
610 216 597 219
613 216 600 219
616 216 604 219
565 219 551 229
588 219 573 220
590 219 576 220
593 219 578 220
599 219 585 221
607 219 595 222
610 219 597 222
613 219 600 222
568 222 553 231
602 222 588 224
604 222 591 224
559 225 547 236
562 225 549 236
565 225 550 233
568 225 553 233
582 225 565 229
585 225 569 228
596 225 584 224
607 225 593 232
556 227 545 239
562 227 550 238
565 227 552 238
568 227 553 236
571 227 556 237
573 227 556 234
579 227 560 234
582 227 566 231
613 227 603 232
616 227 605 232
590 230 581 233
602 230 589 237
588 233 576 242
590 233 580 239
593 233 583 239
596 233 586 239
599 233 589 240
604 233 598 238
621 233 610 236
588 236 577 244
596 236 586 242
602 236 595 240
604 236 598 241
619 236 608 239
624 236 611 239
562 239 551 251
579 239 564 246
582 239 570 247
585 239 573 247
588 239 576 247
599 239 585 245
613 239 604 242
624 239 610 242
576 242 560 248
579 242 557 245
582 242 560 246
585 242 573 249
593 242 582 249
596 242 585 248
602 242 594 247
604 242 598 247
624 242 613 243
565 244 554 251
590 244 576 251
593 244 578 250
596 244 582 250
604 244 597 249
613 244 603 247
619 244 606 247
565 247 554 254
568 247 560 255
579 247 561 252
585 247 569 254
588 247 572 254
590 247 576 253
593 247 578 253
596 247 582 253
602 247 588 252
621 247 612 248
588 250 572 256
590 250 574 256
593 250 578 256
599 250 584 255
602 250 586 255
604 250 590 255
613 250 600 254
616 250 602 253
534 253 533 252
573 253 565 261
596 253 581 258
602 253 586 258
613 253 599 256
619 253 612 255
537 256 533 255
548 256 545 250
551 256 549 251
573 256 565 264
593 256 577 260
599 256 583 260
607 256 595 259
621 256 616 246
624 256 624 255
551 258 548 254
573 258 559 264
596 258 583 263
599 258 586 264
619 258 615 248
621 258 626 268
624 258 624 259
627 258 627 259
573 261 559 266
593 261 580 266
596 261 583 266
610 261 598 265
619 261 623 271
621 261 626 271
545 264 541 257
548 264 544 257
590 264 574 266
619 264 625 273
528 267 528 260
548 267 545 260
624 267 628 276
627 267 632 276
531 270 531 261
548 270 544 262
551 270 547 262
556 270 556 264
588 270 570 274
621 270 626 278
630 270 631 272
528 273 528 264
531 273 531 264
537 273 535 262
540 273 537 262
556 273 556 266
571 273 561 273
573 273 563 274
579 273 566 274
621 273 627 281
627 273 631 281
635 273 635 272
528 275 528 267
531 275 531 268
540 275 537 266
542 275 541 265
585 275 566 278
588 275 569 278
621 275 627 283
624 275 630 283
633 275 637 285
638 275 637 276
528 278 528 270
531 278 531 271
534 278 533 271
548 278 546 269
573 278 554 279
576 278 558 280
579 278 560 280
582 278 563 280
585 278 566 281
588 278 569 281
590 278 571 281
604 278 597 280
621 278 626 286
630 278 635 288
528 281 528 272
531 281 531 273
534 281 534 273
537 281 536 273
571 281 552 282
573 281 554 282
576 281 557 282
579 281 560 283
582 281 563 283
585 281 566 283
588 281 568 283
590 281 571 284
593 281 574 284
621 281 627 290
534 284 533 276
537 284 537 276
571 284 551 284
573 284 554 284
576 284 557 284
579 284 560 285
582 284 562 286
585 284 565 286
588 284 569 287
590 284 571 286
627 284 629 289
630 284 632 290
633 284 635 290
531 287 530 279
565 287 547 287
571 287 551 287
573 287 554 287
576 287 557 288
579 287 559 288
585 287 565 289
588 287 568 289
602 287 600 289
627 287 630 293
630 287 632 293
638 287 638 288
641 287 641 287
534 290 532 282
537 290 536 282
540 290 539 283
562 290 538 287
565 290 547 290
571 290 551 290
573 290 554 290
579 290 562 291
582 290 565 291
621 290 623 295
630 290 632 296
647 290 647 290
531 292 531 284
537 292 536 285
559 292 535 289
562 292 537 290
576 292 558 292
596 292 596 293
599 292 598 293
604 292 602 294
607 292 610 297
624 292 626 298
627 292 629 298
644 292 643 292
647 292 646 292
562 295 537 292
565 295 546 294
571 295 550 294
573 295 555 295
576 295 558 295
596 295 596 296
599 295 599 296
602 295 601 297
607 295 604 296
613 295 613 298
644 295 642 294
647 295 647 295
528 298 528 291
534 298 537 295
537 298 540 296
565 298 546 297
568 298 549 297
571 298 552 297
573 298 558 297
590 298 589 301
596 298 596 299
599 298 598 299
602 298 601 299
604 298 603 299
616 298 616 302
619 298 619 301
630 298 631 303
633 298 634 303
647 298 646 298
528 301 534 298
531 301 537 299
571 301 555 300
573 301 560 301
582 301 579 303
588 301 586 304
590 301 589 304
596 301 595 301
599 301 598 301
602 301 601 302
604 301 603 302
610 301 610 303
613 301 614 304
616 301 616 304
619 301 619 304
621 301 621 304
630 301 631 305
635 301 636 307
638 301 639 307
531 304 536 302
571 304 554 303
579 304 573 305
585 304 580 305
610 304 609 306
613 304 615 307
619 304 618 307
621 304 621 307
624 304 624 307
627 304 627 308
630 304 630 309
633 304 633 309
638 304 639 310
641 304 642 310
568 306 554 306
571 306 557 307
579 306 573 308
610 306 609 308
613 306 615 310
616 306 617 310
624 306 624 310
627 306 627 310
630 306 630 311
635 306 636 312
638 306 639 312
647 306 646 307
554 309 545 309
556 309 547 309
565 309 551 309
568 309 555 309
571 309 557 309
582 309 575 309
585 309 578 310
588 309 582 310
593 309 590 311
596 309 593 311
554 312 545 311
556 312 547 311
568 312 553 312
571 312 557 312
579 312 571 312
582 312 574 312
585 312 578 312
588 312 581 313
596 312 593 313
624 312 621 314
635 312 635 316
556 315 548 315
559 315 551 315
562 315 553 316
573 315 562 316
579 315 571 315
582 315 574 315
585 315 578 315
588 315 581 315
590 315 584 316
593 315 589 316
607 315 602 315
610 315 608 315
613 315 617 315
644 315 645 316
647 315 647 315
