1 0 0 0.2406079769134521 
0 1 0 -0.102570503950119 
0 0 1 -0.5095000267028809 
0 0 0 1 

0.9972531199455261 0.006859087385237217 0.07375048846006393 0.2091609835624695 
-0.008150207810103893 0.9998185038566589 0.01721973344683647 -0.110900916159153 
-0.07361898571252823 -0.01777352020144463 0.9971280097961426 -0.5227668881416321 
0 0 0 1 

0.999380350112915 0.01451912708580494 0.03206527978181839 0.2235812693834305 
-0.01524649932980537 0.9996292591094971 0.02255827561020851 -0.1152927875518799 
-0.03172587975859642 -0.02303316071629524 0.999231219291687 -0.5152426958084106 
0 0 0 1 

0.9932170510292053 0.1161194741725922 0.006011121906340122 0.2312884777784348 
-0.115861177444458 0.9927166700363159 -0.03301161155104637 -0.1028410196304321 
-0.009800633415579796 0.03209124132990837 0.9994369149208069 -0.5058711171150208 
0 0 0 1 

0.9925459623336792 0.1117628589272499 -0.04859541356563568 0.2542656064033508 
-0.1131983175873756 0.9931818246841431 -0.02785641327500343 -0.1011404916644096 
0.0451507605612278 0.03314970806241035 0.9984300136566162 -0.491577535867691 
0 0 0 1 

0.9759364128112793 0.01820791512727737 -0.2172937989234924 0.3244677782058716 
-0.01646759361028671 0.9998161792755127 0.009817333891987801 -0.0996539294719696 
0.2174326181411743 -0.006002791225910187 0.9760568737983704 -0.4397503435611725 
0 0 0 1 

0.9708993434906006 0.0657280907034874 -0.2302911877632141 0.3262339234352112 
-0.059389378875494 0.9976434707641602 0.03435678407549858 -0.1229951530694962 
0.2320067137479782 -0.0196800734847784 0.9725149869918823 -0.4312671720981598 
0 0 0 1 

