427 239 430 239
444 239 441 239
446 239 447 238
449 239 450 239
452 239 453 239
425 241 424 241
427 241 427 241
430 241 430 241
433 241 433 241
436 241 436 241
438 241 439 242
444 241 440 242
446 241 447 241
449 241 450 241
455 241 454 242
457 241 457 242
408 244 408 244
411 244 411 245
419 244 419 244
425 244 424 244
427 244 427 244
430 244 430 244
433 244 433 244
436 244 436 244
438 244 438 244
441 244 441 244
444 244 444 244
446 244 447 244
452 244 452 244
455 244 455 244
457 244 457 244
460 244 460 244
463 244 463 244
466 244 466 244
408 247 408 247
411 247 411 247
414 247 414 247
427 247 427 247
430 247 430 247
433 247 433 247
436 247 436 247
438 247 438 247
441 247 441 247
444 247 444 247
446 247 447 247
449 247 449 247
452 247 452 247
457 247 457 247
460 247 460 247
463 247 463 247
466 247 466 247
468 247 468 247
408 250 408 249
411 250 411 250
414 250 414 250
416 250 416 250
419 250 419 250
455 250 454 250
457 250 457 250
460 250 460 250
463 250 463 249
468 250 468 249
408 252 408 252
411 252 411 252
414 252 414 252
416 252 416 252
419 252 419 252
422 252 421 252
425 252 425 252
427 252 427 252
430 252 430 252
433 252 433 252
436 252 436 252
438 252 438 252
441 252 441 252
444 252 444 252
446 252 446 252
449 252 449 252
452 252 452 252
455 252 455 252
457 252 457 252
460 252 460 252
463 252 463 252
466 252 466 252
468 252 468 252
411 255 411 255
414 255 414 255
416 255 416 255
419 255 419 255
422 255 422 255
425 255 425 255
427 255 427 255
430 255 430 255
433 255 433 255
436 255 436 255
438 255 438 255
441 255 441 255
444 255 443 255
446 255 446 255
449 255 449 255
452 255 452 255
455 255 455 255
457 255 458 255
460 255 460 255
463 255 463 255
466 255 466 255
468 255 468 255
403 258 403 261
405 258 406 261
408 258 408 261
411 258 411 258
419 258 419 258
427 258 424 257
436 258 435 258
438 258 439 258
441 258 441 258
444 258 444 258
446 258 447 258
449 258 449 258
452 258 452 258
455 258 455 258
457 258 457 258
460 258 460 258
463 258 463 258
466 258 466 258
468 258 468 257
405 261 405 264
408 261 408 263
411 261 411 261
416 261 417 261
425 261 421 260
438 261 438 263
441 261 441 261
444 261 444 261
446 261 446 261
455 261 454 261
457 261 457 260
460 261 460 261
463 261 463 261
466 261 466 260
468 261 468 260
408 263 408 266
411 263 411 264
414 263 414 264
416 263 417 264
419 263 420 263
441 263 441 264
444 263 444 263
449 263 449 263
452 263 452 263
455 263 454 263
457 263 457 263
460 263 460 264
463 263 463 263
466 263 466 263
468 263 468 263
411 266 411 266
414 266 413 266
419 266 420 267
427 266 425 266
433 266 433 268
436 266 436 269
438 266 438 269
441 266 441 269
449 266 449 266
452 266 452 266
455 266 455 266
460 266 460 266
463 266 463 266
466 266 466 266
468 266 468 266
414 269 414 272
416 269 417 271
419 269 419 270
422 269 422 269
430 269 429 269
433 269 433 271
436 269 436 271
438 269 438 271
441 269 441 272
452 269 452 269
457 269 454 269
460 269 460 269
463 269 463 269
466 269 466 269
416 272 416 275
419 272 420 274
422 272 423 274
433 272 432 274
436 272 436 274
438 272 439 274
449 272 449 272
460 272 460 271
463 272 463 271
466 272 466 271
411 274 411 280
414 274 414 278
416 274 416 279
419 274 419 279
433 274 433 277
438 274 438 277
463 274 463 273
466 274 466 274
468 274 468 274
411 277 411 283
414 277 414 282
416 277 416 282
419 277 419 282
422 277 421 283
441 277 441 279
460 277 460 274
466 277 466 276
468 277 468 277
414 280 414 285
416 280 417 285
419 280 420 286
422 280 422 286
457 280 454 277
466 280 466 280
468 280 468 280
414 282 414 288
416 282 417 288
419 282 420 288
433 282 430 286
466 282 466 283
468 282 468 282
411 285 411 289
414 285 414 291
416 285 417 291
427 285 427 297
430 285 430 297
455 285 455 288
466 285 466 285
468 285 468 285
378 288 378 288
383 288 384 288
414 288 414 293
427 288 427 299
430 288 430 300
433 288 432 300
446 288 447 288
449 288 449 291
460 288 460 288
463 288 463 287
466 288 466 288
471 288 471 288
474 288 474 288
477 288 477 288
479 288 479 288
408 291 408 291
414 291 414 295
438 291 435 299
452 291 452 293
460 291 460 291
463 291 463 290
466 291 466 290
471 291 471 291
474 291 474 291
477 291 477 291
479 291 479 291
482 291 482 291
485 291 485 291
488 291 488 291
490 291 490 291
493 291 493 291
408 293 409 293
422 293 421 291
444 293 444 294
460 293 460 294
463 293 464 294
471 293 471 294
474 293 474 294
477 293 477 294
479 293 479 294
482 293 482 294
485 293 485 294
488 293 487 294
490 293 490 294
493 293 493 294
408 296 408 296
411 296 411 296
425 296 424 294
449 296 450 297
452 296 452 297
460 296 460 297
463 296 463 297
471 296 471 297
474 296 474 296
477 296 477 296
479 296 479 296
482 296 482 296
485 296 485 296
488 296 487 296
490 296 490 296
493 296 493 296
408 299 408 299
411 299 411 299
419 299 416 302
422 299 421 302
425 299 424 302
441 299 441 300
444 299 444 300
449 299 450 299
452 299 452 299
466 299 466 299
471 299 471 299
474 299 474 299
477 299 477 299
479 299 480 299
482 299 482 299
485 299 485 299
488 299 487 299
490 299 490 299
493 299 493 299
397 302 397 301
403 302 403 302
405 302 406 302
411 302 411 302
414 302 414 302
419 302 417 305
422 302 422 304
425 302 424 304
427 302 427 304
441 302 441 303
444 302 444 302
449 302 450 302
452 302 453 302
455 302 457 299
460 302 461 298
463 302 463 298
466 302 465 302
471 302 471 302
474 302 474 302
477 302 477 302
479 302 480 302
482 302 482 302
485 302 485 302
488 302 488 302
490 302 490 302
493 302 493 301
383 304 384 305
386 304 389 304
394 304 394 305
397 304 397 304
400 304 400 304
403 304 403 304
405 304 406 304
408 304 408 304
425 304 424 306
433 304 433 305
436 304 436 305
441 304 441 305
444 304 444 305
449 304 450 305
452 304 453 305
463 304 463 301
471 304 471 304
474 304 474 304
477 304 476 304
479 304 479 304
482 304 482 304
485 304 485 304
488 304 488 304
490 304 491 304
493 304 493 304
381 307 381 307
383 307 383 307
386 307 386 307
389 307 389 307
392 307 391 307
394 307 394 307
397 307 397 307
400 307 400 307
403 307 403 307
405 307 405 307
408 307 408 307
422 307 421 308
430 307 430 308
433 307 433 308
436 307 436 308
441 307 441 308
444 307 444 307
449 307 451 307
452 307 455 307
463 307 463 305
466 307 466 307
468 307 468 307
471 307 471 307
474 307 474 307
477 307 477 307
479 307 479 307
482 307 482 307
485 307 485 307
488 307 488 307
490 307 491 307
493 307 493 307
381 310 381 310
383 310 383 310
386 310 386 310
389 310 389 310
392 310 391 310
394 310 394 310
397 310 397 310
400 310 400 310
403 310 403 310
405 310 405 310
408 310 408 310
411 310 411 310
414 310 413 309
419 310 419 310
422 310 422 310
425 310 424 310
427 310 427 310
430 310 430 310
433 310 433 310
436 310 435 310
438 310 438 310
441 310 441 310
444 310 444 310
449 310 451 310
455 310 455 310
457 310 457 310
463 310 463 309
468 310 468 310
471 310 471 310
474 310 474 310
477 310 477 310
479 310 479 310
482 310 482 310
485 310 485 310
488 310 488 310
490 310 490 310
493 310 493 310
378 313 378 313
381 313 380 313
383 313 384 313
386 313 386 313
389 313 389 313
392 313 392 312
394 313 394 312
397 313 397 313
400 313 400 313
405 313 405 312
408 313 408 313
411 313 411 313
414 313 414 312
416 313 416 312
419 313 419 312
422 313 422 312
425 313 424 312
427 313 427 312
430 313 430 313
433 313 432 313
436 313 435 313
438 313 438 313
441 313 441 312
444 313 444 312
446 313 447 312
449 313 450 312
452 313 452 312
455 313 455 312
463 313 463 312
466 313 466 312
468 313 468 313
474 313 474 313
477 313 476 313
479 313 479 312
482 313 482 312
485 313 485 313
488 313 488 313
490 313 491 313
493 313 493 313
378 315 378 316
381 315 381 315
383 315 383 315
386 315 386 315
389 315 389 315
392 315 392 315
394 315 394 315
397 315 397 315
400 315 400 315
403 315 403 315
405 315 406 315
408 315 408 315
411 315 411 315
414 315 414 315
416 315 417 315
419 315 420 315
422 315 422 315
425 315 424 315
427 315 427 315
430 315 430 315
433 315 432 315
436 315 436 315
438 315 438 315
441 315 441 315
444 315 444 315
446 315 447 315
452 315 452 315
455 315 455 315
460 315 460 315
463 315 463 315
466 315 465 315
468 315 468 315
471 315 471 315
474 315 473 316
477 315 476 315
479 315 480 315
482 315 482 315
485 315 485 315
488 315 488 316
490 315 490 315
493 315 493 315
378 318 378 319
381 318 381 318
383 318 384 318
386 318 386 318
389 318 389 318
392 318 392 318
394 318 395 318
397 318 397 318
400 318 400 318
403 318 402 318
405 318 405 318
408 318 408 318
411 318 411 318
414 318 414 318
419 318 419 318
422 318 422 318
425 318 424 318
427 318 427 318
433 318 432 318
436 318 435 318
438 318 438 318
441 318 441 318
444 318 444 318
446 318 446 318
449 318 449 318
452 318 452 318
455 318 455 318
457 318 457 318
460 318 460 318
463 318 463 318
466 318 466 318
468 318 468 318
471 318 471 318
474 318 474 318
477 318 476 318
479 318 480 318
482 318 483 318
485 318 485 318
488 318 488 318
490 318 490 318
493 318 493 318
378 321 378 321
381 321 381 321
383 321 384 321
386 321 386 321
389 321 389 321
392 321 392 321
400 321 400 321
403 321 402 321
405 321 405 321
408 321 408 321
411 321 411 321
414 321 413 321
416 321 416 321
419 321 419 320
425 321 425 321
430 321 430 321
433 321 433 321
436 321 436 321
438 321 438 321
441 321 441 320
444 321 444 321
446 321 446 321
449 321 449 321
452 321 452 321
455 321 455 320
457 321 458 321
460 321 461 321
463 321 463 321
466 321 466 321
468 321 468 321
471 321 471 321
474 321 473 320
477 321 477 321
479 321 480 321
482 321 483 321
485 321 485 321
488 321 487 321
490 321 490 321
493 321 493 321
378 324 378 324
381 324 380 324
383 324 383 324
386 324 386 324
389 324 389 324
392 324 391 324
403 324 402 324
405 324 405 324
408 324 408 324
425 324 424 324
427 324 427 324
430 324 430 323
433 324 433 323
436 324 436 324
438 324 438 323
441 324 441 324
444 324 445 324
446 324 447 324
449 324 449 324
452 324 452 323
455 324 455 323
457 324 458 324
460 324 460 324
463 324 463 324
466 324 466 324
468 324 468 324
471 324 471 324
474 324 474 323
477 324 477 323
479 324 479 323
482 324 482 323
485 324 485 324
488 324 488 324
490 324 490 324
493 324 493 324
378 326 378 326
381 326 381 326
386 326 386 326
389 326 389 327
392 326 391 326
394 326 395 326
397 326 398 326
400 326 400 326
405 326 405 326
411 326 411 326
414 326 413 326
416 326 416 326
419 326 419 326
422 326 422 326
425 326 424 326
430 326 431 327
433 326 433 326
436 326 436 326
438 326 438 326
441 326 441 326
444 326 443 326
446 326 446 327
449 326 449 326
452 326 452 327
455 326 455 326
457 326 457 326
460 326 460 327
463 326 463 327
466 326 466 326
468 326 469 326
471 326 471 327
474 326 474 327
477 326 477 326
479 326 479 326
482 326 482 326
485 326 485 326
488 326 488 327
490 326 490 326
493 326 493 326
378 329 378 329
381 329 381 329
386 329 386 329
389 329 389 329
392 329 392 329
394 329 395 329
397 329 398 329
400 329 400 329
403 329 403 329
405 329 405 329
408 329 408 329
411 329 411 329
414 329 413 329
416 329 416 329
419 329 419 329
422 329 421 329
425 329 425 329
427 329 428 329
430 329 431 329
433 329 434 329
436 329 436 329
438 329 438 329
441 329 441 329
444 329 444 329
446 329 447 329
449 329 449 329
452 329 452 329
455 329 454 329
457 329 457 329
466 329 466 329
468 329 469 329
471 329 471 329
474 329 474 329
477 329 477 329
479 329 479 329
482 329 482 329
485 329 485 330
488 329 488 329
490 329 490 329
493 329 493 329
378 332 378 332
383 332 384 332
386 332 387 332
389 332 389 332
392 332 391 332
394 332 394 332
397 332 398 332
400 332 400 332
403 332 403 332
405 332 405 332
408 332 408 332
411 332 411 332
414 332 414 332
416 332 416 332
419 332 419 332
422 332 421 332
425 332 424 332
427 332 427 332
430 332 431 332
436 332 436 332
438 332 438 332
441 332 441 332
444 332 444 332
446 332 447 332
449 332 449 331
452 332 452 332
455 332 455 332
457 332 458 332
463 332 463 332
466 332 465 332
468 332 468 332
471 332 471 332
474 332 476 331
479 332 480 332
482 332 482 332
485 332 484 332
488 332 487 332
490 332 490 332
493 332 493 332
378 335 378 335
383 335 383 334
386 335 387 334
389 335 390 334
392 335 392 334
394 335 394 335
397 335 397 334
400 335 400 334
403 335 403 334
405 335 406 334
408 335 409 334
411 335 411 334
414 335 414 334
416 335 417 335
419 335 419 335
422 335 422 335
425 335 425 335
427 335 428 335
430 335 430 335
433 335 433 335
436 335 435 335
438 335 438 334
441 335 441 334
444 335 444 334
446 335 446 334
449 335 449 334
452 335 452 334
455 335 455 334
457 335 458 334
460 335 460 334
463 335 463 335
466 335 466 334
471 335 471 335
477 335 477 334
479 335 480 334
482 335 482 334
485 335 484 334
488 335 487 334
490 335 491 335
493 335 493 334
378 337 378 337
381 337 381 337
383 337 384 337
386 337 386 337
389 337 389 337
392 337 392 337
394 337 395 337
397 337 397 337
400 337 400 337
403 337 402 337
405 337 406 337
408 337 409 337
411 337 411 337
414 337 414 337
416 337 417 337
419 337 419 337
422 337 422 337
425 337 425 337
427 337 427 337
430 337 430 337
436 337 436 337
438 337 440 337
444 337 444 337
446 337 446 337
449 337 449 337
452 337 452 337
455 337 455 337
457 337 458 337
460 337 460 337
463 337 463 337
466 337 466 337
468 337 468 337
471 337 471 337
474 337 474 337
477 337 477 337
479 337 480 337
482 337 482 337
485 337 485 337
488 337 488 337
490 337 491 337
493 337 493 337
