389 25 474 88
406 25 489 85
424 42 503 102
354 59 449 136
406 59 490 112
319 77 419 148
337 77 435 147
354 77 450 146
458 77 540 143
441 94 525 153
458 94 542 154
476 94 556 153
493 94 574 153
250 111 366 168
267 111 379 168
302 111 407 167
319 111 422 168
337 111 434 166
371 111 462 167
389 111 477 166
424 111 508 165
233 129 353 182
319 129 420 179
337 129 434 178
354 129 450 177
389 129 478 176
406 129 495 176
424 129 509 175
458 129 541 175
476 129 557 175
493 129 573 176
215 146 337 205
250 146 366 191
267 146 379 189
302 146 407 189
215 163 337 221
250 163 365 207
267 163 381 203
302 163 408 199
319 163 422 198
337 163 435 197
354 163 451 198
389 163 481 198
406 163 497 197
424 163 512 197
441 163 528 195
458 163 543 196
163 181 298 249
233 181 350 228
250 181 365 224
285 181 389 215
302 181 409 211
319 181 423 211
424 181 513 209
441 181 529 209
458 181 546 211
129 198 268 260
146 198 281 261
233 198 348 244
250 198 363 242
285 198 390 231
337 198 437 224
354 198 452 222
371 198 468 220
406 198 498 221
458 198 547 224
476 198 562 227
510 198 603 241
545 198 639 247
267 215 376 253
319 215 421 241
337 215 439 240
354 215 452 240
389 215 482 232
406 215 498 232
424 215 514 233
441 215 529 234
528 215 621 255
267 233 375 269
285 233 391 263
302 233 408 262
319 233 423 259
337 233 436 261
354 233 454 257
389 233 481 248
406 233 499 247
424 233 516 246
493 233 583 269
510 233 604 270
233 250 342 323
285 250 392 278
302 250 407 280
337 250 438 282
354 250 457 282
389 250 480 268
406 250 499 269
424 250 517 263
302 267 408 304
319 267 423 302
424 267 518 283
233 285 341 347
250 285 354 347
267 285 371 350
285 285 389 346
389 285 485 320
406 285 502 310
441 285 539 305
545 285 655 330
562 285 673 331
215 302 324 366
233 302 341 368
267 302 375 365
285 302 387 367
354 302 453 357
371 302 472 354
441 302 539 322
302 319 400 381
354 319 454 378
371 319 470 378
389 319 487 371
424 319 521 357
337 337 432 399
371 337 471 401
406 337 505 406
476 337 589 403
476 354 589 419
163 371 271 422
337 371 438 433
354 371 454 436
389 371 491 441
406 371 508 442
476 371 591 437
163 389 271 439
319 389 421 446
337 389 436 447
354 389 453 447
371 389 474 452
476 389 595 457
510 389 629 422
319 406 421 465
528 406 650 442
