163 77 100 19
111 94 39 46
129 94 58 45
163 94 103 37
181 94 122 35
111 111 40 62
129 111 74 62
146 111 91 60
181 111 128 55
441 111 412 16
528 111 515 1
94 129 62 88
111 129 79 86
146 129 117 79
198 129 154 73
215 129 171 70
233 129 194 67
424 129 396 35
441 129 413 33
493 129 467 7
528 129 516 18
545 129 536 15
562 129 553 12
580 129 575 6
597 129 594 7
614 129 612 6
233 146 205 87
424 146 399 53
441 146 416 50
476 146 453 29
493 146 473 25
545 146 535 36
614 146 619 21
632 146 637 20
406 163 380 73
458 163 437 56
476 163 458 49
493 163 476 46
528 163 523 61
545 163 541 56
562 163 561 51
580 163 579 48
597 163 597 48
614 163 619 40
632 163 638 36
649 163 658 38
389 181 362 94
424 181 403 86
441 181 422 82
458 181 442 76
476 181 460 71
528 181 525 81
545 181 543 78
562 181 564 71
580 181 581 69
597 181 597 64
614 181 618 59
632 181 639 58
649 181 659 58
406 198 387 107
424 198 406 104
441 198 425 101
476 198 464 93
510 198 504 90
528 198 536 97
545 198 548 97
562 198 562 93
580 198 582 89
597 198 600 86
614 198 621 84
632 198 641 79
319 215 291 142
337 215 309 139
354 215 330 136
371 215 349 132
389 215 368 129
406 215 388 126
424 215 408 123
441 215 428 122
458 215 447 118
476 215 467 115
493 215 485 112
510 215 507 109
528 215 528 108
562 215 569 110
580 215 584 110
597 215 603 105
614 215 623 102
632 215 644 99
302 233 276 165
354 233 333 155
371 233 352 151
389 233 371 149
406 233 391 146
424 233 410 143
441 233 431 140
458 233 450 138
476 233 469 135
493 233 489 132
528 233 530 127
545 233 550 124
580 233 586 130
597 233 605 126
614 233 626 120
632 233 643 117
267 250 244 196
285 250 265 187
302 250 280 184
319 250 298 180
337 250 316 176
354 250 334 174
371 250 354 171
389 250 373 168
406 250 393 165
424 250 413 163
441 250 433 160
458 250 451 156
476 250 472 153
493 250 492 151
510 250 511 148
528 250 532 146
545 250 551 143
562 250 570 147
580 250 588 147
597 250 607 146
614 250 629 140
250 267 231 215
267 267 250 211
285 267 269 207
302 267 285 204
319 267 303 200
337 267 319 196
354 267 338 194
371 267 357 189
389 267 376 187
406 267 394 183
424 267 415 180
441 267 434 178
458 267 455 175
476 267 474 172
493 267 493 170
510 267 514 167
528 267 533 165
580 267 589 166
597 267 609 161
215 285 201 237
233 285 217 236
250 285 233 232
267 285 254 228
285 285 274 226
302 285 290 223
319 285 307 219
337 285 324 215
354 285 342 213
371 285 360 209
389 285 380 206
406 285 398 203
424 285 418 200
441 285 437 198
458 285 457 194
476 285 477 192
493 285 496 189
510 285 517 187
528 285 537 184
545 285 554 186
580 285 590 183
597 285 610 180
198 302 201 260
215 302 213 259
250 302 240 249
285 302 280 243
302 302 291 244
319 302 311 237
337 302 328 234
354 302 344 231
371 302 363 228
389 302 382 225
406 302 402 222
424 302 421 219
441 302 440 217
458 302 459 213
476 302 479 211
493 302 499 208
510 302 518 205
528 302 538 204
545 302 556 203
562 302 575 201
580 302 592 199
597 302 611 199
285 319 284 263
302 319 296 263
319 319 314 256
337 319 331 253
354 319 349 250
371 319 366 247
389 319 387 245
406 319 405 242
424 319 424 240
441 319 443 236
458 319 463 232
476 319 483 229
493 319 502 227
510 319 521 224
528 319 540 222
545 319 559 220
562 319 578 218
597 319 613 216
267 337 272 283
302 337 302 283
319 337 319 275
337 337 334 271
354 337 352 269
371 337 372 265
389 337 390 263
406 337 408 260
424 337 427 257
441 337 446 254
458 337 466 252
476 337 485 248
493 337 503 245
510 337 523 242
528 337 542 240
545 337 562 239
562 337 581 236
580 337 599 234
267 354 275 300
285 354 297 298
319 354 323 292
354 354 356 287
371 354 375 285
389 354 395 281
406 354 413 279
424 354 431 276
441 354 448 273
458 354 468 272
476 354 487 267
493 354 505 266
528 354 544 260
545 354 563 257
562 354 582 255
250 371 264 320
267 371 281 319
337 371 345 306
354 371 363 304
371 371 381 302
389 371 399 299
424 371 435 294
441 371 452 291
458 371 471 289
476 371 490 286
493 371 508 283
528 371 547 279
545 371 564 276
562 371 583 274
233 389 248 339
302 389 308 331
319 389 329 322
337 389 351 324
354 389 367 322
371 389 385 319
389 389 403 317
406 389 420 314
424 389 438 312
441 389 455 310
458 389 474 307
476 389 491 304
493 389 510 302
510 389 530 299
528 389 549 296
545 389 567 294
562 389 586 293
580 389 604 289
597 389 622 286
215 406 237 355
354 406 372 340
371 406 388 336
389 406 406 334
406 406 423 332
424 406 442 330
441 406 460 327
458 406 476 324
476 406 494 321
493 406 512 320
510 406 532 317
528 406 551 314
545 406 568 311
580 406 606 306
597 406 624 303
614 406 643 302
198 424 220 372
215 424 239 385
233 424 252 371
267 424 278 364
319 424 345 354
389 424 409 352
406 424 426 349
424 424 445 347
441 424 462 344
476 424 497 342
493 424 515 337
510 424 535 335
545 424 570 328
562 424 590 326
580 424 609 323
597 424 626 322
614 424 644 320
198 441 221 392
233 441 256 385
250 441 270 382
267 441 292 381
285 441 311 377
302 441 331 371
337 441 348 370
354 441 371 370
371 441 393 368
441 441 465 361
493 441 519 355
510 441 536 352
528 441 553 347
545 441 572 346
562 441 592 343
580 441 611 342
597 441 628 339
614 441 646 336
198 458 224 408
233 458 286 436
285 458 316 393
302 458 332 388
319 458 348 387
354 458 371 387
371 458 391 385
389 458 411 382
406 458 433 381
424 458 450 379
458 458 483 372
493 458 520 372
510 458 537 370
528 458 556 366
545 458 574 362
562 458 593 363
580 458 612 359
597 458 630 356
614 458 647 353
198 476 277 471
215 476 246 422
389 476 382 474
406 476 400 472
441 476 467 391
458 476 489 385
528 476 558 386
562 476 594 383
580 476 615 378
597 476 632 374
614 476 650 375
