146 111 35 22
163 111 53 21
181 111 73 18
146 129 58 45
424 129 366 13
441 129 385 10
215 146 140 58
233 146 160 56
424 146 370 27
441 146 388 24
458 146 406 21
476 146 429 16
493 146 446 13
510 146 469 12
545 146 514 11
580 146 543 8
406 163 351 48
424 163 371 45
441 163 392 42
458 163 410 38
476 163 430 33
493 163 451 30
528 163 496 36
545 163 513 33
562 163 530 28
580 163 548 26
597 163 573 26
614 163 596 20
632 163 613 18
389 181 335 70
406 181 354 69
424 181 374 66
441 181 394 62
458 181 415 57
476 181 434 55
493 181 454 53
528 181 498 56
545 181 515 52
562 181 529 48
580 181 548 44
597 181 569 45
354 198 294 99
371 198 313 95
389 198 334 92
406 198 355 89
424 198 376 87
441 198 397 83
510 198 477 74
528 198 500 76
562 198 534 69
580 198 555 68
597 198 572 65
632 198 615 58
319 215 255 124
337 215 274 121
354 215 297 118
371 215 316 116
389 215 336 113
406 215 359 110
424 215 379 108
441 215 399 105
458 215 418 102
476 215 439 99
493 215 458 96
510 215 480 93
528 215 501 93
562 215 539 89
580 215 555 90
597 215 574 86
614 215 592 82
302 233 240 148
319 233 259 144
337 233 278 142
354 233 300 140
371 233 319 136
389 233 340 134
406 233 360 130
424 233 382 128
441 233 402 125
458 233 423 123
476 233 442 120
493 233 462 116
510 233 481 113
528 233 502 112
545 233 522 108
580 233 556 109
597 233 576 105
614 233 596 102
632 233 614 102
267 250 207 177
285 250 229 170
302 250 246 167
319 250 264 164
337 250 283 162
354 250 302 160
371 250 321 157
389 250 342 154
406 250 363 151
424 250 383 150
441 250 405 147
458 250 422 142
476 250 445 140
493 250 464 137
510 250 483 134
528 250 505 133
545 250 524 130
562 250 543 129
580 250 558 127
597 250 579 125
614 250 599 126
250 267 194 198
267 267 213 195
285 267 233 190
302 267 251 186
319 267 269 184
337 267 286 182
354 267 306 179
371 267 325 176
389 267 346 174
406 267 364 171
424 267 388 170
441 267 406 167
458 267 426 163
476 267 445 160
493 267 463 156
510 267 486 155
528 267 505 153
562 267 541 148
580 267 560 144
597 267 582 141
614 267 598 145
198 285 154 213
215 285 161 224
233 285 176 221
250 285 194 217
267 285 218 212
319 285 272 203
337 285 290 199
354 285 309 195
371 285 330 197
389 285 347 191
424 285 389 188
441 285 409 186
458 285 428 183
476 285 448 180
493 285 468 178
510 285 489 176
528 285 508 172
545 285 528 169
562 285 543 165
580 285 562 163
597 285 582 162
614 285 599 163
198 302 163 241
215 302 174 244
233 302 191 236
285 302 248 229
302 302 266 229
337 302 294 217
354 302 311 214
371 302 332 216
389 302 356 215
406 302 374 212
424 302 391 208
441 302 411 206
458 302 430 203
476 302 450 200
493 302 471 198
510 302 491 195
528 302 509 192
545 302 528 188
562 302 546 186
580 302 565 182
597 302 583 183
267 319 233 249
285 319 252 247
302 319 270 246
319 319 286 244
354 319 318 239
371 319 335 236
389 319 359 234
406 319 377 231
424 319 396 228
441 319 414 226
458 319 434 223
476 319 453 220
493 319 472 218
510 319 493 214
528 319 512 210
545 319 530 208
562 319 548 205
597 319 584 199
285 337 258 263
302 337 272 264
319 337 291 259
354 337 323 257
371 337 342 254
389 337 361 251
406 337 380 249
424 337 401 246
441 337 418 243
458 337 436 242
476 337 455 239
493 337 473 236
528 337 513 228
545 337 532 226
562 337 550 223
580 337 569 221
267 354 242 282
285 354 264 281
302 354 278 281
337 354 308 270
354 354 326 275
371 354 346 273
389 354 365 270
406 354 383 267
424 354 403 264
441 354 420 262
458 354 438 259
476 354 459 257
493 354 476 256
528 354 515 248
545 354 533 244
562 354 551 241
250 371 227 310
267 371 245 305
285 371 260 304
302 371 282 298
319 371 299 292
337 371 314 289
354 371 333 290
371 371 352 289
389 371 369 285
406 371 387 284
424 371 406 281
441 371 423 279
458 371 442 277
476 371 461 275
493 371 477 272
528 371 517 264
545 371 533 263
215 389 205 317
250 389 247 327
285 389 265 322
302 389 286 320
319 389 301 308
337 389 321 307
441 389 427 298
458 389 444 295
476 389 463 292
493 389 479 291
510 389 499 287
528 389 520 282
580 389 573 274
597 389 589 270
215 406 197 352
233 406 232 347
285 406 270 344
337 406 324 325
354 406 342 323
371 406 360 320
389 406 376 318
406 406 394 316
424 406 411 314
476 406 465 310
493 406 483 309
510 406 501 305
562 406 557 289
198 424 182 375
215 424 218 368
319 424 302 338
337 424 323 338
354 424 345 338
371 424 363 335
389 424 380 335
406 424 398 333
424 424 417 331
441 424 432 328
458 424 450 326
493 424 485 325
545 424 540 307
562 424 553 338
614 424 607 301
215 441 219 387
250 441 237 373
267 441 253 373
285 441 270 366
337 441 326 354
354 441 346 356
371 441 366 352
389 441 384 350
406 441 402 348
424 441 419 346
441 441 437 344
458 441 454 340
528 441 519 330
545 441 540 327
614 441 609 317
198 458 204 410
337 458 312 379
371 458 351 370
389 458 383 366
406 458 404 364
424 458 421 362
441 458 439 360
458 458 457 358
476 458 478 354
493 458 494 352
510 458 509 350
562 458 557 355
580 458 576 348
597 458 594 341
614 458 610 331
406 476 406 384
441 476 441 375
458 476 460 375
476 476 479 369
493 476 498 369
510 476 511 371
