42 77 23 108
59 77 41 107
163 77 147 104
42 94 25 127
59 94 42 126
77 94 59 126
111 94 95 126
129 94 112 126
163 94 147 124
181 94 164 124
458 94 437 130
476 94 455 131
59 111 42 146
77 111 59 146
94 111 76 145
111 111 94 144
129 111 114 142
146 111 130 141
163 111 147 141
181 111 163 141
441 111 428 135
458 111 439 142
476 111 458 143
493 111 473 119
510 111 478 166
545 111 511 146
42 129 26 164
59 129 40 164
77 129 58 164
94 129 74 163
111 129 105 163
146 129 129 161
163 129 146 160
181 129 162 160
198 129 192 159
424 129 408 152
441 129 425 153
597 129 547 159
614 129 565 158
424 146 408 170
441 146 424 170
493 146 462 197
510 146 481 197
545 146 506 164
614 146 562 172
632 146 582 171
406 163 387 194
424 163 402 201
458 163 436 196
476 163 446 214
493 163 463 214
510 163 476 212
528 163 506 177
562 163 523 178
597 163 546 177
614 163 565 188
632 163 583 189
389 181 367 223
406 181 384 221
424 181 400 220
476 181 446 228
493 181 463 228
545 181 516 191
562 181 527 192
580 181 548 193
632 181 595 192
354 198 335 243
371 198 352 242
389 198 367 241
406 198 384 239
424 198 400 239
441 198 417 237
458 198 434 240
528 198 496 207
545 198 515 206
562 198 533 207
580 198 556 210
614 198 585 210
632 198 598 211
319 215 303 261
337 215 318 261
354 215 336 260
371 215 352 260
389 215 368 260
406 215 384 258
424 215 401 257
441 215 417 257
476 215 449 255
493 215 465 255
510 215 481 253
528 215 497 253
562 215 528 247
580 215 556 226
614 215 583 228
632 215 598 230
319 233 304 278
337 233 320 278
354 233 337 279
371 233 353 278
389 233 369 278
406 233 385 276
424 233 400 275
441 233 417 274
476 233 448 273
493 233 466 273
528 233 498 272
545 233 514 269
580 233 556 242
614 233 585 245
632 233 599 247
285 250 271 290
302 250 288 291
319 250 304 293
337 250 320 295
354 250 337 295
371 250 352 295
389 250 368 295
406 250 385 294
424 250 400 293
441 250 416 292
476 250 449 290
493 250 465 290
510 250 480 288
545 250 513 286
562 250 529 282
580 250 557 258
614 250 586 261
267 267 255 304
285 267 270 307
302 267 288 305
337 267 320 309
354 267 337 312
371 267 353 312
389 267 369 312
406 267 384 312
424 267 401 311
441 267 416 310
476 267 447 307
493 267 463 307
510 267 481 307
528 267 497 307
562 267 533 295
580 267 556 275
597 267 563 297
614 267 585 274
215 285 203 320
233 285 219 322
250 285 237 322
267 285 254 321
285 285 269 321
302 285 288 320
319 285 305 325
371 285 354 328
389 285 369 328
406 285 385 328
424 285 400 328
441 285 416 328
476 285 447 326
493 285 464 325
510 285 481 325
545 285 514 317
562 285 533 312
580 285 549 310
597 285 562 315
614 285 587 290
215 302 202 338
233 302 220 340
250 302 238 338
285 302 271 336
319 302 305 339
337 302 321 341
354 302 337 342
424 302 401 344
441 302 416 343
493 302 464 342
528 302 496 339
562 302 532 329
580 302 546 329
597 302 562 332
267 319 255 351
285 319 272 348
319 319 304 356
337 319 321 357
354 319 338 359
371 319 354 359
389 319 370 359
406 319 385 359
476 319 447 359
510 319 481 356
528 319 497 354
545 319 514 350
562 319 530 349
597 319 560 349
285 337 271 364
302 337 285 365
319 337 305 369
337 337 321 372
354 337 338 373
371 337 355 374
389 337 370 373
406 337 385 373
424 337 401 373
458 337 432 375
476 337 447 374
493 337 463 374
528 337 496 370
545 337 513 366
562 337 530 366
580 337 545 366
267 354 256 378
302 354 289 383
319 354 304 384
337 354 322 384
354 354 338 390
371 354 353 389
389 354 370 389
406 354 385 387
424 354 401 387
458 354 433 390
476 354 448 389
493 354 463 389
528 354 498 385
545 354 514 381
562 354 529 382
250 371 240 396
267 371 253 394
337 371 321 399
354 371 339 402
371 371 355 402
389 371 369 401
406 371 386 403
424 371 403 403
458 371 433 404
476 371 448 405
493 371 463 405
528 371 499 396
545 371 514 397
562 371 529 398
250 389 237 410
267 389 253 410
285 389 272 418
302 389 289 409
319 389 303 410
337 389 322 415
354 389 338 416
371 389 355 416
389 389 371 417
406 389 386 417
424 389 403 417
441 389 418 419
476 389 448 420
493 389 464 421
510 389 479 418
528 389 498 413
545 389 513 416
562 389 527 419
580 389 546 414
215 406 215 425
250 406 234 422
267 406 251 420
302 406 287 423
319 406 306 426
354 406 338 431
441 406 419 433
476 406 448 434
493 406 465 437
510 406 479 436
528 406 498 431
545 406 513 433
562 406 527 437
580 406 545 430
597 406 560 427
614 406 578 425
198 424 194 443
215 424 218 437
233 424 234 439
302 424 287 444
319 424 307 445
371 424 355 446
389 424 371 447
406 424 387 447
424 424 404 447
458 424 433 449
476 424 448 451
493 424 465 451
510 424 481 451
597 424 561 444
614 424 577 440
198 441 189 462
215 441 219 458
302 441 269 442
319 441 302 456
337 441 320 457
354 441 341 461
371 441 356 462
389 441 370 461
406 441 389 462
424 441 404 463
528 441 500 459
545 441 517 451
562 441 532 451
580 441 545 459
597 441 562 457
614 441 577 456
198 458 187 476
250 458 233 459
267 458 247 459
302 458 267 456
371 458 356 475
389 458 374 477
406 458 388 478
424 458 405 475
441 458 423 476
458 458 442 474
476 458 460 474
510 458 483 475
528 458 500 474
545 458 516 472
580 458 545 473
597 458 562 473
215 476 202 478
233 476 217 478
250 476 234 477
285 476 256 476
302 476 270 475
319 476 322 475
337 476 336 476
562 476 532 476
614 476 578 475
