562 163 692 167
580 163 710 169
510 181 618 180
562 181 689 188
632 181 775 195
649 198 791 217
510 215 613 217
528 215 633 217
545 233 651 239
597 250 712 264
614 250 734 266
632 250 769 276
649 250 791 276
458 267 552 266
476 267 571 268
493 267 590 270
510 267 608 270
528 267 627 274
545 267 647 275
562 267 666 276
580 267 687 278
597 267 708 282
614 267 732 284
424 285 515 277
476 285 569 283
493 285 587 285
510 285 606 287
528 285 625 288
545 285 644 290
562 285 665 293
580 285 685 297
597 285 707 300
614 285 731 303
649 285 787 319
424 302 513 295
441 302 531 296
458 302 548 297
493 302 583 302
510 302 603 304
562 302 663 311
580 302 682 313
614 302 728 321
441 319 529 314
476 319 565 318
493 319 583 320
510 319 599 322
545 319 637 326
562 319 658 330
580 319 680 332
597 319 701 336
406 337 493 328
424 337 510 330
441 337 527 330
458 337 544 333
476 337 564 336
528 337 616 342
545 337 636 346
562 337 655 348
580 337 678 352
597 337 699 354
632 337 745 363
649 337 766 366
666 337 788 369
441 354 524 348
458 354 542 351
476 354 563 354
493 354 579 356
562 354 653 366
580 354 676 371
632 354 743 382
649 354 764 385
666 354 787 388
354 371 443 355
371 371 459 356
389 371 476 359
441 371 522 365
458 371 540 367
476 371 557 370
493 371 575 372
545 371 633 381
562 371 652 384
580 371 670 386
597 371 695 396
632 371 741 402
649 371 762 404
666 371 785 409
389 389 476 380
493 389 575 390
510 389 591 393
528 389 611 397
545 389 632 400
562 389 651 403
580 389 670 406
597 389 691 411
649 389 760 424
666 389 783 428
441 406 521 402
458 406 538 405
476 406 556 407
493 406 575 410
510 406 592 413
528 406 611 416
545 406 630 419
562 406 649 422
649 406 761 444
666 406 781 446
441 424 520 419
458 424 537 422
476 424 554 425
493 424 573 428
510 424 590 432
528 424 609 434
545 424 629 439
406 441 484 430
424 441 501 434
458 441 535 439
476 441 553 443
510 441 589 449
528 441 607 452
545 441 626 457
562 441 646 460
389 458 462 446
406 458 480 448
424 458 499 453
476 458 551 462
441 476 513 476
458 476 532 476
