337 25 503 117
424 25 492 152
441 25 504 152
476 25 597 253
510 25 611 254
562 25 630 267
198 42 475 374
389 42 472 174
406 42 483 170
441 42 506 165
597 42 644 265
406 59 489 192
441 59 509 192
458 59 529 202
476 77 548 204
337 94 441 220
354 94 454 219
528 94 630 285
406 111 492 225
441 111 516 222
458 111 531 223
476 111 549 221
250 129 384 241
285 129 404 238
319 129 424 237
337 129 438 235
371 129 463 234
389 129 480 233
233 146 369 264
493 146 568 238
267 163 388 262
285 163 402 256
319 163 427 250
337 163 441 250
371 163 465 248
389 163 479 247
441 163 520 243
458 163 534 242
476 163 551 242
250 181 377 279
267 181 390 279
476 181 553 257
146 198 305 324
302 198 414 276
319 198 429 273
337 198 442 272
371 198 468 265
389 198 482 263
406 198 495 262
441 198 523 262
458 198 539 262
493 198 580 291
510 198 596 287
528 198 617 288
215 215 345 337
233 215 364 371
285 215 399 296
302 215 414 295
319 215 430 291
337 215 441 288
371 215 469 281
389 215 484 279
458 215 539 273
476 215 557 279
285 233 394 310
302 233 414 311
319 233 430 312
337 233 447 311
371 233 469 304
389 233 486 299
424 233 507 281
441 233 526 282
215 250 344 394
233 250 362 393
267 250 387 389
302 250 415 329
319 250 429 328
337 250 453 337
354 250 455 325
371 250 473 323
493 250 598 308
233 267 353 408
250 267 366 407
267 267 387 406
371 267 477 356
562 267 678 357
198 285 334 413
267 285 386 424
285 285 405 421
302 285 637 471
354 285 464 396
371 285 480 397
441 285 547 351
181 302 537 426
215 302 336 430
285 302 406 440
319 302 433 434
354 302 466 415
371 302 483 418
389 302 498 409
198 319 319 453
215 319 335 449
354 319 464 451
371 319 483 434
337 337 467 471
371 337 490 467
493 337 612 416
510 337 627 413
233 354 339 467
302 354 594 437
25 476 508 465
