77 111 49 26
94 111 69 24
111 111 88 23
129 111 111 22
146 111 130 20
59 129 33 48
77 129 48 44
111 129 99 41
129 129 117 40
146 129 134 39
181 129 169 36
476 129 518 25
493 129 544 23
510 129 569 21
528 129 592 20
545 129 623 17
59 146 33 70
94 146 103 59
146 146 153 56
181 146 191 53
476 146 531 44
493 146 546 43
510 146 565 40
528 146 585 38
545 146 603 36
562 146 626 28
424 163 442 7
476 163 533 61
493 163 545 64
510 163 565 59
528 163 587 58
545 163 602 56
562 163 626 49
580 163 660 48
389 181 408 58
424 181 445 47
441 181 468 29
458 181 494 23
528 181 585 79
545 181 605 75
562 181 628 72
580 181 659 67
302 198 323 113
354 198 359 86
371 198 386 79
389 198 406 76
424 198 448 57
441 198 470 55
458 198 496 66
510 198 570 97
528 198 586 97
545 198 605 95
562 198 626 92
580 198 659 89
337 215 340 106
354 215 365 102
371 215 387 100
389 215 409 98
458 215 500 90
476 215 523 89
493 215 543 88
545 215 606 113
562 215 630 118
580 215 653 118
319 233 324 126
337 233 343 125
354 233 365 122
371 233 389 122
389 233 410 119
406 233 433 118
424 233 455 117
441 233 478 114
458 233 502 112
476 233 525 111
493 233 548 109
545 233 609 137
562 233 633 136
285 250 286 150
302 250 301 149
319 250 323 147
337 250 344 144
354 250 365 143
371 250 387 143
389 250 412 141
406 250 435 140
424 250 457 138
441 250 480 135
458 250 503 133
476 250 527 133
493 250 548 130
528 250 576 146
562 250 633 157
285 267 285 175
302 267 304 169
319 267 322 168
337 267 343 167
354 267 367 165
371 267 388 162
389 267 412 162
406 267 433 159
424 267 457 158
441 267 482 157
458 267 504 155
476 267 528 154
493 267 551 155
510 267 565 166
528 267 579 164
545 267 617 159
562 267 632 176
233 285 236 208
250 285 252 204
267 285 272 200
285 285 293 198
302 285 308 189
319 285 326 189
337 285 346 190
354 285 368 186
371 285 390 184
389 285 414 185
406 285 436 182
424 285 460 181
441 285 482 178
458 285 506 177
476 285 530 176
510 285 568 184
528 285 596 182
545 285 618 179
215 302 220 229
233 302 238 225
250 302 258 222
267 302 281 222
302 302 311 216
319 302 328 213
337 302 350 209
354 302 370 209
371 302 392 207
389 302 414 205
406 302 437 203
424 302 460 202
441 302 484 201
458 302 507 199
476 302 530 200
493 302 552 203
510 302 572 202
528 302 597 201
545 302 620 198
215 319 223 248
233 319 242 244
250 319 263 243
267 319 286 244
302 319 315 239
319 319 333 236
337 319 351 233
354 319 373 231
371 319 394 230
389 319 417 228
406 319 438 225
424 319 462 224
441 319 485 223
458 319 508 222
476 319 531 222
493 319 554 224
510 319 575 222
528 319 599 221
267 337 292 264
302 337 318 259
337 337 356 255
354 337 375 254
371 337 395 252
389 337 417 250
406 337 438 247
424 337 464 247
441 337 486 246
458 337 509 244
476 337 533 245
493 337 555 247
510 337 576 244
528 337 601 243
250 354 281 277
267 354 294 282
302 354 333 283
319 354 340 277
337 354 358 276
354 354 379 276
371 354 406 276
389 354 423 274
406 354 444 272
424 354 466 270
441 354 489 268
458 354 511 269
476 354 534 268
493 354 555 268
510 354 576 268
528 354 599 268
545 354 621 265
250 371 282 297
267 371 301 292
302 371 337 305
319 371 351 299
354 371 388 298
371 371 408 297
406 371 447 294
424 371 468 292
441 371 489 291
458 371 514 291
476 371 535 291
493 371 555 289
510 371 575 292
528 371 600 288
545 371 622 286
562 371 644 285
233 389 266 315
250 389 289 312
267 389 305 309
285 389 316 308
319 389 355 323
337 389 374 318
354 389 393 317
371 389 411 317
389 389 431 316
406 389 451 315
424 389 471 314
441 389 493 313
458 389 515 312
510 389 578 310
528 389 602 308
545 389 624 307
562 389 645 316
215 406 246 337
233 406 266 348
250 406 286 351
285 406 318 329
337 406 374 340
354 406 396 337
371 406 415 336
389 406 434 334
406 406 454 334
458 406 516 333
476 406 538 331
493 406 557 330
510 406 580 338
528 406 601 333
545 406 626 330
562 406 646 338
215 424 245 362
250 424 286 366
267 424 306 364
285 424 323 364
302 424 340 362
319 424 359 358
337 424 377 355
354 424 396 354
371 424 416 357
389 424 436 354
406 424 456 353
424 424 474 353
441 424 497 353
458 424 518 352
476 424 538 350
493 424 558 348
510 424 581 352
545 424 626 349
215 441 249 383
233 441 272 384
250 441 291 383
267 441 310 381
302 441 344 382
319 441 360 375
337 441 381 373
354 441 398 375
371 441 418 375
389 441 437 374
406 441 456 372
424 441 474 371
441 441 500 371
458 441 519 368
476 441 540 366
493 441 561 368
510 441 583 372
545 441 628 369
233 458 273 401
250 458 292 397
267 458 308 392
285 458 328 396
302 458 498 456
319 458 364 396
337 458 381 397
354 458 396 394
371 458 417 394
389 458 439 396
406 458 458 393
441 458 489 403
458 458 507 403
476 458 538 393
510 458 584 393
528 458 606 393
545 458 629 392
250 476 292 417
302 476 498 476
337 476 384 415
354 476 399 413
371 476 418 411
476 476 546 414
493 476 559 410
510 476 582 411
528 476 607 414
