129 94 159 79
42 129 67 112
59 129 87 111
441 163 494 19
389 181 433 100
371 198 413 114
389 198 434 113
424 198 477 73
441 198 500 68
458 198 515 109
337 215 380 127
354 215 393 127
458 215 523 125
476 215 539 125
319 233 357 145
337 233 375 144
354 233 395 143
371 233 416 144
389 233 437 143
441 233 500 141
458 233 524 142
476 233 545 140
493 233 564 141
319 250 355 160
337 250 374 158
354 250 396 158
371 250 416 159
389 250 438 157
406 250 458 158
458 250 527 157
476 250 548 157
493 250 569 157
302 267 332 179
319 267 355 177
337 267 375 176
354 267 395 175
371 267 417 173
389 267 439 174
406 267 462 173
424 267 483 172
441 267 505 172
250 285 277 236
267 285 297 223
302 285 333 208
337 285 377 191
354 285 397 190
371 285 419 189
389 285 442 189
406 285 464 189
424 285 486 189
441 285 509 188
458 285 531 186
233 302 261 252
267 302 300 253
302 302 333 231
319 302 355 221
337 302 379 210
354 302 399 209
371 302 422 207
389 302 443 205
406 302 465 205
424 302 489 204
441 302 511 204
458 302 534 204
267 319 301 288
302 319 336 252
319 319 357 250
337 319 380 231
354 319 402 231
371 319 424 232
389 319 447 228
406 319 468 223
424 319 492 224
441 319 513 224
458 319 535 224
476 319 558 230
493 319 579 246
510 319 601 245
528 319 623 245
267 337 303 311
285 337 325 312
337 337 378 263
354 337 405 264
371 337 425 262
389 337 444 255
406 337 467 246
424 337 493 243
441 337 516 242
510 337 603 267
528 337 624 267
285 354 325 329
302 354 344 326
371 354 424 292
389 354 448 286
406 354 468 280
424 354 496 275
441 354 519 265
493 354 580 301
267 371 303 345
337 371 382 339
354 371 408 335
406 371 470 310
424 371 497 306
441 371 521 293
545 371 653 318
233 389 266 369
337 389 387 364
354 389 408 362
371 389 429 356
389 389 451 354
406 389 473 350
424 389 500 332
458 389 550 323
528 389 633 336
545 389 656 338
337 406 387 389
354 406 412 386
371 406 431 386
389 406 452 380
406 406 474 373
493 406 584 380
528 406 637 355
545 406 658 356
337 424 385 406
354 424 406 406
371 424 435 405
389 424 455 406
476 424 564 399
302 441 351 430
319 441 366 429
337 441 386 426
354 441 407 426
371 441 434 424
389 441 455 426
406 441 478 424
424 441 500 424
458 441 548 422
476 441 567 419
493 441 591 419
267 458 310 453
285 458 329 452
337 458 390 445
354 458 410 442
371 458 435 448
389 458 456 449
406 458 479 446
424 458 500 450
441 458 527 450
458 458 549 451
476 458 571 444
510 458 625 420
267 476 312 474
285 476 335 473
302 476 354 474
319 476 373 473
371 476 438 472
389 476 459 474
424 476 502 472
510 476 628 439
