565 205 565 204
576 205 583 204
579 211 586 207
579 213 585 209
582 213 587 209
537 216 537 217
579 216 585 211
582 216 587 212
585 216 591 215
556 219 574 209
559 219 577 209
548 222 563 212
556 222 574 212
562 222 560 225
585 222 589 215
542 225 545 219
537 227 548 218
568 227 583 215
585 227 538 249
537 230 537 225
554 230 574 215
556 230 577 215
593 233 595 222
559 242 584 238
576 242 595 229
548 244 566 244
568 244 599 252
571 247 592 232
582 247 600 229
571 250 592 235
573 250 595 234
579 250 598 231
582 250 601 231
585 250 604 232
588 250 606 232
548 253 554 240
551 253 557 239
554 253 585 253
576 253 598 237
579 253 598 234
548 256 554 242
551 256 557 242
554 256 560 242
576 256 598 240
582 256 601 235
548 258 555 245
551 258 557 245
556 258 587 258
571 258 595 245
582 258 601 237
534 261 538 252
593 261 613 242
596 261 616 243
528 264 532 255
531 264 536 254
534 264 538 254
540 264 543 253
593 264 614 246
596 264 617 246
528 267 530 258
531 267 536 257
537 267 539 257
540 267 543 256
542 267 546 256
562 267 569 241
582 267 604 249
585 267 607 249
590 267 611 248
593 267 613 248
596 267 616 249
599 267 619 249
528 270 530 261
534 270 535 261
537 270 538 260
540 270 543 260
542 270 546 260
582 270 605 252
585 270 607 252
590 270 610 251
593 270 613 251
596 270 616 251
599 270 619 251
602 270 621 252
607 270 625 254
528 273 531 264
537 273 541 263
540 273 544 263
542 273 546 263
548 273 550 263
551 273 552 262
582 273 605 255
585 273 607 254
588 273 610 254
593 273 613 254
596 273 616 254
607 273 625 256
528 275 532 266
537 275 539 265
542 275 547 266
548 275 550 265
551 275 553 264
573 275 593 261
585 275 608 257
596 275 614 257
599 275 616 257
602 275 619 257
534 278 535 268
537 278 538 268
540 278 541 268
542 278 545 268
559 278 558 265
573 278 594 264
576 278 597 264
582 278 608 263
596 278 613 260
534 281 536 271
537 281 538 271
542 281 545 271
551 281 553 268
556 281 556 269
565 281 568 277
630 281 638 271
540 284 541 272
542 284 545 273
545 284 548 274
559 284 565 279
562 284 567 279
565 284 570 279
568 284 573 278
607 284 617 272
610 284 619 271
613 284 622 272
621 284 629 274
630 284 632 264
537 287 539 275
540 287 541 276
548 287 551 276
556 287 559 280
559 287 565 282
607 287 617 275
610 287 619 275
621 287 629 277
624 287 632 277
627 287 629 268
630 287 632 268
633 287 634 265
537 290 539 278
545 290 547 279
551 290 553 280
556 290 559 283
576 290 580 285
593 290 602 281
621 290 629 280
630 290 632 270
633 290 634 269
540 292 542 281
542 292 544 281
548 292 551 282
551 292 553 282
556 292 560 285
559 292 563 285
562 292 568 285
565 292 571 285
571 292 589 282
582 292 585 287
613 292 617 283
635 292 646 291
548 295 548 285
554 295 556 286
559 295 562 288
562 295 568 288
579 295 583 290
582 295 585 290
593 295 598 288
604 295 612 286
607 295 615 286
610 295 617 286
616 295 620 285
621 295 629 286
638 295 647 293
551 298 551 289
554 298 554 289
559 298 562 291
562 298 565 291
579 298 581 293
582 298 585 293
585 298 588 293
590 298 594 293
593 298 598 290
602 298 612 290
607 298 615 289
610 298 617 289
616 298 624 289
621 298 629 289
635 298 638 290
548 301 547 291
551 301 551 291
554 301 554 292
576 301 578 296
579 301 581 296
582 301 584 296
593 301 597 292
607 301 615 291
613 301 618 291
616 301 624 292
624 301 629 291
556 304 558 295
559 304 560 294
562 304 563 297
573 304 575 298
579 304 581 298
582 304 584 299
585 304 587 300
588 304 590 299
590 304 593 299
599 304 603 298
607 304 615 294
613 304 618 294
619 304 621 294
559 306 560 297
562 306 562 299
571 306 572 302
579 306 580 302
582 306 583 302
585 306 586 302
588 306 589 302
590 306 592 302
599 306 603 301
613 306 618 297
619 306 621 297
621 306 624 298
624 306 627 298
559 309 559 300
571 309 571 305
582 309 583 304
585 309 586 305
588 309 589 305
590 309 592 307
604 309 618 309
619 309 621 300
627 309 630 301
641 309 644 302
644 309 647 302
568 312 566 308
571 312 569 308
573 312 572 308
576 312 575 308
579 312 578 308
582 312 581 308
585 312 586 308
588 312 589 311
590 312 593 311
599 312 606 312
604 312 618 312
607 312 621 311
641 312 643 305
647 312 647 297
556 315 560 311
571 315 569 311
579 315 581 314
582 315 584 314
588 315 590 314
593 315 596 315
596 315 604 315
599 315 616 315
604 315 618 315
627 315 630 315
647 315 647 314
