576 267 588 264
590 275 609 268
596 275 612 269
613 275 627 270
616 275 630 270
590 278 606 269
596 278 612 271
599 278 615 272
604 278 618 271
607 278 622 271
616 278 630 274
624 278 636 273
627 278 635 269
599 281 618 274
604 281 621 274
607 281 624 273
616 281 626 276
619 281 630 276
621 281 634 277
624 281 636 276
610 284 621 279
613 284 624 279
616 284 627 279
619 284 630 280
621 284 633 280
627 284 639 280
590 287 604 281
607 287 619 281
610 287 622 282
619 287 630 283
621 287 633 283
630 287 642 284
590 290 604 283
593 290 606 283
607 290 618 285
613 290 622 286
619 290 628 286
621 290 631 286
627 290 637 287
579 292 593 288
582 292 596 288
585 292 599 286
604 292 616 289
607 292 619 289
627 292 634 289
633 292 646 293
576 295 590 291
579 295 593 290
582 295 596 290
585 295 599 289
588 295 601 290
602 295 614 290
619 295 625 287
624 295 631 292
627 295 633 292
579 298 593 296
582 298 596 295
602 298 614 293
621 298 629 295
624 298 632 295
576 301 591 299
579 301 593 299
582 301 596 298
588 301 601 298
590 301 604 298
593 301 608 299
630 301 634 297
633 301 637 297
576 304 590 302
579 304 593 302
582 304 595 302
610 304 623 304
616 304 623 299
619 304 626 300
621 304 628 300
624 304 631 299
630 304 635 299
633 304 637 299
635 304 640 300
571 306 584 303
573 306 588 303
579 306 593 305
585 306 597 305
588 306 600 304
590 306 602 304
599 306 614 306
602 306 617 307
604 306 620 306
610 306 624 306
619 306 626 302
621 306 628 302
624 306 631 302
627 306 634 302
635 306 640 302
568 309 581 306
571 309 584 306
582 309 594 308
590 309 602 307
602 309 617 309
604 309 620 309
610 309 624 309
613 309 626 309
621 309 629 305
624 309 632 305
627 309 634 305
630 309 638 305
568 312 579 311
571 312 584 308
573 312 587 308
582 312 593 312
590 312 604 314
593 312 608 313
596 312 611 313
610 312 624 311
613 312 626 311
621 312 629 308
630 312 637 308
635 312 641 307
571 315 582 315
573 315 589 314
579 315 591 315
593 315 609 315
596 315 612 315
599 315 614 316
619 315 635 315
638 315 642 313
