430 217 429 217
538 217 538 216
430 219 430 219
432 219 443 220
488 219 466 219
490 219 469 219
511 219 520 220
538 219 538 219
488 222 468 223
490 222 471 223
488 224 468 226
498 224 515 225
445 227 461 224
443 230 458 226
445 232 461 228
525 232 533 257
509 235 492 242
525 235 533 259
527 235 535 259
535 235 536 247
538 235 538 286
485 238 484 249
525 238 532 261
527 238 535 262
538 238 538 263
430 240 429 226
432 240 431 227
435 240 434 228
437 240 456 233
456 240 466 242
490 240 501 234
509 240 521 229
432 243 431 230
496 243 513 244
525 243 529 308
538 243 538 250
464 246 503 235
467 246 506 236
430 248 430 232
432 248 433 233
467 248 506 239
496 248 512 254
535 248 535 314
538 248 538 254
430 251 430 235
530 251 529 286
535 251 533 316
538 251 537 317
430 254 430 297
467 254 493 239
469 254 496 240
472 254 499 240
490 254 498 234
467 256 495 243
509 256 528 277
432 261 435 304
435 261 441 315
443 261 485 269
496 261 473 238
506 261 522 249
519 261 517 255
538 261 538 302
430 264 430 284
430 267 429 286
535 267 535 266
538 267 538 288
430 269 429 289
432 269 436 288
435 269 439 288
443 269 447 288
432 272 435 290
437 272 442 290
443 272 447 291
509 272 496 249
530 272 528 302
533 272 532 271
437 275 442 292
514 275 508 291
430 277 429 299
432 277 436 298
432 280 431 304
535 280 533 294
538 280 537 295
519 283 515 254
535 283 533 297
538 283 536 298
440 290 444 310
535 290 533 281
538 290 538 280
503 293 518 316
535 296 535 311
430 298 430 306
432 298 433 306
488 298 507 294
509 298 525 277
432 301 433 310
464 301 522 288
490 301 510 298
519 301 516 325
477 304 512 304
538 304 538 292
443 312 517 306
451 312 473 231
464 312 455 312
527 312 530 255
440 314 445 310
467 314 482 316
506 314 524 315
525 314 526 258
527 314 529 258
440 317 446 313
506 317 523 318
509 317 527 319
437 320 438 311
506 320 523 320
517 320 480 322
525 320 520 320
430 322 430 320
432 322 433 320
435 322 436 313
437 322 438 313
501 322 526 324
514 322 477 324
517 322 481 325
522 322 516 322
535 322 532 323
430 325 430 323
432 325 433 323
493 325 521 326
496 325 490 325
530 325 529 322
430 327 429 327
432 327 432 327
435 327 435 327
488 327 518 328
496 327 489 327
498 327 492 328
514 327 525 327
517 327 527 328
533 327 531 326
538 327 538 327
