489 231 488 228
487 252 498 273
464 267 466 254
479 267 492 265
489 267 500 266
489 270 502 269
451 272 450 271
458 272 457 272
461 272 460 271
453 275 452 274
456 275 455 274
458 275 458 274
504 275 502 273
456 277 455 276
458 277 458 276
535 277 537 280
456 280 454 279
456 282 455 281
499 282 495 282
502 282 497 282
512 282 519 273
443 285 444 279
448 285 464 257
451 285 462 260
453 285 452 285
481 285 492 282
494 285 495 285
512 288 517 279
479 290 494 264
510 290 508 287
438 295 438 290
487 295 483 310
520 295 514 315
438 298 441 288
474 298 471 314
487 298 485 313
489 298 488 304
430 300 429 300
438 300 438 296
440 300 441 296
443 300 443 296
471 300 468 318
494 300 494 304
430 303 429 302
440 303 440 299
443 303 443 299
446 303 449 295
492 303 491 308
443 305 441 305
497 305 497 307
443 308 441 307
515 308 514 318
433 311 432 312
435 311 435 313
499 311 509 310
433 313 432 315
440 313 436 315
499 313 509 313
440 316 436 318
471 316 478 316
487 316 486 316
484 318 485 318
497 318 495 315
499 318 497 315
497 321 494 318
499 321 497 318
507 321 508 318
510 321 511 319
494 323 489 322
507 323 508 321
510 326 514 327
512 326 514 324
504 329 508 327
497 331 491 324
502 336 503 338
504 336 505 338
502 339 497 347
