0.9983230829238892 -0.01214672904461622 -0.05659914761781693 -0.06148863583803177 
0.01495869364589453 0.9986608028411865 0.04952604696154594 -0.09287425130605698 
0.0559217669069767 -0.05028964951634407 0.9971678256988525 -0.5106294751167297 
0 0 0 1 

0.9981438517570496 -0.02063093148171902 -0.05729919299483299 -0.06079508364200592 
0.02342859841883183 0.9985439777374268 0.0485907755792141 -0.09406348317861557 
0.05621328577399254 -0.04984302446246147 0.9971738457679749 -0.5116710662841797 
0 0 0 1 

0.9977238178253174 -0.0443718209862709 -0.05077645182609558 -0.05226693674921989 
0.04790268838405609 0.9963556528091431 0.07057351619005203 -0.1078090518712997 
0.04745986685156822 -0.07284524291753769 0.9962133169174194 -0.5071114301681519 
0 0 0 1 

0.9981118440628052 0.04157550632953644 -0.04521314799785614 -0.06200551986694336 
-0.0402471125125885 0.9987421631813049 0.02990465983748436 -0.08890716731548309 
0.04639958590269089 -0.02802848443388939 0.9985296726226807 -0.5141827464103699 
0 0 0 1 

0.9786369204521179 -0.1929307878017426 -0.07104587554931641 -0.04035092517733574 
0.1974555253982544 0.9782633781433105 0.06334160268306732 -0.1196364760398865 
0.05728105083107948 -0.07601681351661682 0.9954598546028137 -0.5180094242095947 
0 0 0 1 

0.974193811416626 -0.211514875292778 -0.07878900319337845 -0.03479425609111786 
0.2178032845258713 0.9725212454795837 0.08224336057901382 -0.1300439387559891 
0.05922821909189224 -0.09728152304887772 0.9934929609298706 -0.5148870944976807 
0 0 0 1 

0.9606115818023682 -0.2607624232769012 -0.09606247395277023 -0.02500234730541706 
0.2697398066520691 0.9580675959587097 0.09667786955833435 -0.136233314871788 
0.0668242871761322 -0.1187818348407745 0.9906691312789917 -0.5113981962203979 
0 0 0 1 

0.9620015025138855 -0.2653153240680695 -0.06450409442186356 -0.03699333220720291 
0.2693502604961395 0.9608528614044189 0.06490052491426468 -0.1216779947280884 
0.04475979506969452 -0.07980863004922867 0.9958047866821289 -0.5201680064201355 
0 0 0 1 

0.9634615182876587 -0.2612270712852478 -0.05917913839221001 -0.03830983489751816 
0.2650702595710754 0.9616402387619019 0.07060789316892624 -0.126056045293808 
0.03846428170800209 -0.08371467143297195 0.9957471489906311 -0.5210293531417847 
0 0 0 1 

-0.2208568155765533 -0.9748837351799011 0.02869361639022827 -0.0789334699511528 
0.9647279977798462 -0.2140456438064575 0.1532454341650009 -0.1191628500819206 
-0.143254816532135 0.06152687221765518 0.9877714514732361 -0.4959723353385925 
0 0 0 1 

