338 160 328 160
312 165 306 168
317 165 311 166
323 165 317 164
349 165 336 168
328 170 316 173
349 170 335 174
375 170 367 170
328 175 313 179
343 175 328 179
349 175 334 178
354 175 339 178
369 175 358 176
375 175 364 176
380 175 370 176
317 180 302 185
333 180 317 184
338 180 322 185
343 180 328 184
349 180 333 183
354 180 338 184
359 180 344 184
375 180 364 181
380 180 373 180
323 186 306 190
328 186 311 190
338 186 322 191
380 186 373 185
385 186 380 184
390 186 386 184
323 191 308 196
328 191 312 196
349 191 337 192
364 191 350 191
375 191 369 190
390 191 385 190
395 191 392 189
307 196 292 201
328 196 316 200
338 196 326 200
349 196 334 199
364 196 353 196
375 196 369 195
380 196 374 195
385 196 379 196
390 196 384 195
395 196 391 195
317 201 306 205
328 201 316 206
333 201 322 205
349 201 333 204
354 201 344 204
359 201 348 202
375 201 368 200
380 201 374 200
385 201 379 201
390 201 385 201
312 206 303 210
323 206 311 211
354 206 344 209
364 206 353 207
375 206 368 207
380 206 375 206
385 206 380 207
390 206 384 206
312 212 305 215
323 212 312 216
328 212 317 216
343 212 332 211
364 212 355 215
375 212 368 213
380 212 375 212
385 212 381 212
390 212 390 212
395 212 396 212
323 217 312 221
328 217 317 222
333 217 321 221
343 217 333 221
359 217 348 220
364 217 354 220
369 217 364 222
380 217 374 217
385 217 381 217
307 222 301 224
312 222 302 226
317 222 307 226
323 222 311 226
328 222 315 226
333 222 320 226
338 222 325 226
354 222 344 225
364 222 353 225
369 222 360 227
375 222 370 222
380 222 374 223
385 222 381 223
390 222 390 222
302 227 295 229
312 227 302 231
317 227 306 231
323 227 311 231
328 227 316 231
333 227 320 231
359 227 348 231
364 227 354 231
369 227 360 231
380 227 374 228
390 227 390 227
395 227 396 227
302 232 296 236
307 232 301 237
317 232 307 236
323 232 311 236
328 232 316 236
333 232 320 236
338 232 326 237
349 232 337 237
359 232 350 238
364 232 354 237
369 232 360 236
375 232 368 237
380 232 375 237
385 232 381 235
390 232 390 232
302 238 297 241
307 238 302 241
312 238 307 242
323 238 312 241
328 238 316 241
333 238 321 242
338 238 326 241
343 238 332 242
349 238 339 243
359 238 348 243
364 238 354 241
369 238 359 241
375 238 365 241
380 238 374 241
385 238 383 238
390 238 390 238
395 238 397 238
302 243 296 246
307 243 303 247
312 243 307 247
323 243 312 247
328 243 316 247
333 243 321 247
338 243 326 247
359 243 348 247
364 243 353 246
375 243 370 244
385 243 384 242
390 243 390 243
395 243 397 242
307 248 302 251
312 248 306 252
323 248 312 252
328 248 316 252
333 248 320 252
343 248 328 251
349 248 337 252
354 248 342 252
359 248 348 252
364 248 354 252
369 248 363 248
385 248 381 248
395 248 396 247
307 253 302 259
323 253 311 257
333 253 318 258
338 253 324 257
343 253 328 256
349 253 336 256
354 253 342 257
359 253 348 257
364 253 353 257
380 253 375 257
390 253 390 253
395 253 396 253
307 258 302 263
317 258 307 262
338 258 323 262
343 258 329 262
349 258 336 262
354 258 342 262
359 258 347 262
364 258 353 263
380 258 370 259
385 258 379 259
390 258 390 259
333 264 317 268
338 264 323 268
343 264 329 268
349 264 336 268
354 264 342 268
359 264 347 268
364 264 352 268
385 264 380 263
390 264 389 264
317 269 306 271
328 269 313 273
333 269 317 273
338 269 323 273
343 269 329 273
349 269 336 273
359 269 345 273
369 269 358 273
390 269 389 269
323 274 311 277
338 274 324 278
343 274 330 278
349 274 334 278
359 274 345 278
364 274 351 278
369 274 359 278
375 274 365 277
380 274 375 273
390 274 389 274
317 279 308 281
333 279 319 283
338 279 324 283
343 279 329 283
349 279 335 284
354 279 342 284
359 279 346 284
364 279 352 283
369 279 359 283
375 279 365 283
380 279 374 279
390 279 391 279
328 284 316 288
333 284 321 288
338 284 326 288
349 284 335 289
354 284 340 289
359 284 347 289
364 284 353 289
369 284 359 288
375 284 365 288
323 290 312 291
333 290 322 293
338 290 326 293
343 290 331 293
349 290 336 294
359 290 348 293
364 290 353 294
375 290 368 293
401 290 400 290
328 295 319 297
333 295 323 298
338 295 327 298
343 295 333 298
349 295 338 298
354 295 343 298
359 295 348 298
364 295 354 298
369 295 360 298
401 295 401 295
343 300 332 303
349 300 337 303
354 300 343 304
359 300 349 304
375 300 374 300
380 300 381 300
401 300 402 300
364 305 359 309
369 305 369 305
375 305 376 305
380 305 381 306
390 305 392 306
395 305 397 306
369 310 371 310
375 310 376 311
380 310 381 310
385 310 387 311
390 310 392 311
395 310 396 314
401 310 403 311
338 316 338 317
354 316 350 316
369 316 371 315
375 316 376 316
380 316 381 316
385 316 387 316
390 316 391 319
338 321 339 322
349 321 348 322
354 321 353 321
359 321 359 321
364 321 366 321
369 321 371 321
375 321 376 321
380 321 381 321
385 321 387 322
395 321 397 322
401 321 402 321
338 326 339 327
349 326 348 326
354 326 354 326
369 326 371 327
375 326 376 326
385 326 387 327
390 326 392 327
395 326 397 327
401 326 402 327
343 331 344 332
354 331 355 333
359 331 360 332
364 331 366 332
369 331 371 332
375 331 375 331
380 331 380 331
385 331 387 332
390 331 392 332
395 331 397 332
401 331 402 332
406 331 408 332
369 336 371 337
375 336 376 337
385 336 386 337
390 336 392 337
395 336 396 337
401 336 402 337
406 336 407 337
