533 232 530 219
506 235 506 222
509 235 508 222
496 238 495 225
498 238 497 225
501 238 500 225
503 238 503 225
509 238 508 224
517 238 515 225
519 238 519 224
496 240 495 227
498 240 497 227
509 240 508 227
517 240 515 227
522 240 522 227
525 240 524 227
435 243 435 227
440 243 437 226
451 243 448 232
453 243 450 231
482 243 482 229
496 243 495 229
498 243 497 229
506 243 506 229
517 243 515 229
519 243 519 230
522 243 522 229
437 246 438 230
496 246 495 232
498 246 497 232
501 246 501 232
514 246 512 232
517 246 515 232
432 248 432 232
435 248 435 232
464 248 463 237
490 248 490 232
493 248 492 232
503 248 504 234
443 251 445 240
488 251 488 237
493 251 493 237
448 254 448 242
461 254 461 240
488 254 488 239
496 254 495 239
451 256 450 245
501 256 500 240
503 256 502 240
445 259 445 248
448 259 448 248
445 261 445 250
448 261 448 250
456 261 456 245
459 261 458 245
464 261 464 247
511 261 511 246
525 261 524 245
430 264 430 248
432 264 432 248
435 264 435 248
451 264 450 251
456 264 456 247
461 264 460 248
496 264 490 248
519 264 516 250
522 264 519 250
525 264 522 250
435 267 435 253
448 267 447 253
451 267 450 254
456 267 456 251
459 267 458 250
522 267 519 253
525 267 522 253
432 269 432 255
437 269 438 255
440 269 440 255
445 269 446 256
448 269 447 256
506 269 512 254
522 269 519 256
525 269 522 256
437 272 437 257
440 272 440 258
432 275 433 260
472 275 469 260
456 277 458 264
474 280 474 267
477 280 477 267
480 280 479 267
522 280 519 267
480 283 479 269
501 283 500 264
538 283 538 269
477 285 476 272
480 285 479 272
482 285 481 271
498 285 495 266
501 285 500 267
538 285 538 272
498 288 495 269
538 288 538 276
472 290 471 271
482 290 482 275
469 293 470 273
525 293 524 280
535 298 534 283
493 301 490 284
498 301 500 287
501 301 503 287
530 301 529 285
533 301 532 285
493 304 489 287
533 304 532 288
493 306 489 290
488 309 485 292
519 312 521 296
527 312 529 295
