514 217 515 216
517 217 517 216
519 217 521 216
522 217 524 216
525 217 526 216
527 217 528 216
533 217 532 216
535 217 535 217
538 217 538 217
451 219 452 219
453 219 455 219
459 219 461 219
514 219 515 219
517 219 518 219
519 219 521 219
522 219 524 219
525 219 526 219
533 219 531 220
535 219 534 222
538 219 538 220
430 222 429 223
514 222 515 221
527 222 528 220
533 222 531 225
430 224 429 226
437 224 432 222
533 224 532 228
437 227 432 225
440 230 435 229
511 230 490 218
511 232 490 221
517 232 493 221
535 232 535 245
493 235 471 222
501 235 480 222
503 235 482 223
506 235 485 223
509 235 487 223
514 235 492 223
519 235 496 223
522 235 499 223
432 238 431 253
480 238 460 225
496 238 476 224
498 238 478 225
503 238 482 226
506 238 485 226
509 238 487 225
511 238 490 226
514 238 492 226
517 238 494 226
525 238 500 225
432 240 431 256
474 240 454 227
477 240 456 227
480 240 459 227
488 240 468 227
496 240 476 227
498 240 478 228
503 240 482 229
506 240 485 229
509 240 487 227
511 240 490 228
514 240 492 229
467 243 446 232
472 243 452 230
474 243 454 229
477 243 456 229
480 243 459 230
482 243 462 229
485 243 465 228
490 243 470 227
493 243 473 227
501 243 480 231
503 243 482 232
506 243 484 231
509 243 487 231
511 243 489 234
514 243 492 232
519 243 496 231
525 243 501 231
467 246 446 234
472 246 452 232
474 246 454 232
477 246 456 232
480 246 459 232
485 246 465 231
496 246 475 234
501 246 480 234
503 246 482 234
506 246 484 234
511 246 489 236
530 246 506 232
533 246 509 233
472 248 451 235
474 248 453 235
477 248 456 234
485 248 466 233
488 248 467 232
496 248 475 236
501 248 479 236
503 248 482 236
527 248 500 234
530 248 507 234
533 248 509 235
464 251 445 239
467 251 443 240
474 251 453 238
480 251 459 236
482 251 462 236
490 251 470 235
503 251 481 239
517 251 493 240
525 251 500 237
527 251 503 237
530 251 506 237
533 251 508 237
482 254 462 238
485 254 465 236
488 254 467 236
525 254 500 239
527 254 502 240
530 254 505 240
533 254 508 240
464 256 443 246
474 256 453 243
485 256 464 238
488 256 467 238
490 256 469 238
493 256 472 239
464 259 442 249
467 259 444 249
472 259 451 244
485 259 465 241
488 259 466 241
493 259 470 241
498 259 477 242
501 259 480 242
506 259 483 242
522 259 498 243
527 259 505 243
530 259 508 243
535 259 530 243
474 261 452 248
493 261 470 244
496 261 472 244
498 261 478 245
501 261 481 245
506 261 484 245
509 261 486 245
514 261 492 245
517 261 494 245
522 261 497 246
525 261 499 246
527 261 502 246
530 261 506 246
535 261 530 247
469 264 447 251
472 264 450 251
474 264 452 251
485 264 465 249
503 264 481 247
506 264 484 247
509 264 488 247
511 264 491 247
519 264 494 248
522 264 498 248
525 264 500 248
530 264 505 254
469 267 447 254
488 267 467 249
506 267 483 249
511 267 488 256
522 267 497 251
525 267 500 250
530 267 505 257
430 269 430 234
467 269 444 257
469 269 447 257
472 269 450 256
485 269 463 257
517 269 494 259
519 269 496 259
525 269 499 260
527 269 502 260
530 269 505 259
533 269 511 251
474 272 452 257
477 272 455 257
482 272 459 258
522 272 497 262
525 272 499 262
527 272 502 263
456 275 527 247
469 275 444 259
472 275 448 259
474 275 452 260
477 275 454 260
480 275 458 260
482 275 460 261
485 275 463 260
488 275 465 261
525 275 499 265
527 275 502 265
535 275 535 250
432 277 433 261
469 277 444 262
472 277 447 262
474 277 450 262
477 277 455 263
482 277 458 263
485 277 463 263
488 277 466 263
493 277 477 258
535 277 535 252
538 277 538 253
430 280 430 266
469 280 443 264
472 280 446 265
474 280 449 265
477 280 453 265
480 280 455 265
482 280 460 266
485 280 463 266
488 280 466 266
493 280 475 260
519 280 525 244
525 280 496 264
535 280 535 255
430 283 430 270
440 283 518 265
477 283 450 268
480 283 457 268
482 283 460 268
485 283 463 269
493 283 475 263
535 283 535 257
430 285 430 272
432 285 433 272
477 285 450 271
480 285 458 272
482 285 460 271
485 285 463 271
501 285 477 264
511 285 488 267
522 285 529 274
538 285 538 249
430 288 429 275
480 288 458 276
482 288 460 274
498 288 474 267
501 288 477 267
511 288 488 270
514 288 491 270
527 288 502 271
533 288 507 270
430 290 430 278
432 290 433 277
480 290 458 279
498 290 474 269
501 290 477 270
509 290 485 272
511 290 487 272
514 290 490 273
530 290 504 273
533 290 507 273
474 293 449 282
477 293 451 282
482 293 463 284
490 293 468 274
493 293 471 274
501 293 479 272
503 293 482 272
509 293 484 274
511 293 487 275
514 293 490 275
527 293 501 277
533 293 506 276
430 296 430 283
498 296 474 274
501 296 479 275
503 296 482 275
511 296 487 277
525 296 498 279
527 296 501 279
530 296 504 279
533 296 507 279
535 296 536 283
503 298 482 278
522 298 495 281
525 298 498 281
527 298 500 282
530 298 504 282
533 298 507 282
490 301 467 285
498 301 473 282
501 301 476 282
519 301 492 283
522 301 496 284
525 301 500 283
533 301 506 284
498 304 473 284
501 304 476 285
503 304 479 285
509 304 481 285
511 304 487 286
514 304 493 285
522 304 495 287
525 304 498 287
530 304 503 290
430 306 429 286
525 306 501 289
530 306 503 292
430 309 429 289
432 309 432 289
498 309 481 295
503 309 486 295
522 309 498 292
527 309 500 294
530 309 503 295
535 309 535 299
538 309 538 299
430 312 430 292
435 312 436 280
437 312 444 308
445 312 455 310
474 312 464 299
488 312 492 297
498 312 481 297
506 312 490 294
525 312 501 298
530 312 504 298
533 312 508 298
535 312 536 302
538 312 538 302
435 314 442 311
437 314 444 311
443 314 453 312
445 314 456 312
503 314 487 297
506 314 490 297
522 314 498 298
527 314 503 300
538 314 538 316
437 317 447 318
440 317 450 318
443 317 453 317
519 317 505 314
527 317 522 290
435 320 436 317
490 320 488 314
538 320 538 321
445 322 458 320
480 322 455 323
522 322 526 323
535 322 535 323
538 322 538 323
435 325 433 325
474 325 442 325
522 325 526 326
432 327 436 327
435 327 439 327
474 327 442 328
498 327 486 328
519 327 523 328
522 327 526 328
533 327 532 327
535 327 535 327
538 327 538 327
