1 0 0 0.01118196174502373 
0 1 0 -0.06161215156316757 
0 0 1 -0.6309888362884521 
0 0 0 1 

0.9926764369010925 -0.02872702293097973 -0.1173381581902504 0.07362716645002365 
0.02798048965632915 0.9995763897895813 -0.008004926145076752 -0.0590655505657196 
0.1175184175372124 0.004663126543164253 0.9930597543716431 -0.6157137751579285 
0 0 0 1 

0.9517982602119446 -0.1078666001558304 -0.2871316969394684 0.1615494191646576 
0.09256079792976379 0.9934906959533691 -0.06639888137578964 -0.02652444690465927 
0.2924249172210693 0.03662114217877388 0.9555869698524475 -0.593231201171875 
0 0 0 1 

0.9782897233963013 0.06317060440778732 -0.1973796337842941 0.1031977757811546 
-0.05480912700295448 0.9973641633987427 0.04754742234945297 -0.08313653618097305 
0.1998629719018936 -0.03569694608449936 0.9791733622550964 -0.6000051498413086 
0 0 0 1 

0.966145396232605 0.007984692230820656 -0.257874459028244 0.1362618207931519 
-0.001169624738395214 0.9996462464332581 0.02657046914100647 -0.07144682109355927 
0.2579953968524933 -0.0253693051636219 0.9658129811286926 -0.5917646288871765 
0 0 0 1 

0.8967339396476746 -0.02178174629807472 -0.4420334696769714 0.2316848039627075 
0.02510447427630424 0.9996834397315979 0.001667679753154516 -0.05390115827322006 
0.4418572187423706 -0.0125924963504076 0.8969969153404236 -0.5503934025764465 
0 0 0 1 

0.8895418047904968 -0.03512632846832275 -0.4555008113384247 0.2393142580986023 
0.03888165578246117 0.9992430210113525 -0.001126282382756472 -0.05230852216482162 
0.4551957845687866 -0.01670900918543339 0.8902344107627869 -0.5448497533798218 
0 0 0 1 

