386 228 383 261
389 228 386 262
392 228 387 264
397 228 389 264
400 228 414 247
411 228 454 238
449 228 462 239
457 228 473 238
386 230 384 267
397 230 412 249
446 230 459 242
449 230 462 241
392 233 387 268
400 233 415 251
405 233 420 250
408 233 422 250
438 233 442 248
446 233 459 244
449 233 468 242
452 233 470 241
389 236 384 270
392 236 386 270
397 236 412 254
400 236 415 254
408 236 422 252
414 236 426 252
416 236 428 251
433 236 437 251
449 236 468 245
381 239 381 272
389 239 384 272
392 239 387 272
400 239 415 257
414 239 431 251
433 239 434 251
438 239 437 254
381 241 381 275
392 241 387 275
394 241 389 275
400 241 415 260
411 241 426 255
446 241 465 250
449 241 468 249
455 241 470 250
460 241 477 250
381 244 380 245
400 244 421 264
446 244 465 252
449 244 468 252
455 244 471 252
457 244 474 252
460 244 477 252
463 244 479 252
394 247 390 278
400 247 421 267
405 247 424 266
427 247 465 259
463 247 479 255
400 252 421 272
405 252 423 272
444 252 455 267
422 255 438 271
441 255 449 256
457 255 474 261
466 255 483 264
400 258 418 275
408 258 427 274
419 258 441 296
441 258 449 259
400 261 418 278
408 261 427 277
422 261 444 298
435 261 444 281
463 261 479 257
400 263 418 280
403 263 421 280
408 263 436 308
435 263 444 284
400 266 418 282
405 266 427 293
408 266 437 310
411 266 439 310
414 266 436 294
446 266 463 270
449 266 457 270
408 269 436 314
416 269 438 294
463 269 480 267
408 272 436 316
414 272 435 297
414 274 436 299
416 274 439 299
460 274 478 272
381 277 380 296
381 280 380 298
414 280 459 281
416 280 461 282
419 280 463 281
425 280 467 281
427 280 469 282
466 280 489 279
471 280 492 280
414 282 459 285
419 282 463 283
400 285 396 301
463 285 461 295
455 288 450 301
463 288 462 298
468 288 465 298
397 291 426 314
466 291 461 301
455 293 450 304
463 293 459 304
479 302 468 324
449 304 417 309
479 307 490 311
455 310 466 332
485 310 476 332
414 313 420 306
452 313 465 306
485 313 494 334
414 315 419 309
455 315 467 308
457 315 470 308
460 315 474 308
471 315 482 314
381 318 381 318
383 318 383 318
381 321 380 320
471 321 451 327
381 324 381 324
471 324 480 332
438 326 454 316
471 326 480 334
383 329 381 329
389 329 386 329
446 329 437 321
378 332 378 333
397 335 404 335
452 335 463 335
378 337 378 337
482 337 486 337
485 337 488 337
