371 25 396 80
389 25 412 79
406 25 435 49
424 25 449 55
441 25 466 55
458 25 483 55
562 25 578 78
597 25 590 113
614 25 609 113
632 25 628 109
250 42 274 140
354 42 381 90
424 42 450 77
458 42 478 76
493 42 508 91
597 42 591 130
614 42 609 130
632 42 632 129
319 59 348 102
337 59 364 102
354 59 379 105
371 59 397 103
389 59 414 102
580 59 575 145
597 59 593 148
319 77 348 115
337 77 365 115
354 77 381 115
371 77 397 115
389 77 415 115
406 77 431 115
424 77 448 115
458 77 479 116
476 77 496 116
493 77 512 116
510 77 527 116
528 77 544 117
545 77 560 116
580 77 577 163
597 77 593 163
302 94 333 128
389 94 416 129
406 94 431 130
441 94 459 129
458 94 480 129
493 94 514 130
510 94 529 129
528 94 547 130
545 94 561 131
597 94 595 179
267 111 300 143
285 111 315 143
302 111 332 142
319 111 349 141
337 111 366 142
354 111 382 142
371 111 398 142
493 111 514 142
528 111 548 145
597 111 613 147
250 129 279 162
267 129 297 156
285 129 316 156
302 129 332 155
319 129 349 156
337 129 366 156
354 129 382 157
371 129 400 156
389 129 417 156
406 129 434 156
424 129 451 156
458 129 485 156
510 129 534 156
545 129 560 183
597 129 615 164
614 129 628 167
250 146 277 183
267 146 298 178
285 146 316 172
302 146 332 169
319 146 350 169
337 146 366 169
354 146 383 170
371 146 400 169
389 146 417 169
406 146 434 170
424 146 451 170
441 146 470 171
458 146 485 169
476 146 503 168
493 146 520 168
233 163 261 204
250 163 276 205
267 163 294 196
285 163 316 195
302 163 332 188
319 163 350 184
337 163 368 183
354 163 385 181
371 163 402 184
389 163 420 184
406 163 435 183
424 163 452 183
441 163 470 183
458 163 489 183
476 163 505 185
493 163 523 186
545 163 565 201
562 163 584 202
580 163 600 202
597 163 614 204
215 181 243 226
233 181 258 225
250 181 275 225
285 181 313 215
302 181 330 210
319 181 347 204
337 181 368 200
354 181 385 199
371 181 403 200
389 181 421 199
406 181 438 198
424 181 454 199
441 181 471 199
458 181 488 199
476 181 506 199
493 181 523 202
510 181 540 206
528 181 556 214
545 181 575 214
562 181 593 217
597 181 615 220
181 198 207 243
215 198 235 244
233 198 250 245
250 198 268 245
267 198 286 246
285 198 311 229
302 198 329 229
319 198 347 223
337 198 368 223
354 198 386 219
371 198 405 219
389 198 421 217
406 198 438 215
424 198 458 215
441 198 471 214
458 198 490 214
476 198 508 215
493 198 524 217
510 198 541 222
528 198 558 232
545 198 574 230
250 215 266 266
267 215 283 274
302 215 329 247
319 215 347 243
337 215 366 243
354 215 385 240
371 215 402 239
389 215 421 238
406 215 438 234
424 215 457 234
441 215 475 231
458 215 493 231
476 215 509 231
493 215 525 235
510 215 542 241
528 215 558 251
562 215 589 247
250 233 265 282
267 233 284 292
302 233 320 266
319 233 347 259
337 233 365 260
354 233 382 260
371 233 400 262
389 233 418 259
406 233 438 260
424 233 457 257
441 233 474 250
458 233 494 248
493 233 525 257
510 233 542 260
528 233 559 267
250 250 265 303
267 250 285 308
285 250 302 313
337 250 362 282
354 250 377 279
371 250 395 280
389 250 410 280
424 250 457 280
441 250 473 275
458 250 493 269
476 250 513 270
510 250 544 275
528 250 553 290
545 250 571 292
580 250 613 288
597 250 632 291
233 267 250 322
250 267 267 322
285 267 322 329
302 267 319 316
319 267 339 329
337 267 355 319
354 267 375 315
371 267 392 311
389 267 412 310
406 267 431 307
424 267 455 297
441 267 473 296
458 267 495 294
476 267 514 290
528 267 554 311
580 267 617 303
597 267 633 306
215 285 215 369
233 285 234 359
250 285 271 337
267 285 288 347
285 285 308 347
302 285 322 349
319 285 338 345
337 285 354 343
354 285 374 338
371 285 392 336
389 285 411 333
406 285 431 332
424 285 450 329
441 285 467 326
458 285 499 326
476 285 513 309
493 285 531 309
545 285 584 302
562 285 598 320
580 285 617 322
597 285 636 322
233 302 236 373
250 302 270 362
267 302 286 365
285 302 307 363
302 302 322 363
319 302 340 362
337 302 356 362
354 302 374 361
371 302 390 360
389 302 409 355
424 302 450 350
458 302 495 344
493 302 531 327
510 302 537 346
528 302 558 350
545 302 582 346
562 302 600 344
250 319 265 387
267 319 285 380
302 319 323 380
319 319 339 382
337 319 353 382
354 319 392 380
389 319 409 378
406 319 429 378
424 319 448 378
441 319 466 375
458 319 497 362
493 319 531 358
510 319 550 366
528 319 564 374
545 319 586 360
562 319 603 359
580 319 617 374
597 319 644 391
215 337 237 424
250 337 269 409
267 337 285 402
302 337 306 402
319 337 339 401
354 337 375 397
371 337 393 395
389 337 413 395
406 337 430 396
424 337 450 396
441 337 467 396
476 337 519 382
493 337 536 381
510 337 551 383
528 337 563 390
545 337 588 377
562 337 605 377
215 354 239 440
233 354 232 407
267 354 275 425
319 354 338 417
337 354 358 407
354 354 376 413
371 354 392 412
389 354 414 412
406 354 432 415
424 354 451 415
441 354 468 414
458 354 486 412
476 354 505 411
493 354 535 397
510 354 553 400
528 354 569 409
545 354 593 391
562 354 606 393
597 354 642 428
267 371 273 441
285 371 287 440
337 371 359 431
354 371 376 432
371 371 395 433
389 371 414 432
406 371 431 432
424 371 449 433
441 371 464 431
458 371 483 430
476 371 519 411
493 371 538 414
510 371 552 426
528 371 568 431
545 371 592 409
562 371 606 410
337 389 357 449
354 389 377 450
371 389 393 452
389 389 414 452
406 389 433 453
458 389 484 450
476 389 516 431
493 389 539 432
528 389 585 433
562 389 609 425
580 389 630 429
354 406 376 470
371 406 393 469
389 406 412 468
406 406 431 471
424 406 450 470
476 406 520 449
510 406 557 450
580 406 627 448
