576 205 575 206
593 205 592 205
554 208 554 208
588 208 586 207
590 208 589 207
593 208 592 207
596 208 596 207
551 211 549 212
554 211 552 212
596 211 596 209
554 213 551 214
568 213 565 213
571 213 568 213
602 213 600 212
540 216 540 216
579 216 577 215
582 216 580 215
585 216 583 214
599 216 597 215
602 216 600 216
604 216 604 216
559 219 568 219
585 219 587 221
599 219 597 218
602 219 600 218
604 219 604 219
559 222 568 223
588 222 589 220
596 222 595 221
599 222 597 221
602 222 600 222
604 222 604 222
534 225 542 223
559 225 568 226
565 225 571 226
571 225 575 226
576 225 580 229
579 225 582 229
602 225 601 224
571 227 574 229
576 227 579 231
579 227 582 231
590 227 592 230
593 227 595 230
568 230 572 231
571 230 574 232
573 230 576 234
593 230 594 233
596 230 597 233
562 233 568 238
531 242 541 239
576 242 585 243
579 242 588 243
596 242 603 242
531 244 541 242
596 244 602 245
602 244 608 248
531 247 541 245
596 247 603 248
610 247 617 245
568 250 572 252
590 250 599 247
607 250 614 247
565 253 571 255
588 253 593 255
596 253 602 250
604 253 611 250
610 256 616 254
616 256 620 254
599 258 605 256
604 258 608 255
607 258 611 255
610 258 614 256
613 258 617 257
590 261 598 259
604 261 608 258
607 261 611 258
610 261 614 259
613 261 617 260
616 261 619 261
590 264 598 262
604 264 607 261
607 264 611 261
610 264 613 262
590 267 599 264
604 267 608 265
607 267 610 265
610 267 613 265
627 267 627 268
596 270 601 268
624 270 625 270
593 273 599 270
619 273 620 272
624 273 625 274
621 275 622 275
624 275 625 276
596 278 594 278
602 278 598 279
619 278 618 279
621 278 621 279
624 278 624 280
588 281 589 281
602 281 601 285
604 281 603 285
607 281 607 283
610 281 610 282
613 281 613 282
616 281 616 282
619 281 618 282
621 281 622 282
627 281 627 283
630 281 629 283
573 284 572 287
590 284 589 287
593 284 592 288
602 284 600 288
607 284 607 286
610 284 609 286
613 284 612 286
616 284 615 286
619 284 618 286
621 284 621 286
627 284 627 286
630 284 630 286
633 284 632 287
638 284 638 287
579 287 580 294
582 287 583 294
599 287 596 284
610 287 609 289
613 287 612 289
616 287 615 289
621 287 621 289
624 287 624 289
627 287 627 289
630 287 630 289
633 287 632 290
635 287 635 290
638 287 638 290
647 287 647 287
551 290 551 291
571 290 571 292
573 290 574 292
576 290 577 296
579 290 579 296
582 290 582 296
585 290 586 296
593 290 592 293
602 290 601 291
604 290 603 294
607 290 606 292
610 290 609 292
613 290 612 292
616 290 615 292
621 290 619 292
624 290 624 292
627 290 627 292
630 290 629 292
633 290 632 292
635 290 635 292
638 290 637 292
641 290 642 293
548 292 548 292
556 292 558 295
565 292 568 297
571 292 571 296
573 292 574 298
576 292 577 298
579 292 580 298
582 292 582 298
585 292 585 298
590 292 589 299
593 292 592 298
596 292 595 298
599 292 598 297
602 292 601 297
604 292 603 297
610 292 609 294
613 292 612 294
616 292 615 295
621 292 618 295
624 292 623 295
627 292 627 295
630 292 630 295
633 292 632 295
635 292 635 295
638 292 637 295
641 292 641 295
647 292 647 296
548 295 548 295
556 295 557 298
568 295 570 301
571 295 572 301
573 295 575 300
576 295 577 301
579 295 580 301
582 295 582 301
599 295 598 300
602 295 600 300
604 295 603 300
607 295 606 300
610 295 608 297
621 295 618 297
627 295 627 297
630 295 630 298
633 295 632 298
635 295 635 298
638 295 637 298
641 295 641 299
644 295 644 298
647 295 647 298
554 298 554 298
559 298 560 301
562 298 563 304
565 298 566 304
568 298 569 304
573 298 575 303
585 298 584 305
596 298 595 302
599 298 598 303
602 298 600 303
604 298 603 303
607 298 606 303
610 298 609 303
613 298 612 300
616 298 615 300
621 298 618 300
627 298 627 300
630 298 629 300
633 298 632 300
635 298 635 301
638 298 637 301
641 298 641 301
644 298 644 301
647 298 647 301
556 301 557 301
565 301 566 306
568 301 569 306
571 301 572 305
573 301 574 306
576 301 577 306
579 301 580 305
588 301 588 306
590 301 591 306
593 301 594 305
599 301 598 305
602 301 601 306
604 301 604 306
607 301 606 305
610 301 609 305
616 301 615 303
619 301 618 304
621 301 620 304
624 301 623 304
627 301 626 303
630 301 629 303
633 301 632 304
635 301 635 304
638 301 637 304
641 301 640 304
644 301 643 304
559 304 559 304
562 304 563 307
571 304 572 308
582 304 582 308
585 304 585 308
588 304 587 310
602 304 601 309
604 304 605 309
610 304 609 309
613 304 612 308
616 304 614 307
621 304 621 307
624 304 624 307
627 304 626 306
630 304 629 306
633 304 632 306
635 304 635 306
638 304 637 306
641 304 640 307
644 304 643 307
647 304 646 307
559 306 559 307
565 306 565 309
568 306 568 309
571 306 572 310
573 306 574 311
576 306 577 311
579 306 580 311
582 306 583 311
585 306 586 310
593 306 593 311
596 306 596 311
602 306 602 312
627 306 627 309
630 306 629 309
633 306 631 309
635 306 635 309
638 306 638 309
641 306 641 310
644 306 644 309
647 306 647 309
565 309 566 312
579 309 579 314
582 309 583 314
585 309 585 314
593 309 594 314
619 309 614 310
621 309 618 311
630 309 629 313
633 309 632 313
635 309 635 312
638 309 638 312
641 309 641 312
644 309 644 312
647 309 647 312
602 312 600 314
616 312 611 312
630 312 629 315
571 315 568 315
635 315 632 316
641 315 641 316
644 315 644 315
647 315 647 315
