466 233 463 253
468 236 462 256
441 239 434 256
457 239 430 259
411 241 414 244
425 241 425 253
430 241 428 255
411 244 411 249
414 244 414 252
400 247 399 260
416 247 414 255
422 247 419 258
425 252 419 264
427 252 424 264
392 255 412 246
397 255 417 247
425 255 419 267
427 255 424 267
425 258 419 269
474 258 465 269
477 258 468 269
389 261 408 253
430 261 422 270
474 261 464 271
477 261 467 272
392 263 410 252
425 263 418 273
427 263 421 273
392 266 409 255
477 266 466 275
485 266 489 292
490 266 483 290
389 269 405 257
474 269 464 279
378 272 378 281
392 272 408 260
427 272 421 285
394 280 410 269
394 282 409 289
416 282 408 266
427 282 418 281
438 282 402 306
441 282 405 305
444 282 432 287
378 285 378 287
416 285 407 280
419 285 410 280
425 285 414 289
427 285 418 284
438 285 429 290
444 285 434 290
419 288 410 282
400 291 414 301
452 293 454 291
460 293 462 306
397 296 409 286
446 296 423 290
435 299 433 305
493 302 493 305
493 304 493 308
444 307 416 315
449 307 422 316
438 310 411 315
479 310 477 299
493 310 493 300
479 313 477 301
403 315 396 310
405 315 399 311
408 315 402 311
414 315 405 311
479 315 462 317
411 318 405 314
482 318 485 305
488 318 487 305
482 321 484 307
493 324 493 314
488 326 484 319
490 326 487 319
493 326 490 319
482 329 464 329
490 329 487 324
383 332 378 333
397 332 390 326
477 332 458 332
479 332 461 332
482 332 466 332
488 332 486 330
490 332 490 331
493 332 493 332
383 335 378 335
405 335 409 335
414 335 415 335
416 335 418 335
427 335 452 334
474 335 455 334
477 335 457 335
479 335 460 335
482 335 466 335
488 335 487 333
490 335 490 334
493 335 493 334
400 337 401 337
419 337 440 337
422 337 443 337
474 337 455 337
477 337 457 337
490 337 490 337
493 337 492 337
