458 77 440 80
493 77 464 50
528 77 511 62
545 77 528 60
476 94 451 70
493 94 467 67
528 94 509 79
580 94 566 72
597 94 585 70
42 111 88 164
441 111 426 119
458 111 440 92
476 111 454 92
528 111 517 105
545 111 535 99
562 111 553 100
580 111 571 91
597 111 590 91
614 111 603 91
77 129 116 176
510 129 502 125
528 129 520 124
545 129 539 121
562 129 558 119
580 129 575 117
597 129 591 116
632 129 613 104
424 146 423 133
458 146 445 117
476 146 459 114
493 146 475 110
528 146 524 139
545 146 542 138
562 146 559 137
580 146 575 135
597 146 589 134
632 146 613 124
458 163 450 132
476 163 464 129
493 163 483 128
545 163 545 155
562 163 563 155
580 163 577 153
614 163 599 150
389 181 389 162
406 181 405 161
476 181 468 150
493 181 482 150
562 181 565 169
580 181 583 166
614 181 598 164
632 181 613 143
319 198 334 181
354 198 360 178
371 198 376 176
389 198 392 175
406 198 408 174
441 198 437 170
458 198 453 169
476 198 469 166
493 198 486 165
562 198 568 187
580 198 583 183
614 198 604 180
632 198 616 160
302 215 318 202
389 215 391 187
406 215 406 184
441 215 439 184
458 215 455 181
476 215 471 179
493 215 486 178
510 215 503 176
528 215 518 174
285 233 305 220
337 233 350 206
354 233 362 203
371 233 378 200
250 250 272 250
267 250 292 243
285 250 306 236
302 250 321 232
337 250 351 223
354 250 365 218
371 250 379 214
389 250 395 212
424 250 425 208
441 250 441 206
458 250 456 204
476 250 473 203
493 250 488 201
510 250 504 201
528 250 521 199
614 250 608 199
250 267 276 263
285 267 309 254
319 267 337 242
337 267 353 239
354 267 366 232
371 267 382 229
389 267 398 226
424 267 426 221
441 267 443 219
458 267 458 218
476 267 474 216
493 267 490 214
528 267 522 216
545 267 545 225
267 285 295 275
319 285 339 259
337 285 355 254
354 285 367 247
371 285 384 245
389 285 398 242
510 285 506 226
233 302 266 289
250 302 282 290
267 302 297 295
285 302 313 294
319 302 342 276
337 302 357 270
354 302 371 264
371 302 388 262
389 302 403 260
424 302 431 252
441 302 446 249
458 302 461 245
476 302 476 242
493 302 492 241
528 302 526 243
545 302 546 251
562 302 562 247
580 302 577 245
597 302 599 255
267 319 299 315
285 319 317 313
302 319 333 309
319 319 342 290
337 319 360 286
389 319 407 278
424 319 433 270
441 319 448 266
458 319 464 262
476 319 478 258
493 319 494 256
545 319 546 264
562 319 565 263
580 319 581 261
302 337 331 331
337 337 362 311
354 337 375 296
371 337 391 295
424 337 436 288
441 337 450 284
458 337 467 281
476 337 481 276
493 337 498 273
528 337 538 286
562 337 568 279
580 337 584 277
267 354 303 344
319 354 349 337
337 354 364 329
354 354 378 316
371 354 394 313
389 354 410 313
424 354 437 306
441 354 454 301
458 354 469 297
476 354 484 294
493 354 500 290
510 354 518 291
528 354 542 302
545 354 559 300
250 371 288 363
267 371 306 361
302 371 334 357
319 371 351 353
337 371 365 344
354 371 382 342
371 371 397 338
389 371 414 335
406 371 428 329
441 371 459 321
458 371 474 316
476 371 488 312
493 371 502 305
510 371 518 303
528 371 543 321
545 371 562 317
580 371 586 333
597 371 606 314
215 389 253 384
233 389 277 376
250 389 291 376
267 389 308 377
302 389 335 370
319 389 353 370
337 389 369 364
354 389 385 360
371 389 400 357
389 389 416 353
406 389 431 349
441 389 462 339
458 389 478 336
476 389 491 329
493 389 505 323
545 389 564 336
597 389 607 332
614 389 624 328
215 406 258 400
233 406 272 395
302 406 349 389
337 406 370 384
354 406 387 378
371 406 403 375
389 406 419 372
441 406 464 359
476 406 496 348
510 406 529 340
528 406 550 357
545 406 567 353
632 406 648 365
198 424 248 442
233 424 301 433
337 424 371 399
354 424 390 396
371 424 405 394
389 424 422 390
406 424 438 387
441 424 468 378
458 424 486 374
476 424 498 364
493 424 511 360
510 424 537 380
528 424 552 374
545 424 569 374
215 441 262 421
233 441 279 420
267 441 301 418
285 441 316 418
302 441 338 427
354 441 393 414
441 441 472 401
458 441 490 400
476 441 507 400
493 441 521 388
510 441 538 396
528 441 556 393
562 441 578 392
580 441 592 368
597 441 610 365
614 441 628 383
632 441 644 385
198 458 265 459
215 458 283 453
233 458 301 452
337 458 376 423
389 458 412 423
406 458 437 419
424 458 457 419
441 458 473 419
458 458 491 420
476 458 509 421
510 458 539 414
528 458 557 408
614 458 634 400
198 476 273 475
215 476 288 472
354 476 397 438
510 476 517 476
