181 25 252 85
198 25 267 87
354 25 413 39
406 25 455 31
441 25 488 26
476 25 521 70
493 25 541 68
510 25 563 68
528 25 574 64
580 25 628 62
597 25 650 51
406 42 461 50
441 42 489 43
493 42 545 88
510 42 562 85
562 42 610 71
580 42 629 79
597 42 650 68
319 59 377 82
354 59 405 82
371 59 422 81
406 59 457 64
424 59 476 64
528 59 577 91
545 59 594 93
562 59 610 92
597 59 648 93
215 77 279 136
285 77 347 100
302 77 359 100
319 77 376 99
337 77 391 98
371 77 423 95
424 77 474 87
441 77 492 90
458 77 508 90
528 77 579 108
545 77 596 111
562 77 614 110
267 94 330 114
285 94 344 115
302 94 359 114
319 94 376 113
337 94 392 112
354 94 409 110
441 94 495 106
458 94 512 106
476 94 529 104
528 94 579 128
545 94 597 128
562 94 614 127
580 94 634 125
233 111 293 133
250 111 311 130
267 111 326 130
285 111 342 128
302 111 360 128
319 111 376 127
337 111 394 126
371 111 425 124
389 111 443 123
406 111 460 123
424 111 478 122
441 111 495 121
458 111 514 120
476 111 529 119
493 111 547 118
528 111 581 146
545 111 598 145
580 111 633 141
215 129 278 149
233 129 295 147
250 129 312 146
302 129 361 143
319 129 377 143
337 129 392 140
389 129 442 138
406 129 461 137
424 129 479 137
441 129 495 135
458 129 514 135
493 129 551 135
528 129 581 164
545 129 598 164
215 146 278 167
233 146 295 163
267 146 326 159
285 146 344 157
476 146 534 150
493 146 550 154
528 146 581 179
545 146 598 178
562 146 620 172
198 163 267 186
215 163 279 186
233 163 295 182
250 163 311 178
267 163 327 174
285 163 344 173
302 163 360 172
337 163 393 170
354 163 410 170
371 163 428 169
389 163 445 168
406 163 463 167
424 163 481 167
441 163 501 165
458 163 518 164
510 163 567 175
562 163 622 188
181 181 248 208
198 181 265 205
215 181 279 205
233 181 296 200
250 181 311 197
267 181 328 191
285 181 343 189
302 181 361 187
319 181 378 187
337 181 396 185
354 181 412 184
389 181 447 183
406 181 465 184
424 181 484 183
441 181 501 183
458 181 520 182
510 181 568 197
528 181 585 196
545 181 607 192
129 198 207 228
146 198 222 226
181 198 249 227
198 198 263 224
215 198 282 228
233 198 295 219
250 198 310 214
267 198 328 213
285 198 344 209
302 198 362 204
319 198 378 203
337 198 396 202
354 198 413 201
371 198 431 200
389 198 448 199
406 198 466 200
424 198 484 198
441 198 502 198
458 198 520 199
476 198 539 204
493 198 557 208
510 198 578 208
528 198 596 207
545 198 611 209
129 215 205 242
163 215 233 242
181 215 247 243
198 215 263 244
215 215 280 248
250 215 312 233
267 215 329 230
285 215 345 227
302 215 363 224
319 215 383 224
337 215 399 223
354 215 415 220
371 215 431 217
389 215 450 216
424 215 485 215
441 215 503 214
458 215 521 215
476 215 540 222
493 215 559 225
510 215 577 224
528 215 596 223
146 233 214 259
163 233 229 260
198 233 263 262
215 233 278 265
250 233 313 251
285 233 343 245
319 233 378 243
337 233 399 242
354 233 418 241
389 233 450 235
406 233 470 234
424 233 486 233
441 233 506 233
458 233 523 235
476 233 541 240
493 233 560 242
510 233 578 241
528 233 597 240
198 250 267 300
215 250 279 284
233 250 298 283
267 250 331 269
285 250 346 262
302 250 364 262
337 250 397 261
354 250 414 262
371 250 431 258
389 250 450 257
406 250 468 253
424 250 489 251
441 250 505 251
458 250 525 254
476 250 542 259
493 250 560 261
510 250 578 261
215 267 282 299
233 267 300 300
250 267 313 297
267 267 331 294
285 267 348 280
319 267 379 281
337 267 396 280
354 267 411 279
371 267 431 276
389 267 450 277
406 267 471 275
424 267 490 271
441 267 508 270
476 267 546 278
493 267 563 281
510 267 581 279
528 267 601 281
545 267 619 282
198 285 251 334
215 285 285 315
233 285 303 317
267 285 325 311
285 285 344 311
302 285 360 307
319 285 380 307
337 285 397 304
354 285 417 303
371 285 432 302
389 285 451 299
424 285 493 297
441 285 513 299
458 285 532 298
476 285 546 301
493 285 565 298
510 285 585 294
528 285 603 298
545 285 624 299
562 285 641 299
198 302 265 331
215 302 281 329
233 302 300 335
250 302 318 334
285 302 346 332
302 302 364 330
319 302 381 328
337 302 399 326
354 302 416 325
371 302 435 323
389 302 452 322
406 302 475 315
424 302 492 315
458 302 530 312
493 302 565 321
510 302 587 312
528 302 605 315
545 302 624 316
562 302 644 317
163 319 231 355
233 319 292 349
250 319 319 352
267 319 337 352
302 319 364 348
319 319 381 349
337 319 399 346
354 319 418 346
371 319 436 343
389 319 454 341
406 319 475 340
424 319 493 338
458 319 530 329
493 319 566 347
510 319 588 329
528 319 606 333
545 319 627 334
562 319 645 333
146 337 215 375
181 337 235 373
198 337 269 367
215 337 285 364
233 337 301 367
250 337 320 368
267 337 337 363
302 337 359 366
319 337 377 365
337 337 399 367
354 337 417 366
371 337 436 364
406 337 478 361
424 337 496 357
458 337 534 356
476 337 552 361
493 337 568 366
510 337 589 350
528 337 608 350
545 337 628 352
562 337 647 366
146 354 216 396
181 354 234 388
198 354 268 381
215 354 286 382
233 354 302 383
250 354 325 384
267 354 344 384
302 354 356 385
319 354 396 383
354 354 419 386
371 354 438 385
389 354 453 385
406 354 470 388
424 354 497 374
441 354 517 374
458 354 534 377
476 354 551 380
493 354 569 382
510 354 591 382
528 354 610 370
545 354 631 371
562 354 650 401
146 371 216 412
181 371 238 402
198 371 258 401
215 371 288 399
233 371 302 401
267 371 324 401
285 371 341 402
302 371 360 401
319 371 392 399
337 371 407 401
354 371 424 400
406 371 480 405
424 371 504 396
441 371 520 391
458 371 538 390
476 371 554 396
493 371 571 400
528 371 608 398
545 371 626 400
562 371 651 419
233 389 293 418
250 389 313 417
267 389 330 419
285 389 346 419
302 389 363 414
319 389 381 416
337 389 401 418
354 389 419 421
371 389 446 416
389 389 456 425
424 389 503 409
441 389 518 407
458 389 537 409
476 389 556 420
493 389 575 417
510 389 593 409
528 389 613 421
545 389 632 419
181 406 240 436
198 406 254 437
215 406 273 440
250 406 314 435
267 406 332 435
285 406 346 436
302 406 361 435
319 406 383 436
337 406 401 436
354 406 419 431
371 406 440 437
389 406 463 433
441 406 517 426
458 406 539 428
476 406 558 440
493 406 572 441
510 406 596 428
545 406 635 431
198 424 258 456
215 424 277 458
233 424 292 457
250 424 309 458
267 424 330 455
285 424 344 454
302 424 364 452
319 424 383 452
337 424 400 452
354 424 418 454
371 424 440 452
389 424 456 450
406 424 485 447
424 424 503 440
441 424 520 444
458 424 542 448
233 441 291 475
250 441 308 474
302 441 366 468
319 441 383 469
337 441 400 470
354 441 417 466
371 441 439 469
406 441 483 462
424 441 502 461
441 441 520 461
458 441 539 466
476 441 560 466
389 458 469 469
267 476 274 476
424 476 509 478
441 476 541 475
458 476 555 475
