337 25 448 19
389 25 463 57
406 25 480 57
424 25 499 55
441 25 516 53
476 25 543 104
510 25 579 104
580 25 648 97
597 25 666 96
354 42 435 97
371 42 450 97
389 42 465 75
406 42 480 73
424 42 497 70
528 42 595 102
545 42 614 105
562 42 634 106
337 59 418 110
354 59 434 110
371 59 449 109
389 59 465 93
406 59 482 90
424 59 498 89
476 59 560 102
528 59 596 122
545 59 617 124
562 59 633 124
580 59 649 123
597 59 668 120
424 77 502 110
528 77 603 140
545 77 620 142
562 77 636 141
580 77 650 140
267 94 362 139
302 94 388 138
319 94 405 138
337 94 419 136
354 94 436 134
371 94 451 133
441 94 519 130
562 94 635 157
580 94 655 155
233 111 330 154
250 111 344 153
267 111 360 153
302 111 388 150
319 111 404 150
337 111 421 148
354 111 436 148
371 111 452 147
389 111 468 146
406 111 485 145
424 111 500 144
441 111 519 144
458 111 535 142
476 111 553 141
493 111 571 142
545 111 620 177
562 111 635 175
580 111 655 170
215 129 315 171
233 129 330 168
250 129 345 168
267 129 359 165
302 129 390 165
319 129 405 163
337 129 420 162
354 129 435 160
371 129 452 161
389 129 469 160
406 129 487 158
424 129 502 158
441 129 518 157
458 129 537 156
476 129 554 155
493 129 572 156
528 129 605 194
545 129 620 191
562 129 637 188
580 129 651 203
215 146 314 189
233 146 329 183
250 146 344 179
354 146 437 175
371 146 454 174
424 146 503 172
493 146 573 171
510 146 596 176
198 163 302 208
215 163 315 207
250 163 344 199
285 163 375 190
302 163 390 189
319 163 407 189
337 163 421 187
389 163 471 187
406 163 487 186
441 163 524 183
458 163 540 182
476 163 558 184
163 181 267 237
181 181 284 225
198 181 300 223
215 181 314 224
233 181 329 218
285 181 373 205
302 181 390 204
319 181 407 203
337 181 423 201
354 181 439 200
371 181 455 200
389 181 472 200
406 181 489 200
424 181 506 199
441 181 524 199
458 181 541 199
476 181 559 201
181 198 283 244
198 198 298 244
215 198 314 245
233 198 328 235
267 198 358 229
285 198 373 224
302 198 391 219
319 198 407 219
337 198 423 218
354 198 440 217
371 198 456 215
389 198 473 215
406 198 489 215
424 198 507 214
441 198 524 213
458 198 542 215
476 198 561 222
493 198 579 228
528 198 619 226
545 198 634 229
146 215 252 259
163 215 268 260
181 215 281 261
215 215 314 272
267 215 358 244
285 215 375 242
302 215 390 237
319 215 409 238
337 215 424 236
354 215 440 235
371 215 457 232
389 215 474 230
406 215 491 231
424 215 508 229
441 215 526 229
458 215 543 230
476 215 564 241
493 215 581 242
510 215 599 241
528 215 619 241
181 233 267 280
198 233 295 280
215 233 312 287
267 233 358 263
285 233 375 258
302 233 392 258
319 233 409 257
337 233 425 256
354 233 441 254
371 233 457 250
389 233 474 248
406 233 493 246
424 233 509 245
441 233 528 245
458 233 545 249
493 233 582 259
510 233 601 258
528 233 621 258
198 250 287 294
285 250 375 275
302 250 393 277
319 250 409 276
337 250 425 277
354 250 443 276
371 250 457 271
389 250 478 272
406 250 492 265
424 250 512 263
441 250 528 264
458 250 548 269
476 250 566 277
493 250 584 278
510 250 602 279
215 267 316 316
250 267 342 316
267 267 358 312
285 267 373 297
302 267 392 296
319 267 407 295
337 267 425 296
354 267 442 299
371 267 460 293
389 267 476 291
406 267 494 288
424 267 511 284
441 267 531 283
476 267 572 299
493 267 588 300
510 267 605 300
528 267 625 302
198 285 291 333
215 285 309 334
233 285 324 333
250 285 340 333
267 285 353 331
285 285 375 331
302 285 389 325
319 285 408 324
337 285 423 320
354 285 443 319
371 285 459 317
389 285 478 311
406 285 495 309
424 285 516 308
441 285 536 307
458 285 553 304
476 285 571 318
493 285 589 319
510 285 609 318
528 285 626 318
545 285 652 318
181 302 268 366
198 302 293 352
215 302 307 348
233 302 322 350
250 302 339 349
267 302 357 348
285 302 375 352
302 302 391 347
319 302 407 346
337 302 425 343
354 302 442 342
371 302 460 340
389 302 478 338
406 302 500 327
424 302 515 327
441 302 535 325
458 302 553 323
493 302 589 351
510 302 610 337
528 302 630 333
545 302 651 335
163 319 253 386
198 319 290 369
215 319 308 368
233 319 340 369
250 319 357 366
267 319 378 383
285 319 378 366
302 319 391 367
319 319 408 367
337 319 426 364
354 319 443 364
371 319 461 361
389 319 479 358
424 319 519 354
441 319 535 344
458 319 553 340
493 319 592 368
510 319 612 354
528 319 631 351
562 319 676 362
181 337 275 386
215 337 310 383
233 337 324 383
250 337 358 383
302 337 392 383
319 337 408 385
337 337 425 386
354 337 445 386
371 337 462 383
406 337 505 377
424 337 521 371
458 337 553 366
476 337 575 386
493 337 595 388
510 337 613 370
146 354 250 422
198 354 289 399
215 354 309 398
233 354 347 398
250 354 362 402
267 354 379 402
319 354 413 401
337 354 429 402
371 354 464 406
389 354 479 407
406 354 501 406
424 354 521 406
441 354 543 410
458 354 556 407
476 354 575 406
493 354 596 405
510 354 615 403
528 354 639 385
545 354 658 388
146 371 254 439
163 371 255 407
198 371 290 419
215 371 312 418
233 371 326 419
250 371 361 417
285 371 379 417
302 371 395 417
319 371 412 416
337 371 429 420
354 371 447 419
371 371 464 424
389 371 482 424
406 371 504 424
441 371 543 424
493 371 605 423
510 371 623 419
528 371 643 417
198 389 291 438
215 389 310 438
250 389 329 439
267 389 347 437
285 389 381 433
302 389 394 433
319 389 411 437
337 389 428 438
354 389 445 435
371 389 464 443
389 389 484 443
406 389 506 444
424 389 526 442
441 389 541 440
458 389 562 425
493 389 607 436
510 389 632 433
528 389 648 437
545 389 666 431
562 389 686 434
215 406 306 459
250 406 329 459
285 406 383 453
302 406 398 451
337 406 424 452
354 406 445 453
476 406 582 460
493 406 611 455
510 406 631 450
528 406 650 448
545 406 667 447
198 424 275 460
215 424 291 460
302 424 400 470
319 424 416 470
354 424 440 466
371 424 455 467
424 424 525 463
233 441 296 475
181 476 386 474
406 476 523 477
441 476 578 476
458 476 593 477
