559 202 557 201
554 205 551 200
556 205 555 200
571 205 571 199
579 205 576 198
554 208 551 204
556 208 554 204
559 208 558 204
562 208 562 203
565 208 565 203
568 208 568 202
573 208 572 202
576 208 574 201
579 208 576 201
582 208 579 200
548 211 542 209
551 211 546 209
556 211 555 207
559 211 559 206
562 211 562 206
565 211 565 206
573 211 571 204
576 211 574 204
579 211 577 203
585 211 582 202
562 213 562 209
576 213 574 207
582 213 579 205
585 213 582 205
534 216 533 209
540 216 540 210
542 216 542 211
556 216 556 211
579 216 576 207
582 216 578 208
585 216 582 208
588 216 585 209
537 219 537 213
540 219 540 213
551 219 551 213
568 219 565 210
571 219 568 210
573 219 571 210
579 219 576 210
534 222 534 215
537 222 537 215
540 222 540 216
542 222 543 215
545 222 545 216
548 222 548 215
554 222 554 216
556 222 556 216
571 222 568 213
573 222 571 213
579 222 574 212
585 222 582 213
588 222 584 213
590 222 588 216
528 225 528 218
531 225 530 218
534 225 533 218
537 225 537 218
540 225 540 218
542 225 543 218
545 225 545 218
579 225 574 215
582 225 577 215
585 225 582 215
588 225 584 216
590 225 588 219
528 227 528 220
531 227 531 220
534 227 533 221
537 227 537 221
540 227 540 221
573 227 562 221
576 227 571 218
579 227 574 218
582 227 577 217
590 227 588 222
593 227 591 222
537 230 536 223
579 230 573 220
582 230 577 220
588 230 583 224
596 230 596 229
528 233 528 223
531 233 531 224
545 233 545 221
548 233 548 221
554 233 550 220
562 233 559 221
579 233 574 223
582 233 577 224
596 233 594 227
528 236 527 227
531 236 530 227
534 236 533 227
548 236 546 224
562 236 558 224
571 236 566 224
582 236 577 227
585 236 580 227
596 236 590 224
599 236 598 233
531 239 528 229
534 239 531 229
548 239 545 227
551 239 548 227
556 239 552 227
568 239 550 232
596 239 591 227
542 242 539 230
548 242 545 229
551 242 548 229
554 242 550 229
556 242 553 229
602 242 602 236
528 244 528 235
531 244 531 240
540 244 537 233
542 244 539 232
545 244 542 232
548 244 545 232
551 244 548 232
534 247 534 246
537 247 534 238
542 247 536 236
545 247 543 235
548 247 545 234
554 247 550 235
573 247 557 239
596 247 590 238
599 247 593 239
624 247 624 247
531 250 534 252
542 250 536 238
545 250 539 238
548 250 543 238
616 250 622 245
627 250 627 250
548 253 542 241
576 253 575 267
630 253 629 253
528 256 528 266
565 256 565 247
573 256 573 269
576 256 576 269
528 258 529 268
548 258 550 248
565 258 571 252
582 258 579 250
599 258 603 242
624 258 625 256
630 258 629 256
531 261 532 269
534 261 536 269
545 261 553 259
627 261 627 259
630 261 630 260
635 261 636 261
528 264 528 274
545 264 553 261
624 264 624 259
627 264 626 261
630 264 630 262
633 264 633 262
635 264 635 264
638 264 638 264
641 264 641 265
644 264 643 265
540 267 545 266
542 267 550 267
548 267 554 263
551 267 556 264
554 267 559 263
599 267 604 255
621 267 621 261
624 267 624 262
627 267 627 263
630 267 630 265
633 267 633 265
635 267 635 267
638 267 638 267
641 267 641 267
644 267 644 267
548 270 554 266
551 270 556 266
571 270 579 261
576 270 568 260
616 270 615 264
619 270 618 264
621 270 622 265
624 270 624 267
627 270 627 267
630 270 630 268
635 270 636 269
638 270 638 270
641 270 641 270
644 270 644 270
545 273 552 269
551 273 556 269
554 273 559 269
610 273 605 270
616 273 616 269
619 273 619 270
621 273 621 269
624 273 624 270
627 273 628 271
633 273 633 272
635 273 636 272
638 273 639 272
641 273 642 273
644 273 645 273
647 273 647 273
528 275 528 280
542 275 549 273
545 275 552 272
551 275 556 272
588 275 588 266
602 275 604 261
613 275 613 276
619 275 619 273
621 275 622 274
627 275 629 276
635 275 636 275
638 275 639 276
641 275 642 276
644 275 645 276
647 275 647 275
542 278 550 275
545 278 552 275
588 278 588 269
596 278 595 266
616 278 617 279
621 278 622 279
627 278 629 278
630 278 632 279
633 278 634 279
635 278 637 279
641 278 641 279
644 278 644 278
647 278 647 278
542 281 547 278
545 281 552 278
585 281 585 273
588 281 588 272
590 281 590 273
602 281 595 275
607 281 609 282
610 281 612 282
621 281 623 282
624 281 626 282
627 281 629 282
630 281 632 282
633 281 634 281
635 281 637 281
638 281 640 281
644 281 644 281
647 281 647 281
545 284 553 281
548 284 555 281
551 284 558 280
554 284 561 281
602 284 604 279
604 284 608 280
613 284 615 285
616 284 618 285
619 284 621 285
621 284 624 285
624 284 626 285
627 284 629 285
633 284 636 285
635 284 638 284
638 284 640 284
644 284 645 284
647 284 647 285
545 287 553 284
551 287 559 284
590 287 585 281
602 287 604 282
613 287 615 290
616 287 618 289
619 287 620 288
621 287 624 288
624 287 627 287
633 287 635 287
635 287 638 287
638 287 640 287
644 287 645 288
647 287 647 287
548 290 556 287
556 290 563 286
559 290 566 286
588 290 590 281
596 290 598 290
602 290 604 292
604 290 607 293
607 290 610 293
610 290 612 293
613 290 615 292
619 290 620 291
621 290 624 291
635 290 638 290
638 290 640 290
644 290 644 291
647 290 647 291
548 292 553 289
551 292 556 289
554 292 559 290
556 292 562 290
559 292 566 289
593 292 596 292
602 292 604 295
604 292 606 296
610 292 612 295
616 292 618 293
619 292 621 293
621 292 624 293
624 292 627 293
627 292 630 293
630 292 632 291
633 292 635 293
635 292 638 293
638 292 640 293
644 292 644 293
647 292 647 296
545 295 549 292
554 295 559 293
556 295 562 294
559 295 565 294
562 295 568 293
565 295 570 292
568 295 573 292
590 295 593 295
593 295 596 295
596 295 599 298
599 295 602 298
602 295 604 298
604 295 607 298
607 295 610 298
610 295 612 297
613 295 615 297
616 295 618 296
619 295 621 296
621 295 624 295
624 295 627 296
630 295 632 296
633 295 635 296
635 295 638 296
638 295 640 296
644 295 644 295
647 295 647 300
545 298 550 295
554 298 555 297
559 298 564 298
562 298 567 298
571 298 576 298
590 298 594 300
593 298 597 300
599 298 602 301
602 298 605 301
604 298 607 301
607 298 610 300
610 298 613 300
613 298 616 300
616 298 618 299
619 298 621 298
621 298 624 298
630 298 633 299
633 298 635 299
635 298 639 299
638 298 641 299
644 298 643 299
554 301 556 301
556 301 558 297
559 301 561 297
562 301 567 301
568 301 573 300
573 301 579 300
576 301 581 301
585 301 590 301
588 301 592 303
590 301 595 303
593 301 597 303
596 301 600 303
607 301 610 303
610 301 613 303
619 301 621 301
621 301 624 301
624 301 627 301
627 301 630 301
630 301 632 301
633 301 635 301
635 301 638 301
638 301 641 302
644 301 644 301
647 301 647 301
556 304 558 301
559 304 561 301
562 304 567 303
565 304 571 303
568 304 573 303
571 304 577 303
573 304 581 304
579 304 585 303
582 304 588 304
585 304 590 304
588 304 593 306
590 304 595 306
593 304 597 306
596 304 600 306
607 304 612 307
610 304 614 307
616 304 617 304
621 304 624 304
624 304 627 305
627 304 629 304
630 304 632 304
633 304 634 303
635 304 638 303
638 304 640 304
644 304 644 304
647 304 647 304
562 306 563 306
565 306 571 307
568 306 573 306
571 306 577 306
573 306 580 306
579 306 585 306
585 306 591 307
599 306 603 307
604 306 607 307
610 306 615 310
613 306 618 310
619 306 620 307
621 306 623 307
624 306 627 307
627 306 629 307
630 306 632 307
633 306 635 306
635 306 638 307
638 306 641 308
641 306 644 308
647 306 647 307
562 309 564 308
565 309 567 308
568 309 573 309
571 309 576 308
573 309 579 308
576 309 582 308
579 309 584 309
582 309 588 309
588 309 593 310
590 309 595 310
596 309 600 310
599 309 603 310
604 309 607 310
619 309 621 311
621 309 624 310
624 309 626 310
627 309 629 310
630 309 632 310
633 309 635 310
635 309 638 311
638 309 641 311
644 309 644 310
647 309 647 310
565 312 567 311
568 312 570 311
571 312 576 311
573 312 579 312
576 312 581 312
579 312 584 312
582 312 587 313
585 312 592 312
590 312 595 313
593 312 597 313
599 312 601 312
602 312 604 312
604 312 607 312
607 312 611 313
610 312 614 313
613 312 617 313
619 312 622 314
621 312 624 313
624 312 627 313
627 312 630 313
630 312 632 313
633 312 635 313
635 312 638 313
638 312 641 314
644 312 644 312
647 312 647 312
568 315 570 315
571 315 575 315
573 315 578 315
576 315 581 315
579 315 584 315
582 315 587 316
585 315 590 316
588 315 592 315
590 315 594 315
593 315 597 315
599 315 600 315
602 315 604 315
604 315 607 315
607 315 611 315
616 315 620 315
619 315 623 316
627 315 629 316
630 315 632 316
633 315 635 316
635 315 638 316
641 315 640 315
644 315 644 315
647 315 647 315
