1.000000000000000000e+00 0.000000000000000000e+00 0.000000000000000000e+00 -2.022774517536163330e-01
0.000000000000000000e+00 1.000000000000000000e+00 0.000000000000000000e+00 -2.555054239928722382e-02
0.000000000000000000e+00 0.000000000000000000e+00 1.000000000000000000e+00 -5.562111139297485352e-01
0.000000000000000000e+00 0.000000000000000000e+00 0.000000000000000000e+00 1.000000000000000000e+00
9.991908669471740723e-01 -3.554646670818328857e-02 1.881939917802810669e-02 -2.036802023649215698e-01
3.431272506713867188e-02 9.974702596664428711e-01 6.225564330816268921e-02 -6.217138841748237610e-02
-2.098472975194454193e-02 -6.155953556299209595e-02 9.978829026222229004e-01 -5.285038948059082031e-01
0.000000000000000000e+00 0.000000000000000000e+00 0.000000000000000000e+00 1.000000000000000000e+00
9.937219619750976562e-01 -5.873767286539077759e-02 -9.521821886301040649e-02 -1.390784680843353271e-01
6.655587255954742432e-02 9.944791793823242188e-01 8.112533390522003174e-02 -7.214836031198501587e-02
8.992741256952285767e-02 -8.695337176322937012e-02 9.921451807022094727e-01 -5.437628030776977539e-01
0.000000000000000000e+00 0.000000000000000000e+00 0.000000000000000000e+00 1.000000000000000000e+00
9.512097835540771484e-01 -6.869731843471527100e-02 -3.007999658584594727e-01 -1.711114682257175446e-02
1.243076696991920471e-01 9.776023030281066895e-01 1.698271930217742920e-01 -1.253786087036132812e-01
2.823960781097412109e-01 -1.989330351352691650e-01 9.384444952011108398e-01 -5.438293814659118652e-01
0.000000000000000000e+00 0.000000000000000000e+00 0.000000000000000000e+00 1.000000000000000000e+00
9.238679409027099609e-01 -1.316829472780227661e-01 -3.593433201313018799e-01 2.145279385149478912e-02
2.261400520801544189e-01 9.453269243240356445e-01 2.349844127893447876e-01 -1.826537847518920898e-01
3.087534606456756592e-01 -2.983565032482147217e-01 9.031360149383544922e-01 -5.251053571701049805e-01
0.000000000000000000e+00 0.000000000000000000e+00 0.000000000000000000e+00 1.000000000000000000e+00
9.863469004631042480e-01 -1.107005551457405090e-01 -1.219223365187644958e-01 -1.159245744347572327e-01
1.367909312248229980e-01 9.629805684089660645e-01 2.322853207588195801e-01 -1.636860668659210205e-01
9.169466793537139893e-02 -2.457918226718902588e-01 9.649757742881774902e-01 -5.088548064231872559e-01
0.000000000000000000e+00 0.000000000000000000e+00 0.000000000000000000e+00 1.000000000000000000e+00
9.872779250144958496e-01 -1.414074003696441650e-01 -7.270670682191848755e-02 -1.422392576932907104e-01
1.511001437902450562e-01 9.767469763755798340e-01 1.520985662937164307e-01 -1.218002736568450928e-01
4.950818046927452087e-02 -1.611495614051818848e-01 9.856874346733093262e-01 -5.143712759017944336e-01
0.000000000000000000e+00 0.000000000000000000e+00 0.000000000000000000e+00 1.000000000000000000e+00
9.467444419860839844e-01 -1.878090947866439819e-01 2.615387439727783203e-01 -3.102372288703918457e-01
1.693293601274490356e-01 9.812843799591064453e-01 9.169763326644897461e-02 -8.689452707767486572e-02
-2.738655507564544678e-01 -4.252798110246658325e-02 9.608271718025207520e-01 -4.447184503078460693e-01
0.000000000000000000e+00 0.000000000000000000e+00 0.000000000000000000e+00 1.000000000000000000e+00
9.333860278129577637e-01 -2.808822393417358398e-01 2.233729660511016846e-01 -2.807427942752838135e-01
2.472243160009384155e-01 9.544383287429809570e-01 1.671152114868164062e-01 -1.402039527893066406e-01
-2.601354718208312988e-01 -1.007596924901008606e-01 9.603004455566406250e-01 -4.397378861904144287e-01
0.000000000000000000e+00 0.000000000000000000e+00 0.000000000000000000e+00 1.000000000000000000e+00
9.385858774185180664e-01 -3.296221494674682617e-01 1.020086333155632019e-01 -2.155189365148544312e-01
3.061003684997558594e-01 9.318711161613464355e-01 1.947273463010787964e-01 -1.659757643938064575e-01
-1.592454016208648682e-01 -1.515434235334396362e-01 9.755385518074035645e-01 -4.591887891292572021e-01
0.000000000000000000e+00 0.000000000000000000e+00 0.000000000000000000e+00 1.000000000000000000e+00
