579 208 576 198
537 211 537 210
545 211 540 209
548 211 543 210
556 211 557 204
573 211 566 203
582 211 578 201
534 213 534 213
537 213 537 213
542 213 540 212
551 213 546 211
556 213 553 208
571 213 565 207
579 213 572 203
588 213 581 202
596 213 588 200
534 216 534 216
537 216 536 216
554 216 549 212
556 216 553 212
565 216 559 209
576 216 571 207
579 216 574 207
596 216 588 203
534 219 534 219
537 219 536 218
542 219 544 216
548 219 545 217
551 219 548 217
554 219 552 213
556 219 555 214
573 219 568 210
576 219 571 210
579 219 574 210
588 219 578 207
590 219 583 208
596 219 588 207
531 222 532 221
537 222 539 219
540 222 542 219
548 222 546 219
554 222 551 217
556 222 554 217
559 222 557 217
573 222 569 213
576 222 572 213
579 222 575 213
588 222 579 210
590 222 583 211
596 222 589 210
599 222 593 210
531 225 532 224
534 225 535 224
537 225 539 223
540 225 543 222
548 225 547 222
551 225 551 220
556 225 555 220
565 225 561 215
568 225 564 215
571 225 568 216
576 225 573 216
579 225 576 216
588 225 580 214
590 225 583 214
596 225 589 213
602 225 592 212
604 225 595 213
528 227 529 227
531 227 532 228
534 227 535 227
540 227 538 225
551 227 550 224
554 227 554 224
568 227 565 218
571 227 568 218
573 227 570 219
588 227 580 218
590 227 582 217
596 227 589 215
607 227 597 216
528 230 528 232
531 230 532 230
534 230 535 230
540 230 539 229
542 230 541 228
545 230 544 229
548 230 547 226
551 230 551 226
554 230 554 226
576 230 574 221
588 230 582 220
542 233 540 231
548 233 548 230
562 233 561 224
568 233 566 225
576 233 573 223
579 233 576 223
590 233 585 221
596 233 594 224
556 236 550 232
576 236 573 226
579 236 575 226
582 236 578 226
585 236 583 224
610 236 604 241
616 236 607 242
531 239 536 244
534 239 540 242
554 239 553 233
559 239 556 234
562 239 559 234
565 239 562 233
568 239 565 231
576 239 573 229
579 239 575 229
582 239 578 229
585 239 584 227
616 239 607 245
531 242 536 246
551 242 547 236
556 242 556 236
562 242 559 236
565 242 562 236
582 242 577 232
585 242 580 232
588 242 584 231
590 242 587 231
610 242 604 247
534 244 542 250
542 244 547 241
548 244 544 239
556 244 556 238
579 244 567 237
582 244 577 235
585 244 580 235
588 244 584 234
590 244 587 233
593 244 590 233
559 247 558 245
585 247 580 239
590 247 587 236
619 247 606 252
551 250 561 252
590 250 589 240
607 250 586 271
576 253 569 254
607 253 585 273
616 253 597 272
585 256 586 239
602 256 605 261
604 256 585 276
613 256 594 275
616 256 597 275
542 258 554 261
548 258 559 259
576 258 568 259
613 258 594 278
537 261 541 259
540 261 543 260
540 264 543 263
540 267 543 268
559 267 578 266
602 267 592 247
604 267 597 247
607 267 600 247
627 267 631 284
542 270 546 269
556 270 576 270
559 270 579 270
604 270 596 250
607 270 600 253
630 270 637 288
551 273 571 272
554 273 573 272
556 273 576 272
559 273 578 272
573 273 566 250
633 273 628 278
635 273 634 279
534 275 551 276
545 275 567 275
551 275 570 274
556 275 574 275
571 275 562 253
573 275 565 253
635 275 633 282
638 275 637 281
542 278 564 277
559 278 579 276
635 278 633 285
540 281 560 282
556 281 575 279
559 281 579 279
638 281 636 286
540 284 562 283
545 284 566 280
548 284 569 280
551 284 572 280
554 284 575 281
556 284 579 282
641 284 639 285
545 287 566 283
548 287 569 283
551 287 573 283
545 290 566 286
548 290 569 286
644 290 643 290
647 290 646 289
537 292 559 290
545 292 566 289
548 292 568 289
551 292 572 289
556 292 578 289
644 292 643 292
647 292 646 293
537 295 559 293
540 295 561 292
554 295 575 292
602 295 604 299
641 295 641 295
644 295 644 295
647 295 647 295
545 298 565 294
554 298 575 294
644 298 645 298
647 298 648 298
537 301 553 291
540 301 556 292
545 301 565 296
551 301 571 298
554 301 574 297
559 301 578 295
562 301 581 295
565 301 584 296
540 304 555 297
545 304 564 299
548 304 567 300
551 304 570 300
554 304 573 300
562 304 580 300
565 304 583 300
568 304 586 300
573 304 589 301
576 304 592 302
579 304 595 302
542 306 557 304
551 306 569 303
554 306 572 303
559 306 577 303
562 306 580 303
565 306 582 303
568 306 585 304
576 306 591 308
579 306 594 306
582 306 597 308
621 306 610 307
551 309 569 306
556 309 574 306
559 309 577 306
562 309 579 307
565 309 582 306
568 309 585 307
576 309 591 310
616 309 607 309
619 309 609 310
554 312 570 309
556 312 573 309
559 312 576 310
562 312 578 309
565 312 582 310
568 312 584 310
573 312 587 313
579 312 593 312
582 312 596 312
585 312 599 312
554 315 569 314
556 315 573 312
559 315 575 312
562 315 577 313
565 315 580 313
571 315 584 315
573 315 586 316
579 315 593 315
585 315 599 315
588 315 602 315
624 315 630 315
