542 258 554 261
548 258 559 259
548 292 568 289
540 295 561 292
545 298 565 294
545 301 565 296
545 304 564 299
548 304 567 300
551 306 569 303
554 306 572 303
579 306 594 306
582 306 597 308
551 309 569 306
556 309 574 306
559 309 577 306
562 309 579 307
576 309 591 310
554 312 570 309
559 312 576 310
562 312 578 309
565 312 582 310
568 312 584 310
573 312 587 313
579 312 593 312
582 312 596 312
585 312 599 312
565 315 580 313
571 315 584 315
573 315 586 316
579 315 593 315
585 315 599 315
588 315 602 315
