0.9963967800140381 -0.08202143758535385 0.02158519439399242 -0.201506182551384 
0.08041524142026901 0.9945091009140015 0.06697095185518265 -0.07336201518774033 
-0.02695971913635731 -0.06499386578798294 0.9975214004516602 -0.5277544856071472 
0 0 0 1 

0.9429605007171631 -0.1953497976064682 0.269562304019928 -0.3118669092655182 
0.1695709973573685 0.9786614179611206 0.1160493940114975 -0.09655362367630005 
-0.2864804863929749 -0.06372001767158508 0.9559647440910339 -0.4411045610904694 
0 0 0 1 

0.93558269739151 -0.2777680158615112 0.2180134057998657 -0.2774181962013245 
0.2376828193664551 0.9519906044006348 0.1929265558719635 -0.149056002497673 
-0.2611355781555176 -0.1286806464195251 0.9566866755485535 -0.4383788704872131 
0 0 0 1 

0.9580762982368469 -0.2614035904407501 0.1172937452793121 -0.2215508669614792 
0.2454006969928741 0.9599813222885132 0.1349599659442902 -0.1222153380513191 
-0.1478788703680038 -0.1005179360508919 0.9838840961456299 -0.4663840532302856 
0 0 0 1 

0.9096521139144897 -0.3669023215770721 0.1947188824415207 -0.2452263832092285 
0.3546430170536041 0.9300839900970459 0.09576971828937531 -0.1203176751732826 
-0.2162430882453918 -0.01806131191551685 0.9761724472045898 -0.4520755708217621 
0 0 0 1 

0.9855085015296936 -0.1462617814540863 0.08590890467166901 -0.2104271650314331 
0.1414368152618408 0.9881378412246704 0.05982593446969986 -0.0627303272485733 
-0.09364012628793716 -0.04680821299552917 0.9945051074028015 -0.4731400012969971 
0 0 0 1 

0.9537233114242554 -0.2560277581214905 0.1576749533414841 -0.2192845195531845 
0.2633957266807556 0.9642987251281738 -0.02739406749606133 -0.03914302587509155 
-0.1450320780277252 0.06765738129615784 0.98711097240448 -0.458471953868866 
0 0 0 1 

0.9325613379478455 -0.2946119606494904 0.2086457163095474 -0.2427522242069244 
0.301471620798111 0.9534744620323181 -0.00113025470636785 -0.0572044849395752 
-0.1986053586006165 0.06395484507083893 0.9779906272888184 -0.446243941783905 
0 0 0 1 

0.9455356597900391 -0.1978038847446442 0.2585258483886719 -0.2775980830192566 
0.1740976870059967 0.9783592224121094 0.1118171438574791 -0.07995322346687317 
-0.2750490605831146 -0.06071821972727776 0.959510862827301 -0.4033975303173065 
0 0 0 1 

0.9393582344055176 -0.234905332326889 0.2498510628938675 -0.2702064216136932 
0.2132845818996429 0.9706929326057434 0.1107472032308578 -0.08794370293617249 
-0.2685437798500061 -0.05074191093444824 0.9619300961494446 -0.406335324048996 
0 0 0 1 

