599 267 603 282
602 267 606 282
624 267 623 286
627 267 627 286
576 270 583 285
599 270 604 286
621 270 621 289
624 270 624 289
630 273 627 288
630 275 626 292
641 275 642 297
554 278 557 288
596 278 597 297
602 278 607 295
610 278 613 297
627 278 623 295
630 278 626 295
633 278 629 296
644 278 644 298
647 278 647 298
554 281 557 291
556 281 560 292
579 281 585 296
610 281 613 299
613 281 613 293
616 281 616 294
630 281 625 298
644 281 644 300
647 281 647 301
556 284 559 294
568 284 569 296
590 284 592 296
599 284 600 297
602 284 603 298
624 284 618 300
630 284 622 300
641 284 641 303
644 284 644 303
647 284 647 303
559 287 563 296
568 287 569 298
571 287 571 297
576 287 576 295
579 287 578 298
582 287 582 298
585 287 585 298
588 287 588 298
590 287 591 299
593 287 594 300
596 287 597 300
599 287 599 300
644 287 643 307
647 287 647 307
571 290 571 300
573 290 574 300
579 290 577 301
630 290 622 305
562 292 563 302
565 292 565 303
568 292 567 302
571 292 570 302
573 292 573 302
579 292 577 303
582 292 580 302
585 292 583 302
588 292 586 302
590 292 589 303
593 292 592 303
596 292 595 304
599 292 598 304
602 292 601 307
604 292 604 307
610 292 611 308
641 292 639 310
554 295 553 297
565 295 565 305
568 295 568 305
571 295 570 305
582 295 580 305
585 295 582 305
588 295 586 306
590 295 588 306
593 295 592 306
596 295 595 306
599 295 598 306
554 298 553 300
556 298 555 300
573 298 573 307
579 298 577 308
582 298 580 308
585 298 582 308
588 298 586 308
590 298 588 309
602 298 599 309
571 301 570 309
579 301 577 310
582 301 580 310
585 301 582 310
588 301 585 311
590 301 588 311
596 301 594 312
559 304 559 304
562 306 561 308
585 306 582 314
