528 199 528 199
531 199 531 200
534 199 534 199
565 199 565 199
571 199 570 200
528 202 528 203
531 202 531 203
565 202 565 202
571 202 570 203
573 202 573 203
596 202 595 202
599 202 599 205
602 202 602 202
528 205 528 205
565 205 565 205
568 205 568 205
571 205 571 207
573 205 573 206
576 205 576 205
596 205 596 207
602 205 602 205
604 205 604 205
528 208 529 208
548 208 551 212
554 208 556 211
556 208 559 208
565 208 562 208
582 208 579 207
596 208 595 210
602 208 602 208
604 208 604 208
545 211 545 214
551 211 552 214
582 211 579 210
585 211 582 210
599 211 598 210
602 211 601 211
604 211 604 211
545 213 545 216
551 213 552 215
554 213 555 215
559 213 559 216
562 213 562 216
565 213 565 216
568 213 568 216
571 213 571 216
573 213 574 216
576 213 576 216
579 213 579 216
582 213 582 216
585 213 585 216
588 213 585 213
556 216 557 219
562 216 561 219
565 216 565 219
568 216 567 219
571 216 570 219
573 216 573 219
576 216 576 219
579 216 579 219
582 216 581 218
585 216 584 218
528 219 528 230
548 219 551 222
554 219 553 222
562 219 562 222
565 219 565 222
568 219 567 221
571 219 570 221
573 219 573 221
576 219 576 221
579 219 579 221
582 219 581 221
585 219 584 221
588 219 587 221
590 219 589 220
593 219 592 220
528 222 528 232
542 222 543 221
565 222 565 224
568 222 567 224
590 222 590 223
593 222 592 223
596 222 595 222
599 222 598 222
534 225 535 216
568 225 567 227
571 225 570 227
573 225 573 227
576 225 576 227
579 225 579 227
582 225 582 227
585 225 582 225
590 225 589 225
593 225 592 225
596 225 595 225
599 225 598 225
602 225 601 224
571 227 571 229
573 227 573 230
576 227 576 230
579 227 579 230
582 227 582 230
585 227 584 230
588 227 587 229
590 227 590 228
593 227 592 228
596 227 595 228
599 227 598 228
602 227 601 228
565 230 567 233
573 230 574 233
576 230 576 233
579 230 579 233
582 230 582 233
585 230 585 233
588 230 587 233
593 230 593 231
596 230 596 231
602 230 601 231
534 233 534 236
537 233 539 233
590 233 590 234
593 233 593 233
596 233 596 234
599 233 598 234
602 233 601 234
604 233 604 234
607 233 607 234
528 236 528 239
534 236 533 239
556 236 554 239
582 236 582 236
585 236 585 236
588 236 587 236
590 236 590 236
593 236 593 237
599 236 598 237
604 236 604 237
607 236 607 237
528 239 528 241
531 239 531 241
534 239 533 241
537 239 536 242
554 239 557 242
556 239 560 243
559 239 563 242
571 239 570 235
582 239 582 238
585 239 585 239
588 239 587 239
590 239 591 239
593 239 593 240
596 239 596 240
599 239 598 240
602 239 601 240
607 239 607 240
528 242 528 243
531 242 531 244
534 242 533 244
537 242 536 244
545 242 543 241
582 242 582 241
585 242 585 242
588 242 588 242
590 242 591 242
593 242 593 242
596 242 596 242
599 242 598 243
602 242 601 242
604 242 604 242
607 242 607 242
528 244 528 247
531 244 531 246
534 244 533 246
540 244 540 245
542 244 542 244
548 244 551 250
551 244 554 250
588 244 587 247
590 244 590 245
593 244 593 245
596 244 596 245
599 244 599 245
602 244 601 245
604 244 604 245
607 244 607 245
610 244 609 245
616 244 616 245
528 247 528 249
531 247 531 249
537 247 536 248
542 247 543 249
545 247 545 250
548 247 551 252
590 247 590 248
593 247 593 248
596 247 596 248
599 247 599 248
602 247 602 248
604 247 604 248
607 247 607 248
610 247 609 247
616 247 615 248
528 250 528 252
534 250 533 251
537 250 536 251
540 250 539 251
545 250 545 253
548 250 548 253
554 250 554 253
559 250 565 253
562 250 562 253
576 250 571 254
582 250 577 253
588 250 587 250
590 250 590 251
593 250 593 250
596 250 596 250
599 250 599 250
602 250 602 250
604 250 604 250
607 250 607 250
610 250 609 250
613 250 612 250
616 250 615 250
619 250 618 251
531 253 530 254
534 253 533 254
540 253 538 253
542 253 542 254
548 253 548 255
551 253 551 256
554 253 554 256
556 253 556 256
562 253 567 256
585 253 585 253
588 253 587 253
590 253 590 253
593 253 593 253
596 253 596 253
599 253 599 253
602 253 601 253
604 253 604 253
607 253 608 253
610 253 611 253
613 253 613 253
616 253 616 253
619 253 618 253
621 253 621 253
624 253 624 253
528 256 528 256
531 256 530 257
534 256 533 257
545 256 545 257
551 256 551 258
554 256 553 258
556 256 556 258
582 256 583 256
585 256 585 256
588 256 587 256
590 256 590 256
593 256 593 256
596 256 596 256
599 256 598 256
602 256 601 256
604 256 604 256
607 256 608 256
610 256 611 256
613 256 613 257
616 256 616 256
619 256 618 256
621 256 621 256
627 256 626 256
630 256 630 256
528 258 528 259
531 258 531 259
542 258 542 259
545 258 545 260
548 258 548 259
554 258 553 260
556 258 556 261
579 258 579 259
582 258 582 259
585 258 585 259
588 258 587 259
590 258 590 259
593 258 593 259
596 258 596 259
599 258 598 259
602 258 601 259
604 258 604 259
607 258 608 259
610 258 610 259
613 258 613 259
616 258 615 259
619 258 618 259
621 258 621 259
624 258 624 259
627 258 627 259
630 258 630 259
633 258 633 259
528 261 528 261
531 261 531 262
534 261 534 262
537 261 536 262
542 261 542 261
545 261 545 262
548 261 547 262
551 261 550 262
554 261 553 263
556 261 556 263
559 261 559 263
565 261 566 262
571 261 571 262
573 261 574 262
576 261 577 262
579 261 579 262
582 261 582 262
585 261 584 262
588 261 587 262
590 261 590 261
593 261 593 262
596 261 595 262
599 261 599 262
602 261 602 262
604 261 604 262
607 261 607 262
610 261 609 262
613 261 612 262
616 261 615 262
619 261 618 262
621 261 621 262
624 261 624 262
627 261 627 262
630 261 630 262
633 261 633 262
528 264 528 264
531 264 531 265
534 264 534 265
537 264 536 265
542 264 543 267
545 264 545 265
548 264 547 265
562 264 562 265
571 264 571 265
573 264 574 264
576 264 576 265
579 264 579 265
585 264 584 265
588 264 587 264
590 264 590 264
593 264 593 265
596 264 596 265
599 264 599 265
602 264 601 265
604 264 604 265
607 264 607 265
610 264 610 265
613 264 613 265
616 264 615 265
619 264 618 265
621 264 621 264
624 264 624 265
627 264 627 265
630 264 630 264
633 264 632 264
635 264 635 264
540 267 540 270
545 267 545 270
548 267 548 267
554 267 553 268
556 267 556 268
559 267 559 268
562 267 562 268
565 267 565 268
568 267 568 268
571 267 571 268
573 267 574 267
576 267 576 268
579 267 579 268
582 267 582 267
585 267 585 267
588 267 588 267
590 267 590 268
593 267 593 268
596 267 596 268
599 267 599 267
602 267 601 267
604 267 604 267
607 267 607 268
610 267 610 268
613 267 613 268
616 267 616 268
619 267 619 267
621 267 621 267
624 267 624 268
627 267 626 268
635 267 635 267
638 267 638 267
641 267 641 268
528 270 528 273
531 270 532 273
537 270 537 272
548 270 548 270
551 270 550 270
559 270 559 271
562 270 562 271
565 270 565 271
568 270 568 271
571 270 571 270
573 270 573 270
576 270 576 270
579 270 579 270
585 270 585 270
588 270 587 270
590 270 590 270
593 270 593 271
596 270 596 270
599 270 599 270
602 270 601 270
604 270 605 270
610 270 610 270
613 270 613 270
616 270 616 270
619 270 619 270
621 270 621 270
624 270 624 270
627 270 626 270
633 270 631 270
638 270 638 270
641 270 641 270
644 270 644 270
528 273 528 276
542 273 542 273
545 273 544 273
548 273 548 275
551 273 550 274
554 273 553 273
556 273 556 273
559 273 559 274
562 273 562 274
565 273 565 274
568 273 568 273
571 273 571 273
573 273 573 273
576 273 576 273
579 273 579 273
582 273 582 273
585 273 584 273
588 273 587 273
590 273 590 273
593 273 593 273
596 273 596 273
599 273 599 273
602 273 601 273
607 273 607 273
610 273 610 273
613 273 613 273
616 273 616 273
619 273 618 273
621 273 622 273
624 273 624 273
627 273 626 273
633 273 632 273
635 273 635 273
638 273 638 273
641 273 641 273
644 273 643 273
647 273 647 273
531 275 531 276
537 275 535 276
540 275 538 276
542 275 540 276
545 275 546 278
548 275 548 277
554 275 553 276
556 275 556 276
562 275 562 276
565 275 565 276
568 275 567 276
571 275 571 276
573 275 574 276
576 275 576 276
579 275 579 276
582 275 582 276
585 275 585 276
588 275 587 276
590 275 590 276
593 275 593 276
596 275 596 276
599 275 599 276
602 275 601 276
604 275 604 276
613 275 613 276
616 275 616 276
619 275 618 276
621 275 621 276
624 275 624 276
627 275 626 275
630 275 630 276
633 275 632 276
635 275 635 276
638 275 638 276
641 275 641 276
644 275 644 276
647 275 647 276
528 278 528 279
531 278 530 279
537 278 536 279
545 278 545 280
548 278 548 280
551 278 551 281
556 278 556 279
559 278 559 279
568 278 567 279
571 278 570 279
573 278 573 279
576 278 576 279
579 278 579 279
582 278 582 279
585 278 584 279
588 278 587 279
590 278 590 279
593 278 593 279
596 278 596 279
599 278 599 279
602 278 601 279
604 278 604 278
607 278 607 278
613 278 612 279
616 278 615 279
619 278 618 279
624 278 623 278
627 278 627 278
630 278 629 278
633 278 632 278
635 278 635 278
638 278 638 278
647 278 647 279
531 281 531 281
534 281 534 282
537 281 536 282
548 281 548 283
554 281 553 281
556 281 556 281
559 281 559 282
562 281 562 281
565 281 565 282
568 281 567 281
571 281 571 282
573 281 573 282
576 281 576 282
579 281 579 282
582 281 582 281
585 281 584 281
588 281 587 281
590 281 590 281
593 281 593 281
596 281 596 281
599 281 598 281
602 281 601 281
604 281 604 281
610 281 613 285
616 281 616 282
619 281 619 282
621 281 622 282
630 281 629 281
635 281 635 281
641 281 641 281
644 281 643 281
647 281 647 282
537 284 536 284
551 284 550 284
554 284 554 284
556 284 557 284
559 284 560 284
562 284 562 284
565 284 564 285
568 284 568 284
571 284 570 284
573 284 573 285
576 284 576 284
579 284 579 284
582 284 582 284
585 284 584 284
588 284 587 284
590 284 590 284
593 284 593 284
596 284 596 284
599 284 598 284
602 284 601 284
619 284 618 284
624 284 622 284
630 284 630 284
633 284 632 284
638 284 638 284
641 284 641 284
644 284 643 284
647 284 647 284
542 287 540 284
548 287 545 284
551 287 551 287
554 287 554 287
556 287 557 287
559 287 560 287
562 287 562 287
565 287 564 287
568 287 568 288
571 287 570 287
573 287 573 288
576 287 576 288
579 287 578 287
582 287 582 287
585 287 585 287
588 287 587 287
590 287 590 287
593 287 593 287
596 287 596 287
599 287 598 287
602 287 601 286
604 287 603 286
624 287 622 287
630 287 629 287
635 287 635 287
638 287 638 287
641 287 641 287
644 287 644 287
647 287 647 287
551 290 551 290
554 290 553 290
556 290 556 290
559 290 559 290
562 290 562 290
571 290 571 290
573 290 573 290
576 290 576 290
579 290 578 290
582 290 582 290
585 290 585 290
588 290 587 290
590 290 590 290
593 290 593 290
596 290 595 290
599 290 599 290
602 290 601 290
607 290 606 289
610 290 609 290
613 290 612 290
630 290 630 290
633 290 633 290
635 290 636 290
638 290 638 289
641 290 641 290
644 290 644 290
647 290 647 290
548 292 548 293
551 292 551 293
554 292 554 292
556 292 556 293
559 292 559 293
562 292 562 293
565 292 565 293
568 292 567 292
571 292 571 292
573 292 573 293
576 292 576 293
579 292 578 293
582 292 581 292
585 292 585 292
588 292 587 292
590 292 590 293
593 292 593 292
596 292 595 292
599 292 599 293
602 292 602 293
607 292 607 293
610 292 609 292
627 292 628 293
630 292 630 293
633 292 633 293
635 292 636 293
638 292 638 293
641 292 641 293
644 292 644 293
647 292 647 293
548 295 548 295
551 295 551 295
554 295 553 295
556 295 556 295
559 295 559 295
562 295 562 295
565 295 565 295
568 295 567 295
571 295 570 295
573 295 573 295
576 295 576 296
579 295 578 295
582 295 581 295
585 295 585 295
588 295 588 296
590 295 590 296
593 295 593 296
596 295 596 296
599 295 599 296
602 295 601 295
604 295 604 296
607 295 607 296
610 295 610 296
613 295 613 296
616 295 616 296
619 295 619 296
621 295 622 296
624 295 625 296
627 295 628 296
630 295 630 296
633 295 633 296
635 295 635 296
638 295 638 296
641 295 641 295
644 295 644 295
647 295 647 295
551 298 551 298
554 298 554 298
556 298 556 298
559 298 559 298
562 298 561 298
565 298 564 298
568 298 568 299
571 298 570 299
573 298 573 298
576 298 576 298
579 298 579 298
590 298 590 298
593 298 593 299
596 298 596 299
599 298 598 298
602 298 601 298
604 298 604 298
607 298 607 298
610 298 610 299
613 298 613 299
616 298 616 299
619 298 619 299
621 298 622 299
624 298 624 298
627 298 627 298
630 298 630 299
633 298 633 299
635 298 636 299
638 298 638 299
641 298 641 299
644 298 644 298
647 298 647 298
556 301 556 301
559 301 559 301
562 301 561 300
565 301 564 301
568 301 568 301
571 301 570 301
573 301 573 301
576 301 576 301
579 301 579 301
582 301 582 301
588 301 587 301
590 301 590 302
593 301 593 301
596 301 596 301
599 301 599 301
602 301 602 301
604 301 604 301
607 301 607 301
610 301 609 301
613 301 613 301
616 301 616 301
619 301 619 301
621 301 622 301
624 301 624 301
627 301 626 301
630 301 630 301
633 301 633 301
635 301 636 301
638 301 638 301
641 301 641 301
644 301 644 301
647 301 647 301
559 304 559 304
562 304 562 303
568 304 568 304
571 304 571 304
573 304 574 304
576 304 576 304
579 304 579 304
582 304 582 304
585 304 584 304
588 304 587 304
590 304 590 304
593 304 593 304
596 304 596 304
599 304 599 304
602 304 602 304
604 304 604 304
607 304 607 304
610 304 610 304
613 304 614 304
616 304 616 304
619 304 618 304
621 304 621 304
624 304 624 303
627 304 626 303
630 304 630 304
633 304 633 304
635 304 636 304
638 304 639 304
641 304 641 304
644 304 644 304
647 304 647 304
568 306 568 306
571 306 571 307
573 306 574 307
576 306 576 307
579 306 579 307
582 306 582 307
585 306 585 306
588 306 587 306
590 306 590 307
593 306 593 307
596 306 596 307
599 306 599 307
602 306 602 307
604 306 604 307
607 306 607 307
610 306 610 307
613 306 614 307
616 306 616 307
619 306 618 307
621 306 621 307
624 306 624 307
627 306 627 307
630 306 630 307
633 306 633 307
635 306 635 306
638 306 638 306
641 306 641 307
644 306 644 307
647 306 647 307
565 309 565 309
571 309 571 309
573 309 573 309
576 309 577 310
579 309 579 309
582 309 582 310
585 309 584 310
588 309 587 309
590 309 590 310
593 309 593 310
596 309 596 310
599 309 599 309
602 309 602 309
604 309 604 309
607 309 607 309
610 309 610 309
613 309 613 310
616 309 616 310
619 309 619 310
621 309 621 310
624 309 624 309
627 309 627 310
630 309 630 310
633 309 633 310
635 309 636 309
638 309 638 309
641 309 641 310
644 309 644 309
647 309 647 309
571 312 570 312
576 312 577 312
579 312 579 313
582 312 582 313
585 312 585 313
588 312 588 312
590 312 590 312
596 312 595 313
599 312 599 312
602 312 601 312
604 312 605 312
607 312 607 313
610 312 610 312
613 312 613 312
616 312 616 312
619 312 619 312
621 312 621 312
624 312 624 312
627 312 627 312
630 312 630 313
633 312 633 313
635 312 635 312
638 312 638 312
641 312 641 313
644 312 644 312
647 312 647 312
576 315 576 315
579 315 579 315
582 315 582 315
585 315 584 315
588 315 588 315
593 315 593 315
596 315 595 315
599 315 598 315
602 315 601 315
604 315 604 315
607 315 607 315
610 315 610 315
613 315 613 315
616 315 616 315
619 315 618 315
621 315 621 315
624 315 623 315
627 315 626 315
630 315 630 315
633 315 633 315
635 315 635 315
638 315 638 315
641 315 641 315
644 315 644 315
647 315 647 315
