430 217 430 217
440 217 440 217
430 219 430 221
432 219 433 223
440 219 440 221
443 219 444 221
445 219 448 222
482 219 452 224
488 219 484 231
430 222 430 226
432 222 434 227
435 222 437 227
440 222 441 227
485 222 481 233
488 222 484 234
490 222 487 234
498 222 507 243
430 224 430 229
432 224 434 230
435 224 437 230
437 224 440 230
445 224 449 227
469 224 467 236
472 224 470 236
488 224 483 237
490 224 486 237
430 227 430 232
432 227 434 233
435 227 437 232
472 227 469 239
488 227 483 241
498 227 505 241
435 230 437 235
437 230 443 235
461 230 479 237
464 230 462 227
490 230 494 248
501 230 505 245
522 230 524 258
432 232 437 259
435 232 440 237
437 232 443 237
474 232 472 249
477 232 475 250
480 232 459 249
482 232 461 249
501 232 504 251
506 232 510 252
525 232 505 243
432 235 437 261
461 235 453 248
480 235 459 251
482 235 462 252
485 235 483 250
533 235 533 252
538 235 538 247
432 238 436 264
461 238 452 251
464 238 455 251
469 238 464 252
472 238 467 252
490 238 486 253
530 238 529 255
533 238 532 255
538 238 538 254
456 240 450 251
459 240 453 254
464 240 455 254
472 240 467 255
474 240 470 255
480 240 475 256
485 240 480 255
488 240 483 256
490 240 486 256
493 240 488 256
496 240 490 256
498 240 493 256
501 240 496 256
503 240 499 257
506 240 502 257
511 240 504 256
514 240 507 257
533 240 532 258
538 240 538 258
445 243 439 256
451 243 445 256
459 243 452 257
461 243 455 257
467 243 461 258
469 243 464 258
472 243 467 258
474 243 469 258
477 243 472 258
480 243 475 258
482 243 478 258
485 243 481 258
488 243 483 259
490 243 485 259
493 243 488 258
496 243 490 259
498 243 493 259
501 243 495 259
503 243 498 259
506 243 501 259
511 243 505 259
514 243 508 259
517 243 510 259
519 243 512 260
527 243 523 259
538 243 538 261
430 246 430 240
445 246 439 258
448 246 444 259
453 246 448 259
456 246 450 259
461 246 456 259
467 246 462 260
469 246 464 261
472 246 466 260
474 246 469 260
477 246 472 261
480 246 475 261
482 246 478 260
485 246 481 261
488 246 483 261
490 246 485 261
493 246 488 261
496 246 490 261
498 246 493 262
501 246 495 262
503 246 498 261
506 246 501 261
509 246 503 262
511 246 505 264
514 246 509 263
519 246 512 262
522 246 515 262
525 246 518 262
527 246 523 262
445 248 442 262
456 248 450 262
459 248 452 262
461 248 455 262
467 248 462 264
469 248 464 264
472 248 466 263
474 248 469 262
477 248 472 263
480 248 475 263
482 248 477 263
485 248 480 264
488 248 483 264
490 248 485 263
493 248 487 263
496 248 490 264
498 248 493 264
501 248 495 264
503 248 498 265
506 248 501 264
514 248 508 266
517 248 510 265
519 248 513 265
522 248 515 265
525 248 518 265
527 248 521 265
530 248 526 265
456 251 450 265
459 251 452 265
467 251 461 266
469 251 464 266
472 251 466 266
474 251 468 266
477 251 472 265
480 251 475 265
482 251 477 265
485 251 479 265
488 251 482 266
490 251 484 266
493 251 487 267
496 251 490 267
501 251 495 267
503 251 497 267
506 251 500 267
509 251 503 267
517 251 510 268
522 251 515 268
530 251 523 265
535 251 532 266
432 254 433 270
453 254 446 270
456 254 450 268
467 254 461 270
469 254 464 269
472 254 466 268
474 254 468 268
480 254 475 269
482 254 477 268
485 254 480 269
488 254 482 269
490 254 484 269
493 254 487 269
496 254 490 269
501 254 495 270
506 254 500 269
509 254 503 270
514 254 507 271
517 254 510 270
519 254 511 270
522 254 515 271
525 254 518 271
432 256 433 273
453 256 446 273
461 256 457 270
464 256 458 274
467 256 460 274
469 256 464 271
472 256 466 271
474 256 469 271
477 256 471 271
480 256 475 271
482 256 477 272
485 256 480 272
496 256 490 271
506 256 500 272
509 256 503 273
514 256 507 273
517 256 510 273
519 256 512 274
525 256 517 274
453 259 444 264
456 259 447 265
474 259 469 274
477 259 471 274
480 259 474 273
482 259 477 275
485 259 482 276
493 259 488 274
501 259 493 275
503 259 496 275
506 259 499 275
509 259 502 275
517 259 509 276
522 259 514 276
525 259 517 278
533 259 527 295
435 261 436 251
459 261 452 273
469 261 463 274
498 261 490 277
501 261 493 277
503 261 497 277
506 261 500 277
511 261 506 278
517 261 509 278
519 261 512 278
522 261 515 279
527 261 519 284
443 264 443 290
459 264 452 276
461 264 455 276
464 264 458 276
467 264 461 277
472 264 466 279
480 264 474 277
482 264 479 288
485 264 481 286
490 264 480 280
493 264 483 280
496 264 487 280
498 264 490 280
501 264 493 280
503 264 496 279
506 264 501 280
517 264 506 281
519 264 511 281
522 264 515 281
443 267 443 292
445 267 445 292
459 267 451 278
461 267 455 279
464 267 458 279
467 267 461 279
469 267 463 281
472 267 466 281
474 267 468 280
477 267 471 279
485 267 481 290
488 267 484 288
490 267 480 283
496 267 486 283
498 267 490 283
501 267 493 283
511 267 500 283
514 267 503 283
517 267 506 283
522 267 514 285
456 269 449 284
459 269 452 284
461 269 455 282
464 269 458 282
467 269 460 282
472 269 466 284
474 269 468 284
480 269 473 283
490 269 486 294
501 269 493 286
445 272 438 295
459 272 452 287
461 272 455 286
464 272 458 285
467 272 460 285
469 272 463 285
514 272 506 292
437 275 434 309
440 275 436 308
461 275 454 289
464 275 458 288
467 275 460 288
469 275 463 288
472 275 465 288
477 275 470 288
480 275 473 289
501 275 492 291
514 275 505 295
517 275 508 295
519 275 511 292
530 275 523 292
430 277 430 286
432 277 432 286
435 277 433 284
440 277 436 311
461 277 454 292
464 277 457 290
467 277 459 290
469 277 462 290
472 277 465 291
474 277 468 291
477 277 470 291
480 277 473 291
493 277 484 290
533 277 533 288
461 280 451 297
467 280 459 292
469 280 461 292
472 280 464 293
474 280 468 293
477 280 470 294
480 280 473 294
482 280 476 294
488 280 481 293
490 280 487 297
493 280 490 297
496 280 493 297
538 280 538 290
440 283 436 313
469 283 461 295
472 283 465 295
474 283 468 296
477 283 471 296
480 283 474 297
493 283 490 300
496 283 492 299
506 283 504 286
519 283 510 303
522 283 515 303
525 283 513 305
535 283 535 293
440 285 437 316
461 285 454 305
472 285 465 298
474 285 468 299
477 285 471 299
485 285 479 298
488 285 481 299
496 285 492 302
535 285 535 296
538 285 538 298
472 288 465 301
477 288 472 301
503 288 497 297
511 288 503 302
514 288 506 302
519 288 513 300
533 288 532 301
535 288 536 301
538 288 538 301
456 290 448 300
459 290 451 300
480 290 475 304
482 290 478 304
493 290 484 300
503 290 497 299
506 290 500 300
509 290 502 300
514 290 506 305
530 290 529 304
533 290 532 304
535 290 535 304
538 290 538 304
459 293 451 303
461 293 454 303
501 293 493 307
503 293 496 307
506 293 500 305
509 293 502 305
514 293 508 306
530 293 530 306
535 293 535 307
538 293 538 307
437 296 435 294
448 296 442 312
480 296 469 307
482 296 480 313
501 296 493 310
503 296 496 310
506 296 499 310
509 296 502 308
511 296 505 308
514 296 508 309
517 296 511 311
519 296 514 311
522 296 516 311
538 296 538 309
461 298 454 311
474 298 464 309
477 298 467 309
480 298 470 309
501 298 493 313
503 298 496 313
509 298 503 311
511 298 505 311
514 298 508 311
464 301 443 305
490 301 475 311
498 301 489 315
501 301 491 315
503 301 497 316
511 301 502 316
432 304 432 303
485 304 480 320
490 304 474 315
493 304 478 316
517 304 507 317
435 306 431 322
485 306 480 323
498 306 491 320
501 306 494 321
517 306 507 319
498 309 491 324
501 309 494 324
517 309 507 321
530 312 529 318
533 312 532 318
535 317 532 320
488 320 450 314
535 320 532 323
511 322 512 323
535 322 532 325
538 322 538 323
448 325 450 322
456 325 464 325
469 325 452 325
472 325 455 326
511 325 512 325
527 325 523 326
538 325 538 326
430 327 430 327
435 327 434 327
469 327 452 328
472 327 456 328
509 327 509 328
511 327 512 328
514 327 515 328
525 327 520 328
527 327 523 328
533 327 528 327
535 327 532 327
538 327 538 328
