129 77 121 82
42 94 36 97
77 94 72 97
406 94 400 100
42 111 38 115
59 111 54 115
77 111 71 114
94 111 87 115
111 111 104 115
129 111 123 116
42 129 37 132
59 129 55 132
77 129 71 132
94 129 89 132
111 129 108 132
146 129 142 133
389 129 384 133
424 129 418 132
528 129 513 135
545 129 530 136
129 146 125 150
406 146 400 148
441 146 431 158
458 146 449 158
493 146 480 150
510 146 497 151
528 146 515 150
580 146 564 152
371 163 364 167
510 163 500 168
528 163 516 168
562 163 550 170
580 163 566 169
562 181 551 185
389 198 379 205
476 198 464 204
493 198 480 204
528 198 517 202
562 198 551 202
580 198 567 201
337 215 330 220
371 215 362 223
389 215 379 223
406 215 397 223
476 215 465 223
493 215 481 222
510 215 499 221
528 215 517 219
562 215 550 219
580 215 567 219
319 233 313 239
337 233 329 240
371 233 362 240
389 233 379 240
406 233 396 239
424 233 414 240
441 233 431 240
458 233 448 239
476 233 466 240
493 233 481 240
545 233 534 237
302 250 295 256
337 250 327 257
371 250 362 257
406 250 395 257
424 250 413 257
458 250 447 256
476 250 465 257
493 250 482 256
528 250 517 254
545 250 533 254
562 250 550 253
250 267 244 271
267 267 261 273
285 267 278 274
302 267 294 272
319 267 312 274
337 267 331 274
371 267 362 273
389 267 379 274
406 267 397 274
424 267 414 274
441 267 430 274
458 267 448 274
476 267 464 273
493 267 481 274
510 267 500 272
545 267 532 272
562 267 550 270
250 285 244 290
267 285 260 289
302 285 295 289
319 285 312 290
337 285 330 290
371 285 362 290
389 285 379 289
406 285 397 291
424 285 413 291
441 285 430 290
458 285 447 291
476 285 464 290
493 285 481 290
545 285 532 288
215 302 208 306
233 302 228 306
250 302 245 306
302 302 295 307
319 302 312 306
337 302 331 307
389 302 379 308
406 302 397 309
424 302 413 308
441 302 430 307
458 302 447 307
493 302 481 307
510 302 498 307
528 302 516 307
545 302 533 304
198 319 189 322
215 319 208 323
233 319 227 323
319 319 311 324
337 319 328 324
354 319 346 323
389 319 379 324
406 319 396 323
424 319 413 324
441 319 430 326
458 319 447 324
528 319 514 324
267 337 260 341
285 337 278 340
302 337 294 340
319 337 312 341
337 337 329 340
354 337 348 341
389 337 379 340
406 337 396 340
424 337 413 341
441 337 429 341
458 337 447 341
476 337 464 341
493 337 481 340
510 337 498 340
528 337 515 340
267 354 259 357
319 354 311 357
337 354 328 358
371 354 360 357
389 354 377 357
406 354 395 357
424 354 412 357
441 354 430 359
458 354 447 358
493 354 481 357
250 371 244 374
267 371 262 373
285 371 281 375
319 371 312 375
371 371 362 375
406 371 395 374
424 371 413 375
441 371 430 376
458 371 447 375
493 371 480 374
528 371 514 375
545 371 531 374
233 389 226 391
250 389 247 389
267 389 263 389
371 389 362 392
389 389 379 392
424 389 412 393
458 389 447 392
510 389 498 390
528 389 514 392
545 389 531 392
215 406 207 409
233 406 232 407
354 406 342 409
371 406 364 409
389 406 380 409
441 406 430 409
458 406 446 409
493 406 481 408
528 406 514 407
545 406 531 408
215 424 208 426
337 424 334 425
354 424 351 425
371 424 366 425
406 424 396 424
441 424 429 425
476 424 463 425
493 424 480 426
510 424 497 426
528 424 514 426
545 424 531 425
215 441 208 444
233 441 229 446
250 441 247 443
267 441 265 442
285 441 281 440
302 441 297 440
319 441 314 439
354 441 348 441
389 441 381 443
406 441 399 442
424 441 415 442
441 441 436 440
458 441 451 441
510 441 497 441
233 458 225 461
250 458 244 461
267 458 262 460
285 458 282 460
302 458 296 457
319 458 313 457
337 458 330 460
371 458 360 459
389 458 381 459
406 458 399 460
424 458 415 460
476 458 463 459
493 458 480 458
545 458 531 458
250 476 239 475
267 476 265 477
285 476 284 477
319 476 318 475
371 476 363 476
441 476 428 476
458 476 445 477
476 476 464 475
510 476 496 475
528 476 513 475
