430 217 430 217
432 217 433 217
451 217 492 234
459 217 494 234
469 217 451 217
437 219 476 235
448 219 489 218
482 222 518 228
493 222 438 222
535 222 537 223
474 224 521 223
437 227 489 247
456 227 500 247
467 227 508 247
453 230 497 247
467 230 505 247
498 230 519 252
445 232 495 252
461 232 502 250
467 232 506 250
535 232 534 239
445 235 495 255
453 235 497 255
533 235 530 302
535 235 535 242
538 235 538 242
445 238 492 258
453 238 497 257
456 238 500 257
459 238 501 256
490 238 485 311
430 240 429 275
445 240 495 261
472 240 434 302
474 240 437 302
445 243 495 264
448 243 497 264
472 243 434 304
530 246 526 244
464 248 506 253
538 248 538 234
432 251 431 278
464 251 506 269
482 251 468 261
538 251 538 236
435 254 432 280
448 254 439 246
461 254 503 271
464 254 505 271
469 254 509 272
459 256 500 276
461 256 503 276
464 256 506 274
469 256 509 274
490 256 482 272
493 256 485 272
503 256 519 245
459 259 501 279
461 259 503 279
464 259 506 279
482 259 483 309
488 259 447 297
493 259 485 274
533 259 535 257
538 259 538 287
459 261 463 280
488 261 448 299
490 261 482 277
432 264 430 241
435 264 434 278
437 264 437 278
461 264 463 283
464 264 466 282
467 264 469 282
482 264 482 266
485 264 487 267
535 264 536 290
538 264 538 265
432 267 430 244
445 267 495 284
461 267 463 286
464 267 466 285
467 267 469 285
538 267 538 268
437 269 485 287
440 269 488 287
443 269 490 287
445 269 493 288
464 269 466 288
538 269 538 270
432 272 433 248
435 272 431 269
437 272 486 290
440 272 488 290
443 272 490 290
445 272 492 290
533 272 533 254
538 272 538 273
430 275 429 293
437 275 486 292
443 275 491 292
445 275 493 292
464 275 453 299
467 275 456 299
517 275 517 303
519 275 520 303
522 275 522 303
430 277 429 296
517 277 503 295
432 280 431 259
506 280 498 304
514 280 501 298
517 280 503 298
538 280 538 263
432 283 431 262
435 283 433 262
517 283 503 300
535 283 535 265
432 285 431 264
498 285 490 311
501 285 493 311
522 285 524 268
533 285 532 268
538 285 538 291
435 288 431 268
474 288 511 300
496 288 488 314
498 288 491 314
501 288 493 313
506 288 523 306
522 288 490 301
535 288 535 273
437 290 433 270
464 290 445 304
467 290 448 304
501 290 493 316
506 290 522 308
522 290 523 238
530 290 530 274
533 290 533 274
538 290 538 276
432 293 435 280
467 293 448 307
469 293 453 306
530 293 530 277
533 293 533 277
535 293 535 276
432 296 434 283
435 296 437 283
501 296 509 311
522 296 524 242
525 296 526 241
535 296 536 279
538 296 538 279
432 298 435 286
464 298 448 310
467 298 450 310
482 298 469 309
485 298 472 309
538 298 538 281
482 301 470 312
538 301 538 283
430 304 429 315
432 304 432 315
430 306 429 317
432 306 432 317
435 306 434 317
522 306 522 314
525 306 525 313
430 309 430 320
432 309 432 320
522 312 523 319
525 312 525 318
461 314 446 317
464 314 448 317
525 317 528 316
535 317 536 321
538 317 538 321
461 320 446 320
496 320 481 319
535 320 536 324
496 322 503 325
535 322 526 324
430 325 430 326
443 325 488 325
459 325 446 325
461 325 448 325
464 325 451 325
522 325 453 325
525 325 456 325
538 325 538 324
430 327 430 328
432 327 433 328
437 327 435 328
445 327 506 327
461 327 448 327
496 327 465 328
498 327 467 328
501 327 470 327
506 327 514 328
525 327 528 327
533 327 536 327
535 327 533 327
538 327 538 327
