430 217 429 217
432 217 433 217
437 217 439 217
430 219 430 221
459 219 483 221
461 219 487 221
461 222 486 224
467 222 493 227
488 222 498 220
490 222 502 225
496 222 531 222
498 222 533 221
437 224 470 230
517 224 517 226
519 224 520 226
514 227 512 230
517 227 514 229
519 227 519 229
517 230 515 233
519 230 520 232
538 230 538 228
440 232 483 242
535 232 535 232
538 232 538 231
437 235 471 238
525 235 523 249
538 235 538 235
533 238 533 236
432 240 434 267
522 240 523 255
538 240 538 238
525 243 527 257
533 248 533 259
533 251 532 262
501 254 447 219
530 254 530 278
533 254 533 278
535 254 536 277
451 256 449 248
496 256 436 222
498 256 439 219
517 256 494 273
525 256 514 245
535 256 534 308
538 256 538 308
496 259 440 225
514 259 491 277
517 259 494 276
538 259 538 311
432 261 431 309
485 261 432 235
488 261 435 235
490 261 437 234
511 261 457 223
430 264 429 312
482 264 430 238
485 264 433 238
498 264 443 227
538 267 538 250
430 269 430 280
503 269 448 227
509 269 454 227
519 269 507 263
525 269 514 292
498 272 444 231
501 272 446 230
503 272 450 229
538 272 538 256
501 275 449 232
451 277 446 293
482 277 434 240
517 277 498 264
519 277 501 263
525 277 515 302
480 280 435 244
527 280 519 306
530 280 521 305
533 280 527 304
472 283 465 263
498 283 440 246
517 283 480 260
430 285 429 316
490 285 445 244
493 285 448 244
501 285 453 242
533 285 536 259
535 285 535 313
432 288 435 293
493 288 448 265
511 290 505 249
517 290 517 291
533 290 528 283
451 293 505 311
474 293 433 264
490 293 450 251
493 293 452 250
519 293 516 282
490 296 450 253
493 296 452 253
517 296 513 287
519 296 516 286
432 298 432 312
493 298 453 256
530 298 522 279
490 301 451 265
522 301 496 264
527 301 524 275
533 301 524 281
498 304 458 273
522 304 496 267
525 304 499 266
469 306 508 313
522 306 496 270
451 309 491 301
527 309 524 304
451 312 491 304
453 312 495 303
477 312 444 271
514 312 501 281
474 314 450 273
514 314 502 284
430 317 429 318
435 317 435 316
430 320 429 320
440 320 467 316
493 320 470 315
496 320 473 315
517 320 514 315
430 322 430 324
435 322 437 322
437 322 439 322
517 322 515 318
519 322 518 317
432 325 434 324
437 325 442 325
440 325 445 325
496 325 512 324
498 325 515 323
506 325 469 325
511 325 510 325
430 327 430 327
432 327 433 326
437 327 442 328
440 327 445 328
472 327 460 326
493 327 508 327
498 327 516 327
503 327 466 328
506 327 469 328
527 327 528 327
533 327 531 327
535 327 534 327
538 327 538 327
