430 217 430 216
432 217 432 216
435 217 435 216
453 217 445 216
469 217 461 216
430 219 430 219
430 222 430 227
432 222 432 226
451 222 464 219
456 222 454 219
459 222 456 219
511 222 517 221
514 222 519 222
453 224 451 221
435 227 435 224
443 227 440 225
461 227 459 224
535 227 535 226
435 230 435 227
448 230 445 227
461 230 453 224
464 230 456 224
538 230 538 227
498 232 514 225
501 232 517 225
538 232 538 230
535 235 535 234
538 235 538 235
535 238 535 237
538 238 538 237
430 240 429 232
440 240 438 222
469 240 474 222
535 240 535 240
538 240 538 240
430 243 429 235
467 243 470 224
469 243 472 223
501 243 504 222
538 243 538 243
430 246 429 237
461 246 466 227
467 246 469 227
469 246 472 226
472 246 475 227
490 246 488 224
496 248 491 224
498 248 492 224
506 248 506 225
533 248 535 248
496 251 491 226
498 251 493 226
501 251 501 227
535 251 530 243
432 254 432 243
517 254 517 251
533 254 532 243
535 254 535 244
430 256 430 282
503 256 500 230
506 256 504 230
517 256 518 253
503 259 500 233
517 259 518 256
533 259 533 249
506 261 504 233
509 261 507 232
511 261 509 232
517 261 516 259
519 261 519 259
530 261 530 251
533 261 533 252
538 261 538 232
506 264 504 235
509 264 507 234
517 264 516 262
525 267 519 240
527 267 524 238
459 269 465 238
461 269 467 238
498 272 495 277
538 272 537 269
432 275 434 271
440 275 448 272
443 275 451 272
461 275 469 243
530 275 525 245
538 275 538 271
430 277 429 276
432 277 434 274
440 277 448 275
443 277 450 274
445 277 454 274
453 277 467 248
467 277 475 245
469 277 477 244
533 277 535 275
538 277 538 274
430 280 429 279
432 280 434 277
443 280 440 263
453 280 467 251
456 280 472 261
459 280 474 261
538 280 538 278
443 283 440 266
451 283 465 253
459 283 474 264
464 283 477 250
467 283 480 250
490 283 492 246
496 283 500 246
498 283 503 245
538 283 538 280
432 285 432 291
459 285 475 266
530 285 526 280
432 288 432 295
461 288 477 256
464 288 479 256
472 288 471 249
493 288 498 248
496 288 501 248
498 288 503 248
501 288 505 249
503 288 509 249
506 288 511 251
538 288 538 267
488 290 493 251
490 290 495 251
493 290 498 251
496 290 501 259
501 290 506 251
517 290 508 301
430 293 430 285
456 293 474 275
488 293 493 254
490 293 495 254
503 293 508 261
506 293 509 277
519 293 519 280
430 296 430 287
437 296 437 279
535 296 535 258
430 298 429 290
530 298 516 307
538 298 538 259
503 301 501 295
506 301 504 295
509 301 511 274
506 304 503 298
530 304 522 291
533 304 524 291
432 306 434 279
453 306 469 277
480 306 490 274
493 306 501 280
496 306 504 277
522 306 519 290
530 306 522 293
533 306 524 294
538 306 538 288
430 309 429 309
435 309 437 303
453 309 469 279
522 309 519 293
530 309 522 296
538 309 538 291
435 312 437 306
437 312 442 306
498 312 509 280
445 314 454 311
496 314 479 314
498 314 482 314
530 314 533 312
432 317 434 316
496 317 479 317
498 317 482 317
501 317 500 314
522 317 525 317
527 317 530 317
535 317 535 317
538 317 538 317
430 320 429 320
432 320 435 319
451 320 460 314
511 320 503 319
522 320 525 320
527 320 527 316
535 320 534 320
538 320 538 320
430 322 429 322
464 322 450 316
467 322 453 316
472 322 456 317
509 322 501 322
511 322 503 322
514 322 508 319
535 322 534 323
538 322 538 322
430 325 429 325
435 325 437 324
459 325 477 324
501 325 509 325
509 325 501 324
511 325 504 324
514 325 506 324
527 325 530 324
530 325 532 324
535 325 534 325
538 325 538 325
430 327 429 327
432 327 434 327
437 327 440 327
440 327 442 327
443 327 444 327
445 327 447 327
485 327 476 327
496 327 492 327
498 327 471 327
517 327 513 328
527 327 529 327
535 327 535 327
538 327 538 327
