538 235 538 242
538 238 538 245
538 240 538 248
538 246 538 256
535 248 535 259
538 248 538 259
538 251 538 261
503 254 503 263
535 254 535 264
538 254 538 264
538 267 538 280
435 269 441 285
533 269 533 282
538 277 538 287
461 283 466 295
485 283 480 296
490 285 485 288
456 288 461 300
459 288 464 301
456 290 459 298
443 293 445 295
451 293 451 304
456 293 458 302
530 293 527 306
533 293 530 306
451 296 450 307
453 296 454 306
530 296 527 308
533 296 529 309
430 298 429 303
530 298 527 311
435 306 432 309
437 306 435 309
535 309 535 311
538 312 538 313
482 317 479 319
533 317 530 319
535 317 535 317
477 320 475 322
480 320 477 322
482 320 479 322
538 320 538 319
538 322 538 321
430 325 430 325
432 325 432 325
443 325 448 324
474 325 471 325
430 327 430 328
432 327 433 328
435 327 437 327
437 327 440 328
440 327 443 328
443 327 448 328
445 327 450 328
456 327 459 328
474 327 482 328
522 327 514 328
525 327 516 327
530 327 529 327
533 327 532 327
535 327 534 327
