1 0 0 -0.1178319603204727 
0 1 0 -0.04324014484882355 
0 0 1 -0.828993558883667 
0 0 0 1 

0.9940996170043945 -0.1063218265771866 -0.02148743346333504 -0.09840328246355057 
0.1072670221328735 0.9930181503295898 0.04908020049333572 -0.04811026901006699 
0.01611914299428463 -0.05109549313783646 0.9985637068748474 -0.7968106865882874 
0 0 0 1 

0.9824158549308777 -0.1854543834924698 -0.02157925069332123 -0.08362480252981186 
0.1865274757146835 0.9799486994743347 0.07005660235881805 -0.05410649627447128 
0.008154214359819889 -0.07284985482692719 0.9973095655441284 -0.7810027003288269 
0 0 0 1 

0.9741811156272888 -0.2119633257389069 -0.07773413509130478 -0.04673485830426216 
0.2191627323627472 0.9705321788787842 0.100174218416214 -0.06354092806577682 
0.05421015992760658 -0.1146242916584015 0.9919286966323853 -0.763049840927124 
0 0 0 1 

0.9617807865142822 -0.2575649619102478 -0.09294053167104721 -0.05939877033233643 
0.2646885514259338 0.9614391326904297 0.07466424256563187 -0.06360971182584763 
0.07012574374675751 -0.09641095250844955 0.9928682446479797 -0.7385317087173462 
0 0 0 1 

0.9518710970878601 -0.2623443603515625 -0.1584827750921249 0.01302617881447077 
0.2836993336677551 0.9498358368873596 0.1316299140453339 -0.08879645168781281 
0.1160002127289772 -0.1702561974525452 0.9785482883453369 -0.6919652223587036 
0 0 0 1 

0.9604001641273499 -0.2499539703130722 -0.1231034398078918 0.05085334926843643 
0.2716880440711975 0.9380980730056763 0.214842677116394 -0.1127117946743965 
0.06178222224116325 -0.2397807240486145 0.9688591361045837 -0.6602349877357483 
0 0 0 1 

0.9597852826118469 -0.226004034280777 -0.1665362119674683 0.06575294584035873 
0.266973078250885 0.9182474613189697 0.2924836874008179 -0.1208240985870361 
0.08681885898113251 -0.3251822590827942 0.9416574835777283 -0.6367196440696716 
0 0 0 1 

0.9552264213562012 -0.2231422066688538 -0.1942962110042572 0.07061243802309036 
0.2719066441059113 0.9209644198417664 0.2790904641151428 -0.09155768156051636 
0.1166628524661064 -0.3194246590137482 0.9404029250144958 -0.6000040769577026 
0 0 0 1 

