441 241 444 242
455 241 455 241
460 241 460 241
452 244 453 244
455 244 455 244
457 244 458 244
460 244 460 244
463 244 463 244
408 247 408 247
411 247 411 247
414 247 414 247
427 247 428 247
455 247 455 247
460 247 460 247
463 247 463 247
466 247 466 247
405 250 406 250
408 250 408 250
411 250 411 250
414 250 414 250
419 250 419 250
422 250 422 250
425 250 425 250
427 250 428 250
430 250 430 250
433 250 433 250
457 250 457 250
460 250 460 250
463 250 463 250
466 250 466 249
468 250 468 249
403 252 403 252
405 252 406 253
408 252 408 252
411 252 411 252
414 252 414 252
416 252 417 252
419 252 419 252
422 252 422 252
425 252 425 252
427 252 427 252
430 252 430 252
433 252 433 252
444 252 444 252
446 252 446 252
449 252 449 252
452 252 452 252
455 252 454 252
457 252 457 252
460 252 460 252
463 252 463 252
466 252 466 252
468 252 468 252
405 255 406 255
408 255 408 255
411 255 411 255
414 255 414 255
416 255 417 255
419 255 419 255
422 255 422 255
425 255 424 255
427 255 427 255
430 255 430 255
433 255 433 255
436 255 436 255
441 255 442 255
444 255 444 255
446 255 446 255
449 255 449 255
452 255 451 255
455 255 455 255
457 255 457 255
460 255 460 255
463 255 463 255
466 255 466 255
468 255 468 255
408 258 408 258
411 258 411 258
414 258 413 258
416 258 417 258
419 258 419 258
422 258 422 258
425 258 424 258
427 258 427 258
430 258 430 258
433 258 433 258
436 258 436 258
438 258 439 258
441 258 441 258
444 258 444 258
446 258 447 258
449 258 450 258
452 258 452 258
455 258 454 258
457 258 457 258
460 258 460 258
463 258 463 258
466 258 466 257
468 258 468 258
411 261 411 260
414 261 413 260
416 261 416 260
419 261 419 260
422 261 422 260
425 261 427 260
427 261 430 261
430 261 433 261
438 261 439 261
441 261 441 261
444 261 444 261
449 261 449 260
452 261 452 260
455 261 455 260
463 261 463 260
466 261 466 260
468 261 468 260
419 263 419 263
422 263 424 264
425 263 427 264
427 263 430 264
433 263 436 263
449 263 449 263
457 263 458 263
463 263 463 262
411 266 411 267
414 266 414 267
419 266 422 267
422 266 424 266
425 266 428 266
427 266 430 266
444 266 444 266
446 266 447 266
449 266 449 266
452 266 452 266
463 266 463 265
466 266 466 264
419 269 422 269
422 269 425 269
427 269 427 269
441 269 441 269
444 269 444 269
446 269 447 269
449 269 449 269
452 269 452 269
457 269 457 268
466 269 466 266
405 272 406 263
422 272 425 272
438 272 438 272
441 272 441 272
444 272 444 272
449 272 449 274
452 272 452 274
457 272 457 272
466 272 466 272
405 274 406 266
436 274 435 277
441 274 441 275
444 274 444 274
446 274 447 277
449 274 449 277
452 274 452 277
457 274 457 277
463 274 463 278
466 274 466 275
438 277 438 279
444 277 444 277
452 277 452 280
466 277 466 277
468 277 468 277
414 280 414 280
425 280 425 280
444 280 444 280
449 280 449 282
468 280 469 280
408 282 408 277
438 282 438 282
441 282 441 282
449 282 449 285
452 282 452 285
455 282 454 285
463 282 463 285
466 282 466 282
468 282 469 283
436 285 436 285
438 285 439 285
460 285 460 288
463 285 463 288
466 285 466 285
468 285 469 285
419 288 419 285
430 288 430 288
433 288 433 288
436 288 436 288
446 288 446 289
449 288 449 289
455 288 452 291
460 288 460 291
466 288 466 288
468 288 469 288
471 288 471 288
474 288 474 288
477 288 477 288
479 288 480 288
405 291 406 287
411 291 411 288
416 291 416 288
422 291 422 290
425 291 425 290
446 291 446 291
449 291 449 291
471 291 471 291
474 291 474 291
477 291 477 291
488 291 487 291
490 291 490 291
493 291 493 291
414 293 413 290
419 293 419 294
422 293 422 293
425 293 425 293
449 293 449 293
455 293 455 293
457 293 457 299
466 293 466 293
471 293 471 293
474 293 474 293
477 293 477 293
479 293 479 293
482 293 482 293
485 293 485 293
488 293 487 293
490 293 490 293
493 293 493 293
405 296 405 296
411 296 411 293
414 296 413 293
441 296 441 293
446 296 446 299
457 296 458 301
460 296 460 301
463 296 463 299
471 296 471 296
474 296 474 296
477 296 477 296
479 296 479 296
482 296 482 296
485 296 485 296
488 296 488 296
490 296 490 296
493 296 493 296
405 299 405 299
408 299 408 299
411 299 411 296
414 299 413 296
416 299 417 302
455 299 455 305
457 299 458 305
471 299 472 299
474 299 474 299
477 299 477 299
479 299 479 299
482 299 482 299
485 299 485 299
488 299 487 299
490 299 490 299
493 299 493 299
408 302 408 302
411 302 411 301
414 302 413 302
427 302 430 305
433 302 436 305
441 302 441 297
444 302 444 296
471 302 471 301
474 302 474 301
477 302 477 302
479 302 480 302
482 302 482 302
485 302 485 302
488 302 487 302
490 302 490 302
493 302 493 302
392 304 393 304
394 304 394 304
397 304 397 304
400 304 400 304
403 304 403 304
405 304 405 304
408 304 408 305
414 304 413 305
416 304 417 307
419 304 419 307
427 304 430 307
430 304 432 308
436 304 436 302
438 304 438 300
441 304 441 299
444 304 444 299
452 304 450 304
468 304 468 304
471 304 471 304
474 304 474 304
477 304 476 304
479 304 479 304
482 304 482 304
485 304 485 304
488 304 488 304
490 304 491 304
493 304 493 304
392 307 392 307
394 307 395 307
397 307 397 307
400 307 400 307
403 307 403 307
411 307 410 308
414 307 413 308
419 307 419 309
422 307 422 310
425 307 425 310
438 307 438 304
441 307 441 304
446 307 446 308
452 307 450 308
455 307 452 307
468 307 469 307
471 307 471 307
474 307 474 307
477 307 476 307
479 307 479 307
482 307 482 307
485 307 485 307
488 307 488 307
490 307 490 307
493 307 493 307
386 310 386 310
389 310 389 310
392 310 391 310
394 310 395 310
397 310 398 310
403 310 403 310
408 310 408 310
411 310 411 310
414 310 413 311
422 310 422 312
425 310 424 312
427 310 431 310
430 310 433 310
433 310 435 310
438 310 439 310
444 310 444 310
446 310 446 310
449 310 449 310
463 310 463 310
471 310 471 310
474 310 474 310
477 310 477 310
479 310 479 310
482 310 482 310
485 310 485 310
488 310 488 310
490 310 491 310
493 310 493 310
381 313 381 313
383 313 384 313
386 313 386 313
389 313 389 313
392 313 391 313
394 313 395 313
397 313 398 313
400 313 401 313
403 313 403 313
405 313 405 313
408 313 408 313
411 313 411 312
427 313 431 313
436 313 436 312
444 313 444 312
446 313 447 312
449 313 449 313
452 313 452 312
455 313 455 313
463 313 463 312
466 313 466 312
468 313 468 313
471 313 471 313
474 313 474 313
477 313 477 313
479 313 480 313
482 313 482 312
485 313 485 312
488 313 488 313
490 313 490 313
493 313 493 312
378 315 378 316
381 315 381 316
383 315 383 316
386 315 386 316
389 315 389 315
392 315 392 315
394 315 395 316
397 315 398 315
400 315 401 315
405 315 405 315
408 315 408 315
411 315 411 315
425 315 424 315
427 315 430 316
433 315 432 315
436 315 436 315
438 315 438 315
441 315 441 315
444 315 444 315
446 315 447 316
449 315 450 316
452 315 452 315
455 315 455 315
460 315 460 315
463 315 464 315
466 315 466 315
468 315 469 315
471 315 471 315
474 315 474 315
477 315 477 315
479 315 479 315
482 315 482 315
485 315 485 315
488 315 488 315
490 315 490 315
493 315 493 315
378 318 377 318
383 318 384 318
386 318 386 318
389 318 389 318
392 318 392 318
394 318 395 319
397 318 398 318
400 318 401 318
403 318 403 318
405 318 405 318
414 318 414 318
416 318 416 318
419 318 419 318
422 318 421 318
425 318 424 318
427 318 430 318
436 318 435 318
438 318 438 318
441 318 441 318
444 318 444 317
446 318 446 318
449 318 450 318
460 318 460 318
463 318 463 318
466 318 466 318
468 318 468 318
471 318 471 318
474 318 474 318
477 318 477 318
479 318 479 318
482 318 482 318
485 318 485 318
488 318 488 318
490 318 490 318
493 318 493 318
378 321 377 321
381 321 381 321
383 321 384 321
386 321 386 321
389 321 389 321
392 321 392 321
394 321 395 321
397 321 398 320
400 321 401 320
403 321 403 321
405 321 406 321
408 321 408 321
411 321 411 321
414 321 414 321
416 321 417 321
419 321 419 321
422 321 422 321
425 321 425 321
433 321 432 321
436 321 435 321
438 321 438 321
441 321 441 321
444 321 444 321
446 321 446 321
449 321 449 321
452 321 452 321
455 321 455 321
457 321 458 321
460 321 460 321
463 321 463 321
466 321 466 321
468 321 469 321
471 321 471 321
474 321 473 321
477 321 477 321
479 321 479 321
482 321 482 321
485 321 485 321
488 321 488 321
490 321 490 321
493 321 493 321
378 324 378 324
381 324 380 323
383 324 383 323
386 324 386 323
389 324 389 324
392 324 394 323
397 324 397 323
400 324 400 323
403 324 403 323
405 324 405 324
408 324 408 323
411 324 411 324
425 324 425 324
427 324 428 324
430 324 430 324
433 324 433 323
436 324 435 323
438 324 439 324
441 324 442 323
444 324 444 323
446 324 446 324
449 324 449 324
452 324 452 324
455 324 455 324
457 324 458 324
460 324 461 323
463 324 464 323
466 324 466 323
468 324 469 323
471 324 472 324
474 324 473 324
477 324 477 324
479 324 480 323
482 324 482 324
485 324 485 324
488 324 487 323
490 324 490 324
493 324 493 324
378 326 378 326
381 326 380 326
383 326 383 326
386 326 386 327
389 326 392 326
394 326 394 326
397 326 397 326
400 326 400 326
403 326 403 326
408 326 408 326
414 326 414 326
416 326 417 326
422 326 422 326
425 326 425 326
427 326 428 326
430 326 431 326
436 326 436 326
438 326 439 327
441 326 441 326
444 326 444 326
446 326 446 326
449 326 449 327
452 326 452 327
455 326 455 327
457 326 458 326
460 326 461 326
466 326 465 326
468 326 469 327
471 326 472 327
474 326 474 326
477 326 477 326
479 326 480 326
482 326 482 326
485 326 485 326
488 326 487 326
490 326 490 326
493 326 493 326
378 329 378 329
381 329 380 329
383 329 383 329
386 329 386 329
389 329 391 329
394 329 394 329
397 329 397 329
400 329 400 329
403 329 403 329
405 329 405 329
411 329 411 329
414 329 414 329
416 329 416 329
419 329 419 329
422 329 422 329
425 329 425 329
427 329 427 328
430 329 431 328
433 329 433 329
436 329 436 329
438 329 438 329
441 329 441 329
444 329 444 329
446 329 447 329
449 329 449 329
452 329 452 329
455 329 455 329
457 329 458 329
460 329 461 329
463 329 463 329
468 329 468 329
471 329 471 329
474 329 474 329
477 329 477 329
479 329 479 329
482 329 482 329
485 329 485 329
488 329 487 329
490 329 490 329
493 329 493 329
378 332 378 332
381 332 381 332
383 332 384 332
386 332 386 332
389 332 391 331
394 332 395 332
397 332 397 332
400 332 400 332
403 332 402 332
405 332 405 332
408 332 408 332
411 332 411 332
414 332 413 331
416 332 416 331
419 332 419 332
422 332 422 332
425 332 425 332
427 332 427 331
430 332 430 331
433 332 432 332
436 332 436 332
438 332 438 332
441 332 441 332
444 332 444 332
446 332 447 332
449 332 449 332
452 332 452 332
455 332 455 331
457 332 458 332
460 332 461 332
463 332 464 332
466 332 466 332
468 332 468 332
471 332 471 332
474 332 473 332
477 332 476 332
479 332 479 331
482 332 482 332
485 332 485 332
488 332 487 332
490 332 490 332
493 332 493 332
378 335 378 335
381 335 381 335
383 335 383 335
386 335 386 334
389 335 391 334
392 335 394 334
397 335 398 334
400 335 400 334
403 335 403 334
405 335 406 335
408 335 408 335
411 335 411 335
414 335 414 334
416 335 417 334
419 335 420 335
422 335 422 335
425 335 425 334
427 335 428 334
430 335 430 334
433 335 433 334
436 335 435 335
438 335 438 335
441 335 441 335
444 335 444 334
446 335 447 335
449 335 449 335
452 335 453 334
455 335 455 334
457 335 457 334
460 335 461 334
463 335 463 334
466 335 466 335
468 335 468 334
471 335 471 334
474 335 473 334
477 335 477 334
479 335 480 334
482 335 483 335
485 335 485 335
488 335 487 334
490 335 490 334
493 335 493 334
378 337 378 337
381 337 380 337
383 337 383 337
386 337 386 337
392 337 394 337
397 337 398 337
400 337 400 337
403 337 403 337
405 337 405 337
408 337 408 337
411 337 411 337
414 337 414 337
416 337 417 337
419 337 420 337
422 337 422 337
425 337 425 337
427 337 428 337
433 337 433 337
436 337 435 337
438 337 438 337
441 337 441 337
444 337 444 337
446 337 447 337
449 337 450 337
452 337 453 337
455 337 455 337
457 337 458 337
460 337 460 337
463 337 463 337
466 337 465 337
468 337 468 337
471 337 471 337
474 337 474 337
479 337 479 337
482 337 483 337
485 337 485 337
490 337 490 337
493 337 493 337
