430 217 430 217
533 217 533 217
535 217 536 217
538 217 538 217
448 219 505 220
519 219 525 219
525 219 514 220
533 219 533 220
535 219 536 220
538 219 538 220
488 222 454 222
522 222 511 223
535 222 535 223
538 222 538 223
443 224 499 261
535 224 535 226
538 224 538 226
451 227 507 265
538 227 538 229
432 230 432 229
443 230 498 270
451 230 507 268
453 230 510 270
430 232 430 231
443 232 498 273
445 232 501 273
448 232 505 271
451 232 507 271
453 232 510 273
538 232 538 267
448 235 504 276
451 235 507 274
477 235 442 279
533 235 537 251
535 235 535 270
538 235 538 270
435 238 493 269
453 238 509 277
538 238 538 296
430 240 429 233
435 240 493 272
451 240 506 279
453 240 509 279
522 240 455 289
538 240 538 298
443 243 501 276
445 243 503 278
448 243 506 276
530 243 531 317
440 246 501 279
448 246 506 282
498 246 460 301
503 246 463 301
440 248 500 281
498 248 459 304
535 248 536 245
430 251 430 287
430 254 430 289
496 254 515 268
498 254 518 268
522 254 527 264
525 254 530 264
432 256 434 267
459 256 476 313
498 256 518 271
535 256 533 265
432 259 434 284
435 259 437 284
472 259 513 296
474 259 516 296
522 259 517 319
472 261 513 298
509 261 511 293
511 261 513 293
432 264 433 265
435 264 435 265
437 264 439 288
453 264 448 285
530 264 525 294
535 264 535 298
430 267 429 293
432 267 432 268
437 267 438 290
480 267 468 307
485 267 471 307
488 267 473 307
533 267 533 300
535 267 536 300
430 269 429 296
435 269 432 295
451 269 451 275
488 269 473 310
527 269 531 250
533 269 533 303
535 269 535 303
538 269 538 301
430 272 430 299
432 272 435 273
451 272 451 278
482 272 467 312
485 272 470 312
538 272 538 303
435 275 435 293
437 275 438 293
440 275 441 293
443 275 443 293
459 275 440 299
522 275 522 275
435 277 435 296
437 277 438 296
440 277 441 296
443 277 444 296
456 277 438 301
459 277 440 301
533 277 534 237
432 280 431 299
435 280 434 299
437 280 438 299
519 280 523 289
430 283 429 301
432 283 431 301
435 283 434 302
440 283 452 311
443 283 453 310
469 283 513 304
472 283 515 305
430 285 429 304
432 285 432 304
435 285 434 304
503 285 521 302
506 285 524 302
430 288 429 306
503 288 521 305
506 288 524 305
498 290 505 299
503 290 518 307
464 293 501 309
490 293 510 296
501 293 518 310
480 296 506 310
503 296 520 311
469 298 506 313
530 304 525 286
488 312 498 315
445 317 439 319
456 317 451 313
482 317 494 319
535 317 535 314
538 317 538 312
437 320 434 321
443 320 436 321
522 320 525 323
480 322 492 322
485 322 495 323
514 322 520 324
517 322 523 325
525 322 531 319
435 325 433 324
443 325 441 324
469 325 447 325
477 325 489 325
480 325 491 325
485 325 495 325
493 325 455 326
506 325 466 326
509 325 505 324
511 325 509 324
432 327 431 327
435 327 433 327
440 327 439 327
443 327 441 327
448 327 444 327
469 327 447 328
474 327 450 327
477 327 489 328
480 327 491 328
493 327 456 328
498 327 461 328
501 327 464 328
509 327 505 327
511 327 509 327
514 327 511 327
519 327 528 328
538 327 538 328
