498 217 509 216
501 217 512 216
522 217 500 216
525 217 525 216
530 217 531 217
535 217 535 217
538 217 538 217
474 219 440 221
477 219 445 221
480 219 449 220
533 219 532 221
538 219 538 222
469 222 478 245
488 224 480 226
522 224 520 222
488 227 481 229
533 227 535 245
535 227 533 249
464 230 445 248
498 230 534 232
535 230 533 251
538 230 537 254
464 232 446 252
467 232 469 248
477 232 485 256
511 232 493 252
533 232 531 255
535 232 534 254
538 232 538 258
464 235 463 257
451 240 454 266
474 240 479 257
485 240 514 252
493 240 482 263
506 240 499 239
477 243 509 256
538 243 538 260
493 246 476 261
496 246 478 261
538 246 538 263
435 248 434 242
493 248 476 264
496 248 479 264
533 251 533 277
430 254 429 277
488 254 502 253
535 254 535 279
488 256 502 256
511 256 505 264
533 256 535 260
538 256 538 281
538 259 538 232
535 261 531 231
538 261 538 235
474 264 496 313
474 267 497 316
485 267 476 295
440 269 477 269
485 269 475 298
493 272 502 267
517 272 534 286
493 275 502 270
511 275 529 290
485 283 508 239
522 283 513 277
525 283 517 277
474 285 472 289
490 285 517 236
511 285 500 291
443 288 444 311
445 288 446 308
509 288 498 294
511 288 501 293
522 288 510 290
435 290 433 320
482 290 476 308
493 290 513 316
506 290 496 297
509 290 499 296
511 290 502 296
514 290 505 295
485 293 481 310
509 293 500 300
533 293 527 262
530 296 524 266
480 298 469 284
514 298 505 283
477 301 466 287
480 301 469 287
530 301 532 292
535 301 535 292
530 304 531 296
533 304 533 296
535 304 536 295
474 306 459 299
480 306 467 294
496 306 511 309
530 306 530 299
533 306 534 298
535 306 536 298
482 309 469 300
493 309 506 314
533 309 534 301
535 309 535 304
538 309 538 303
490 312 450 316
511 312 519 302
535 312 535 307
459 314 481 313
488 314 447 320
490 314 451 319
485 317 491 317
488 317 494 316
501 317 463 320
488 320 494 320
490 320 497 319
514 320 485 318
517 320 526 319
493 322 498 322
496 322 502 324
538 322 538 316
472 325 436 325
474 325 440 324
477 325 443 324
533 325 532 320
535 325 535 320
538 325 538 322
472 327 503 327
474 327 440 327
477 327 443 327
488 327 496 327
498 327 508 328
501 327 511 327
525 327 525 328
533 327 531 327
535 327 533 327
538 327 538 328
