441 59 444 111
458 59 455 107
458 77 454 123
354 111 373 162
371 111 388 164
389 111 401 164
424 111 428 164
476 111 471 166
510 111 498 167
528 129 512 176
545 129 526 176
562 129 541 181
354 146 372 179
371 146 386 180
389 146 400 181
424 146 429 183
441 146 443 183
458 146 458 184
476 146 472 183
510 146 497 181
337 163 358 188
441 163 444 192
319 181 338 198
337 181 355 198
354 181 373 197
371 181 385 198
406 181 413 198
424 181 427 199
458 181 457 199
476 181 472 200
510 181 499 201
319 198 339 217
337 198 354 211
354 198 372 210
493 198 488 209
528 198 515 215
319 215 336 236
337 215 353 230
354 215 368 225
371 215 387 220
389 215 400 219
424 215 429 217
441 215 443 218
458 215 459 219
476 215 474 220
562 215 549 249
337 233 353 253
354 233 367 244
371 233 386 236
389 233 400 237
424 233 428 233
441 233 444 231
458 233 458 228
476 233 474 229
493 233 489 231
510 233 503 233
562 233 549 262
580 233 565 263
371 250 384 260
406 250 411 256
424 250 427 251
441 250 444 250
476 250 474 241
510 250 506 249
528 250 524 263
562 250 548 280
580 250 566 282
354 267 367 272
389 267 395 280
406 267 412 281
424 267 428 281
493 267 490 260
562 267 560 301
319 285 321 353
441 285 439 302
458 285 460 294
319 302 320 368
337 302 336 368
389 302 392 354
406 302 408 352
476 302 479 313
562 302 565 353
371 319 375 384
389 319 390 382
424 319 426 368
441 319 444 369
458 319 460 358
406 337 406 401
424 337 424 402
441 337 442 393
458 337 461 388
424 354 428 418
441 354 445 419
458 354 460 418
632 354 633 370
337 371 338 425
371 371 375 427
389 371 391 427
406 371 408 429
441 371 444 434
458 371 463 433
476 371 480 435
354 389 352 439
371 389 371 441
389 389 388 440
406 389 408 445
424 389 426 446
476 389 481 454
371 406 374 460
389 406 393 458
406 406 409 460
