354 196 381 195
359 196 385 195
354 201 380 201
359 201 384 200
307 206 341 200
349 206 376 205
354 206 380 205
291 212 317 206
349 212 376 209
354 212 380 209
291 217 316 211
297 217 326 211
307 222 338 216
317 227 352 221
338 227 369 219
286 232 318 228
317 232 354 226
323 232 360 225
380 232 391 230
286 238 318 233
291 238 322 232
297 238 333 232
302 238 338 232
312 238 350 230
317 238 355 230
338 238 369 229
385 238 392 235
291 243 322 237
317 243 354 235
333 243 365 234
349 248 377 241
302 253 338 246
354 253 381 248
307 258 345 251
312 258 350 252
323 258 360 250
338 258 371 251
307 264 345 257
312 264 351 257
317 264 356 257
343 264 376 256
312 269 351 262
317 269 357 261
297 274 327 269
302 274 333 269
307 274 339 269
312 274 352 267
297 279 329 275
302 279 338 273
302 284 335 280
307 284 350 278
323 284 363 278
328 284 367 278
302 290 334 285
307 290 346 283
312 290 352 283
338 290 372 284
307 295 346 289
312 295 351 289
317 295 355 288
307 300 340 295
317 300 352 294
