559 199 565 199
562 199 568 199
565 199 570 200
568 199 573 200
571 199 577 200
576 199 583 201
579 199 586 201
556 202 562 201
559 202 565 202
562 202 567 202
565 202 570 202
568 202 573 202
571 202 577 203
573 202 580 204
576 202 583 204
579 202 586 204
582 202 589 204
542 205 547 203
545 205 550 203
554 205 559 204
562 205 568 204
565 205 571 205
568 205 573 205
571 205 577 206
573 205 581 207
576 205 583 207
579 205 586 207
585 205 591 207
537 208 537 208
540 208 544 206
542 208 547 206
545 208 549 207
548 208 553 207
551 208 555 207
554 208 559 207
559 208 565 205
565 208 570 208
568 208 573 208
571 208 579 209
573 208 582 209
576 208 585 210
582 208 589 210
585 208 591 211
534 211 534 211
537 211 541 209
540 211 544 210
542 211 547 210
551 211 556 209
554 211 558 210
556 211 561 207
559 211 564 208
576 211 585 213
579 211 588 213
585 211 591 213
588 211 593 213
531 213 536 211
534 213 539 211
537 213 542 212
559 213 566 214
568 213 575 218
576 213 585 217
588 213 593 216
531 216 536 214
534 216 539 214
537 216 542 214
540 216 545 215
548 216 552 215
556 216 564 220
559 216 566 220
565 216 572 221
568 216 575 220
571 216 578 220
573 216 582 219
576 216 585 220
579 216 587 220
582 216 590 220
588 216 593 219
590 216 596 219
531 219 537 217
534 219 539 217
537 219 542 218
540 219 546 220
548 219 555 222
551 219 557 222
554 219 560 222
556 219 563 222
562 219 570 223
565 219 573 223
568 219 575 223
571 219 577 224
573 219 584 222
579 219 587 222
585 219 591 222
588 219 593 222
590 219 596 222
528 222 533 223
531 222 537 220
534 222 539 221
562 222 570 226
565 222 572 226
568 222 575 226
571 222 577 226
531 225 538 226
545 225 550 224
554 225 562 228
571 225 581 227
588 225 593 225
590 225 595 225
596 225 599 226
528 227 535 228
540 227 547 230
545 227 551 230
554 227 559 231
556 227 569 229
565 227 575 230
568 227 578 229
571 227 571 238
585 227 590 228
590 227 595 228
528 230 536 231
531 230 538 231
542 230 550 232
545 230 553 233
548 230 556 233
554 230 559 234
556 230 562 234
593 230 598 231
596 230 599 229
528 233 537 235
531 233 541 235
542 233 549 235
559 233 568 238
607 233 606 245
534 236 543 238
537 236 544 237
551 236 559 237
582 236 592 237
585 236 595 237
607 236 610 266
531 239 538 241
559 239 577 236
534 242 540 242
542 242 550 243
545 242 552 243
565 244 579 251
602 244 603 247
565 247 561 250
534 250 534 250
568 250 564 253
571 250 567 256
573 250 569 256
613 250 593 261
616 250 596 261
621 250 627 277
624 250 631 277
528 253 528 252
531 253 531 253
534 253 534 253
554 253 556 259
613 253 592 264
624 253 630 279
528 256 528 235
554 256 556 262
556 256 559 261
627 256 634 283
528 258 528 238
559 258 554 249
633 258 636 283
635 258 639 284
528 264 541 264
554 264 533 262
554 267 533 265
556 267 536 266
633 267 616 279
635 267 618 279
633 270 615 281
635 270 617 281
641 270 635 286
534 273 540 275
571 273 563 256
602 273 571 272
633 273 615 283
635 273 617 284
641 273 635 289
534 275 540 278
540 275 543 278
554 278 604 271
556 278 608 272
593 278 591 279
599 278 597 279
630 278 614 288
554 281 604 274
556 281 607 275
585 281 567 274
647 281 635 294
542 284 545 288
630 284 620 294
635 284 623 294
588 287 588 291
590 287 590 291
565 290 572 293
573 290 577 293
585 290 584 291
554 292 554 292
590 292 590 295
619 292 607 299
556 295 557 295
559 295 559 295
568 295 571 300
573 295 575 299
576 295 578 299
579 295 580 299
619 295 607 302
644 295 633 298
556 298 557 298
559 298 560 298
562 298 563 298
568 298 571 302
571 298 573 302
576 298 577 302
579 298 579 302
585 298 583 303
559 301 559 301
562 301 562 301
573 301 574 305
576 301 577 305
588 301 586 306
647 301 646 308
565 304 564 307
568 304 568 307
571 304 571 308
573 304 573 308
579 304 579 306
582 304 582 306
590 304 589 306
593 304 591 307
599 304 596 307
604 304 601 305
607 304 604 305
647 304 645 311
562 306 562 307
571 306 571 310
573 306 573 310
579 306 577 311
588 306 585 310
599 306 595 310
619 306 600 311
571 309 570 314
582 309 583 309
588 309 585 312
593 309 591 310
627 309 607 307
568 312 567 313
576 312 574 314
590 312 589 313
593 312 592 312
596 312 594 313
630 312 610 311
633 312 612 312
571 315 569 316
582 315 576 315
585 315 582 315
588 315 586 315
590 315 589 315
593 315 591 315
627 315 607 313
633 315 613 315
