554 199 555 199
562 199 562 199
579 202 584 202
551 205 556 202
556 205 562 203
559 205 564 203
576 205 582 204
579 205 585 204
556 208 561 206
534 211 534 210
537 211 537 210
579 211 585 210
590 211 594 211
531 213 531 213
571 213 576 213
576 213 582 213
579 213 585 214
534 216 539 213
571 216 577 215
576 216 581 216
579 216 584 216
534 219 539 216
568 219 573 219
571 219 575 219
531 222 536 218
534 222 539 219
540 222 544 220
568 222 572 222
571 222 575 222
534 225 539 222
537 225 542 222
540 225 545 223
559 225 563 225
562 225 566 225
565 225 569 225
568 225 572 224
571 225 575 224
585 225 590 226
528 227 533 225
531 227 536 225
537 227 542 226
554 227 559 226
585 227 589 229
588 227 592 229
528 230 534 228
531 230 536 228
534 230 539 228
537 230 542 228
548 230 554 228
551 230 557 229
579 230 577 231
585 230 589 231
588 230 592 232
542 233 547 231
545 233 551 231
548 233 554 232
551 233 556 232
571 233 569 233
573 233 571 233
576 233 574 234
579 233 577 233
582 233 580 231
534 236 541 234
537 236 544 234
540 236 547 234
542 236 550 234
554 236 560 232
571 236 568 235
582 236 580 234
531 239 538 239
534 239 541 237
545 242 550 237
568 242 573 237
571 242 576 237
565 244 571 240
568 244 574 240
571 244 576 240
573 244 579 240
565 247 571 242
568 247 574 242
571 247 576 242
568 250 574 245
571 250 576 246
576 250 582 246
571 284 577 281
579 287 582 284
585 287 585 288
590 287 588 288
579 290 582 288
585 290 585 291
599 290 598 289
559 295 561 295
568 295 573 294
579 295 582 296
582 295 584 296
585 295 585 295
588 295 588 295
559 298 561 298
568 298 573 298
571 298 575 296
573 298 578 297
588 298 588 298
590 298 590 298
593 298 593 298
604 298 603 299
644 298 644 304
573 301 578 300
579 301 582 301
582 301 583 301
588 301 588 303
590 301 590 303
593 301 593 302
596 301 595 302
604 301 603 301
647 301 647 305
576 304 579 303
579 304 581 303
582 304 584 303
590 304 590 306
593 304 592 306
596 304 596 305
599 304 598 304
604 304 603 304
607 304 605 304
644 304 644 307
647 304 647 308
562 306 563 305
579 306 581 306
582 306 583 306
588 306 588 307
599 306 598 307
602 306 601 307
607 306 605 307
647 306 646 310
579 309 580 309
585 309 584 309
588 309 587 310
590 309 590 310
596 309 595 310
585 312 584 312
588 312 587 312
590 312 589 313
596 312 595 313
602 312 601 313
607 312 605 313
610 312 608 313
633 312 625 312
585 315 584 315
588 315 587 315
590 315 589 316
599 315 599 316
604 315 601 315
607 315 604 315
610 315 607 315
616 315 613 315
635 315 628 315
641 315 634 315
