579 244 576 247
576 258 575 250
573 261 572 252
579 261 576 252
588 267 584 261
559 278 556 279
556 281 553 281
585 287 582 286
559 290 557 288
554 292 553 292
559 292 557 291
582 292 580 289
585 292 582 290
554 295 554 294
556 295 556 295
562 295 559 294
582 295 578 294
585 295 581 293
588 295 585 293
590 295 588 293
641 295 630 290
644 295 634 291
554 298 553 297
556 298 556 298
559 298 559 297
568 298 565 297
585 298 582 296
588 298 584 296
590 298 587 296
593 298 590 296
602 298 598 295
604 298 601 295
559 301 559 300
571 301 568 300
576 301 574 297
582 301 578 299
585 301 582 299
588 301 584 299
590 301 587 299
593 301 590 299
602 301 598 297
647 301 647 302
573 304 571 301
576 304 574 301
579 304 577 301
585 304 581 302
588 304 584 301
590 304 587 302
593 304 589 302
596 304 592 301
647 304 642 308
576 306 574 304
579 306 577 304
585 306 581 305
588 306 584 305
590 306 587 305
596 306 593 303
599 306 595 304
602 306 598 304
604 306 601 304
576 309 574 307
579 309 576 307
582 309 579 307
588 309 584 307
593 309 589 307
596 309 592 307
599 309 595 307
602 309 598 307
604 309 602 307
607 309 605 308
619 309 611 310
621 309 614 310
579 312 576 310
582 312 579 310
585 312 582 311
590 312 587 309
593 312 589 309
596 312 592 310
599 312 595 310
602 312 597 310
607 312 605 312
585 315 581 314
590 315 585 315
593 315 588 315
596 315 592 313
599 315 595 314
602 315 598 315
604 315 600 315
610 315 608 315
613 315 610 315
627 315 623 314
638 315 636 314
