554 211 558 210
585 211 580 205
593 211 586 207
537 216 539 217
540 216 545 215
588 216 579 211
534 219 536 220
554 222 564 210
596 222 590 219
556 225 571 211
565 225 570 217
599 225 593 220
602 225 601 220
540 227 545 217
542 227 548 217
545 227 551 217
568 227 573 220
596 227 590 223
599 227 593 223
604 227 605 220
537 230 543 220
540 230 546 220
542 230 548 220
545 230 551 220
551 230 555 221
554 230 557 221
562 230 570 219
576 230 588 213
604 230 605 223
534 233 533 226
537 233 542 223
540 233 548 223
542 233 551 223
545 233 554 224
554 233 557 224
576 233 588 215
579 233 591 217
540 236 548 226
542 236 551 227
542 239 551 231
545 239 554 231
573 244 591 243
607 247 614 249
613 250 617 240
559 253 582 252
562 253 585 252
568 253 588 253
613 253 616 243
616 253 620 243
613 256 615 247
616 256 619 247
619 256 622 245
616 258 618 250
619 258 622 249
621 258 625 249
528 261 530 250
531 261 533 250
540 261 552 270
545 261 553 243
548 261 555 243
602 261 592 273
616 261 618 254
619 261 622 252
621 261 625 252
528 264 530 252
531 264 534 252
534 264 539 251
540 264 544 251
576 264 584 248
613 264 615 257
616 264 617 258
619 264 621 258
621 264 625 256
528 267 530 256
537 267 540 254
540 267 543 254
554 267 557 255
556 267 560 256
590 267 602 256
616 267 617 261
619 267 620 261
624 267 627 259
627 267 614 234
531 270 535 257
537 270 540 257
542 270 547 260
545 270 550 261
593 270 609 260
616 270 617 264
619 270 619 264
621 270 625 264
627 270 630 263
630 270 635 266
531 273 536 260
534 273 538 259
537 273 541 259
540 273 544 259
542 273 547 263
548 273 554 258
593 273 608 263
619 273 619 267
621 273 622 267
624 273 625 267
630 273 635 268
528 275 532 262
531 275 535 263
534 275 538 262
537 275 541 262
540 275 544 262
554 275 557 262
593 275 608 266
596 275 611 263
610 275 613 269
616 275 617 269
619 275 619 270
621 275 622 270
624 275 625 270
630 275 635 272
531 278 535 265
534 278 538 265
537 278 542 265
540 278 545 265
593 278 608 269
596 278 611 269
610 278 613 272
616 278 616 273
619 278 619 273
624 278 623 273
630 278 631 275
633 278 637 275
635 278 640 276
528 281 535 268
534 281 538 268
540 281 546 269
542 281 550 267
556 281 556 270
593 281 608 272
596 281 611 272
602 281 600 275
604 281 604 274
607 281 607 274
613 281 613 275
616 281 616 276
619 281 619 276
624 281 622 276
627 281 624 277
630 281 627 277
633 281 634 277
528 284 534 271
534 284 540 271
537 284 543 272
540 284 547 272
542 284 550 272
602 284 600 277
604 284 603 277
607 284 606 278
633 284 634 280
635 284 637 281
638 284 640 281
528 287 534 274
531 287 538 272
537 287 543 274
540 287 546 274
542 287 550 275
568 287 566 281
579 287 582 282
582 287 585 283
585 287 588 284
593 287 597 282
604 287 603 281
531 290 537 275
534 290 541 275
537 290 543 277
540 290 546 278
545 290 553 279
548 290 555 276
551 290 558 277
579 290 582 286
582 290 585 285
585 290 588 288
588 290 591 288
590 290 593 288
604 290 607 282
619 290 615 287
644 290 645 290
528 292 531 277
531 292 535 277
534 292 540 277
540 292 546 281
542 292 549 281
545 292 552 282
548 292 555 282
573 292 577 288
579 292 582 289
582 292 585 289
588 292 590 292
590 292 593 292
593 292 596 289
621 292 620 291
647 292 648 291
528 295 530 280
542 295 548 284
545 295 552 285
548 295 555 285
551 295 557 285
556 295 560 285
559 295 564 286
571 295 575 290
573 295 577 291
579 295 582 292
582 295 585 292
588 295 590 295
590 295 593 295
593 295 596 296
596 295 599 293
604 295 606 291
644 295 645 294
531 298 544 293
542 298 548 287
545 298 551 287
548 298 553 289
551 298 556 289
554 298 560 289
556 298 562 290
559 298 565 290
562 298 568 291
573 298 577 294
576 298 580 295
582 298 585 297
588 298 591 297
590 298 593 297
593 298 596 299
604 298 605 294
607 298 608 294
619 298 614 294
621 298 619 297
647 298 647 293
531 301 544 296
534 301 547 296
542 301 548 290
545 301 550 291
548 301 553 292
556 301 562 293
559 301 565 293
562 301 568 293
568 301 572 293
571 301 575 297
573 301 577 297
576 301 579 298
579 301 582 298
596 301 598 299
599 301 601 298
604 301 605 297
610 301 608 297
613 301 610 297
627 301 623 298
641 301 638 297
647 301 647 297
534 304 547 299
537 304 550 299
540 304 553 300
548 304 553 294
551 304 556 294
554 304 559 295
556 304 562 295
559 304 564 296
568 304 571 299
571 304 575 299
576 304 580 301
579 304 582 302
582 304 585 301
590 304 593 302
593 304 596 302
596 304 598 302
599 304 601 302
604 304 605 300
607 304 607 300
613 304 610 300
616 304 613 300
621 304 619 301
627 304 624 303
644 304 643 300
647 304 646 300
537 306 549 303
540 306 552 303
542 306 556 303
551 306 556 297
554 306 560 298
556 306 562 298
559 306 564 299
562 306 565 302
565 306 568 302
568 306 571 302
571 306 575 302
573 306 576 305
576 306 579 305
579 306 582 305
590 306 593 305
593 306 595 304
596 306 598 305
599 306 601 305
602 306 604 305
607 306 607 303
610 306 610 303
616 306 612 303
619 306 615 303
621 306 618 304
624 306 621 305
630 306 628 305
633 306 631 304
635 306 634 304
638 306 637 304
644 306 642 303
647 306 646 303
542 309 556 309
551 309 556 301
554 309 559 300
562 309 565 305
565 309 568 305
568 309 570 305
571 309 574 305
573 309 576 308
579 309 579 309
588 309 589 307
590 309 592 307
593 309 595 307
596 309 598 307
599 309 600 308
602 309 604 308
604 309 607 308
621 309 619 307
624 309 622 307
627 309 625 308
630 309 628 308
633 309 631 308
635 309 634 308
638 309 637 307
644 309 642 306
647 309 646 306
562 312 564 307
565 312 567 308
568 312 570 309
571 312 573 308
573 312 575 311
576 312 578 311
579 312 581 312
588 312 588 310
590 312 592 310
593 312 595 311
596 312 598 310
599 312 601 311
602 312 604 311
604 312 606 311
610 312 610 311
613 312 613 311
616 312 616 311
619 312 622 312
621 312 625 312
624 312 628 312
627 312 625 311
633 312 631 311
635 312 635 311
638 312 637 310
641 312 640 310
556 315 560 313
559 315 561 309
562 315 564 310
565 315 567 311
568 315 569 314
571 315 572 314
573 315 575 314
576 315 578 314
579 315 581 315
588 315 588 314
590 315 592 313
596 315 597 314
602 315 605 314
616 315 616 314
621 315 618 315
633 315 631 314
635 315 633 315
641 315 640 314
644 315 645 315
