1 0 0 -0.2022774517536163 
0 1 0 -0.02555054239928722 
0 0 1 -0.5562111139297485 
0 0 0 1 

0.9982636570930481 -0.05540855228900909 0.01998976059257984 -0.2029463648796082 
0.0539952889084816 0.9963970184326172 0.06540356576442719 -0.06776854395866394 
-0.02354160882532597 -0.0642106682062149 0.9976586699485779 -0.5277861952781677 
0 0 0 1 

0.9926116466522217 -0.07896235585212708 -0.09212503582239151 -0.1394635438919067 
0.08681586384773254 0.9926251173019409 0.08460637927055359 -0.07767080515623093 
0.08476486802101135 -0.09197923541069031 0.9921464920043945 -0.5428841114044189 
0 0 0 1 

0.9486563801765442 -0.09532240033149719 -0.301603376865387 -0.01537820976227522 
0.1504138708114624 0.9747505784034729 0.1650359779596329 -0.1270632296800613 
0.2782563865184784 -0.2019278258085251 0.9390411376953125 -0.5436450242996216 
0 0 0 1 

0.9846394062042236 -0.1134601309895515 -0.1327099800109863 -0.1093820407986641 
0.1435109525918961 0.9588375687599182 0.2450203746557236 -0.1700568944215775 
0.09944719821214676 -0.2603020966053009 0.9603920578956604 -0.5082249641418457 
0 0 0 1 

0.9854966402053833 -0.1519699394702911 -0.07550796866416931 -0.1396206319332123 
0.1626787483692169 0.9726945161819458 0.1655321419239044 -0.129347175359726 
0.04829021915793419 -0.1754149198532104 0.9833095073699951 -0.5132659673690796 
0 0 0 1 

0.9894697666168213 -0.1211064234375954 0.07926343381404877 -0.2091199308633804 
0.1166133657097816 0.9914193749427795 0.05906673148274422 -0.05830216780304909 
-0.08573668450117111 -0.04920153692364693 0.9951022267341614 -0.4742332398891449 
0 0 0 1 

0.9649844169616699 -0.2063724100589752 0.161912128329277 -0.2253777533769608 
0.2138582170009613 0.9764020442962646 -0.0300621036440134 -0.0308553297072649 
-0.1518873423337936 0.06363567709922791 0.9863471984863281 -0.4560663998126984 
0 0 0 1 

0.9482524394989014 -0.2413581311702728 0.2063092589378357 -0.2460047900676727 
0.2466779053211212 0.9690974950790405 -6.476035196101293e-05 -0.04979899898171425 
-0.1999181509017944 0.05095339566469193 0.9784868359565735 -0.4450865685939789 
0 0 0 1 

0.9526901841163635 -0.2067221105098724 0.2228177189826965 -0.2561277449131012 
0.2042157649993896 0.9783182144165039 0.03449279442429543 -0.06155345588922501 
-0.2251168340444565 0.01264207437634468 0.9742497205734253 -0.437477171421051 
0 0 0 1 

