565 230 570 213
571 230 566 229
604 230 571 254
638 230 625 245
556 233 548 217
571 233 568 232
573 233 571 235
554 236 545 220
556 236 548 220
571 236 568 235
554 239 546 224
556 239 549 223
573 239 571 242
554 242 546 226
576 242 576 244
579 242 579 243
571 244 572 244
590 247 608 244
573 250 582 262
559 258 529 236
633 261 623 275
554 264 547 269
551 267 542 276
554 267 548 271
554 270 549 275
556 270 551 274
599 273 582 285
627 273 604 255
607 275 586 284
638 278 636 259
545 281 537 263
596 281 537 267
599 281 597 279
613 281 597 241
621 281 628 287
630 281 641 288
596 284 538 270
635 284 637 266
537 287 539 283
551 287 552 294
596 287 539 274
630 287 642 294
599 290 543 279
613 290 623 294
616 290 625 294
531 292 536 293
537 292 539 292
540 292 542 292
579 292 560 305
585 292 580 285
616 292 626 298
619 292 629 297
624 292 637 299
537 295 540 295
540 295 542 295
585 295 580 288
588 295 583 288
624 295 637 302
534 298 533 297
537 298 536 297
542 298 543 298
585 298 581 292
613 298 617 298
647 298 647 280
534 301 534 300
537 301 537 300
540 301 540 302
593 301 589 290
596 301 592 290
599 301 596 289
602 301 599 288
534 304 534 304
537 304 537 305
542 304 540 305
545 304 547 307
542 306 541 308
548 306 544 307
596 306 598 301
599 306 602 301
624 306 625 309
554 309 551 310
579 309 560 302
590 309 595 305
593 309 598 305
604 309 615 304
607 309 619 304
621 309 622 312
624 309 626 312
627 309 628 312
554 312 551 313
576 312 571 309
590 312 594 309
593 312 597 308
596 312 600 308
602 312 593 311
616 312 620 314
619 312 623 314
559 315 559 315
576 315 572 313
582 315 577 312
585 315 583 314
593 315 597 311
596 315 600 311
599 315 591 315
602 315 595 315
604 315 597 315
621 315 627 315
