1 0 0 0.01118196174502373 
0 1 0 -0.06161215156316757 
0 0 1 -0.6309888362884521 
0 0 0 1 

0.9956336617469788 -0.004136125557124615 -0.09325484186410904 0.05913316085934639 
0.004654199816286564 0.9999749064445496 0.005338667426258326 -0.06409856677055359 
0.09323041886091232 -0.005749383475631475 0.9956279397010803 -0.6159598231315613 
0 0 0 1 

0.9841952323913574 -0.01740411669015884 -0.176228940486908 0.1005133464932442 
0.01577357202768326 0.9998188614845276 -0.01064909063279629 -0.05372704192996025 
0.1763823628425598 0.007701003924012184 0.9842914938926697 -0.6054601073265076 
0 0 0 1 

0.9817917346954346 -0.001450687646865845 -0.1899554431438446 0.1032851785421371 
0.001623200601898134 0.9999985694885254 0.0007520872168242931 -0.05944405496120453 
0.18995401263237 -0.001046706456691027 0.9817925691604614 -0.6009084582328796 
0 0 0 1 

