1 0 0 0.01118196174502373 
0 1 0 -0.06161215156316757 
0 0 1 -0.6309888362884521 
0 0 0 1 

0.9950025677680969 -0.0003946463984902948 -0.09984754025936127 0.06202394142746925 
0.0007178075611591339 0.9999946355819702 0.003200561739504337 -0.06272108107805252 
0.09984574466943741 -0.003256239928305149 0.994997501373291 -0.6157227754592896 
0 0 0 1 

0.9856782555580139 -0.008777662180364132 -0.1684080958366394 0.09600139409303665 
0.008497514761984348 0.9999610781669617 -0.002384115243330598 -0.05708272010087967 
0.1684224605560303 0.000918918231036514 0.9857144355773926 -0.6055302619934082 
0 0 0 1 

0.9756850004196167 0.04611755535006523 -0.2142704129219055 0.1098195165395737 
-0.04652615264058113 0.9989120960235596 0.00313837849535048 -0.0599936805665493 
0.2141820639371872 0.006907125934958458 0.9767693877220154 -0.5991438031196594 
0 0 0 1 

