551 199 551 199
562 199 568 199
565 199 570 199
573 199 577 200
576 199 580 200
582 199 586 199
585 199 589 199
588 199 591 199
590 199 594 199
551 202 551 202
554 202 554 202
568 202 571 202
571 202 574 202
573 202 577 202
576 202 580 202
579 202 583 202
585 202 588 201
588 202 591 201
593 202 596 201
545 205 545 205
551 205 554 204
562 205 566 204
565 205 568 204
568 205 571 204
571 205 574 204
573 205 577 203
582 205 586 202
590 205 594 202
548 208 552 206
551 208 555 206
554 208 559 206
568 208 570 206
571 208 574 206
576 208 579 204
579 208 582 204
582 208 586 204
585 208 588 204
588 208 590 204
590 208 594 204
593 208 596 205
559 211 562 207
562 211 565 207
565 211 568 207
576 211 579 206
585 211 587 207
588 211 590 207
590 211 593 207
593 211 596 207
596 211 599 208
562 213 565 210
565 213 567 209
568 213 570 209
585 213 587 209
588 213 590 209
590 213 593 210
593 213 595 210
596 213 599 210
540 216 543 212
542 216 547 212
545 216 550 211
548 216 553 211
582 216 583 212
585 216 577 215
590 216 593 213
593 216 596 213
596 216 599 213
540 219 543 214
542 219 545 214
554 219 557 213
590 219 593 216
593 219 596 216
596 219 599 216
537 222 539 218
540 222 542 217
548 222 551 216
551 222 554 216
556 222 559 216
559 222 563 216
579 222 573 218
588 222 590 219
590 222 593 219
593 222 596 219
596 222 599 219
542 225 545 219
548 225 548 219
551 225 554 219
554 225 557 219
556 225 566 218
559 225 582 214
576 225 574 221
602 225 602 224
540 227 542 221
542 227 545 221
548 227 549 221
551 227 554 222
554 227 556 222
556 227 559 221
565 227 568 221
588 227 588 224
590 227 591 224
593 227 596 225
531 230 533 221
534 230 536 223
537 230 539 223
540 230 542 223
545 230 546 224
548 230 549 224
551 230 554 226
554 230 556 224
556 230 559 224
588 230 588 227
590 230 590 227
593 230 596 227
602 230 602 228
604 230 605 228
528 233 528 226
534 233 536 226
542 233 545 227
548 233 548 227
554 233 556 227
556 233 559 227
559 233 562 227
562 233 565 227
568 233 579 225
573 233 570 233
576 233 574 232
582 233 576 233
602 233 601 231
604 233 605 231
607 233 607 231
528 236 528 229
531 236 531 228
534 236 534 228
540 236 539 229
542 236 541 229
545 236 548 230
565 236 568 229
571 236 567 238
573 236 570 238
576 236 574 236
579 236 577 236
602 236 601 234
604 236 605 234
613 236 608 236
528 239 528 232
531 239 531 232
534 239 533 232
537 239 537 231
576 239 573 238
579 239 577 239
593 239 591 233
599 239 596 235
602 239 600 236
610 239 606 238
528 242 528 235
540 242 545 241
542 242 547 241
585 242 582 242
588 242 585 235
596 242 593 238
599 242 596 238
602 242 598 239
604 242 601 241
607 242 604 241
610 242 606 241
613 242 609 241
528 244 528 237
531 244 530 234
540 244 545 244
542 244 547 244
548 244 551 246
585 244 582 238
588 244 585 238
593 244 590 241
596 244 593 241
599 244 596 241
602 244 598 244
604 244 601 244
607 244 605 245
610 244 607 245
528 247 528 239
531 247 530 238
534 247 533 237
540 247 540 247
542 247 548 247
548 247 551 249
551 247 553 249
554 247 556 249
582 247 579 243
585 247 582 243
588 247 585 243
590 247 587 244
593 247 590 244
596 247 593 244
599 247 596 244
602 247 599 247
604 247 602 247
607 247 604 247
610 247 607 247
613 247 610 248
531 250 530 240
534 250 534 243
540 250 540 250
542 250 542 250
545 250 547 249
554 250 556 252
562 250 565 255
579 250 576 246
582 250 578 246
585 250 582 246
588 250 585 246
590 250 588 246
593 250 591 246
596 250 593 248
599 250 596 249
602 250 599 249
604 250 602 249
607 250 605 250
610 250 607 250
613 250 611 250
528 253 528 253
534 253 533 246
537 253 537 252
540 253 540 253
542 253 542 253
545 253 545 253
548 253 549 252
554 253 556 258
556 253 559 257
559 253 562 258
562 253 565 258
568 253 562 239
576 253 573 249
582 253 578 249
585 253 581 249
588 253 585 249
596 253 594 250
599 253 596 253
602 253 599 253
604 253 602 252
607 253 605 252
610 253 608 252
528 256 528 255
531 256 531 255
534 256 534 255
537 256 537 255
540 256 540 256
542 256 542 256
545 256 545 256
548 256 548 256
559 256 562 260
585 256 581 252
588 256 585 252
590 256 588 250
593 256 591 251
596 256 593 252
602 256 601 256
604 256 603 255
613 256 612 255
616 256 616 256
528 258 528 258
531 258 531 258
534 258 534 258
537 258 537 258
540 258 540 259
542 258 542 258
545 258 545 258
548 258 548 258
554 258 554 257
559 258 561 263
590 258 588 253
593 258 591 255
596 258 593 255
599 258 598 258
602 258 601 259
604 258 603 259
610 258 608 256
613 258 612 258
616 258 616 258
531 261 531 260
540 261 539 261
542 261 542 261
545 261 545 261
551 261 551 260
593 261 590 258
596 261 595 261
599 261 598 261
602 261 601 261
613 261 612 261
616 261 616 261
619 261 619 261
534 264 534 261
537 264 537 263
540 264 539 264
542 264 542 264
548 264 548 263
565 264 558 252
568 264 561 252
571 264 565 252
579 264 576 261
596 264 595 264
599 264 598 264
602 264 601 263
604 264 603 263
616 264 616 263
624 264 624 262
531 267 530 263
534 267 534 264
540 267 539 267
542 267 541 266
545 267 545 266
548 267 549 265
565 267 558 255
568 267 561 255
596 267 596 267
599 267 599 266
602 267 601 266
604 267 604 266
607 267 607 266
613 267 612 265
619 267 618 265
621 267 621 265
627 267 627 265
531 270 530 266
534 270 534 266
554 270 553 267
556 270 556 267
573 270 567 267
585 270 581 267
588 270 585 267
596 270 596 269
599 270 598 269
602 270 601 269
604 270 605 269
607 270 608 269
616 270 615 267
619 270 618 267
621 270 621 268
624 270 625 268
627 270 628 268
534 273 534 269
537 273 536 268
542 273 541 269
545 273 544 269
548 273 547 269
551 273 550 269
554 273 553 269
556 273 556 269
559 273 558 269
562 273 561 269
565 273 564 269
568 273 570 269
585 273 582 269
588 273 585 269
590 273 590 270
593 273 592 270
596 273 595 272
599 273 598 272
602 273 601 272
621 273 621 270
624 273 625 270
627 273 628 270
630 273 632 271
542 275 541 272
545 275 544 271
548 275 547 271
551 275 550 271
554 275 552 271
556 275 556 271
559 275 558 271
562 275 561 271
565 275 564 271
568 275 568 272
582 275 581 272
585 275 584 272
588 275 587 273
607 275 607 273
610 275 610 273
616 275 615 273
619 275 618 273
624 275 624 273
627 275 628 273
630 275 632 273
540 278 537 272
542 278 541 274
545 278 544 274
548 278 547 274
551 278 550 274
596 278 596 276
599 278 599 276
604 278 604 276
610 278 610 276
616 278 615 276
619 278 619 276
621 278 622 275
624 278 624 275
627 278 627 275
630 278 629 275
633 278 632 275
635 278 634 273
638 278 638 273
542 281 539 275
545 281 542 277
562 281 565 280
571 281 571 279
573 281 573 278
579 281 579 278
582 281 582 279
585 281 584 279
588 281 587 279
593 281 592 279
596 281 596 278
599 281 598 279
602 281 601 279
604 281 604 279
610 281 610 278
613 281 613 278
619 281 618 279
621 281 621 278
624 281 624 278
627 281 627 278
630 281 630 278
633 281 633 278
635 281 636 278
638 281 638 277
562 284 564 283
565 284 567 282
568 284 570 283
571 284 571 281
573 284 574 282
576 284 577 282
582 284 582 282
585 284 584 282
588 284 587 282
590 284 589 282
593 284 592 282
596 284 595 282
599 284 598 282
602 284 601 282
604 284 604 282
607 284 607 282
610 284 610 281
613 284 613 281
616 284 615 281
619 284 618 281
621 284 621 281
624 284 623 281
627 284 626 281
630 284 630 281
633 284 633 281
638 284 640 281
548 287 550 284
559 287 558 287
562 287 561 289
571 287 572 284
573 287 575 284
576 287 577 285
579 287 579 285
582 287 582 285
585 287 584 284
588 287 586 286
590 287 589 284
593 287 592 284
596 287 595 285
599 287 598 285
602 287 601 284
604 287 604 284
607 287 607 285
610 287 610 285
613 287 613 284
616 287 615 284
619 287 618 284
621 287 621 284
627 287 627 284
630 287 631 284
633 287 635 284
635 287 638 284
638 287 640 284
644 287 644 284
548 290 550 289
576 290 576 289
579 290 579 289
582 290 582 290
585 290 584 289
588 290 587 289
590 290 589 286
593 290 592 286
596 290 596 287
599 290 598 288
602 290 601 287
604 290 604 287
607 290 606 287
610 290 610 286
616 290 615 286
619 290 618 287
621 290 621 286
627 290 627 287
630 290 630 287
633 290 633 287
635 290 636 287
638 290 638 287
647 290 647 287
548 292 550 292
571 292 563 294
576 292 576 292
579 292 579 292
582 292 582 291
585 292 584 292
590 292 589 289
593 292 592 292
596 292 596 290
599 292 598 290
602 292 601 290
604 292 604 290
607 292 607 290
610 292 610 289
613 292 613 289
616 292 615 289
619 292 620 290
621 292 623 290
627 292 627 290
630 292 630 289
633 292 633 289
635 292 636 290
638 292 639 290
641 292 641 290
644 292 644 290
647 292 647 290
548 295 548 295
551 295 552 298
554 295 556 297
559 295 558 297
568 295 561 297
576 295 576 294
579 295 579 294
588 295 586 293
590 295 589 292
596 295 595 292
599 295 598 293
602 295 601 292
604 295 604 292
607 295 607 292
610 295 610 292
613 295 613 292
616 295 615 292
627 295 627 292
630 295 629 292
633 295 633 292
635 295 636 293
638 295 639 293
641 295 641 293
647 295 647 293
548 298 549 298
559 298 558 300
576 298 576 297
579 298 579 297
582 298 581 296
585 298 583 296
588 298 586 296
590 298 589 295
593 298 592 295
596 298 595 295
599 298 598 296
602 298 601 295
604 298 604 295
607 298 607 295
616 298 615 295
619 298 618 295
635 298 635 295
638 298 638 295
641 298 641 295
644 298 644 295
647 298 647 295
548 301 548 301
551 301 551 301
554 301 553 300
568 301 564 301
576 301 576 300
582 301 581 299
585 301 583 299
588 301 586 298
590 301 589 298
593 301 592 298
596 301 595 298
599 301 598 298
602 301 601 298
604 301 604 298
607 301 607 298
616 301 617 298
619 301 620 298
621 301 623 298
624 301 626 298
633 301 631 298
635 301 635 298
638 301 638 298
641 301 641 298
644 301 644 298
647 301 647 298
548 304 548 304
551 304 550 304
554 304 552 303
556 304 555 303
559 304 558 304
565 304 561 303
568 304 564 304
579 304 579 301
582 304 581 302
585 304 583 302
588 304 586 301
590 304 589 301
593 304 592 301
596 304 595 301
599 304 598 301
602 304 601 301
604 304 604 301
607 304 607 301
613 304 613 301
616 304 616 301
619 304 619 301
621 304 623 301
624 304 626 301
627 304 629 301
633 304 632 301
635 304 635 301
638 304 638 301
641 304 641 301
644 304 643 302
647 304 646 301
548 306 548 306
551 306 551 307
554 306 553 306
556 306 556 306
559 306 558 307
573 306 573 306
576 306 576 305
579 306 579 304
582 306 581 305
585 306 583 304
588 306 586 304
590 306 589 304
593 306 592 304
596 306 595 304
599 306 598 304
602 306 601 304
604 306 604 304
607 306 607 305
610 306 610 304
613 306 612 304
616 306 616 304
619 306 619 304
621 306 623 304
630 306 630 304
633 306 632 304
635 306 635 304
638 306 638 303
641 306 641 304
644 306 643 304
647 306 647 304
548 309 548 309
551 309 551 309
554 309 553 309
556 309 556 309
565 309 564 311
573 309 573 309
576 309 576 308
579 309 578 309
582 309 581 309
585 309 584 307
588 309 587 307
590 309 589 307
593 309 592 309
596 309 595 307
599 309 598 307
602 309 601 307
604 309 603 307
607 309 607 307
613 309 613 307
616 309 615 307
619 309 618 306
621 309 621 306
624 309 624 306
627 309 627 306
630 309 630 306
633 309 634 307
638 309 638 306
641 309 640 306
647 309 647 307
554 312 554 312
556 312 556 312
559 312 559 312
571 312 570 313
573 312 573 312
576 312 576 312
579 312 578 311
585 312 584 310
588 312 586 310
590 312 589 312
593 312 592 312
596 312 595 312
602 312 601 309
604 312 604 310
607 312 606 310
613 312 613 310
616 312 615 310
621 312 621 309
624 312 624 309
627 312 627 309
630 312 630 310
633 312 632 310
638 312 638 310
641 312 640 309
644 312 643 310
647 312 647 310
556 315 556 315
559 315 559 315
562 315 561 315
565 315 566 315
571 315 570 315
573 315 573 315
576 315 576 315
579 315 578 315
582 315 580 314
585 315 583 314
588 315 586 314
590 315 589 315
596 315 595 315
599 315 598 312
602 315 601 312
604 315 604 312
607 315 607 313
610 315 623 316
613 315 612 313
616 315 615 313
619 315 618 312
621 315 623 313
627 315 627 312
630 315 629 313
635 315 637 313
644 315 643 312
647 315 647 312
