588 219 587 219
588 222 587 223
590 222 590 222
590 225 590 225
624 247 624 248
624 250 623 251
630 256 631 256
627 264 631 263
613 273 620 274
616 273 627 277
624 273 636 275
633 273 635 267
610 275 621 279
613 275 625 278
627 275 630 276
610 278 621 282
613 278 625 281
616 278 629 280
624 278 634 279
630 278 637 278
588 281 596 285
590 281 599 285
593 281 602 284
607 281 618 282
619 281 632 282
621 281 635 282
627 281 639 281
588 284 597 288
590 284 599 287
604 284 616 285
610 284 623 285
585 287 594 290
610 287 623 287
635 287 646 286
602 290 610 289
633 290 643 290
596 292 605 291
599 292 608 290
610 292 621 294
616 292 627 293
621 292 631 292
624 292 634 292
596 295 605 294
599 295 608 294
621 295 634 295
635 295 641 294
573 298 576 299
582 298 586 298
585 298 591 297
590 298 598 298
593 298 601 297
596 298 605 298
599 298 609 297
607 298 618 298
613 298 625 297
573 301 576 302
576 301 579 302
579 301 584 301
582 301 587 300
585 301 590 300
588 301 593 300
596 301 605 300
616 301 630 302
635 301 645 300
647 301 647 295
576 304 580 306
585 304 590 303
588 304 593 303
633 304 642 303
579 306 584 305
582 306 587 305
596 306 604 307
599 306 606 304
624 306 633 305
633 306 642 307
638 306 646 306
579 309 584 308
582 309 587 308
585 309 590 307
599 309 607 308
624 309 634 308
641 309 647 309
576 312 581 311
585 312 589 312
588 312 592 313
590 312 595 312
593 312 598 312
596 312 602 312
599 312 604 311
602 312 607 311
621 312 631 312
641 312 647 312
588 315 593 315
590 315 596 315
593 315 599 314
596 315 602 315
602 315 608 314
621 315 632 315
624 315 635 315
630 315 638 314
633 315 641 314
641 315 648 315
