59 94 58 92
111 94 110 92
129 94 128 92
146 94 146 92
163 94 162 91
441 94 441 90
458 94 459 90
476 94 474 90
42 111 41 110
59 111 59 110
94 111 93 109
129 111 128 109
146 111 145 109
163 111 163 108
424 111 424 107
441 111 442 107
476 111 475 107
493 111 494 108
510 111 511 109
528 111 529 108
545 111 545 107
25 129 25 127
42 129 42 127
59 129 59 127
77 129 75 127
94 129 94 127
111 129 111 127
146 129 146 126
163 129 162 126
181 129 179 126
406 129 406 124
424 129 424 124
441 129 441 124
458 129 458 125
493 129 493 124
510 129 511 125
545 129 545 124
562 129 561 124
42 146 42 145
59 146 61 144
77 146 77 144
94 146 95 144
111 146 111 144
129 146 129 144
146 146 145 144
163 146 163 143
181 146 179 144
406 146 407 142
493 146 494 141
510 146 511 142
528 146 530 142
545 146 546 143
562 146 563 142
597 146 596 141
406 163 405 160
476 163 475 160
493 163 493 159
510 163 511 159
528 163 529 160
545 163 547 158
597 163 597 159
406 181 406 178
493 181 494 176
510 181 511 176
562 181 563 177
580 181 579 175
597 181 597 176
337 198 337 195
371 198 371 196
389 198 389 196
406 198 406 195
424 198 423 195
441 198 440 195
458 198 458 195
476 198 475 195
510 198 511 194
528 198 529 195
545 198 545 195
562 198 563 193
580 198 581 193
597 198 597 193
337 215 337 213
354 215 354 213
371 215 371 213
389 215 389 213
406 215 406 212
458 215 458 212
476 215 476 212
493 215 493 212
510 215 510 211
545 215 546 211
580 215 580 210
597 215 597 210
319 233 320 230
337 233 337 231
354 233 354 231
371 233 371 230
389 233 388 230
406 233 406 230
424 233 423 229
476 233 476 229
493 233 493 230
510 233 510 229
528 233 527 229
580 233 580 228
302 250 302 249
319 250 319 249
337 250 337 248
354 250 354 248
371 250 371 247
389 250 389 247
406 250 406 248
424 250 423 247
441 250 441 247
458 250 458 247
476 250 475 247
493 250 493 247
510 250 510 247
562 250 562 245
580 250 580 246
267 267 268 266
285 267 285 265
302 267 302 266
319 267 319 265
337 267 336 266
354 267 354 265
371 267 372 265
389 267 389 265
406 267 406 265
424 267 423 265
441 267 441 264
458 267 458 264
476 267 475 264
493 267 493 264
545 267 546 262
562 267 562 263
580 267 580 263
233 285 233 283
267 285 267 283
285 285 285 283
302 285 302 283
319 285 319 283
337 285 337 283
354 285 354 283
371 285 371 283
389 285 389 283
406 285 406 282
424 285 423 282
441 285 441 282
458 285 458 282
476 285 475 281
493 285 493 281
510 285 510 281
528 285 528 280
545 285 545 281
562 285 562 281
215 302 216 300
233 302 234 301
250 302 250 301
302 302 303 301
319 302 319 301
337 302 337 300
354 302 354 300
371 302 372 301
389 302 389 300
406 302 406 300
424 302 424 300
441 302 441 300
458 302 458 299
476 302 476 300
493 302 493 298
510 302 511 299
528 302 528 299
562 302 563 298
198 319 199 317
215 319 216 316
233 319 234 317
302 319 302 316
319 319 319 317
337 319 338 318
354 319 355 318
371 319 373 318
389 319 389 317
406 319 406 318
424 319 424 317
441 319 441 317
458 319 458 317
476 319 476 316
493 319 493 316
510 319 510 316
528 319 528 316
562 319 563 315
215 337 216 335
250 337 251 334
267 337 268 334
302 337 302 334
319 337 320 335
337 337 337 335
354 337 355 334
371 337 371 334
389 337 389 335
406 337 407 334
424 337 423 334
441 337 441 334
458 337 459 334
476 337 476 334
493 337 493 333
510 337 511 333
528 337 528 333
545 337 545 333
250 354 251 351
285 354 285 352
319 354 320 351
337 354 337 351
354 354 356 352
371 354 372 352
389 354 388 351
406 354 406 351
424 354 423 351
441 354 441 352
458 354 458 351
476 354 476 351
510 354 511 351
528 354 528 351
250 371 251 369
267 371 268 368
285 371 285 369
302 371 303 368
337 371 337 369
354 371 355 369
371 371 372 369
389 371 389 368
406 371 405 367
424 371 424 369
441 371 442 368
458 371 458 368
493 371 493 368
510 371 511 368
528 371 528 368
562 371 563 368
250 389 252 388
267 389 266 387
285 389 285 387
302 389 303 387
319 389 320 385
354 389 355 386
371 389 372 385
389 389 389 386
406 389 406 386
424 389 424 385
441 389 441 385
458 389 458 384
476 389 475 385
493 389 493 386
510 389 510 385
545 389 545 385
562 389 563 385
580 389 579 384
233 406 235 402
250 406 254 402
285 406 284 405
302 406 302 406
354 406 355 403
371 406 372 403
389 406 389 403
406 406 406 402
424 406 424 402
441 406 442 402
458 406 459 403
476 406 476 403
545 406 545 403
562 406 563 402
215 424 217 421
250 424 251 420
267 424 266 421
285 424 285 421
302 424 301 422
319 424 320 418
337 424 338 420
354 424 356 420
371 424 372 420
389 424 389 420
406 424 407 420
458 424 459 420
476 424 475 420
493 424 493 420
528 424 528 420
545 424 545 420
562 424 563 420
580 424 580 419
198 441 201 437
215 441 216 437
285 441 283 440
302 441 301 438
319 441 322 437
337 441 340 439
354 441 356 437
371 441 371 436
389 441 389 437
406 441 407 437
424 441 425 437
441 441 440 437
458 441 458 437
476 441 476 437
493 441 493 437
510 441 511 438
528 441 528 438
545 441 545 437
562 441 562 437
580 441 580 436
215 458 214 457
302 458 301 455
319 458 320 456
337 458 337 457
354 458 354 457
371 458 373 454
389 458 389 454
441 458 443 454
458 458 458 456
476 458 476 455
493 458 494 455
510 458 511 454
528 458 528 455
545 458 545 454
562 458 563 454
580 458 580 454
198 476 201 475
215 476 217 475
233 476 232 476
250 476 249 476
267 476 265 477
285 476 284 475
302 476 302 476
319 476 318 476
337 476 337 475
354 476 354 475
371 476 370 475
389 476 391 475
406 476 409 475
424 476 425 475
441 476 442 475
458 476 458 475
476 476 475 475
493 476 494 474
510 476 511 474
528 476 528 475
545 476 546 475
562 476 563 473
