371 198 349 39
389 198 372 36
406 198 393 32
424 198 411 29
441 198 432 25
458 198 457 23
354 215 327 64
371 215 351 61
389 215 371 60
406 215 395 57
476 215 486 49
493 215 514 53
319 233 283 90
337 233 306 88
354 233 328 87
371 233 351 85
389 233 374 85
406 233 395 80
424 233 417 78
441 233 442 76
476 233 485 73
493 233 508 72
510 233 531 71
528 233 556 75
562 233 597 72
580 233 623 62
302 250 264 114
319 250 285 112
337 250 307 110
354 250 328 109
371 250 350 107
389 250 373 107
406 250 396 104
424 250 418 102
441 250 443 101
458 250 463 99
476 250 485 97
493 250 508 96
510 250 530 94
562 250 598 92
267 267 233 141
285 267 249 137
302 267 268 136
319 267 286 134
337 267 308 133
354 267 330 132
371 267 354 129
389 267 374 128
406 267 395 126
424 267 418 125
441 267 441 123
458 267 464 120
476 267 486 120
493 267 507 119
528 267 554 116
562 267 597 113
580 267 619 115
267 285 237 160
319 285 290 157
337 285 309 155
354 285 332 154
371 285 351 154
389 285 375 151
406 285 397 148
424 285 420 148
441 285 441 146
458 285 463 144
476 285 485 143
493 285 508 141
528 285 555 137
562 285 598 130
215 302 185 188
233 302 205 183
250 302 224 181
302 302 276 178
319 302 294 179
337 302 315 179
354 302 333 176
371 302 354 174
389 302 374 173
406 302 399 174
424 302 420 171
441 302 441 169
458 302 463 167
476 302 485 165
493 302 509 163
510 302 531 160
528 302 557 159
215 319 191 206
233 319 209 203
267 319 253 197
319 319 298 197
337 319 317 199
354 319 336 198
371 319 357 196
389 319 377 195
406 319 398 194
424 319 420 193
441 319 443 191
458 319 463 189
476 319 486 187
493 319 509 186
510 319 531 182
562 319 596 175
267 337 260 213
319 337 302 218
337 337 319 218
354 337 338 217
371 337 362 215
389 337 381 214
406 337 401 213
424 337 421 214
441 337 442 212
458 337 464 211
476 337 488 208
493 337 510 206
510 337 532 204
528 337 552 201
337 354 323 238
354 354 345 237
371 354 365 235
389 354 383 233
406 354 404 233
424 354 424 232
441 354 445 232
458 354 464 232
476 354 489 228
510 354 533 224
528 354 554 222
267 371 265 249
337 371 329 257
389 371 387 251
406 371 406 251
424 371 427 251
441 371 446 251
458 371 466 252
510 371 532 241
302 389 307 274
371 389 377 268
389 389 393 268
441 389 448 268
510 389 532 258
545 389 570 261
319 406 330 287
371 406 379 285
389 406 396 284
424 406 431 285
441 406 450 286
476 406 490 287
510 406 532 275
562 406 590 276
580 406 611 272
354 424 367 301
371 424 384 302
441 424 451 302
476 424 492 304
510 424 532 293
528 424 552 292
545 424 571 298
562 424 590 296
371 441 391 318
389 441 405 317
406 441 422 316
493 441 514 313
510 441 533 309
528 441 551 311
545 441 568 317
562 441 590 312
493 458 517 330
528 458 551 331
545 458 570 333
562 458 589 331
