163 129 82 25
181 146 113 44
198 146 131 43
406 163 385 27
406 181 386 46
371 198 343 66
389 198 366 66
406 198 386 63
441 198 431 39
458 198 454 37
354 215 323 86
371 215 346 86
389 215 368 84
406 215 389 82
476 215 474 79
319 233 281 107
337 233 302 105
354 233 325 104
371 233 347 103
389 233 369 103
406 233 391 102
424 233 412 100
476 233 479 98
493 233 499 98
302 250 260 128
319 250 281 126
337 250 304 124
354 250 326 124
371 250 346 122
389 250 371 122
406 250 392 121
424 250 415 120
441 250 436 120
458 250 459 118
476 250 479 117
493 250 501 116
510 250 522 117
285 267 245 160
319 267 283 147
337 267 306 145
354 267 328 143
371 267 352 142
389 267 373 142
406 267 393 141
424 267 416 140
441 267 438 138
458 267 460 136
476 267 481 136
493 267 505 137
250 285 206 191
267 285 230 184
285 285 249 182
302 285 267 175
319 285 285 169
337 285 307 165
354 285 330 163
371 285 353 161
389 285 376 161
406 285 397 159
424 285 418 158
441 285 441 157
458 285 462 155
476 285 484 154
493 285 506 155
215 302 169 212
233 302 191 214
250 302 209 211
302 302 270 199
319 302 289 193
337 302 310 187
354 302 332 184
371 302 354 182
389 302 377 180
406 302 399 179
424 302 421 178
441 302 442 176
458 302 467 177
476 302 486 176
493 302 508 176
562 302 583 181
215 319 173 233
319 319 294 216
337 319 313 211
354 319 335 208
371 319 358 205
389 319 379 203
406 319 401 201
424 319 425 199
441 319 444 196
458 319 466 196
476 319 488 195
493 319 509 198
267 337 243 256
302 337 277 241
319 337 297 238
337 337 316 234
354 337 337 231
371 337 361 229
389 337 381 225
406 337 402 223
424 337 424 221
441 337 447 218
458 337 469 217
493 337 510 219
510 337 529 222
528 337 549 220
545 337 570 219
267 354 248 278
285 354 269 275
337 354 319 254
354 354 340 254
371 354 365 252
389 354 382 249
406 354 405 246
424 354 426 243
441 354 449 240
458 354 471 237
510 354 528 242
528 354 550 240
250 371 232 298
267 371 252 294
285 371 270 293
302 371 289 289
337 371 322 281
371 371 367 276
389 371 386 272
406 371 407 268
424 371 427 266
441 371 448 264
510 371 529 265
250 389 235 315
267 389 252 312
285 389 281 313
302 389 296 310
319 389 312 307
337 389 330 303
354 389 351 301
371 389 370 298
389 389 389 295
406 389 409 293
424 389 430 289
441 389 452 285
458 389 471 281
476 389 494 280
510 389 532 284
545 389 572 281
562 389 590 280
215 406 196 336
233 406 218 335
267 406 263 329
302 406 304 325
354 406 353 322
371 406 371 318
389 406 391 316
406 406 411 314
441 406 454 307
458 406 474 305
476 406 496 301
545 406 573 300
562 406 592 297
215 424 199 356
250 424 248 350
302 424 307 345
319 424 324 343
354 424 356 341
371 424 375 339
389 424 394 337
406 424 414 334
458 424 475 324
545 424 574 319
562 424 594 318
198 441 180 375
215 441 201 377
267 441 268 367
319 441 327 364
354 441 357 358
371 441 376 358
406 441 417 353
424 441 438 351
441 441 457 349
458 441 477 344
476 441 494 347
493 441 512 347
510 441 530 343
545 441 577 337
562 441 596 336
198 458 184 395
302 458 307 383
389 458 399 374
406 458 418 373
424 458 439 370
441 458 456 370
458 458 473 368
476 458 496 362
510 458 532 362
528 458 559 357
562 458 599 353
215 476 203 407
562 476 599 375
