452 230 454 252
455 230 457 252
460 230 466 249
433 233 436 252
436 233 439 252
438 233 442 253
446 233 448 253
449 233 451 254
452 233 453 254
455 233 457 255
419 236 446 244
438 236 445 256
438 239 438 258
449 239 450 256
452 239 454 257
463 239 465 262
457 241 440 267
419 244 427 257
422 244 432 258
457 244 440 270
397 247 401 247
400 247 404 248
457 250 430 275
457 252 430 278
389 258 416 246
416 258 419 268
383 261 409 248
479 261 466 246
463 263 437 288
383 266 409 252
449 274 456 282
411 277 410 267
449 277 456 285
414 280 412 276
425 280 452 293
449 280 456 287
408 282 404 269
425 282 452 296
414 285 411 282
441 285 417 273
419 288 418 295
474 288 460 297
419 291 418 298
474 291 458 300
416 296 410 295
383 302 389 285
403 302 480 291
405 302 483 291
408 302 486 291
452 302 443 295
394 304 410 297
403 304 479 294
474 304 466 304
378 307 378 306
436 307 412 303
455 307 478 302
381 310 389 295
441 310 451 308
493 310 493 301
446 313 455 314
449 318 470 317
471 321 457 322
457 324 469 325
460 324 473 326
471 324 458 324
444 326 417 328
455 326 472 329
488 326 484 321
490 326 487 321
493 326 493 326
389 329 381 333
416 329 436 327
449 329 453 332
485 329 484 328
488 329 487 329
490 329 490 329
493 329 493 329
378 332 378 329
408 332 411 328
477 332 475 329
485 332 484 331
488 332 487 331
490 332 490 332
493 332 493 332
383 335 377 335
405 335 407 333
408 335 410 333
446 335 451 336
468 335 468 334
471 335 471 334
477 335 475 332
479 335 478 333
482 335 483 333
488 335 487 334
490 335 490 335
493 335 493 335
405 337 406 337
408 337 410 337
411 337 437 337
460 337 455 337
466 337 461 337
468 337 464 337
482 337 482 337
490 337 490 337
493 337 493 337
