571 202 571 202
573 202 573 202
576 202 576 202
579 202 579 202
562 205 562 205
565 205 565 205
568 205 568 204
571 205 571 205
573 205 573 205
576 205 576 205
579 205 579 205
582 205 582 205
562 208 562 208
565 208 565 208
568 208 568 207
571 208 571 208
573 208 573 208
576 208 576 208
579 208 579 208
582 208 582 208
585 208 585 209
542 211 542 211
545 211 545 211
548 211 548 211
551 211 551 211
554 211 554 211
556 211 557 210
562 211 562 210
565 211 565 211
568 211 568 210
571 211 571 210
573 211 573 211
576 211 576 211
579 211 579 210
582 211 582 211
542 213 542 214
545 213 545 213
548 213 548 213
551 213 551 213
554 213 554 213
556 213 556 213
559 213 559 213
562 213 562 213
565 213 565 213
568 213 568 213
571 213 571 213
573 213 573 214
576 213 576 214
579 213 579 213
582 213 582 214
585 213 585 214
588 213 587 214
540 216 540 216
542 216 542 216
545 216 545 216
548 216 548 216
551 216 551 216
554 216 554 216
556 216 556 216
559 216 559 216
565 216 565 216
568 216 568 216
571 216 570 217
573 216 573 217
576 216 576 217
579 216 579 216
582 216 582 217
585 216 585 217
588 216 587 217
534 219 534 219
537 219 537 219
540 219 539 219
542 219 542 219
545 219 545 219
548 219 548 219
551 219 551 219
554 219 554 219
556 219 557 219
559 219 559 218
562 219 562 219
565 219 565 219
568 219 568 219
571 219 570 220
573 219 574 219
576 219 576 219
579 219 579 219
582 219 582 219
585 219 584 219
588 219 587 219
531 222 531 222
534 222 534 222
537 222 537 222
540 222 539 222
542 222 542 222
545 222 545 222
548 222 548 222
551 222 551 222
559 222 559 222
562 222 562 221
565 222 565 222
568 222 568 222
571 222 571 222
573 222 573 222
576 222 576 222
579 222 579 222
582 222 582 222
585 222 584 222
588 222 587 222
528 225 528 225
531 225 531 225
534 225 534 225
537 225 537 225
540 225 539 224
542 225 542 225
545 225 545 224
548 225 548 225
551 225 551 225
554 225 554 225
556 225 557 225
562 225 562 224
565 225 565 224
568 225 568 225
571 225 571 225
573 225 574 225
576 225 576 225
579 225 579 225
582 225 582 225
585 225 584 225
588 225 587 224
607 225 607 224
528 227 528 227
531 227 531 227
534 227 534 227
537 227 537 227
540 227 540 227
542 227 542 227
545 227 545 227
548 227 548 227
559 227 559 225
568 227 568 227
576 227 576 227
579 227 578 228
585 227 585 228
588 227 587 227
590 227 590 228
607 227 608 228
528 230 528 230
531 230 531 230
534 230 534 230
537 230 537 230
540 230 540 230
542 230 542 229
545 230 545 229
568 230 568 230
571 230 571 230
573 230 574 230
579 230 578 231
585 230 585 231
588 230 587 231
590 230 590 230
599 230 599 230
602 230 602 230
528 233 528 233
531 233 531 233
534 233 534 233
537 233 537 233
540 233 540 232
542 233 542 232
545 233 545 232
562 233 562 230
565 233 565 233
568 233 568 233
571 233 571 233
576 233 576 233
585 233 584 233
588 233 587 233
602 233 602 233
604 233 604 233
528 236 528 236
531 236 533 235
542 236 537 238
554 236 557 239
565 236 565 236
579 236 579 236
582 236 582 236
585 236 584 236
588 236 587 235
596 236 595 235
556 239 554 236
588 239 587 238
590 239 590 238
596 239 594 238
599 239 598 238
602 239 602 239
556 242 554 238
562 242 560 239
568 242 571 247
579 242 579 241
582 242 581 241
593 242 593 241
596 242 595 241
599 242 598 241
602 242 601 242
604 242 604 242
607 242 607 242
579 244 578 244
582 244 581 244
585 244 585 244
588 244 587 244
590 244 590 244
593 244 593 244
596 244 595 244
599 244 598 244
602 244 601 245
604 244 604 245
607 244 607 245
610 244 609 245
559 247 559 247
579 247 579 247
582 247 581 247
585 247 584 246
588 247 587 246
590 247 590 246
593 247 592 247
596 247 595 247
599 247 599 247
602 247 601 247
604 247 604 247
607 247 607 247
610 247 610 247
613 247 613 247
528 250 528 247
551 250 549 247
565 250 567 254
582 250 582 250
585 250 584 250
588 250 588 249
590 250 590 249
593 250 593 249
596 250 595 249
599 250 598 249
602 250 601 249
604 250 604 250
607 250 607 250
610 250 609 250
613 250 613 250
531 253 531 250
571 253 574 258
573 253 568 250
582 253 582 253
585 253 584 252
588 253 587 252
590 253 590 252
593 253 593 252
596 253 596 253
599 253 599 252
602 253 602 252
604 253 604 252
607 253 607 253
610 253 610 253
531 256 531 253
534 256 534 253
571 256 573 261
585 256 585 255
588 256 587 255
590 256 590 255
593 256 593 255
596 256 596 255
599 256 599 255
602 256 602 255
604 256 604 256
607 256 607 256
610 256 610 256
613 256 613 256
528 258 529 258
531 258 531 258
545 258 545 256
585 258 585 259
588 258 587 259
590 258 590 259
593 258 593 258
596 258 596 258
599 258 599 258
602 258 602 258
607 258 607 258
610 258 610 258
613 258 613 258
621 258 621 259
528 261 529 261
531 261 531 261
540 261 540 261
542 261 542 259
588 261 588 261
590 261 590 261
593 261 593 261
596 261 596 261
599 261 599 261
602 261 602 261
607 261 607 261
610 261 610 261
613 261 613 261
616 261 615 261
624 261 624 261
528 264 529 264
531 264 531 264
534 264 535 264
537 264 537 263
582 264 582 264
585 264 585 264
590 264 590 264
593 264 593 264
596 264 596 264
599 264 599 264
602 264 602 264
604 264 605 264
607 264 607 263
610 264 609 264
613 264 612 264
616 264 615 264
619 264 618 264
627 264 627 264
528 267 529 266
531 267 532 267
534 267 535 267
537 267 537 266
540 267 540 265
542 267 542 265
545 267 545 265
576 267 576 264
582 267 579 265
593 267 593 267
596 267 596 267
599 267 599 267
602 267 601 267
604 267 605 267
607 267 606 268
610 267 609 268
613 267 612 267
616 267 615 267
619 267 618 267
621 267 621 267
528 270 529 269
531 270 532 269
534 270 535 269
537 270 537 269
540 270 540 270
542 270 542 270
559 270 557 265
562 270 559 264
576 270 576 268
579 270 579 267
585 270 585 267
593 270 593 270
596 270 596 270
599 270 599 270
602 270 602 270
604 270 605 270
607 270 607 270
610 270 610 270
613 270 613 270
616 270 615 269
619 270 618 269
621 270 621 270
624 270 624 270
627 270 629 272
630 270 631 267
528 273 529 272
531 273 532 272
534 273 534 272
537 273 537 272
540 273 540 272
542 273 543 272
545 273 545 272
556 273 554 267
559 273 557 268
562 273 560 268
565 273 562 267
571 273 565 267
593 273 593 273
596 273 596 273
599 273 599 273
602 273 602 273
604 273 605 273
607 273 607 272
610 273 610 273
613 273 613 272
616 273 616 272
619 273 618 272
621 273 621 272
624 273 624 273
627 273 627 273
635 273 635 272
528 275 529 275
531 275 532 275
534 275 534 275
537 275 537 275
540 275 540 275
545 275 546 275
548 275 548 273
551 275 551 270
556 275 554 270
559 275 557 271
562 275 562 279
573 275 573 273
582 275 582 270
585 275 585 270
590 275 590 275
593 275 593 276
596 275 596 276
599 275 599 276
602 275 602 276
604 275 604 276
607 275 607 275
610 275 610 275
613 275 613 275
616 275 616 275
619 275 619 275
621 275 622 275
624 275 624 275
627 275 627 275
630 275 630 275
633 275 632 275
528 278 528 278
537 278 537 277
540 278 540 278
542 278 543 277
554 278 553 275
556 278 556 275
562 278 562 281
565 278 564 281
568 278 567 275
571 278 571 275
573 278 573 276
579 278 579 279
582 278 582 278
588 278 588 278
590 278 590 278
593 278 593 278
596 278 596 278
599 278 599 278
602 278 602 278
604 278 604 278
607 278 607 278
610 278 610 278
613 278 613 278
616 278 616 278
619 278 619 278
621 278 622 278
624 278 625 278
627 278 627 278
630 278 629 278
633 278 632 278
638 278 638 275
528 281 528 281
531 281 532 279
534 281 534 280
537 281 537 280
540 281 540 281
542 281 543 281
545 281 545 281
548 281 547 279
551 281 550 278
554 281 554 278
576 281 573 278
579 281 579 281
585 281 585 281
588 281 588 281
590 281 591 281
593 281 593 281
596 281 596 281
599 281 599 281
602 281 601 281
604 281 604 281
607 281 607 281
610 281 610 281
613 281 613 281
616 281 616 281
619 281 619 281
621 281 622 281
624 281 625 281
627 281 627 281
630 281 629 280
633 281 632 281
638 281 638 281
528 284 529 284
531 284 531 283
534 284 534 283
537 284 537 283
540 284 540 283
542 284 543 283
545 284 546 283
548 284 548 281
551 284 551 281
559 284 559 284
562 284 562 285
568 284 568 285
571 284 570 285
573 284 573 284
582 284 582 284
585 284 585 283
588 284 588 284
590 284 590 284
593 284 593 284
596 284 596 284
599 284 599 284
602 284 602 284
604 284 604 284
607 284 607 284
610 284 610 284
613 284 613 284
616 284 616 284
619 284 619 284
621 284 622 284
624 284 624 284
627 284 627 284
630 284 629 284
633 284 633 284
635 284 636 284
528 287 529 287
534 287 534 287
537 287 537 286
540 287 540 286
542 287 543 286
545 287 546 287
548 287 548 287
556 287 553 287
559 287 559 287
562 287 562 288
565 287 564 287
568 287 567 287
571 287 570 287
579 287 579 287
582 287 582 286
585 287 584 286
588 287 587 287
590 287 590 287
593 287 593 287
596 287 596 287
599 287 599 287
602 287 602 287
604 287 604 287
607 287 607 287
610 287 610 287
613 287 613 287
616 287 616 286
619 287 619 287
621 287 622 287
624 287 624 287
627 287 627 287
630 287 630 287
633 287 633 287
635 287 636 287
638 287 638 287
641 287 641 287
644 287 643 287
537 290 537 289
540 290 540 289
542 290 543 289
548 290 550 287
562 290 562 290
565 290 564 290
568 290 567 290
571 290 571 290
573 290 574 289
576 290 576 289
579 290 579 289
582 290 582 289
585 290 584 289
588 290 587 290
590 290 590 290
593 290 593 289
596 290 596 289
599 290 599 289
602 290 602 289
604 290 605 289
607 290 607 289
610 290 610 289
613 290 613 289
616 290 616 289
619 290 619 289
621 290 622 289
624 290 624 289
627 290 627 289
630 290 630 289
633 290 633 289
638 290 638 290
641 290 641 289
644 290 644 289
531 292 532 292
534 292 534 292
537 292 537 292
540 292 540 292
542 292 543 292
545 292 546 292
548 292 548 292
556 292 557 292
559 292 559 292
562 292 562 292
565 292 564 293
568 292 567 293
573 292 574 292
576 292 576 292
579 292 579 292
582 292 582 292
585 292 585 293
588 292 587 293
590 292 590 292
593 292 593 292
596 292 596 292
599 292 599 292
602 292 602 292
604 292 605 292
607 292 607 292
610 292 610 292
613 292 613 292
616 292 616 292
619 292 619 291
624 292 624 292
627 292 627 292
630 292 631 292
633 292 633 292
635 292 636 293
638 292 639 293
641 292 641 293
647 292 647 292
528 295 528 295
534 295 534 295
537 295 537 295
540 295 540 295
542 295 543 295
545 295 546 295
548 295 548 295
554 295 554 295
556 295 556 295
559 295 560 295
562 295 562 295
565 295 565 295
568 295 567 295
573 295 574 295
576 295 576 295
579 295 579 295
582 295 582 295
585 295 584 295
588 295 588 295
590 295 590 295
593 295 593 295
596 295 596 295
599 295 599 295
602 295 601 295
604 295 604 295
607 295 607 295
610 295 610 295
613 295 613 295
616 295 616 295
619 295 619 294
621 295 621 295
624 295 624 295
627 295 627 295
630 295 630 295
633 295 633 295
635 295 636 295
638 295 639 296
641 295 641 296
644 295 644 296
647 295 647 295
528 298 528 298
534 298 534 298
540 298 540 297
542 298 543 297
545 298 546 298
548 298 548 298
554 298 554 298
556 298 557 298
559 298 559 298
562 298 562 298
565 298 565 298
568 298 568 298
576 298 576 297
579 298 579 298
582 298 582 298
585 298 585 298
588 298 588 298
590 298 590 298
593 298 593 298
596 298 596 298
599 298 599 298
602 298 602 298
604 298 604 298
607 298 608 298
610 298 610 298
613 298 613 298
616 298 616 298
619 298 619 298
621 298 621 298
624 298 624 298
627 298 627 298
630 298 630 298
633 298 633 298
635 298 635 299
638 298 638 298
641 298 642 298
644 298 644 298
647 298 647 298
534 301 534 301
537 301 537 301
540 301 540 300
542 301 543 301
545 301 546 300
548 301 548 301
551 301 551 301
554 301 554 300
556 301 557 300
559 301 560 301
562 301 562 301
565 301 565 301
568 301 568 301
573 301 573 301
576 301 576 301
579 301 579 300
582 301 582 301
585 301 585 300
588 301 588 301
590 301 590 301
593 301 593 301
596 301 596 301
599 301 599 301
602 301 602 301
604 301 605 301
607 301 607 301
610 301 610 301
613 301 613 301
616 301 616 301
619 301 619 301
621 301 621 301
624 301 624 301
627 301 627 301
630 301 630 301
633 301 633 301
635 301 636 301
638 301 638 301
641 301 642 301
644 301 644 301
647 301 647 301
537 304 537 304
540 304 540 303
542 304 543 303
545 304 546 303
548 304 549 303
551 304 551 303
554 304 554 303
556 304 557 303
559 304 560 304
562 304 562 304
565 304 565 304
568 304 568 304
571 304 571 304
573 304 574 303
576 304 576 304
579 304 579 303
582 304 582 303
585 304 585 303
588 304 588 303
590 304 590 304
593 304 593 304
596 304 596 304
599 304 599 304
602 304 602 304
604 304 605 304
607 304 607 304
610 304 610 304
613 304 613 304
616 304 616 304
619 304 619 303
621 304 621 303
624 304 624 304
627 304 627 304
630 304 630 304
633 304 633 304
635 304 635 304
638 304 639 304
641 304 641 304
644 304 644 304
647 304 647 304
542 306 542 306
545 306 546 306
548 306 549 307
551 306 552 306
554 306 554 306
556 306 557 306
559 306 560 307
562 306 562 307
565 306 565 307
568 306 568 307
571 306 571 307
573 306 573 306
576 306 576 306
579 306 579 306
582 306 582 306
585 306 584 306
588 306 587 306
590 306 590 306
593 306 593 306
596 306 596 306
599 306 599 306
602 306 602 306
604 306 605 307
607 306 608 307
610 306 610 307
613 306 613 307
616 306 616 307
619 306 619 306
621 306 622 306
624 306 624 306
627 306 627 307
630 306 630 306
633 306 633 306
635 306 636 306
638 306 638 306
641 306 641 306
644 306 644 307
647 306 647 307
534 309 534 309
537 309 537 309
540 309 539 309
542 309 542 309
545 309 545 309
548 309 548 310
551 309 551 309
554 309 554 309
556 309 557 309
559 309 559 309
562 309 562 309
565 309 565 310
568 309 568 309
571 309 571 309
573 309 573 309
576 309 576 310
579 309 579 309
582 309 581 308
585 309 584 309
588 309 587 309
590 309 590 309
593 309 593 309
596 309 596 309
599 309 599 309
602 309 602 309
604 309 605 309
607 309 607 310
610 309 611 310
613 309 613 310
616 309 616 310
619 309 619 309
621 309 621 309
624 309 624 308
627 309 627 309
630 309 630 309
633 309 633 309
635 309 636 309
638 309 638 309
641 309 641 309
644 309 644 309
647 309 647 309
542 312 543 312
545 312 545 312
548 312 548 312
551 312 551 312
554 312 553 311
556 312 557 311
559 312 560 312
562 312 562 312
565 312 565 312
568 312 568 311
571 312 571 311
573 312 574 312
576 312 576 312
579 312 579 312
582 312 582 312
585 312 585 312
588 312 588 313
593 312 593 312
596 312 595 311
599 312 599 312
602 312 602 312
604 312 604 312
607 312 610 313
613 312 613 312
616 312 616 312
619 312 618 312
621 312 621 312
624 312 624 312
627 312 627 312
630 312 630 312
633 312 633 312
635 312 636 312
638 312 638 312
641 312 641 312
644 312 644 312
647 312 647 312
548 315 548 315
551 315 551 315
554 315 554 315
556 315 557 315
559 315 560 315
562 315 562 315
565 315 565 315
568 315 568 315
571 315 571 315
573 315 574 315
576 315 576 315
579 315 579 315
582 315 582 315
585 315 585 315
588 315 588 315
590 315 591 315
593 315 593 315
596 315 595 315
599 315 598 315
602 315 602 315
604 315 605 315
607 315 607 315
610 315 610 315
616 315 616 315
619 315 619 315
621 315 622 315
624 315 625 315
627 315 627 315
630 315 630 315
633 315 632 315
635 315 636 315
638 315 639 315
641 315 641 315
644 315 644 315
647 315 647 315
