635 264 634 269
638 264 636 268
548 273 545 285
551 273 548 285
644 273 642 281
647 273 646 280
548 275 545 288
551 275 548 288
641 275 639 286
548 278 545 290
551 278 548 290
647 278 646 291
556 281 551 293
604 281 608 293
607 281 611 292
621 281 622 286
556 284 552 295
607 284 611 295
610 284 614 294
647 284 646 300
604 287 605 298
638 287 637 300
647 287 646 303
554 290 545 297
621 290 622 299
638 290 634 303
571 292 563 302
599 292 596 302
607 292 605 302
638 292 634 306
571 295 563 305
573 295 567 305
593 295 589 301
630 295 628 306
562 298 562 310
576 298 571 305
588 298 582 302
590 298 585 302
593 298 588 304
596 298 592 302
610 298 612 307
627 298 623 309
641 298 635 309
573 301 568 308
576 301 571 307
579 301 573 307
588 301 582 305
590 301 586 304
596 301 590 304
599 301 593 304
610 301 611 309
627 301 623 312
633 301 628 312
641 301 635 313
573 304 568 310
576 304 571 310
582 304 576 308
585 304 579 307
588 304 582 307
590 304 586 306
619 304 605 310
582 306 576 310
585 306 579 310
588 306 582 310
588 309 581 313
