528 199 528 199
562 199 558 199
565 199 561 199
565 202 561 203
568 202 564 203
568 205 563 208
571 205 566 208
528 208 528 210
528 211 528 213
596 211 595 209
599 211 598 210
602 211 601 211
604 211 604 210
556 213 545 248
576 213 566 214
579 213 580 238
559 222 559 255
568 222 573 255
593 222 591 219
528 225 528 235
559 225 558 258
590 225 589 221
593 225 592 221
531 227 539 246
534 227 541 246
590 227 589 224
528 230 528 221
568 230 542 215
596 230 597 227
593 233 591 227
596 233 597 233
602 236 602 228
531 242 550 240
596 242 603 241
599 242 606 239
604 242 612 240
607 242 614 239
573 244 574 235
582 244 573 240
585 244 576 240
593 244 600 244
596 244 603 244
610 244 611 236
613 244 614 236
596 247 606 245
599 247 608 245
604 247 612 245
610 247 616 245
616 247 616 239
590 250 597 250
596 250 604 249
607 250 614 248
610 250 616 247
616 250 622 248
607 253 615 251
610 253 616 251
613 253 620 251
616 253 623 251
593 256 603 254
596 256 605 254
599 256 608 254
602 256 611 254
610 256 617 254
613 256 620 254
616 256 623 254
619 256 625 254
621 256 628 254
602 258 610 256
610 258 617 256
613 258 620 256
616 258 622 256
621 258 628 257
579 261 582 261
607 261 613 259
610 261 617 259
619 261 622 260
621 261 625 260
627 261 631 260
630 261 634 260
633 261 637 260
548 264 537 274
551 264 540 274
565 264 561 275
582 264 585 264
616 264 619 262
619 264 621 262
621 264 624 262
624 264 628 262
627 264 631 262
633 264 637 263
635 264 640 264
576 267 567 275
619 267 621 265
621 267 624 265
624 267 628 265
627 267 631 266
630 267 633 266
633 267 637 266
635 267 640 267
559 270 548 277
562 270 555 279
579 270 581 272
613 270 614 267
616 270 619 267
619 270 622 268
621 270 624 268
624 270 628 268
627 270 631 268
633 270 634 270
635 270 637 270
638 270 642 270
551 273 542 281
559 273 551 281
562 273 554 281
565 273 557 281
568 273 560 281
579 273 581 275
585 273 592 276
619 273 622 270
621 273 625 271
624 273 627 271
627 273 630 271
633 273 634 272
635 273 637 273
641 273 642 272
644 273 645 272
647 273 647 272
545 275 537 283
554 275 545 283
568 275 561 283
588 275 583 275
607 275 609 272
613 275 613 273
621 275 625 273
624 275 627 274
627 275 630 274
633 275 634 275
644 275 644 275
647 275 647 275
548 278 540 285
582 278 577 281
585 278 580 279
588 278 584 282
604 278 606 274
607 278 609 274
619 278 622 275
641 278 641 278
647 278 647 278
562 281 555 286
576 281 569 284
579 281 574 284
582 281 577 284
585 281 581 285
588 281 584 285
602 281 605 277
633 281 633 277
551 284 543 289
554 284 546 290
556 284 549 289
559 284 552 289
562 284 555 288
568 284 563 289
571 284 563 286
573 284 566 287
576 284 569 287
579 284 572 286
630 284 630 281
647 284 647 285
554 287 548 292
556 287 551 292
559 287 553 292
571 287 565 290
576 287 569 289
579 287 572 289
588 287 583 288
590 287 586 287
633 287 633 285
638 287 636 286
641 287 641 287
644 287 644 287
647 287 647 287
556 290 551 295
559 290 554 294
562 290 556 295
565 290 559 295
568 290 563 292
571 290 565 292
573 290 568 292
582 290 577 290
585 290 579 291
588 290 583 290
590 290 586 290
593 290 589 290
596 290 592 288
599 290 594 288
619 290 618 286
635 290 633 288
638 290 636 289
641 290 641 289
644 290 644 289
647 290 646 290
556 292 552 298
559 292 554 297
562 292 557 298
565 292 560 297
568 292 563 295
571 292 565 295
573 292 568 295
588 292 582 293
590 292 586 293
593 292 589 293
596 292 592 291
599 292 595 291
602 292 598 291
607 292 604 290
627 292 627 289
630 292 630 289
638 292 637 291
644 292 642 292
647 292 646 292
576 295 572 296
579 295 575 296
582 295 577 296
585 295 580 296
590 295 586 296
596 295 592 294
599 295 595 294
602 295 598 294
604 295 600 294
607 295 603 294
610 295 607 293
613 295 612 294
621 295 621 294
627 295 627 293
630 295 630 292
638 295 638 294
641 295 640 295
647 295 646 295
559 298 558 304
562 298 559 304
565 298 562 301
573 298 569 299
576 298 572 299
590 298 585 300
593 298 589 297
599 298 594 297
602 298 597 297
604 298 601 297
607 298 603 296
613 298 609 297
619 298 616 296
641 298 640 297
644 298 643 298
568 301 564 303
573 301 569 302
576 301 572 301
582 301 578 302
585 301 581 302
588 301 584 302
590 301 586 302
602 301 597 300
610 301 606 299
613 301 609 300
616 301 612 300
619 301 615 300
624 301 623 300
627 301 626 300
635 301 633 299
638 301 636 300
641 301 640 300
644 301 643 300
647 301 646 301
571 304 568 305
573 304 571 304
576 304 574 304
579 304 576 304
582 304 579 304
588 304 584 304
590 304 586 305
593 304 590 302
607 304 603 302
613 304 609 303
616 304 612 303
621 304 617 303
624 304 621 303
627 304 625 304
635 304 633 302
638 304 636 303
641 304 640 303
644 304 643 303
647 304 646 303
565 306 562 306
568 306 565 307
571 306 568 308
573 306 571 307
576 306 574 307
579 306 576 307
582 306 579 307
590 306 587 308
596 306 594 305
613 306 610 305
616 306 612 306
621 306 617 306
624 306 621 306
627 306 624 306
630 306 626 306
633 306 629 306
641 306 639 306
644 306 640 305
647 306 647 306
568 309 565 309
571 309 568 311
573 309 571 310
576 309 574 310
579 309 577 310
582 309 580 310
585 309 582 308
590 309 588 307
593 309 591 308
596 309 594 308
599 309 597 308
604 309 601 308
610 309 607 308
621 309 618 308
627 309 624 309
630 309 627 308
635 309 632 309
647 309 647 309
576 312 574 313
579 312 577 313
582 312 580 312
593 312 589 313
596 312 594 311
599 312 597 311
602 312 600 311
610 312 608 312
613 312 611 312
616 312 615 312
624 312 622 312
630 312 629 312
644 312 641 312
647 312 646 313
579 315 577 315
582 315 580 315
585 315 582 315
588 315 586 314
593 315 590 315
596 315 594 315
599 315 597 314
602 315 600 314
604 315 603 314
607 315 606 314
610 315 608 315
613 315 611 315
616 315 615 315
619 315 617 315
624 315 622 315
630 315 628 315
635 315 632 315
638 315 635 315
641 315 638 315
644 315 643 315
647 315 647 315
