490 217 438 216
493 217 442 216
501 217 485 216
503 217 474 216
506 217 476 216
493 219 465 219
496 219 469 219
503 219 472 219
506 219 475 220
437 230 439 219
443 230 445 220
464 230 462 219
488 230 438 229
538 230 538 256
443 232 446 224
451 232 478 226
467 235 486 223
469 235 489 223
522 235 518 253
467 238 487 227
477 238 499 229
501 238 501 258
503 238 504 257
430 243 429 235
461 243 482 234
485 243 505 231
530 243 532 230
472 246 483 240
488 246 507 233
453 251 483 243
456 251 486 243
509 251 437 264
511 251 507 262
535 251 533 238
430 254 430 253
453 254 484 245
472 254 462 236
474 254 465 236
535 254 533 242
430 256 430 256
453 256 444 230
459 256 453 231
533 256 531 245
453 259 444 233
538 259 538 261
477 261 492 238
488 261 503 236
503 261 523 231
506 261 527 231
530 261 530 262
533 261 536 261
501 264 497 232
503 264 524 234
506 264 527 234
509 264 529 233
530 264 534 264
533 264 537 264
493 267 519 241
503 267 524 237
506 267 527 237
509 267 529 236
437 269 432 253
456 269 436 246
459 269 439 245
482 269 496 243
490 269 490 244
493 269 492 244
525 269 524 284
430 272 429 297
451 272 434 247
459 272 440 248
480 272 508 271
482 272 496 246
506 272 525 243
509 272 528 241
527 272 525 286
533 272 534 268
538 272 538 267
477 275 471 241
480 275 509 274
482 275 511 274
525 275 526 289
538 275 538 270
435 280 438 299
506 283 516 265
509 283 519 264
530 283 530 298
538 283 538 274
451 285 506 257
493 285 440 290
498 285 509 263
509 285 520 267
517 285 525 266
538 285 538 276
432 288 431 264
519 288 529 268
538 288 538 279
432 290 431 267
461 290 495 241
519 290 529 272
527 290 530 241
432 293 431 270
477 293 521 294
480 293 523 293
535 293 537 285
493 296 438 319
514 296 517 273
432 298 432 273
514 298 517 276
448 301 458 249
464 301 463 245
538 301 538 291
445 304 452 253
464 304 463 248
467 304 466 247
437 306 453 255
443 306 458 254
445 306 461 254
448 306 465 254
451 306 467 254
472 306 470 248
474 306 472 247
519 306 523 296
535 306 535 300
538 306 538 300
435 309 450 259
437 309 453 258
445 309 459 257
469 309 504 263
530 309 532 310
535 309 536 303
538 309 538 303
432 312 447 260
443 312 457 261
453 312 474 258
464 312 479 257
432 314 448 262
435 314 451 262
445 314 460 261
448 314 462 261
453 314 468 260
456 314 471 259
461 314 477 261
464 314 480 261
496 314 510 287
533 314 535 312
435 317 451 265
440 317 454 264
445 317 460 263
448 317 462 263
451 317 465 263
453 317 468 262
456 317 470 262
480 317 497 315
525 317 524 320
533 317 534 315
538 317 538 315
437 320 452 266
440 320 455 266
443 320 458 266
448 320 462 265
456 320 471 264
459 320 477 265
474 320 441 316
480 320 497 317
482 320 500 317
522 320 521 322
535 320 536 317
538 320 538 317
435 322 449 271
437 322 452 270
451 322 467 268
461 322 478 266
464 322 480 266
467 322 483 266
469 322 487 266
482 322 500 319
485 322 468 321
511 322 508 318
535 322 536 320
538 322 538 320
435 325 450 274
437 325 452 273
448 325 464 271
451 325 467 270
453 325 469 270
469 325 471 303
477 325 445 324
485 325 468 324
488 325 472 324
493 325 516 326
496 325 519 326
509 325 506 322
511 325 509 321
535 325 536 323
538 325 538 323
435 327 451 276
482 327 463 328
485 327 468 327
488 327 472 327
490 327 519 328
496 327 499 328
498 327 502 328
506 327 505 328
509 327 508 327
525 327 525 328
527 327 527 328
530 327 530 327
535 327 534 327
