478 269 486 253
476 276 485 260
476 278 480 267
427 300 415 305
463 300 443 284
463 305 470 269
466 305 473 269
468 305 466 276
466 307 474 272
468 307 434 298
471 307 437 298
490 312 486 290
459 315 469 312
471 315 437 309
451 317 422 297
451 320 422 300
483 320 416 309
451 322 458 325
454 322 462 324
456 322 465 324
497 322 486 310
500 322 490 309
502 322 493 308
500 324 490 312
502 324 494 312
495 327 490 332
497 327 494 332
492 329 487 336
495 329 491 336
485 346 475 336
483 351 486 329
485 351 489 328
478 358 476 365
