588 222 552 213
590 222 555 213
633 222 609 212
638 222 617 214
588 225 552 216
590 225 555 215
621 225 598 213
627 225 606 213
630 225 606 215
633 225 610 215
635 225 615 215
616 230 586 216
619 230 589 216
630 230 606 217
579 233 546 219
607 233 584 218
576 239 544 221
635 239 607 221
635 244 607 224
534 247 534 247
627 250 601 249
630 250 605 249
554 261 539 250
559 261 544 253
624 261 598 252
556 264 542 256
559 264 545 256
576 264 547 240
627 264 607 243
548 267 564 278
556 267 542 258
531 270 602 281
537 270 550 282
548 270 562 281
576 270 553 247
531 273 602 284
540 273 553 285
545 273 559 284
548 273 562 284
551 273 567 283
576 273 559 250
582 273 559 247
585 273 564 247
599 273 586 239
602 273 589 238
537 275 551 287
540 275 553 288
545 275 559 287
593 275 561 241
599 275 567 241
633 275 604 237
568 278 551 267
596 278 564 243
604 278 589 242
585 281 596 255
602 281 570 244
638 281 636 278
545 284 536 271
585 284 596 258
602 284 570 247
604 284 573 247
616 284 578 246
534 287 531 288
545 287 536 273
548 287 539 273
551 287 542 273
641 287 641 286
644 287 644 286
528 290 527 291
537 290 533 288
540 290 536 288
545 290 539 287
551 290 539 279
633 290 637 294
641 290 641 289
644 290 644 289
647 290 646 289
528 292 528 292
531 292 530 293
534 292 534 293
548 292 536 282
551 292 539 281
579 292 564 272
593 292 582 276
627 292 630 285
638 292 642 298
641 292 642 292
644 292 644 292
531 295 531 296
537 295 537 296
548 295 534 285
565 295 550 279
568 295 553 279
573 295 556 276
576 295 559 276
579 295 563 275
585 295 568 275
641 295 641 294
644 295 644 295
647 295 647 295
534 298 534 299
537 298 536 299
540 298 539 299
545 298 542 299
568 298 553 282
573 298 557 280
576 298 559 279
579 298 562 278
599 298 596 294
624 298 628 300
627 298 631 301
638 298 642 303
641 298 642 300
540 301 539 302
545 301 542 301
551 301 545 284
573 301 556 284
576 301 560 282
596 301 597 300
602 301 599 297
610 301 566 295
616 301 620 303
619 301 623 303
621 301 625 303
624 301 628 303
627 301 631 303
638 301 642 305
641 301 644 306
647 301 647 297
596 304 602 298
616 304 619 305
619 304 623 305
621 304 625 306
624 304 627 306
627 304 631 306
630 304 633 307
633 304 637 308
635 304 639 308
638 304 642 308
548 306 545 307
593 306 595 306
599 306 600 306
602 306 604 307
616 306 618 308
619 306 622 308
621 306 625 308
624 306 627 309
627 306 630 309
630 306 633 309
638 306 641 311
647 306 648 312
573 309 602 267
588 309 589 306
599 309 607 306
602 309 602 309
604 309 607 310
610 309 613 311
616 309 616 310
619 309 622 311
624 309 627 311
627 309 630 311
630 309 633 311
633 309 636 311
635 309 638 312
576 312 576 307
582 312 582 309
588 312 589 310
590 312 591 310
593 312 596 312
596 312 599 312
602 312 602 311
604 312 607 312
607 312 610 313
619 312 621 313
621 312 625 314
624 312 627 314
627 312 630 314
573 315 571 315
576 315 574 315
582 315 582 315
588 315 589 312
590 315 593 315
593 315 596 315
596 315 599 315
604 315 608 315
607 315 610 315
610 315 613 315
641 315 642 315
