514 217 460 217
533 217 532 217
535 217 535 217
538 217 538 217
430 219 429 219
472 219 521 219
474 219 443 219
517 219 454 220
522 219 526 219
435 222 435 220
517 222 454 222
525 222 506 221
535 222 536 219
538 222 538 219
432 224 432 222
525 224 505 224
538 224 538 222
432 227 432 225
477 227 516 227
493 227 459 222
503 227 475 221
533 227 500 221
432 230 432 228
501 230 473 223
503 230 475 223
509 230 478 222
511 230 481 222
514 230 483 222
519 230 489 223
522 230 492 223
525 230 494 223
432 232 432 246
474 232 443 227
482 232 454 225
490 232 460 225
493 232 462 225
498 232 470 226
511 232 481 225
514 232 483 225
517 232 487 225
519 232 489 225
522 232 492 225
525 232 494 225
530 232 497 226
430 235 429 249
432 235 432 249
474 235 443 229
480 235 452 228
482 235 453 228
485 235 455 227
488 235 459 228
490 235 462 228
503 235 474 226
506 235 478 228
511 235 481 227
514 235 483 228
517 235 486 228
519 235 489 228
522 235 492 228
430 238 429 251
432 238 431 262
472 238 439 233
474 238 443 232
477 238 445 232
480 238 452 230
482 238 453 230
485 238 455 230
488 238 459 230
490 238 462 230
493 238 465 230
498 238 468 229
501 238 471 228
511 238 480 231
514 238 483 231
517 238 486 231
519 238 488 231
522 238 492 231
535 238 502 232
474 240 445 235
477 240 448 235
480 240 451 233
482 240 453 233
485 240 456 232
488 240 459 232
490 240 462 233
501 240 470 232
503 240 475 231
511 240 480 234
514 240 483 234
519 240 488 234
522 240 492 234
530 240 499 234
535 240 502 234
464 243 529 238
472 243 443 239
474 243 446 238
493 243 465 234
496 243 467 233
501 243 470 234
511 243 480 236
522 243 491 237
535 243 505 235
474 246 446 240
480 246 451 235
482 246 453 239
490 246 459 235
493 246 464 235
498 246 469 236
503 246 472 236
522 246 491 240
533 246 500 239
535 246 505 238
538 246 508 237
432 248 434 257
482 248 453 242
490 248 461 239
493 248 464 238
498 248 467 237
456 251 526 246
474 251 443 241
482 251 453 244
490 251 461 241
493 251 464 241
498 251 467 239
501 251 470 240
506 251 475 240
509 251 478 240
456 254 527 248
477 254 448 248
501 254 470 242
477 256 448 251
480 256 451 252
482 256 453 249
501 256 469 245
519 256 490 248
525 256 493 245
538 256 538 274
432 259 432 235
482 259 453 251
488 259 456 250
493 259 465 247
506 259 483 250
519 259 491 250
525 259 493 248
527 259 496 248
530 259 499 248
533 259 501 248
430 261 429 238
474 261 442 249
482 261 453 254
488 261 456 253
490 261 458 253
496 261 464 253
519 261 493 255
527 261 496 251
533 261 501 251
430 264 429 240
432 264 430 275
477 264 447 258
480 264 450 258
490 264 458 256
517 264 488 258
527 264 495 254
530 264 498 253
535 264 536 263
538 264 538 263
493 267 461 258
496 267 464 258
514 267 484 261
530 267 496 259
474 269 444 260
477 269 446 262
480 269 448 260
482 269 450 260
485 269 453 260
488 269 455 260
490 269 458 260
496 269 464 261
498 269 466 261
506 269 476 264
511 269 482 264
517 269 487 264
522 269 491 264
530 269 495 264
533 269 498 264
430 272 430 281
482 272 450 263
485 272 452 262
488 272 455 262
490 272 458 263
496 272 464 263
498 272 466 263
503 272 473 266
511 272 517 275
514 272 483 266
517 272 486 266
530 272 496 267
533 272 498 267
538 272 538 287
430 275 429 283
432 275 431 267
480 275 447 265
482 275 450 265
485 275 453 265
488 275 456 265
490 275 458 265
498 275 466 266
432 277 430 270
490 277 460 269
493 277 463 269
435 280 433 287
482 280 452 271
490 280 458 271
493 280 463 271
496 280 466 272
501 280 468 269
509 280 477 272
511 280 479 272
525 280 528 273
527 280 531 273
533 280 533 273
485 283 447 271
490 283 458 274
493 283 463 273
496 283 465 274
501 283 468 271
503 283 474 274
509 283 477 274
511 283 479 274
525 283 528 275
527 283 531 275
533 283 533 276
535 283 535 274
448 285 451 298
451 285 454 298
485 285 447 274
493 285 462 276
501 285 469 274
535 285 535 277
448 288 452 300
451 288 454 300
498 288 466 277
501 288 469 277
535 288 536 280
432 290 431 277
490 290 458 279
496 290 465 280
498 290 468 280
517 290 488 280
519 290 490 280
430 293 430 308
498 293 466 282
511 293 480 282
514 293 484 282
517 293 488 282
519 293 490 282
525 293 495 280
533 293 501 278
440 296 437 308
443 296 440 308
496 296 476 290
506 296 471 282
514 296 480 285
517 296 488 285
519 296 490 285
522 296 492 285
525 296 495 284
527 296 498 284
535 296 535 305
538 296 538 306
443 298 440 311
501 298 466 286
519 298 490 288
527 298 497 286
437 301 441 295
469 301 451 308
509 301 473 287
517 301 487 291
519 301 490 290
530 301 497 289
496 304 486 308
435 306 441 297
456 306 438 290
538 306 538 294
530 309 508 298
535 309 535 297
538 309 538 297
430 312 429 314
435 312 436 279
517 312 490 302
525 312 500 302
530 312 532 314
430 314 429 316
435 314 433 316
451 314 435 316
453 314 438 316
511 314 510 313
514 314 513 313
430 317 429 319
432 317 431 319
437 317 435 318
453 317 437 319
506 317 505 315
430 320 429 321
432 320 431 321
451 320 435 322
453 320 437 322
485 320 456 320
490 320 459 320
493 320 461 320
453 322 437 324
490 322 458 322
498 322 467 320
501 322 478 320
533 322 534 325
538 322 538 320
430 325 429 325
432 325 431 325
437 325 434 325
490 325 458 324
493 325 461 325
501 325 475 325
511 325 486 324
430 327 429 327
435 327 432 328
437 327 434 327
459 327 448 328
469 327 469 328
485 327 457 328
490 327 458 327
496 327 505 327
498 327 507 327
501 327 474 328
509 327 530 327
517 327 489 328
519 327 491 328
522 327 493 327
535 327 531 327
538 327 538 327
