533 217 533 217
538 217 538 216
430 219 429 220
435 219 433 220
445 219 452 218
472 219 458 220
482 219 489 224
538 219 538 222
430 222 429 222
453 222 449 220
477 222 477 221
430 224 429 225
435 224 432 225
445 224 463 227
448 224 441 225
477 224 476 223
527 224 504 252
530 224 507 252
440 227 435 226
501 227 486 251
503 227 488 252
506 227 492 253
525 227 500 254
527 227 503 255
430 230 430 237
477 230 452 244
493 230 477 252
496 230 480 253
501 230 485 254
514 230 493 255
522 230 501 257
525 230 503 257
490 232 472 254
493 232 476 255
496 232 479 255
498 232 482 256
511 232 491 257
514 232 493 257
517 232 497 258
519 232 499 259
522 232 501 260
443 235 443 247
445 235 446 248
482 235 466 255
488 235 469 256
490 235 472 257
493 235 475 257
501 235 484 256
514 235 493 260
517 235 496 261
535 235 535 239
435 238 436 246
440 238 440 247
443 238 443 251
445 238 446 251
448 238 449 251
472 238 453 256
474 238 457 256
480 238 463 258
482 238 465 258
488 238 471 259
490 238 474 260
496 238 478 258
498 238 481 259
501 238 483 259
514 238 493 263
517 238 495 264
535 238 510 264
538 238 538 240
443 240 442 253
445 240 445 253
474 240 456 259
480 240 462 261
482 240 464 260
488 240 471 262
496 240 477 261
498 240 480 262
501 240 484 262
511 240 489 267
533 240 507 268
535 240 510 268
538 240 538 259
432 243 432 254
443 243 442 256
461 243 462 249
474 243 456 262
490 243 474 264
493 243 477 264
519 243 496 271
522 243 499 271
525 243 500 270
430 246 430 251
432 246 432 257
472 246 450 270
480 246 462 264
488 246 470 266
490 246 474 266
498 246 480 264
527 246 502 273
530 246 505 274
533 246 508 273
538 246 516 273
493 248 475 267
451 251 451 240
498 251 479 268
501 251 482 269
467 254 454 266
506 254 484 271
530 254 504 279
533 254 507 280
443 256 526 294
496 256 472 272
506 256 484 274
509 256 493 277
519 256 534 237
493 259 469 275
501 259 480 277
509 259 489 279
514 259 495 280
525 259 501 279
530 259 504 281
490 261 464 279
501 261 479 280
503 261 482 281
506 261 485 281
509 261 488 282
511 261 492 284
430 264 430 296
432 264 435 296
435 264 438 297
474 264 449 279
477 264 452 280
480 264 455 281
485 264 461 283
490 264 464 283
493 264 469 284
496 264 473 282
503 264 482 284
533 264 505 289
485 267 460 285
488 267 462 286
493 267 468 286
501 267 476 283
503 267 479 283
525 267 494 299
477 269 450 284
480 269 453 284
482 269 456 285
488 269 462 288
496 269 471 288
501 269 475 285
503 269 478 286
525 269 493 302
430 272 429 308
480 272 452 287
482 272 455 288
485 272 459 289
490 272 464 290
496 272 470 290
501 272 475 288
503 272 478 289
527 272 493 304
535 272 537 302
435 275 437 315
477 275 448 289
482 275 455 291
485 275 458 291
488 275 461 292
490 275 464 292
498 275 473 293
511 275 486 288
435 277 437 318
482 277 454 294
485 277 457 294
488 277 460 295
490 277 464 295
493 277 467 295
496 277 470 295
511 277 486 291
514 277 489 291
432 280 433 282
480 280 451 299
485 280 456 298
488 280 460 298
490 280 464 299
493 280 467 298
496 280 470 298
498 280 472 298
501 280 475 298
517 280 520 311
430 283 429 282
435 283 436 321
490 283 463 302
493 283 466 302
496 283 469 302
498 283 475 301
503 283 479 298
435 285 435 324
474 285 529 310
514 285 488 298
517 285 491 298
498 288 472 304
501 288 474 303
517 288 491 301
533 288 504 295
493 290 464 305
496 290 468 305
498 290 471 306
501 290 474 307
503 290 476 307
533 290 504 298
469 293 444 297
498 293 473 310
501 293 476 311
469 296 444 300
472 296 447 300
503 296 485 315
435 298 433 308
443 298 443 303
501 298 480 318
506 298 483 318
501 301 480 321
527 309 526 309
533 309 535 271
430 314 429 322
527 314 527 315
530 314 532 313
530 317 531 316
456 320 447 317
459 320 450 317
488 320 471 319
459 322 449 320
472 322 455 321
485 322 448 323
509 322 511 321
467 325 451 324
469 325 454 325
477 325 461 324
480 325 463 324
527 325 522 328
538 325 538 324
430 327 429 328
435 327 435 327
456 327 445 326
461 327 438 328
464 327 440 328
469 327 453 328
474 327 458 327
477 327 461 327
485 327 469 327
501 327 498 328
509 327 512 327
517 327 500 328
519 327 529 327
538 327 538 327
