459 230 448 229
461 230 450 230
501 230 490 222
522 230 511 222
525 230 516 222
527 230 518 222
461 232 450 232
509 232 500 224
517 232 506 224
525 232 514 224
527 232 516 224
501 235 490 227
514 235 504 227
517 235 507 227
527 235 518 227
533 235 522 226
535 235 525 227
527 238 517 229
530 238 519 229
533 238 524 229
501 240 490 233
503 240 494 233
530 240 521 232
533 240 524 232
459 243 447 237
498 243 488 235
503 243 494 236
509 243 499 235
511 243 501 235
514 243 503 235
519 243 509 235
527 243 517 235
533 243 522 234
498 246 488 237
509 246 498 238
511 246 501 238
527 246 517 237
533 246 524 237
535 246 526 237
498 248 488 240
501 248 490 240
506 248 496 240
509 248 498 240
511 248 501 240
525 248 514 240
533 248 524 239
535 248 526 240
488 251 478 245
490 251 482 243
493 251 485 243
496 251 487 243
501 251 492 243
503 251 494 243
511 251 501 242
514 251 505 243
519 251 509 242
522 251 512 242
530 251 519 243
535 251 525 242
490 254 482 246
493 254 485 246
496 254 487 246
498 254 490 246
503 254 495 245
509 254 498 245
511 254 501 245
530 254 522 245
533 254 523 245
490 256 482 250
493 256 485 249
496 256 487 249
498 256 490 248
514 256 505 248
527 256 518 247
493 259 485 252
496 259 488 251
498 259 490 250
503 259 495 250
509 259 501 251
514 259 506 253
477 261 469 257
493 261 485 255
496 261 487 254
477 264 469 259
496 267 487 258
490 269 481 261
496 269 487 262
498 272 489 264
477 275 468 267
482 275 472 267
490 275 481 267
496 275 487 267
498 275 490 267
485 277 474 269
488 277 477 269
496 277 487 270
496 280 487 272
496 283 487 274
533 283 524 271
522 285 520 278
443 288 437 290
493 288 487 285
506 288 495 279
509 288 497 279
430 290 430 290
440 290 435 293
443 290 437 293
459 290 450 285
490 290 484 288
493 290 487 287
498 290 490 284
430 293 430 294
445 293 439 295
459 293 450 288
496 293 490 288
498 293 493 287
459 296 451 290
488 296 483 290
490 296 485 290
525 296 517 288
511 298 511 290
514 298 513 290
527 298 522 287
530 298 524 287
430 301 429 301
445 301 440 301
461 301 456 298
498 301 492 293
461 304 456 300
498 304 490 296
456 309 448 306
461 309 456 306
522 312 522 306
525 314 526 305
527 314 529 305
430 317 429 319
430 322 429 322
432 322 432 322
430 325 429 325
432 325 432 325
430 327 430 327
