525 219 524 219
527 219 527 219
530 219 530 219
533 219 533 219
538 219 538 220
533 222 532 222
538 222 538 222
430 224 429 224
538 224 538 225
430 230 429 232
514 230 482 216
435 232 437 253
480 232 449 216
511 232 480 217
519 232 488 216
430 235 429 235
480 235 450 218
482 235 453 218
485 235 455 218
488 235 458 218
490 235 460 218
509 235 477 219
511 235 480 219
514 235 482 219
517 235 485 219
519 235 487 219
522 235 490 219
525 235 493 220
430 238 429 237
437 238 437 237
477 238 446 221
482 238 453 221
485 238 456 221
488 238 458 221
496 238 464 220
498 238 466 219
501 238 469 219
511 238 479 222
514 238 482 222
517 238 485 222
519 238 487 221
522 238 490 222
538 238 538 243
437 240 437 240
474 240 442 224
477 240 445 224
480 240 448 225
482 240 451 224
485 240 456 224
488 240 458 223
490 240 461 224
496 240 464 222
498 240 467 221
501 240 469 221
509 240 477 224
511 240 479 224
514 240 482 224
517 240 484 224
519 240 487 224
522 240 491 224
474 243 442 226
480 243 448 227
482 243 451 227
496 243 465 224
498 243 466 223
501 243 468 223
506 243 475 224
522 243 491 227
525 243 493 227
527 243 494 225
533 243 501 222
535 243 501 225
472 246 440 229
474 246 443 228
482 246 451 230
488 246 456 227
496 246 464 226
498 246 467 226
501 246 470 226
503 246 472 226
506 246 475 227
509 246 477 227
511 246 480 227
522 246 490 229
525 246 493 230
533 246 500 228
535 246 504 227
474 248 443 231
488 248 456 229
498 248 467 229
501 248 469 229
506 248 475 229
509 248 477 229
511 248 479 229
514 248 482 230
517 248 484 230
530 248 498 230
533 248 500 230
535 248 504 230
477 251 446 233
498 251 467 231
501 251 471 232
503 251 474 232
525 251 492 233
472 254 440 235
474 254 443 235
477 254 446 235
480 254 448 235
501 254 470 234
506 254 475 234
509 254 477 234
511 254 480 234
514 254 482 234
519 254 487 234
522 254 490 234
527 254 496 235
530 254 498 234
480 256 448 238
488 256 456 237
493 256 463 238
496 256 467 239
501 256 469 237
514 256 482 236
517 256 485 236
525 256 492 237
533 256 500 236
488 259 456 240
490 259 458 241
522 259 488 238
527 259 495 238
530 259 498 238
477 261 445 239
480 261 448 242
488 261 456 245
490 261 458 244
496 261 464 243
511 261 490 243
517 261 485 240
527 261 495 242
480 264 448 245
482 264 450 246
490 264 459 247
496 264 464 248
498 264 466 248
501 264 469 248
530 264 498 245
533 264 501 245
480 267 448 248
482 267 450 248
488 267 456 250
496 267 464 250
498 267 466 250
501 267 468 250
461 269 501 271
485 269 453 251
496 269 464 253
498 269 466 253
503 269 475 246
530 269 526 243
533 269 535 264
432 272 432 281
485 272 453 254
488 272 456 254
490 272 459 254
506 272 480 248
519 272 519 246
522 272 522 246
527 272 525 246
533 272 534 267
538 272 538 250
430 275 429 242
432 275 432 242
451 275 487 282
488 275 456 256
490 275 458 257
503 275 469 256
506 275 480 251
511 275 479 267
514 275 482 267
517 275 485 267
519 275 519 248
522 275 490 267
527 275 524 248
469 277 440 266
472 277 443 266
482 277 453 269
485 277 453 261
488 277 456 259
490 277 458 259
493 277 461 259
496 277 464 258
498 277 472 261
503 277 469 259
506 277 480 254
509 277 474 256
511 277 479 269
514 277 482 269
517 277 485 270
519 277 487 270
522 277 490 269
525 277 493 270
538 277 538 270
430 280 429 269
469 280 442 269
488 280 456 261
490 280 458 261
493 280 461 261
496 280 464 261
498 280 472 264
506 280 479 256
430 283 429 272
432 283 433 274
435 283 434 271
467 283 492 306
474 283 446 272
490 283 458 264
493 283 461 264
496 283 464 264
503 283 476 261
430 285 429 274
435 285 434 274
443 285 442 274
456 285 447 280
474 285 445 275
522 285 493 261
525 285 495 261
527 285 498 261
530 285 501 261
443 288 443 277
474 288 453 284
496 288 464 267
498 288 471 272
522 288 492 264
525 288 495 264
527 288 498 264
530 288 501 264
480 290 493 288
498 290 472 274
522 290 493 267
525 290 495 267
527 290 498 267
530 290 501 267
437 293 434 295
440 293 437 296
519 293 482 274
538 293 538 285
493 296 466 282
496 296 469 282
435 298 432 256
467 301 453 306
469 301 456 306
472 301 458 306
472 304 458 309
474 304 439 309
535 304 535 295
472 306 474 298
488 306 467 293
535 306 535 298
485 309 464 296
488 309 467 296
535 309 535 301
538 309 538 301
430 312 429 306
522 312 522 278
535 312 535 304
535 314 535 306
538 314 538 304
430 317 429 314
503 317 453 314
469 320 451 320
535 320 535 314
430 322 429 322
535 322 535 317
538 322 538 318
430 325 429 324
435 325 432 324
445 325 492 322
464 325 448 325
514 325 482 324
527 325 508 325
530 325 511 322
533 325 514 322
538 325 538 325
430 327 429 327
435 327 432 327
464 327 447 327
482 327 490 328
485 327 458 327
488 327 461 327
490 327 463 327
509 327 477 327
511 327 480 327
514 327 482 327
517 327 485 327
519 327 527 327
522 327 530 328
525 327 505 327
527 327 511 327
535 327 534 328
538 327 538 327
