621 267 626 265
624 267 629 265
633 278 631 274
638 278 639 279
635 281 637 284
638 281 640 282
641 281 642 282
630 284 627 287
635 284 636 287
638 284 640 287
633 287 633 290
644 290 645 288
633 292 632 296
647 292 647 293
607 295 613 298
610 295 616 298
630 295 629 299
638 295 638 298
644 295 644 297
647 295 647 296
596 298 603 302
607 298 613 301
610 298 616 301
621 298 622 301
624 298 625 301
647 298 647 298
593 301 601 303
604 301 611 304
607 301 613 304
647 301 647 301
582 304 592 304
585 304 594 305
588 304 597 305
593 304 601 305
596 304 603 306
602 304 607 306
604 304 610 306
607 304 613 307
610 304 615 307
613 304 618 307
647 304 647 304
579 306 589 306
582 306 592 307
585 306 595 307
593 306 601 308
599 306 606 309
644 306 646 307
576 309 585 310
579 309 588 310
582 309 591 310
588 309 595 311
590 309 598 311
599 309 606 311
602 309 608 312
604 309 611 312
607 309 615 313
621 309 622 310
641 309 642 310
644 309 645 310
576 312 585 313
579 312 587 313
588 312 594 313
590 312 598 314
593 312 600 314
638 312 639 313
641 312 643 313
644 312 645 313
568 315 576 315
571 315 579 313
596 315 603 315
599 315 605 315
602 315 608 316
604 315 611 316
621 315 618 314
633 315 628 315
635 315 630 315
641 315 642 315
644 315 645 315
