528 213 528 214
582 213 599 211
573 216 588 210
528 219 528 218
534 227 542 264
554 227 573 212
582 233 582 249
531 236 542 219
540 236 553 222
531 239 530 226
542 239 557 226
531 242 542 224
534 242 545 225
537 242 548 225
585 242 577 237
528 244 528 245
545 244 557 223
548 244 560 229
573 244 581 229
582 244 573 242
585 244 576 239
528 247 528 248
540 247 550 235
565 247 569 266
579 247 570 242
528 250 528 250
537 250 530 251
573 250 564 244
576 250 567 245
610 250 597 250
528 253 528 253
531 253 543 251
571 253 561 247
573 253 564 247
607 253 594 253
613 253 599 259
621 253 612 257
556 256 547 275
559 256 604 272
562 256 606 272
616 256 606 260
619 256 608 260
621 256 611 260
624 256 614 260
537 258 531 257
571 258 561 250
573 258 563 250
579 258 565 242
582 258 578 231
613 258 599 262
616 258 602 263
619 258 605 263
621 258 608 263
624 258 611 263
627 258 617 260
582 261 578 233
585 261 569 260
588 261 572 260
613 261 599 264
616 261 601 265
619 261 605 265
621 261 608 265
624 261 610 265
627 261 620 266
633 261 620 260
619 264 604 268
624 264 614 269
568 267 559 261
576 267 566 262
630 267 620 270
633 267 622 270
638 267 637 271
641 267 640 272
585 270 578 263
627 270 616 273
630 270 619 273
531 273 540 260
540 273 545 261
565 273 554 289
573 273 562 268
630 273 619 275
635 273 622 276
641 273 642 283
647 273 646 283
540 275 545 264
542 275 548 265
545 275 551 265
551 275 557 264
556 275 546 291
559 275 549 291
528 278 533 263
545 278 551 267
647 278 645 287
571 281 561 294
638 281 636 288
641 281 638 289
647 281 647 290
531 284 530 268
534 284 532 269
562 284 546 284
568 284 557 298
585 284 583 278
588 284 586 278
590 284 589 279
619 284 609 281
562 287 546 287
593 287 591 282
596 287 594 282
619 287 609 283
621 287 612 284
627 287 615 286
641 287 639 292
644 287 641 292
537 290 534 278
545 290 540 290
556 290 606 287
602 290 598 283
607 290 603 280
630 290 618 290
635 290 633 294
638 290 635 294
641 290 638 295
647 290 644 292
542 292 543 293
545 292 545 294
571 292 555 294
596 292 593 285
542 295 542 296
545 295 545 295
585 295 580 285
607 295 603 290
619 295 612 293
596 298 593 288
604 298 606 299
627 298 620 298
638 298 637 301
644 298 644 307
588 301 578 305
593 301 587 303
596 301 589 303
607 301 603 292
613 301 608 295
635 301 628 302
573 304 565 308
593 304 586 306
599 304 592 306
613 304 608 298
647 304 647 296
573 306 565 310
576 306 569 311
579 306 571 311
593 306 585 309
596 306 588 309
602 306 595 309
599 309 592 309
621 309 620 308
624 309 622 309
590 312 584 312
593 312 586 312
599 312 592 312
602 312 594 313
604 312 597 313
630 312 631 312
638 312 634 304
573 315 568 316
588 315 581 315
590 315 583 315
593 315 589 315
599 315 592 315
604 315 597 315
607 315 601 315
610 315 603 315
616 315 625 315
635 315 634 315
641 315 640 316
