562 199 565 199
542 202 542 203
545 205 545 205
540 208 540 208
579 208 585 213
588 208 591 212
590 208 594 210
534 211 534 210
537 211 537 211
540 211 542 211
576 211 583 216
585 211 588 216
537 213 539 214
542 213 543 215
559 213 564 222
573 213 581 219
579 213 582 221
582 213 584 221
585 213 590 219
528 216 531 218
531 216 534 218
534 216 536 217
537 216 539 217
562 216 568 224
565 216 571 224
568 216 574 223
571 216 577 223
573 216 579 223
579 216 582 225
582 216 585 225
585 216 588 225
534 219 536 221
559 219 565 227
562 219 568 226
565 219 571 226
568 219 574 226
571 219 577 226
573 219 579 227
576 219 581 227
582 219 585 227
585 219 588 227
588 219 591 228
590 219 594 228
562 222 568 230
565 222 571 230
568 222 574 230
571 222 576 230
528 225 531 229
531 225 535 229
556 225 559 232
562 225 568 232
565 225 571 233
585 225 588 230
588 225 590 230
545 227 551 231
551 227 556 235
559 227 567 235
551 230 554 236
554 233 559 238
593 233 596 233
554 236 559 241
590 236 594 236
542 239 548 244
548 239 553 241
545 242 551 244
548 242 554 244
551 242 557 244
556 242 562 246
548 244 554 247
559 244 565 249
562 284 567 290
554 290 556 289
568 290 570 294
554 292 555 291
568 292 569 297
571 292 571 298
576 292 576 298
579 292 578 298
585 292 581 298
590 292 590 295
571 295 570 301
573 295 572 301
576 295 575 301
579 295 578 300
596 295 595 299
573 298 572 303
576 298 575 303
582 298 580 301
590 298 589 301
562 301 561 306
573 301 572 306
576 301 574 306
579 301 578 304
582 301 580 304
585 301 583 304
599 301 595 304
602 301 599 303
579 304 578 307
582 304 580 307
588 304 587 306
593 304 590 307
596 304 593 307
599 304 596 306
602 304 598 306
576 306 575 310
579 306 578 309
593 306 589 310
596 306 592 309
599 306 596 309
602 306 598 309
604 306 601 306
599 309 594 313
602 309 598 313
604 309 601 309
573 312 567 312
593 312 592 311
579 315 572 315
582 315 576 315
585 315 581 315
596 315 592 315
599 315 595 315
602 315 597 315
607 315 602 315
