585 242 577 237
582 244 573 242
585 244 576 239
579 247 570 242
576 250 567 245
573 253 564 247
638 267 637 271
641 281 638 289
619 284 609 281
619 287 609 283
621 287 612 284
641 290 638 295
607 295 603 290
619 295 612 293
588 301 578 305
593 301 587 303
596 301 589 303
593 304 586 306
599 304 592 306
576 306 569 311
579 306 571 311
593 306 585 309
596 306 588 309
602 306 595 309
599 309 592 309
590 312 584 312
593 312 586 312
599 312 592 312
602 312 594 313
604 312 597 313
588 315 581 315
590 315 583 315
593 315 589 315
599 315 592 315
604 315 597 315
607 315 601 315
610 315 603 315
