441 233 436 231
444 233 439 231
457 233 456 231
466 233 465 232
468 233 467 232
471 233 470 232
441 236 441 234
446 236 445 234
449 236 447 234
452 236 450 234
455 236 453 234
457 236 456 234
468 236 467 235
471 236 469 235
441 239 439 236
446 239 445 237
449 239 447 236
452 239 450 236
455 239 453 236
457 239 456 236
460 239 459 237
463 239 461 237
466 239 465 237
468 239 467 237
471 239 470 238
474 239 473 238
438 241 437 239
441 241 439 239
444 241 442 240
449 241 447 239
452 241 450 239
455 241 453 239
438 244 437 241
444 244 443 241
446 244 445 242
449 244 447 242
452 244 450 241
460 244 459 241
463 244 462 242
468 244 468 243
474 244 473 243
408 247 411 243
416 247 419 243
435 247 430 245
457 247 456 244
460 247 459 244
414 250 414 247
419 250 422 246
422 250 425 246
460 250 460 247
463 250 462 247
466 250 466 250
468 250 468 247
471 250 471 249
474 250 473 249
381 252 380 251
392 252 397 244
394 252 394 251
403 252 405 250
408 252 408 250
411 252 411 250
414 252 413 250
419 252 422 249
435 252 428 251
438 252 431 252
441 252 445 248
444 252 448 248
463 252 463 253
466 252 466 253
468 252 469 252
471 252 471 252
477 252 475 251
381 255 380 254
392 255 391 253
394 255 394 253
408 255 408 253
411 255 411 253
414 255 413 253
416 255 416 253
435 255 428 254
455 255 454 250
466 255 466 255
468 255 469 255
394 258 394 255
405 258 406 256
408 258 408 256
414 258 413 255
416 258 417 257
446 258 447 253
455 258 454 252
378 261 378 259
386 261 386 256
394 261 394 259
400 261 401 259
403 261 403 259
405 261 406 259
411 261 410 259
414 261 414 260
419 261 417 261
422 261 420 260
425 261 423 259
477 261 474 259
479 261 477 258
378 263 378 262
389 263 388 261
394 263 394 261
397 263 397 261
400 263 400 261
405 263 405 262
408 263 408 262
411 263 411 261
419 263 418 264
422 263 420 264
425 263 422 263
477 263 475 261
479 263 477 261
386 266 386 265
389 266 389 264
392 266 391 264
394 266 394 264
397 266 397 264
403 266 403 264
405 266 406 264
422 266 421 267
425 266 423 266
463 266 459 262
477 266 475 263
482 266 480 263
386 269 386 268
389 269 389 267
392 269 391 267
394 269 394 267
397 269 397 267
403 269 401 269
405 269 404 269
408 269 408 269
422 269 421 269
435 269 435 271
438 269 441 271
463 269 459 265
479 269 477 269
482 269 480 268
383 272 383 271
386 272 386 271
389 272 389 271
392 272 392 270
414 272 414 274
419 272 418 272
422 272 421 271
435 272 438 274
438 272 441 274
479 272 477 271
482 272 480 271
378 274 378 273
383 274 383 273
386 274 386 273
389 274 389 274
392 274 392 273
400 274 402 278
403 274 404 278
460 274 452 267
477 274 475 274
479 274 478 274
482 274 481 274
488 274 490 277
386 277 386 276
389 277 389 276
452 277 446 264
455 277 448 264
457 277 449 270
460 277 452 270
488 277 490 279
490 277 493 280
378 280 378 280
386 280 386 278
389 280 389 279
394 280 393 276
397 280 395 276
430 280 430 279
435 280 438 279
460 280 452 273
463 280 454 274
466 280 457 274
477 280 475 278
386 282 385 282
392 282 393 287
394 282 393 279
403 282 404 290
416 282 418 285
455 282 446 281
457 282 450 276
460 282 452 277
463 282 455 276
466 282 457 276
468 282 460 276
471 282 463 276
474 282 466 275
490 282 493 282
378 285 378 285
383 285 382 285
392 285 393 290
394 285 393 282
433 285 433 285
457 285 449 281
460 285 452 279
463 285 455 279
466 285 458 279
468 285 461 278
471 285 463 278
488 285 489 285
383 288 383 288
397 288 396 284
430 288 430 287
460 288 452 281
463 288 455 281
466 288 459 282
468 288 461 281
471 288 463 281
474 288 467 277
479 288 471 269
488 288 489 288
386 291 387 291
392 291 392 293
405 291 407 292
408 291 410 291
460 291 452 284
463 291 455 283
466 291 459 284
468 291 462 283
471 291 464 283
490 291 493 291
493 291 493 288
435 293 444 296
457 293 450 287
460 293 453 286
463 293 456 286
468 293 462 286
397 296 396 295
408 296 410 296
414 296 419 295
416 296 421 295
419 296 424 294
433 296 433 291
441 296 442 293
457 296 450 290
460 296 455 290
463 296 458 290
466 296 461 289
490 296 480 288
389 299 388 299
392 299 391 299
403 299 405 299
405 299 407 299
414 299 419 298
416 299 422 297
419 299 424 296
422 299 427 297
425 299 428 294
460 299 456 292
463 299 458 292
466 299 461 292
479 299 472 286
490 299 480 291
389 302 388 301
392 302 391 302
394 302 394 302
397 302 396 301
400 302 399 301
403 302 404 302
405 302 408 302
411 302 416 301
422 302 427 300
425 302 430 300
444 302 445 298
460 302 456 295
477 302 470 289
490 302 481 294
493 302 492 303
389 304 389 305
392 304 392 305
394 304 394 305
397 304 397 304
400 304 399 304
403 304 402 305
405 304 408 304
408 304 412 304
411 304 416 304
414 304 419 303
416 304 422 303
419 304 425 303
422 304 429 306
425 304 430 303
427 304 433 303
433 304 436 301
435 304 439 301
438 304 442 302
463 304 460 296
466 304 464 295
474 304 470 294
493 304 493 305
389 307 389 307
392 307 391 307
394 307 394 307
397 307 397 308
400 307 399 307
403 307 402 307
405 307 409 307
411 307 416 307
414 307 419 306
422 307 428 308
425 307 432 308
427 307 434 306
435 307 439 304
444 307 445 304
455 307 453 301
457 307 455 301
460 307 457 299
463 307 460 299
466 307 464 298
471 307 468 296
474 307 471 297
477 307 473 297
482 307 476 294
392 310 391 310
394 310 394 310
397 310 397 311
400 310 399 310
403 310 402 310
405 310 406 310
408 310 411 309
416 310 423 309
419 310 426 308
427 310 434 308
430 310 436 308
435 310 440 307
438 310 442 308
455 310 453 304
457 310 456 304
460 310 458 302
463 310 461 302
466 310 464 301
392 313 392 313
394 313 394 313
397 313 397 313
400 313 400 313
408 313 410 312
411 313 414 312
416 313 423 312
419 313 426 312
422 313 429 312
427 313 434 311
430 313 436 311
435 313 440 310
438 313 442 311
444 313 445 310
449 313 448 310
455 313 453 310
460 313 460 305
463 313 462 304
468 313 468 301
477 313 474 302
479 313 477 304
378 315 378 316
381 315 381 316
383 315 384 315
392 315 391 316
394 315 394 316
397 315 397 315
400 315 400 315
405 315 404 314
408 315 409 315
416 315 423 314
419 315 426 314
422 315 429 314
425 315 431 314
427 315 434 313
444 315 445 312
449 315 448 312
455 315 453 312
457 315 457 307
460 315 460 307
463 315 463 307
466 315 466 306
468 315 468 306
479 315 478 309
485 315 482 311
378 318 378 318
381 318 381 318
392 318 392 318
394 318 394 318
397 318 397 318
400 318 400 318
419 318 423 317
422 318 426 317
425 318 431 316
430 318 436 313
435 318 440 313
457 318 457 312
460 318 460 309
463 318 462 309
466 318 466 309
468 318 469 309
471 318 470 306
474 318 473 306
479 318 478 312
493 318 494 310
378 321 378 321
381 321 381 321
383 321 383 321
386 321 386 321
419 321 426 320
422 321 429 320
425 321 431 320
427 321 434 319
433 321 437 316
435 321 440 316
438 321 442 316
444 321 446 316
460 321 460 313
463 321 463 312
466 321 466 312
468 321 468 312
474 321 473 311
477 321 476 312
479 321 479 314
378 324 378 324
381 324 381 324
383 324 384 324
386 324 386 324
394 324 392 323
397 324 395 324
400 324 398 323
414 324 420 322
425 324 431 322
427 324 434 322
433 324 438 318
435 324 440 319
438 324 442 319
444 324 446 319
452 324 454 318
455 324 457 318
466 324 466 315
468 324 468 314
474 324 474 314
477 324 477 317
479 324 480 317
488 324 488 323
378 326 378 327
381 326 381 327
383 326 384 327
386 326 386 326
405 326 399 325
414 326 420 325
422 326 426 326
425 326 429 326
427 326 433 326
433 326 438 322
435 326 439 321
441 326 443 322
444 326 446 321
446 326 448 321
449 326 451 321
452 326 454 321
455 326 456 320
457 326 459 320
466 326 466 318
471 326 471 317
474 326 474 317
477 326 477 320
479 326 480 320
378 329 378 331
381 329 381 330
408 329 403 327
411 329 404 330
425 329 429 328
427 329 432 328
433 329 438 325
435 329 440 325
438 329 443 324
441 329 446 324
446 329 449 325
449 329 451 324
452 329 454 323
455 329 457 323
457 329 459 323
468 329 471 320
378 332 378 334
381 332 381 333
383 332 384 331
414 332 404 332
416 332 407 332
422 332 424 332
425 332 429 331
427 332 432 331
430 332 435 327
435 332 439 328
438 332 443 328
441 332 446 328
446 332 449 328
449 332 452 327
452 332 454 327
455 332 457 326
457 332 460 326
468 332 472 323
479 332 480 323
383 335 384 334
403 335 396 335
405 335 399 335
414 335 404 335
416 335 409 334
419 335 412 335
422 335 427 334
425 335 429 334
427 335 432 334
430 335 435 330
435 335 438 331
438 335 441 331
441 335 444 332
444 335 446 331
446 335 450 330
449 335 452 330
452 335 455 329
455 335 457 329
457 335 461 329
466 335 469 325
468 335 471 326
471 335 474 324
477 335 478 326
479 335 480 326
378 337 378 337
414 337 404 337
419 337 423 337
422 337 427 337
425 337 429 337
427 337 432 337
430 337 435 337
433 337 441 337
446 337 449 337
471 337 475 337
485 337 484 337
493 337 493 337
