1 0 0 0.2406079769134521 
0 1 0 -0.102570503950119 
0 0 1 -0.5095000267028809 
0 0 0 1 

0.9400777816772461 0.005580110475420952 0.340914398431778 0.09264159947633743 
-0.01145924627780914 0.9998182654380798 0.01523398514837027 -0.1137015745043755 
-0.3407674431800842 -0.01822775416076183 0.9399709105491638 -0.5531710982322693 
0 0 0 1 

0.9639042615890503 0.02711840905249119 0.2648643851280212 0.1238185539841652 
-0.03175554424524307 0.999407947063446 0.01324053667485714 -0.115727037191391 
-0.2643485069274902 -0.02117353118956089 0.9641947150230408 -0.5474321246147156 
0 0 0 1 

0.9789919257164001 0.1082812696695328 0.1727710068225861 0.1641359627246857 
-0.1056079864501953 0.9941030144691467 -0.0246184766292572 -0.1075113639235497 
-0.1744179129600525 0.005855241790413857 0.9846542477607727 -0.5316376686096191 
0 0 0 1 

0.9751529693603516 0.1967143416404724 0.1018834114074707 0.1892625093460083 
-0.1926713287830353 0.9800785183906555 -0.04820706695318222 -0.1143167614936829 
-0.109336756169796 0.02737927436828613 0.9936276078224182 -0.5202738642692566 
0 0 0 1 

0.9898101687431335 0.127205029129982 -0.06398867070674896 0.2648620009422302 
-0.1286971718072891 0.9914872646331787 -0.0197471734136343 -0.1161113679409027 
0.06093199551105499 0.02778116427361965 0.997755229473114 -0.4817821681499481 
0 0 0 1 

0.9545111060142517 0.03051157668232918 -0.29660964012146 0.3518826365470886 
-0.01708231866359711 0.9987125992774963 0.04776309803128242 -0.119891457259655 
0.2976851165294647 -0.04052360728383064 0.953803539276123 -0.4049733877182007 
0 0 0 1 

0.8775206804275513 0.01986673474311829 -0.479126900434494 0.4030050039291382 
-0.005749150179326534 0.9995055198669434 0.03091436251997948 -0.1133895516395569 
0.4795041382312775 -0.02437341585755348 0.8772009611129761 -0.3366531133651733 
0 0 0 1 

0.9145262837409973 -0.1621118783950806 -0.3706229031085968 0.3786881268024445 
0.1627960801124573 0.9862135648727417 -0.02966798655688763 -0.05433084815740585 
0.3703228831291199 -0.0332038477063179 0.928309440612793 -0.3792557716369629 
0 0 0 1 

0.8954707980155945 -0.3262829482555389 -0.3027726709842682 0.3561884462833405 
0.3132144510746002 0.9451928734779358 -0.09223384410142899 -0.00155663478653878 
0.3162729144096375 -0.01224015560001135 0.9485892057418823 -0.3993458449840546 
0 0 0 1 

