328 149 345 149
333 149 349 149
307 154 308 159
317 154 334 152
323 154 338 152
328 154 343 153
359 154 376 157
364 154 381 159
291 160 297 168
333 160 345 160
338 160 370 159
359 160 359 159
333 165 344 164
338 165 349 164
291 170 307 169
317 170 361 166
328 170 339 170
333 170 344 169
364 170 381 169
369 170 392 171
265 175 281 174
364 175 380 175
286 180 302 174
297 180 345 174
312 180 332 186
338 180 382 180
380 180 385 176
385 180 390 176
395 180 396 175
286 186 301 180
323 186 370 186
333 186 376 185
338 186 382 185
343 186 387 185
380 186 385 181
385 186 391 181
401 186 400 181
255 191 265 201
260 191 275 179
276 191 291 185
333 191 379 190
343 191 386 190
401 191 395 181
406 191 407 188
286 196 297 201
312 196 360 191
323 196 366 196
328 196 370 197
333 196 375 196
406 196 408 197
255 201 266 206
323 201 366 201
328 201 370 201
333 201 375 201
343 201 386 197
364 201 396 203
369 201 401 203
255 206 266 211
297 206 328 200
323 206 366 205
328 206 370 205
333 206 376 207
338 206 381 207
359 206 391 209
364 206 395 207
260 212 270 212
276 212 291 211
338 212 380 212
349 212 386 213
364 212 395 211
411 212 411 207
260 217 270 217
265 217 275 216
271 217 285 216
281 217 291 216
317 217 359 213
323 217 364 213
328 217 369 213
401 217 405 213
271 222 280 221
276 222 285 220
281 222 292 221
297 222 332 216
312 222 355 218
317 222 360 218
359 222 389 219
416 222 412 223
265 227 267 226
276 227 287 225
281 227 293 226
297 227 333 221
307 227 349 222
312 227 354 223
317 227 359 223
323 227 363 222
338 227 376 227
343 227 380 227
349 227 380 222
359 227 389 226
364 227 394 226
411 227 406 228
416 227 413 217
271 232 281 231
276 232 287 231
281 232 291 232
286 232 327 228
291 232 333 228
302 232 343 226
307 232 348 227
312 232 353 227
317 232 358 228
359 232 389 231
281 238 290 236
286 238 327 233
291 238 333 233
297 238 338 233
307 238 349 233
312 238 354 232
317 238 359 233
343 238 380 233
369 238 396 235
375 238 400 234
406 238 406 224
276 243 290 241
291 243 332 243
302 243 343 238
307 243 349 238
312 243 355 238
317 243 359 238
323 243 363 239
354 243 384 240
364 243 392 242
369 243 397 242
406 243 405 232
291 248 333 248
307 248 349 244
312 248 354 243
317 248 358 242
323 248 364 243
338 248 375 244
343 248 379 244
406 248 405 239
411 248 412 247
416 248 416 247
281 253 294 258
286 253 322 249
291 253 327 249
307 253 348 249
312 253 354 249
323 253 364 248
328 253 369 249
338 253 375 249
343 253 379 250
354 253 384 250
369 253 396 249
323 258 364 252
333 258 371 254
354 258 384 255
359 258 389 256
369 258 396 255
395 258 395 260
406 258 407 259
286 264 322 263
291 264 327 262
307 264 350 260
317 264 360 259
323 264 364 258
328 264 368 258
343 264 379 260
354 264 384 260
364 264 390 261
390 264 390 265
281 269 311 267
286 269 321 268
291 269 326 268
302 269 343 269
317 269 360 265
328 269 369 265
338 269 375 264
354 269 384 265
395 269 395 276
276 274 307 274
286 274 321 273
291 274 326 273
297 274 337 273
302 274 343 273
317 274 360 271
323 274 365 270
328 274 369 270
354 274 384 270
416 274 415 274
276 279 290 253
291 279 326 278
297 279 333 278
302 279 343 278
312 279 354 275
317 279 359 275
323 279 364 275
328 279 369 275
338 279 374 275
349 279 379 276
385 279 389 279
406 279 412 270
411 279 416 270
286 284 318 284
291 284 326 284
297 284 334 284
302 284 342 284
312 284 353 281
338 284 369 280
349 284 380 281
385 284 390 285
390 284 395 285
286 290 321 290
291 290 326 289
302 290 341 289
349 290 362 290
359 290 374 289
375 290 385 285
385 290 391 291
390 290 395 291
395 290 400 292
406 290 411 291
297 295 332 301
359 295 373 294
375 295 384 295
385 295 391 296
390 295 396 296
395 295 400 296
401 295 405 295
406 295 410 295
411 295 410 286
286 300 306 301
343 300 364 299
359 300 370 300
364 300 375 300
369 300 380 300
375 300 383 300
385 300 391 300
390 300 396 300
401 300 405 300
406 300 409 299
411 300 416 300
302 305 317 306
359 305 369 305
364 305 375 305
369 305 379 305
375 305 382 305
385 305 392 306
390 305 396 306
395 305 401 306
401 305 406 306
411 305 416 305
338 310 349 315
343 310 358 312
354 310 362 313
359 310 368 311
364 310 374 310
369 310 377 311
375 310 382 311
385 310 391 311
390 310 396 311
395 310 401 311
401 310 406 311
406 310 411 312
411 310 417 312
416 310 421 311
421 310 426 311
442 310 441 310
328 316 337 316
333 316 343 317
354 316 363 317
359 316 368 316
364 316 372 316
369 316 377 317
375 316 382 317
385 316 391 316
390 316 396 317
395 316 401 316
401 316 407 316
406 316 412 317
411 316 417 317
416 316 422 317
432 316 436 316
442 316 443 316
317 321 321 321
328 321 333 320
338 321 348 322
354 321 364 321
359 321 368 321
364 321 372 321
369 321 377 322
375 321 382 321
385 321 391 322
390 321 396 321
395 321 402 321
401 321 407 321
411 321 417 322
416 321 423 323
312 326 315 327
323 326 326 325
333 326 337 326
338 326 349 326
343 326 353 326
349 326 359 326
364 326 372 328
369 326 377 328
375 326 382 328
385 326 391 327
390 326 397 326
395 326 402 327
401 326 407 327
406 326 412 327
411 326 417 327
427 326 432 327
442 326 443 323
307 331 305 332
312 331 314 332
323 331 326 330
328 331 331 330
338 331 341 331
343 331 354 331
349 331 358 330
354 331 362 331
359 331 367 332
364 331 372 332
369 331 377 332
375 331 382 332
380 331 387 332
390 331 397 331
395 331 402 332
401 331 407 332
406 331 412 332
411 331 418 332
432 331 438 332
442 331 443 328
307 336 310 336
312 336 315 336
317 336 320 336
323 336 327 336
328 336 330 337
333 336 335 337
343 336 349 339
349 336 358 336
354 336 362 336
364 336 372 338
369 336 377 337
375 336 382 337
380 336 387 336
395 336 402 338
401 336 407 337
437 336 441 336
