528 146 560 7
545 146 528 60
562 146 546 62
389 163 359 23
528 163 560 25
562 163 546 78
580 163 579 80
389 181 359 41
423 181 411 7
441 181 431 12
528 181 561 46
580 181 585 96
371 198 336 60
389 198 359 60
406 198 384 49
423 198 406 33
441 198 419 29
458 198 448 65
476 198 474 69
562 198 564 116
354 215 313 78
371 215 337 79
389 215 359 79
476 215 470 84
337 233 292 97
354 233 315 96
371 233 338 98
389 233 362 99
406 233 384 100
423 233 406 99
441 233 428 102
458 233 451 102
476 233 473 103
493 233 494 104
510 233 514 104
562 233 564 149
285 250 221 119
302 250 244 116
319 250 267 115
337 250 291 115
354 250 314 116
371 250 338 118
389 250 364 120
406 250 386 121
423 250 407 121
441 250 430 121
458 250 453 122
476 250 476 124
493 250 495 122
302 267 244 138
319 267 268 137
337 267 291 137
354 267 315 137
371 267 340 138
389 267 364 140
406 267 386 140
423 267 408 140
441 267 432 140
458 267 455 140
476 267 476 142
493 267 497 145
510 267 525 168
528 267 512 167
545 267 548 166
562 267 577 149
267 285 199 175
285 285 225 173
302 285 246 164
319 285 267 160
337 285 292 158
354 285 316 158
371 285 341 159
389 285 365 160
406 285 388 160
423 285 410 159
441 285 434 161
458 285 457 161
476 285 478 162
493 285 497 167
528 285 530 184
215 302 138 212
233 302 158 203
250 302 182 201
267 302 209 200
302 302 247 191
319 302 268 183
337 302 294 181
354 302 318 180
371 302 342 179
389 302 366 179
406 302 390 181
423 302 412 180
441 302 435 181
458 302 457 181
476 302 479 184
510 302 514 195
545 302 559 185
215 319 139 227
233 319 159 224
250 319 188 223
267 319 211 230
285 319 233 227
302 319 250 216
319 319 274 213
337 319 294 208
354 319 320 206
371 319 346 205
389 319 367 203
406 319 391 202
423 319 415 203
441 319 436 203
458 319 457 202
476 319 479 205
493 319 497 217
510 319 516 213
528 319 536 212
250 337 193 263
267 337 214 254
285 337 235 254
302 337 251 240
319 337 275 235
337 337 295 232
354 337 316 232
371 337 342 231
389 337 368 229
406 337 391 226
423 337 417 224
441 337 438 224
458 337 459 225
476 337 480 228
493 337 498 239
510 337 518 236
528 337 536 235
267 354 214 277
285 354 244 268
302 354 261 278
319 354 278 262
337 354 297 259
354 354 323 257
371 354 348 258
389 354 370 257
406 354 392 253
423 354 416 248
441 354 439 246
458 354 458 253
493 354 494 261
510 354 513 262
528 354 532 264
545 354 550 261
250 371 190 301
267 371 217 298
302 371 262 295
319 371 280 294
354 371 323 287
371 371 346 285
406 371 389 279
423 371 414 276
441 371 437 272
458 371 461 270
476 371 477 276
493 371 494 282
510 371 513 281
528 371 534 285
545 371 555 280
233 389 160 336
250 389 194 323
302 389 267 318
319 389 285 315
337 389 303 313
354 389 325 312
371 389 346 309
389 389 368 305
406 389 390 304
423 389 413 300
441 389 436 295
458 389 460 293
493 389 493 304
528 389 535 304
545 389 557 298
250 406 199 354
285 406 249 337
302 406 267 334
319 406 284 333
337 406 305 333
354 406 326 332
371 406 348 332
389 406 369 330
406 406 390 327
423 406 412 325
441 406 434 323
458 406 459 316
493 406 490 327
528 406 539 319
545 406 557 320
215 423 156 373
267 423 214 373
285 423 251 354
302 423 272 354
319 423 287 350
337 423 303 354
354 423 326 353
371 423 352 353
389 423 369 352
406 423 390 351
423 423 412 347
441 423 433 346
458 423 447 347
476 423 468 347
493 423 492 345
510 423 519 341
528 423 540 338
545 423 556 339
215 441 159 388
250 441 201 389
267 441 217 390
302 441 267 388
319 441 288 370
337 441 307 375
354 441 335 371
371 441 350 373
389 441 369 372
406 441 392 369
423 441 413 366
441 441 428 364
458 441 448 366
476 441 470 369
493 441 495 364
510 441 520 358
528 441 538 358
545 441 563 357
215 458 166 408
233 458 185 405
250 458 198 404
302 458 162 459
354 458 325 391
371 458 353 390
389 458 371 389
406 458 394 389
423 458 412 387
441 458 428 382
458 458 448 384
476 458 476 381
493 458 496 383
510 458 524 377
233 476 276 476
250 476 288 474
285 476 150 478
302 476 162 477
319 476 177 474
354 476 328 471
371 476 342 472
476 476 477 397
493 476 497 399
