129 94 105 30
146 129 126 67
163 129 144 66
389 181 408 72
371 198 388 88
389 198 409 87
424 198 453 51
441 198 479 48
337 215 346 106
354 215 368 104
371 215 389 103
389 215 411 103
476 215 518 103
319 233 325 122
337 233 345 120
354 233 371 121
371 233 389 121
389 233 413 120
406 233 434 120
424 233 456 119
441 233 477 119
458 233 501 120
476 233 523 119
493 233 544 119
302 250 302 140
319 250 324 139
337 250 346 138
354 250 368 138
371 250 392 138
389 250 415 138
406 250 437 139
424 250 458 137
441 250 480 137
458 250 504 136
476 250 527 138
302 267 305 159
319 267 325 157
337 267 348 157
354 267 369 155
371 267 392 155
389 267 415 156
406 267 437 155
424 267 460 155
441 267 482 154
458 267 507 152
267 285 264 202
285 285 283 202
302 285 310 189
319 285 325 177
337 285 348 174
354 285 370 172
371 285 395 172
389 285 418 173
406 285 440 172
424 285 462 172
441 285 486 172
458 285 509 171
476 285 531 172
545 285 608 199
233 302 227 231
250 302 245 231
302 302 307 209
319 302 326 202
337 302 349 196
354 302 373 193
371 302 397 192
389 302 420 191
406 302 442 190
424 302 465 191
441 302 488 190
458 302 511 191
476 302 533 194
215 319 206 252
233 319 226 249
267 319 274 262
302 319 311 234
319 319 330 233
337 319 350 222
354 319 375 219
371 319 400 216
389 319 421 213
406 319 444 210
424 319 467 210
441 319 490 211
458 319 513 211
476 319 534 215
493 319 553 230
528 319 596 228
319 337 331 252
354 337 373 248
371 337 396 246
389 337 422 238
406 337 445 234
424 337 472 232
441 337 493 231
458 337 515 232
476 337 536 239
493 337 554 254
510 337 575 250
528 337 598 250
267 354 278 307
285 354 302 305
337 354 353 274
354 354 378 273
371 354 403 274
389 354 423 272
406 354 445 267
424 354 472 263
441 354 495 254
493 354 556 277
510 354 576 275
285 371 303 325
302 371 319 324
354 371 379 308
389 371 423 300
406 371 446 296
424 371 472 290
493 371 555 305
528 371 600 298
545 371 622 298
250 389 256 347
267 389 274 345
285 389 302 343
302 389 323 342
319 389 341 343
337 389 360 341
371 389 402 333
389 389 424 329
406 389 447 326
424 389 471 318
441 389 496 312
458 389 522 307
528 389 603 316
545 389 626 317
233 406 236 365
250 406 251 363
302 406 324 362
319 406 339 362
337 406 359 360
371 406 402 359
389 406 425 357
406 406 447 352
493 406 553 354
545 406 629 338
562 406 650 335
285 424 305 385
302 424 325 382
319 424 341 382
337 424 362 380
354 424 380 382
389 424 427 381
406 424 448 380
476 424 537 373
493 424 556 373
528 424 610 357
545 424 632 357
233 441 239 407
319 441 346 397
337 441 363 400
406 441 451 401
424 441 473 402
476 441 539 392
493 441 560 390
510 441 592 378
319 458 348 416
337 458 367 419
389 458 425 422
406 458 453 422
424 458 476 419
493 458 563 419
510 458 595 398
