389 163 355 23
406 163 375 22
371 181 332 42
389 181 356 43
406 181 377 42
424 181 399 36
441 181 421 32
458 181 443 35
371 198 333 63
389 198 355 64
406 198 377 64
441 198 422 59
476 198 462 67
337 215 289 86
354 215 310 85
371 215 333 86
389 215 355 87
406 215 377 87
458 215 441 88
476 215 465 88
493 215 486 92
510 215 505 89
302 233 245 107
319 233 265 107
337 233 288 106
354 233 312 106
371 233 334 106
389 233 355 108
406 233 378 108
424 233 402 109
441 233 422 109
458 233 443 110
476 233 463 109
493 233 485 110
510 233 506 111
285 250 225 129
302 250 245 128
319 250 267 128
337 250 289 129
354 250 312 128
371 250 333 128
389 250 355 130
406 250 378 129
424 250 400 130
441 250 420 130
458 250 443 130
476 250 463 130
493 250 485 131
510 250 506 131
562 250 561 144
285 267 228 153
302 267 247 150
319 267 269 151
337 267 290 150
354 267 311 150
371 267 335 150
389 267 357 150
406 267 378 151
424 267 400 151
441 267 422 150
458 267 443 152
476 267 464 151
493 267 484 154
528 267 515 162
562 267 560 163
233 285 166 177
302 285 250 174
319 285 272 173
337 285 290 170
354 285 313 172
371 285 335 171
389 285 356 171
406 285 379 171
424 285 401 172
441 285 422 172
458 285 443 172
476 285 463 170
493 285 483 173
215 302 151 200
250 302 194 195
319 302 272 194
337 302 296 195
354 302 313 194
371 302 336 194
389 302 358 193
406 302 380 194
424 302 401 194
441 302 421 193
458 302 443 192
476 302 464 192
493 302 483 195
510 302 502 195
528 302 521 196
562 302 558 198
267 319 221 220
302 319 253 218
319 319 276 216
337 319 294 216
354 319 316 216
371 319 338 215
389 319 357 214
406 319 379 213
424 319 401 214
441 319 423 214
458 319 442 213
476 319 463 214
493 319 483 215
510 319 503 216
528 319 522 215
545 319 542 215
285 337 240 239
319 337 277 237
337 337 296 236
354 337 317 236
371 337 339 236
389 337 357 235
406 337 378 235
424 337 402 234
441 337 422 235
458 337 442 234
510 337 500 236
267 354 225 257
337 354 299 257
354 354 319 256
371 354 339 256
389 354 358 255
424 354 401 255
441 354 422 255
458 354 443 255
493 354 481 259
510 354 498 255
545 354 534 260
319 371 286 278
371 371 342 275
389 371 360 275
406 371 379 275
441 371 423 275
458 371 440 273
493 371 479 277
510 371 496 277
233 389 184 300
250 389 200 297
285 389 249 301
302 389 269 299
319 389 288 296
354 389 325 294
371 389 344 295
389 389 364 294
406 389 383 293
441 389 422 294
476 389 462 291
528 389 516 298
545 389 536 295
337 406 304 318
354 406 326 314
371 406 346 314
389 406 364 312
406 406 384 312
424 406 402 313
476 406 462 313
493 406 478 312
562 406 556 309
215 424 169 335
354 424 320 335
371 424 341 331
389 424 365 331
406 424 385 331
424 424 403 330
441 424 420 330
458 424 442 331
493 424 476 331
510 424 495 326
528 424 518 332
562 424 552 330
319 441 284 355
337 441 300 353
371 441 349 350
389 441 366 351
406 441 388 351
424 441 401 350
441 441 421 351
458 441 437 351
476 441 460 343
493 441 476 349
528 441 517 348
562 441 557 348
250 458 215 370
337 458 306 372
354 458 332 370
371 458 348 368
389 458 366 371
406 458 387 369
424 458 404 369
493 458 478 368
528 458 518 367
545 458 537 367
371 476 349 388
