432 217 434 216
435 217 436 216
525 217 521 217
527 217 524 217
530 217 526 217
501 219 492 219
503 219 495 219
527 219 524 220
535 219 535 223
538 219 538 220
474 222 492 224
498 222 489 221
519 222 518 223
525 222 521 221
535 222 535 226
538 222 538 226
480 224 497 226
530 224 532 226
535 224 535 229
538 224 538 229
480 227 498 229
519 227 525 250
538 227 538 231
432 230 434 267
459 230 489 232
461 230 492 232
472 230 490 228
538 230 538 233
472 232 496 251
519 232 522 253
522 232 525 253
456 235 477 261
464 235 479 235
467 235 482 235
472 235 489 234
474 235 492 235
493 235 500 253
519 235 522 256
522 235 525 256
535 235 535 247
538 235 538 245
464 238 479 240
467 238 482 240
469 238 484 238
472 238 487 238
517 238 520 258
519 238 522 258
522 238 527 258
535 238 535 250
538 238 538 249
467 240 482 242
469 240 484 241
472 240 486 241
474 240 489 241
477 240 492 240
480 240 495 239
496 240 516 250
509 240 512 260
514 240 507 263
517 240 520 260
530 240 530 253
533 240 532 253
535 240 534 252
538 240 538 252
445 243 470 273
474 243 489 243
477 243 492 242
485 243 503 288
503 243 513 234
509 243 511 263
511 243 513 263
514 243 508 266
533 243 532 255
535 243 535 255
477 246 492 245
514 246 509 269
522 246 522 263
530 246 530 257
533 246 532 257
437 248 434 265
467 248 476 235
472 248 492 277
474 248 495 277
485 248 503 293
488 248 506 293
519 248 518 264
530 248 530 260
533 248 532 264
535 248 535 264
440 251 440 267
472 251 492 279
485 251 503 295
490 251 481 256
498 251 511 237
506 251 501 277
519 251 519 267
533 251 532 266
535 251 535 266
538 251 538 283
472 254 458 264
490 254 480 259
527 254 530 268
432 256 435 280
443 256 439 270
445 256 442 270
469 256 476 254
498 256 508 245
514 256 511 277
533 256 535 293
443 259 440 272
445 259 442 273
498 259 508 247
533 259 536 260
538 259 538 261
443 261 440 275
445 261 442 275
501 261 527 271
490 264 479 278
496 264 519 274
498 264 522 274
501 264 524 273
498 267 522 276
501 267 524 276
456 272 479 282
432 275 432 276
456 275 480 285
459 275 448 281
461 277 458 272
474 277 512 311
480 277 464 296
501 277 498 277
430 280 429 294
432 280 434 283
459 280 456 275
501 280 497 282
503 280 500 283
538 280 538 271
430 283 430 310
464 283 464 278
501 283 498 287
503 283 501 288
440 285 448 288
461 285 454 304
477 285 496 282
501 285 498 290
503 285 501 290
511 285 516 292
514 285 524 269
535 285 532 295
430 288 429 299
435 288 433 300
440 288 448 291
459 288 450 307
461 288 453 307
474 288 494 285
477 288 496 285
430 290 429 302
461 290 453 309
469 290 480 288
488 290 479 291
530 290 533 303
535 290 535 268
430 293 429 304
437 293 440 301
440 293 446 299
477 293 485 274
488 293 479 294
490 293 481 293
440 296 443 302
443 296 445 302
488 296 479 296
490 296 482 295
517 296 512 306
435 298 437 305
437 298 440 305
440 298 442 305
443 298 445 304
461 298 445 281
488 298 477 298
490 298 480 298
517 298 512 308
435 301 435 299
437 301 440 308
440 301 443 307
443 301 445 307
445 301 447 307
482 301 496 315
488 301 477 301
490 301 480 301
435 304 435 301
440 304 443 310
443 304 445 310
488 304 477 304
490 304 479 307
498 304 491 300
525 304 528 313
440 306 443 313
443 306 445 313
467 306 459 296
498 306 490 303
511 306 522 309
538 306 538 309
430 309 429 313
440 309 445 315
511 309 523 311
430 312 430 316
435 312 432 315
453 312 457 312
456 312 459 312
511 312 523 314
533 312 533 311
535 312 535 312
430 314 430 318
432 314 432 318
435 314 435 318
453 314 456 315
482 314 490 314
535 314 535 298
430 317 430 321
445 317 448 321
448 317 451 317
451 317 454 317
453 317 456 317
472 317 474 317
493 317 511 314
522 317 512 319
535 317 536 316
538 317 538 316
430 320 430 323
440 320 443 323
443 320 446 323
445 320 448 323
453 320 458 318
456 320 462 317
469 320 472 320
472 320 474 320
474 320 477 320
506 320 525 322
519 320 509 321
522 320 512 322
538 320 538 319
440 322 443 326
443 322 446 326
445 322 448 325
469 322 472 322
472 322 475 322
474 322 477 322
477 322 480 322
519 322 509 324
522 322 512 324
533 322 527 322
535 322 530 321
538 322 538 322
430 325 429 326
435 325 434 325
448 325 451 326
453 325 454 325
456 325 459 326
477 325 480 325
525 325 533 325
533 325 528 325
535 325 530 324
538 325 538 324
430 327 430 328
432 327 432 328
435 327 440 328
437 327 438 328
445 327 448 327
448 327 451 328
453 327 454 327
456 327 457 328
459 327 459 328
461 327 461 327
477 327 477 327
488 327 499 327
496 327 515 327
498 327 517 327
519 327 501 327
522 327 530 328
525 327 533 328
533 327 528 327
538 327 538 327
