493 25 469 84
510 42 484 100
545 42 522 106
580 42 557 104
649 77 616 130
493 94 475 138
441 129 437 179
406 163 408 203
424 163 423 203
441 163 437 202
458 163 452 201
510 163 497 199
528 163 513 198
545 163 528 197
562 163 545 197
337 181 350 219
406 181 406 215
424 181 420 214
441 181 437 215
458 181 453 214
493 181 483 212
510 181 497 211
528 181 512 209
545 181 529 210
562 181 544 210
319 198 333 238
458 198 452 225
545 198 529 222
302 215 318 255
319 215 334 253
371 215 376 241
389 215 391 240
406 215 406 239
424 215 422 238
441 215 436 237
493 215 481 235
510 215 497 234
528 215 512 234
354 233 361 261
371 233 377 258
389 233 392 255
406 233 406 253
424 233 422 252
441 233 437 251
458 233 452 249
493 233 481 248
510 233 498 247
528 233 513 247
545 233 529 248
285 250 302 292
319 250 336 289
354 250 362 278
371 250 377 273
389 250 392 271
406 250 408 269
424 250 422 267
441 250 437 264
458 250 452 264
493 250 482 260
510 250 498 261
528 250 513 260
545 250 530 261
267 267 287 307
285 267 301 306
354 267 363 294
371 267 377 287
389 267 394 287
406 267 410 286
424 267 424 284
441 267 438 282
458 267 453 281
476 267 471 278
510 267 498 275
528 267 515 275
545 267 532 277
580 267 568 284
597 267 583 283
302 285 319 326
371 285 379 304
389 285 394 303
406 285 409 302
424 285 426 302
441 285 441 300
458 285 454 297
493 285 485 295
510 285 498 293
528 285 518 294
562 285 555 302
580 285 569 300
597 285 586 299
302 302 320 342
371 302 379 321
389 302 396 320
406 302 411 319
424 302 427 319
441 302 440 317
458 302 456 315
476 302 473 313
562 302 559 320
580 302 575 318
597 302 590 316
302 319 320 361
319 319 336 363
441 319 445 337
458 319 458 334
476 319 475 331
510 319 504 325
528 319 519 321
580 319 577 333
302 337 320 378
319 337 337 380
337 337 353 377
371 337 382 368
389 337 399 365
406 337 415 363
424 337 431 361
441 337 446 358
458 337 462 355
476 337 477 351
510 337 505 341
528 337 519 339
545 337 534 334
354 354 367 392
371 354 382 387
389 354 400 385
406 354 417 382
424 354 432 380
441 354 448 377
458 354 464 375
476 354 480 372
510 354 505 358
528 354 522 356
545 354 536 353
354 371 363 411
371 371 384 408
389 371 401 405
424 371 434 398
441 371 450 397
458 371 465 394
476 371 482 392
545 371 554 394
562 371 570 394
389 389 402 424
424 389 436 419
441 389 453 418
458 389 468 416
476 389 484 414
406 406 418 437
424 406 436 437
458 406 470 435
562 406 574 429
632 406 629 402
649 406 645 401
666 406 662 401
424 424 438 451
441 424 456 452
493 424 507 449
562 424 576 445
580 424 591 444
614 424 611 416
632 424 627 418
389 441 402 469
406 441 421 467
424 441 437 467
441 441 454 468
458 441 471 468
476 441 487 466
493 441 506 464
545 441 560 462
562 441 578 461
580 441 593 459
614 441 613 432
649 441 645 429
666 441 662 430
649 458 648 445
