580 42 633 166
614 42 653 162
476 59 509 182
493 59 522 178
545 59 603 199
562 59 620 199
580 59 638 194
597 59 652 186
632 59 670 175
476 77 510 192
493 77 525 190
614 77 658 199
632 77 667 193
632 94 672 218
476 111 516 217
493 111 528 214
528 111 606 241
597 111 655 237
632 111 679 233
493 129 532 229
545 129 631 259
562 129 648 256
597 129 659 256
632 129 679 252
424 146 484 255
441 146 499 252
493 146 538 247
528 146 568 242
545 146 587 242
441 163 498 264
458 163 512 262
632 163 687 322
649 163 694 252
354 181 429 281
371 181 443 279
406 181 467 276
424 181 481 275
493 181 541 269
510 181 554 267
545 181 588 265
562 181 604 263
337 198 416 296
354 198 429 292
371 198 443 289
406 198 467 286
441 198 496 285
476 198 523 281
493 198 538 279
510 198 553 277
528 198 569 276
545 198 587 276
562 198 607 277
632 198 686 287
302 215 394 318
319 215 407 315
354 215 430 307
424 215 481 294
632 215 690 306
302 233 396 333
319 233 408 332
371 233 444 316
406 233 467 309
424 233 482 308
458 233 508 303
476 233 523 302
493 233 538 301
510 233 553 300
528 233 570 299
545 233 586 298
250 250 361 355
285 250 384 353
302 250 399 351
319 250 412 350
354 250 433 335
389 250 455 327
406 250 471 325
424 250 483 322
458 250 509 316
476 250 522 314
493 250 539 311
510 250 555 312
528 250 570 311
545 250 587 311
580 250 635 323
302 267 399 365
319 267 412 365
354 267 435 351
371 267 446 344
406 267 471 341
424 267 485 338
441 267 500 336
458 267 517 335
528 267 573 328
545 267 592 327
597 267 651 332
302 285 399 392
354 285 435 365
371 285 448 360
406 285 474 357
424 285 489 355
441 285 505 354
458 285 518 351
493 285 543 343
510 285 557 338
580 285 639 352
597 285 656 349
614 285 673 346
302 302 401 407
319 302 417 406
354 302 437 381
371 302 449 377
406 302 478 374
424 302 492 374
441 302 506 372
458 302 522 369
493 302 549 360
510 302 559 354
562 302 636 371
597 302 660 367
302 319 400 424
319 319 418 425
354 319 443 418
371 319 456 405
424 319 498 395
441 319 512 391
458 319 524 389
493 319 552 378
510 319 566 375
528 319 580 370
562 319 640 383
580 319 654 381
285 337 385 444
337 337 432 437
354 337 443 436
371 337 459 423
389 337 473 423
424 337 502 419
441 337 517 414
458 337 531 409
476 337 545 406
493 337 555 393
510 337 570 393
528 337 583 389
580 337 663 413
302 354 404 448
354 354 448 456
371 354 462 453
389 354 477 440
406 354 492 439
441 354 520 435
458 354 535 431
476 354 550 428
510 354 570 408
528 354 587 406
597 354 677 417
666 354 751 410
371 371 464 470
389 371 478 460
406 371 495 458
441 371 524 456
458 371 539 453
476 371 554 449
493 371 572 447
562 371 662 436
614 371 681 433
406 389 499 476
424 389 513 473
458 389 541 472
476 389 561 467
562 389 662 458
614 389 682 447
632 389 700 445
649 389 718 444
666 389 752 427
476 406 580 479
545 424 626 456
389 476 410 477
545 476 431 476
562 476 448 476
597 476 755 477
