493 25 542 143
562 25 630 144
528 42 602 165
545 42 617 162
580 42 669 159
597 42 684 158
493 59 547 166
580 59 672 187
597 59 689 182
632 59 705 173
493 77 549 178
597 77 690 201
632 77 701 189
649 77 716 190
632 94 703 215
649 94 718 216
458 111 526 206
493 111 551 202
528 111 637 235
597 111 687 234
614 111 702 232
649 111 719 232
458 129 529 220
493 129 551 217
614 129 691 251
632 129 705 248
493 146 559 237
528 146 597 234
580 146 705 268
649 146 722 283
371 163 460 252
389 163 475 250
458 163 533 249
476 163 548 250
632 163 711 314
649 163 723 246
423 181 499 260
441 181 516 262
493 181 562 257
528 181 587 254
545 181 603 255
562 181 624 254
354 198 446 274
371 198 460 273
389 198 473 273
423 198 499 271
441 198 514 271
458 198 528 270
476 198 543 269
510 198 571 266
528 198 587 265
545 198 605 265
562 198 625 267
580 198 655 281
319 215 425 297
354 215 447 289
371 215 458 284
302 233 413 314
319 233 425 313
354 233 448 304
389 233 471 296
423 233 499 293
441 233 511 291
458 233 528 291
493 233 554 288
510 233 570 288
528 233 587 288
545 233 605 290
597 233 728 369
302 250 416 332
319 250 429 332
371 250 460 313
406 250 485 308
423 250 500 307
441 250 512 303
458 250 526 303
476 250 546 304
510 250 569 300
528 250 585 300
545 250 605 302
562 250 639 319
580 250 656 316
597 250 671 315
250 267 378 346
267 267 389 346
302 267 415 346
354 267 450 333
371 267 461 326
389 267 472 324
423 267 501 323
441 267 514 321
458 267 527 319
476 267 543 317
528 267 588 316
545 267 608 317
580 267 657 331
597 267 671 328
614 267 691 330
302 285 415 364
354 285 449 347
371 285 461 342
389 285 474 341
423 285 503 340
441 285 517 339
458 285 530 337
476 285 543 334
510 285 570 326
545 285 621 339
562 285 643 350
580 285 660 349
597 285 676 347
302 302 417 386
319 302 430 385
354 302 462 382
371 302 460 357
389 302 475 357
406 302 493 360
441 302 519 357
458 302 533 354
476 302 548 353
493 302 563 350
510 302 573 344
528 302 587 342
562 302 653 368
302 319 414 404
319 319 431 405
337 319 444 405
354 319 460 397
389 319 480 376
406 319 496 377
423 319 510 378
458 319 537 375
476 319 551 370
493 319 566 368
528 319 589 358
545 319 606 358
562 319 657 388
580 319 674 388
302 337 414 418
319 337 428 419
337 337 446 420
371 337 471 413
389 337 485 408
406 337 499 408
423 337 514 405
458 337 542 397
476 337 555 392
493 337 570 391
510 337 585 386
528 337 593 378
545 337 609 374
562 337 659 406
580 337 678 406
614 337 699 403
285 354 398 434
302 354 414 431
337 354 444 438
371 354 472 433
389 354 487 429
406 354 501 426
423 354 517 424
441 354 532 422
476 354 559 415
510 354 586 410
562 354 662 426
580 354 680 427
267 371 378 450
285 371 396 448
319 371 432 434
371 371 473 451
389 371 488 450
406 371 503 446
423 371 519 443
441 371 533 443
458 371 548 440
562 371 665 445
580 371 682 444
666 371 769 455
250 389 362 467
267 389 378 468
319 389 415 450
354 389 432 450
389 389 489 467
406 389 506 470
423 389 521 466
441 389 537 464
458 389 552 463
476 389 569 460
493 389 589 465
562 389 665 458
614 389 696 439
632 389 713 442
285 406 397 471
458 406 572 476
493 406 592 479
614 406 696 457
319 423 416 470
545 441 450 452
562 476 734 474
580 476 750 475
597 476 770 475
