525 235 530 220
482 240 490 226
509 240 516 225
517 240 524 226
474 243 480 228
511 243 519 229
514 243 521 230
517 243 524 229
519 243 527 230
432 246 437 233
435 246 440 232
437 246 443 232
440 246 445 233
506 246 513 232
509 246 516 232
432 248 437 235
435 248 440 235
440 248 445 235
488 248 495 232
490 248 497 233
493 248 500 233
522 248 529 233
432 251 437 238
435 251 440 238
437 251 442 238
522 251 527 235
459 256 465 241
485 256 494 240
461 259 467 245
456 261 462 247
459 261 465 247
509 261 516 246
443 264 450 252
456 264 461 250
461 267 467 253
464 267 470 253
511 267 517 251
514 267 520 251
464 269 470 255
467 269 472 253
511 269 518 254
517 272 523 255
474 283 480 267
535 283 537 271
538 283 538 271
474 285 480 269
477 285 483 269
480 285 485 269
530 285 533 273
533 285 536 273
464 288 471 272
469 288 477 272
474 288 480 272
477 288 483 272
538 288 538 276
464 290 471 275
467 290 474 274
469 290 477 274
472 290 479 275
538 290 538 278
464 293 471 278
469 293 477 277
472 293 480 277
474 293 482 277
517 293 519 282
490 296 498 280
538 296 538 282
480 298 485 280
517 298 520 284
480 301 485 282
482 301 487 282
533 301 533 284
474 304 484 288
506 304 509 287
485 306 488 286
488 306 490 286
498 306 501 289
503 306 506 289
506 306 509 289
509 306 511 289
530 306 533 289
538 306 538 293
485 309 488 289
488 309 490 289
538 309 538 295
538 312 538 298
