511 238 496 224
514 238 499 225
517 238 502 225
509 240 494 226
480 243 468 227
482 243 470 227
493 243 480 229
496 243 482 230
498 243 485 231
501 243 487 231
503 243 490 230
509 243 494 229
511 243 496 229
514 243 498 230
517 243 501 231
469 246 457 230
490 246 477 232
493 246 480 232
496 246 483 233
498 246 485 233
503 246 490 233
509 246 494 231
514 246 498 233
472 248 459 232
477 248 465 232
490 248 477 235
493 248 480 235
496 248 482 235
474 251 463 234
519 251 503 236
522 251 506 235
525 251 509 235
453 254 440 239
469 254 455 237
477 254 465 235
525 254 509 238
485 256 473 238
522 256 506 240
464 261 449 245
490 261 478 243
503 261 489 244
519 261 503 244
522 261 507 244
480 264 468 246
485 264 470 244
519 264 503 247
522 264 506 248
527 264 509 248
519 267 503 251
527 267 509 252
464 269 449 253
488 269 473 250
511 269 491 253
519 269 502 254
461 272 446 256
467 272 452 255
474 272 458 256
488 272 473 252
501 272 486 258
509 272 488 255
511 272 495 256
525 272 507 253
464 275 449 259
467 275 452 259
469 275 454 259
472 275 457 259
480 275 465 260
488 275 475 254
490 275 478 254
506 275 491 261
522 275 502 260
464 277 449 262
467 277 452 262
472 277 455 261
474 277 458 261
485 277 471 257
488 277 474 257
490 277 478 257
459 280 446 266
469 280 454 264
480 280 465 264
482 280 468 265
514 283 497 267
469 285 451 271
474 285 458 268
477 285 461 269
485 285 469 268
488 285 472 268
527 285 507 270
469 288 451 273
488 288 472 270
490 288 474 269
493 288 477 269
527 288 507 273
490 290 474 272
493 290 476 272
467 293 449 278
519 293 499 277
480 296 468 279
509 296 490 273
511 296 493 273
511 298 492 279
459 301 442 283
482 301 467 282
485 301 470 282
498 301 479 280
506 301 487 280
509 301 489 281
511 301 495 281
517 301 499 281
519 301 502 282
522 301 501 287
496 304 476 283
498 304 479 283
501 304 481 283
503 304 484 283
509 304 493 283
511 304 495 284
514 304 498 284
493 306 472 285
496 306 476 285
498 306 479 286
501 306 482 286
503 306 484 286
506 306 487 286
509 306 493 286
498 309 479 289
501 309 482 288
503 309 484 288
506 309 486 289
509 309 492 289
503 312 483 291
506 312 486 291
509 312 492 292
498 314 481 293
