576 205 566 205
573 208 564 208
576 208 573 207
571 211 560 211
593 213 602 216
573 216 582 211
585 216 599 217
588 216 602 218
593 216 617 217
579 219 590 217
588 219 597 220
602 219 601 211
540 222 535 238
582 222 593 220
590 222 606 227
596 222 608 228
537 225 537 242
590 225 605 230
537 227 535 250
531 230 556 235
559 230 558 263
548 233 585 264
610 233 622 252
545 236 582 271
548 236 587 269
545 239 581 274
604 239 616 257
540 242 544 263
545 242 582 279
576 242 592 233
604 242 615 260
582 244 585 220
624 244 625 253
551 247 568 269
554 247 571 270
633 247 627 258
545 250 558 273
548 250 563 273
551 250 567 272
554 250 570 273
590 250 609 247
613 250 616 268
619 250 619 261
630 250 626 262
613 253 615 271
616 253 613 265
619 253 618 265
624 253 626 272
635 253 634 271
607 256 609 269
616 256 618 273
627 256 625 275
630 256 628 275
633 256 632 276
610 258 611 275
621 258 613 278
627 258 624 279
630 258 628 280
633 258 631 280
638 258 635 279
610 261 616 279
621 261 611 282
627 261 623 282
630 261 626 283
633 261 630 285
562 264 537 275
638 264 634 289
540 267 598 281
644 267 637 290
616 270 609 287
619 270 615 290
633 270 585 253
641 270 633 294
644 270 636 295
610 275 603 293
613 275 607 294
619 275 603 285
610 278 600 295
619 278 602 288
630 278 619 291
607 281 595 297
610 281 601 300
616 281 609 299
619 284 614 304
621 284 619 303
556 287 552 300
562 287 556 302
593 287 589 303
616 287 603 303
638 287 626 301
644 287 630 303
556 290 551 304
562 290 555 305
588 290 574 304
590 290 577 304
610 290 599 308
635 290 622 304
638 290 625 305
644 290 629 306
551 292 538 300
562 292 553 307
585 292 570 307
588 292 573 307
590 292 576 308
604 292 590 308
607 292 594 309
627 292 612 309
635 292 620 308
638 292 624 308
641 292 627 308
556 295 547 306
559 295 553 312
604 295 589 311
607 295 592 312
610 295 596 313
627 295 612 312
630 295 614 312
638 295 623 312
641 295 626 312
554 298 540 304
556 298 545 310
559 298 554 316
604 298 589 315
607 298 591 315
554 301 542 307
588 301 575 313
602 312 559 314
604 315 561 315
635 315 632 316
638 315 636 316
