590 256 598 276
593 256 601 276
590 258 598 280
593 258 601 280
590 261 598 283
593 261 601 282
633 261 639 284
596 264 603 285
599 264 607 285
590 267 597 288
596 267 602 288
599 267 606 289
602 267 610 289
593 270 599 288
596 270 602 291
599 270 606 291
647 275 646 296
590 278 595 294
599 278 603 297
602 278 606 297
644 278 644 300
647 278 647 300
554 281 559 287
599 281 603 300
602 281 606 300
619 281 623 301
621 281 627 301
624 281 629 301
644 281 643 304
604 284 608 304
610 284 614 304
621 284 626 304
647 284 647 307
613 287 612 303
616 287 617 306
562 290 568 296
568 290 573 296
579 290 582 299
582 290 585 299
585 290 588 299
588 290 591 300
590 290 594 300
616 290 617 309
635 290 634 309
638 290 637 307
647 290 646 305
562 292 567 299
582 292 584 302
585 292 588 302
588 292 591 303
590 292 594 303
596 292 599 306
602 292 603 306
604 292 606 306
633 292 631 312
638 292 635 312
641 292 640 313
644 292 643 314
647 292 646 314
565 295 570 302
588 295 590 305
593 298 593 311
599 298 600 311
573 301 576 308
576 301 578 308
579 301 582 308
585 301 587 309
588 301 590 309
579 304 581 311
582 309 579 313
