542 199 539 200
545 199 543 199
548 199 546 199
551 199 548 199
554 199 551 199
556 199 557 199
559 199 559 199
565 199 565 199
568 199 570 199
571 199 574 199
573 199 577 199
576 199 579 199
579 199 582 199
582 199 584 199
537 202 536 201
542 202 539 202
545 202 542 202
551 202 551 201
554 202 554 201
556 202 557 201
559 202 560 201
568 202 569 201
571 202 573 201
576 202 577 201
585 202 588 202
588 202 591 203
590 202 593 203
531 205 531 205
537 205 537 205
540 205 540 204
542 205 542 204
545 205 545 204
551 205 551 204
554 205 556 204
556 205 559 204
562 205 562 205
565 205 565 205
568 205 568 204
576 205 577 205
579 205 580 205
582 205 585 205
585 205 588 205
588 205 590 205
590 205 593 206
593 205 595 206
528 208 528 208
531 208 532 207
534 208 534 208
537 208 538 207
542 208 543 207
545 208 545 207
548 208 548 207
554 208 554 207
556 208 557 207
559 208 560 207
565 208 566 208
576 208 577 208
579 208 580 208
588 208 590 208
590 208 593 209
593 208 595 209
596 208 598 208
528 211 528 210
531 211 532 210
537 211 537 210
540 211 540 210
542 211 543 210
545 211 546 210
548 211 549 210
554 211 554 210
556 211 557 210
559 211 561 210
565 211 567 213
571 211 572 210
576 211 577 211
579 211 580 214
585 211 587 213
588 211 590 213
590 211 593 212
593 211 595 212
596 211 598 212
528 213 529 213
531 213 532 213
534 213 535 214
537 213 537 214
540 213 540 214
542 213 542 214
548 213 549 214
551 213 551 214
554 213 554 214
556 213 557 213
559 213 560 213
571 213 572 213
582 213 584 216
585 213 587 216
590 213 592 215
528 216 529 216
531 216 532 216
534 216 535 217
537 216 537 217
542 216 542 217
548 216 549 217
551 216 551 216
554 216 554 217
565 216 565 220
573 216 574 220
576 216 577 220
582 216 582 219
585 216 585 219
588 216 590 218
596 216 597 216
599 216 599 216
528 219 529 219
531 219 532 219
534 219 535 219
537 219 537 219
540 219 540 220
542 219 543 220
568 219 568 222
571 219 571 222
573 219 574 221
576 219 576 221
579 219 581 221
585 219 587 221
588 219 590 221
590 219 593 222
528 222 528 222
531 222 531 222
534 222 534 222
537 222 537 222
540 222 540 223
554 222 556 224
556 222 559 224
559 222 562 224
571 222 570 224
573 222 573 224
576 222 576 224
585 222 587 225
588 222 590 225
596 222 597 221
599 222 599 221
528 225 528 224
531 225 532 224
534 225 534 224
537 225 537 225
540 225 540 225
542 225 543 225
548 225 549 226
556 225 560 227
559 225 562 227
573 225 573 227
576 225 576 227
579 225 579 227
593 225 595 224
599 225 599 225
528 227 529 228
531 227 532 227
534 227 534 228
537 227 537 228
540 227 539 228
545 227 548 230
590 227 593 227
596 227 597 227
599 227 599 227
528 230 528 230
534 230 534 230
537 230 537 230
551 230 554 231
585 230 590 230
590 230 593 230
596 230 597 230
599 230 599 230
542 233 548 236
551 233 554 235
585 233 590 233
596 233 597 233
599 233 599 233
528 236 529 234
531 236 532 233
534 236 534 233
537 236 536 233
556 236 562 242
590 236 593 236
596 236 597 235
599 236 599 235
531 239 532 236
534 239 535 235
545 239 548 239
590 239 593 238
596 239 597 238
528 242 528 242
537 242 536 243
551 242 553 241
576 242 576 244
579 242 579 245
596 242 597 241
599 242 599 241
528 244 529 244
531 244 532 244
534 244 534 245
599 244 600 244
602 244 602 244
604 244 605 244
607 244 607 244
528 247 529 247
531 247 532 247
534 247 534 247
542 247 545 247
582 247 585 253
593 247 594 247
596 247 596 247
602 247 602 247
604 247 605 247
607 247 607 247
610 247 610 247
528 250 529 250
531 250 531 250
534 250 535 250
565 250 568 256
590 250 591 252
599 250 599 250
602 250 602 250
604 250 604 249
607 250 607 249
610 250 610 250
613 250 613 250
528 253 528 253
531 253 531 253
534 253 534 253
540 253 542 250
548 253 551 250
571 253 571 256
576 253 577 256
596 253 596 253
599 253 599 253
602 253 601 253
604 253 604 252
607 253 607 252
610 253 610 253
613 253 613 253
616 253 616 253
528 256 528 256
531 256 531 255
534 256 534 256
551 256 554 253
568 256 570 259
573 256 574 259
576 256 577 259
593 256 594 256
596 256 596 255
599 256 599 256
602 256 602 256
604 256 604 256
607 256 607 255
610 256 610 255
613 256 613 256
616 256 616 256
619 256 618 256
565 258 567 261
568 258 570 262
593 258 593 259
596 258 596 258
599 258 599 258
602 258 602 258
604 258 604 259
607 258 607 259
610 258 610 259
613 258 613 259
616 258 615 258
619 258 618 258
621 258 621 258
528 261 529 258
565 261 568 266
573 261 560 256
579 261 578 267
593 261 593 262
596 261 597 261
599 261 599 261
602 261 601 261
604 261 605 261
607 261 607 261
610 261 610 261
613 261 613 261
616 261 616 261
619 261 618 261
621 261 621 261
624 261 624 261
565 264 569 269
568 264 571 268
596 264 596 264
599 264 599 264
602 264 602 264
604 264 605 264
607 264 607 264
610 264 610 264
613 264 613 264
616 264 616 264
619 264 619 264
621 264 621 264
624 264 624 264
627 264 626 264
528 267 531 264
531 267 534 264
537 267 542 267
559 267 562 273
562 267 565 272
579 267 579 272
590 267 591 269
593 267 594 268
596 267 596 267
599 267 599 267
602 267 602 267
604 267 604 267
607 267 607 267
610 267 610 267
613 267 613 267
616 267 616 267
619 267 618 267
621 267 621 267
624 267 624 267
627 267 627 267
630 267 629 267
531 270 534 267
534 270 536 266
537 270 542 269
545 270 543 261
565 270 571 275
568 270 574 275
582 270 582 275
593 270 593 271
596 270 596 270
599 270 599 270
602 270 602 270
604 270 604 270
607 270 607 270
610 270 610 270
613 270 613 270
616 270 615 270
619 270 618 270
621 270 621 270
624 270 624 270
627 270 627 270
630 270 629 270
633 270 632 270
635 270 635 270
528 273 528 267
534 273 536 270
545 273 543 264
556 273 562 276
593 273 594 273
596 273 596 273
599 273 599 273
602 273 602 272
604 273 605 273
607 273 607 273
610 273 610 273
613 273 613 273
616 273 616 273
619 273 618 273
621 273 621 273
624 273 624 273
627 273 626 273
630 273 630 273
633 273 632 273
531 275 534 273
534 275 537 275
537 275 539 273
540 275 542 273
545 275 548 274
548 275 551 275
556 275 561 278
585 275 585 279
593 275 593 276
596 275 596 276
599 275 599 276
602 275 602 276
604 275 605 276
607 275 607 275
610 275 610 275
613 275 614 276
616 275 616 276
619 275 619 276
621 275 621 276
624 275 624 275
627 275 627 276
630 275 629 276
633 275 632 276
635 275 635 275
638 275 639 276
641 275 641 276
528 278 528 272
534 278 537 278
540 278 542 278
542 278 545 276
548 278 550 277
551 278 553 278
554 278 556 279
565 278 568 281
590 278 591 279
593 278 593 278
596 278 596 278
599 278 599 278
602 278 602 279
604 278 604 278
607 278 607 278
610 278 610 278
613 278 613 278
616 278 616 278
619 278 619 278
621 278 622 278
624 278 624 278
627 278 627 278
630 278 629 278
635 278 636 279
638 278 639 279
641 278 641 279
644 278 644 278
528 281 528 275
531 281 534 281
534 281 537 281
542 281 545 279
548 281 551 280
551 281 553 281
554 281 556 281
556 281 559 281
559 281 562 281
588 281 588 282
590 281 590 281
593 281 593 281
596 281 596 281
599 281 599 281
602 281 602 281
604 281 604 280
607 281 607 280
610 281 610 281
619 281 618 281
621 281 622 281
627 281 627 281
630 281 630 281
633 281 632 281
635 281 636 281
638 281 638 281
641 281 641 282
644 281 644 282
647 281 647 281
531 284 533 284
534 284 537 284
542 284 545 282
545 284 548 282
548 284 551 284
551 284 553 284
554 284 556 283
556 284 559 284
559 284 561 284
562 284 564 284
571 284 573 284
579 284 579 284
582 284 582 284
585 284 585 284
588 284 587 285
590 284 591 285
593 284 593 285
596 284 596 284
599 284 599 284
602 284 601 284
604 284 604 284
607 284 607 283
613 284 613 283
619 284 619 284
621 284 624 285
627 284 627 284
630 284 630 284
635 284 635 284
638 284 638 285
641 284 641 284
644 284 644 284
647 284 647 284
528 287 528 284
545 287 549 287
548 287 552 287
551 287 554 287
554 287 556 286
556 287 558 286
562 287 563 286
565 287 566 287
568 287 569 287
571 287 571 287
573 287 574 287
576 287 577 287
579 287 580 287
582 287 582 287
585 287 585 287
588 287 588 288
590 287 591 288
593 287 593 287
596 287 596 287
599 287 598 287
602 287 601 287
604 287 604 287
607 287 607 287
613 287 613 286
616 287 616 286
619 287 618 287
621 287 621 287
627 287 627 287
630 287 630 287
633 287 633 287
635 287 636 287
638 287 639 287
641 287 641 287
644 287 644 287
647 287 647 287
537 290 537 289
545 290 548 290
548 290 551 289
551 290 553 289
556 290 558 289
562 290 563 289
565 290 566 290
568 290 569 290
571 290 571 290
573 290 574 289
576 290 577 289
579 290 579 290
582 290 582 290
585 290 585 290
588 290 587 290
590 290 591 290
593 290 593 290
596 290 596 290
599 290 599 290
602 290 601 289
604 290 604 290
607 290 607 290
610 290 610 290
613 290 613 289
616 290 616 290
619 290 618 290
621 290 621 290
624 290 625 290
627 290 627 290
630 290 631 290
633 290 633 290
635 290 636 290
638 290 638 290
641 290 641 290
644 290 644 290
647 290 647 290
531 292 531 292
534 292 534 292
537 292 537 292
540 292 539 292
542 292 542 291
554 292 553 292
556 292 558 292
562 292 563 292
565 292 566 293
568 292 569 292
571 292 571 292
573 292 574 292
576 292 577 292
579 292 580 292
582 292 582 292
585 292 585 292
588 292 588 292
590 292 590 292
593 292 593 292
596 292 596 293
599 292 599 293
602 292 601 293
604 292 604 292
613 292 613 292
616 292 616 292
619 292 619 292
621 292 621 293
624 292 625 293
627 292 628 293
630 292 630 293
633 292 633 293
635 292 635 293
638 292 638 293
641 292 641 293
644 292 644 293
647 292 647 293
531 295 532 295
534 295 535 295
537 295 537 295
540 295 540 295
545 295 545 295
554 295 554 295
556 295 557 295
559 295 560 294
565 295 566 295
568 295 569 295
571 295 571 295
573 295 574 295
576 295 576 295
579 295 580 295
582 295 582 295
585 295 585 295
588 295 588 295
590 295 590 295
593 295 593 295
596 295 596 295
599 295 599 296
602 295 601 295
604 295 604 295
607 295 607 295
613 295 612 295
616 295 616 295
619 295 619 295
621 295 622 295
624 295 625 296
627 295 628 296
630 295 630 296
633 295 633 296
635 295 635 296
638 295 638 295
641 295 641 295
644 295 644 296
647 295 647 295
537 298 537 298
540 298 540 298
542 298 543 298
545 298 545 298
551 298 551 298
554 298 553 298
556 298 556 298
559 298 559 297
565 298 566 298
568 298 568 298
571 298 571 297
573 298 574 297
576 298 577 298
579 298 579 298
582 298 582 297
585 298 585 298
588 298 588 298
590 298 591 298
593 298 594 299
596 298 596 298
599 298 599 299
602 298 602 298
604 298 605 298
607 298 607 298
610 298 609 298
613 298 612 298
616 298 615 298
619 298 619 298
621 298 622 298
624 298 624 298
627 298 627 298
630 298 629 298
633 298 632 298
635 298 635 298
638 298 638 298
644 298 641 298
647 298 647 298
551 301 551 301
554 301 554 301
556 301 557 301
559 301 559 300
562 301 562 300
565 301 565 301
568 301 568 301
571 301 571 300
573 301 574 301
576 301 577 300
579 301 579 300
582 301 582 301
585 301 585 300
588 301 588 301
590 301 590 301
596 301 596 301
599 301 599 301
602 301 602 301
604 301 605 301
607 301 607 301
610 301 610 301
613 301 613 301
616 301 615 301
619 301 618 301
621 301 622 301
624 301 625 301
627 301 627 301
630 301 629 301
633 301 632 301
635 301 635 301
641 301 639 300
644 301 641 301
647 301 647 301
556 304 557 303
559 304 559 303
562 304 562 304
565 304 565 304
568 304 568 303
571 304 570 304
573 304 574 303
576 304 576 303
579 304 579 303
582 304 582 303
585 304 585 304
588 304 587 304
590 304 590 303
593 304 593 303
596 304 596 304
599 304 599 304
602 304 602 304
604 304 605 304
607 304 607 304
610 304 610 304
613 304 613 304
616 304 615 304
619 304 618 304
621 304 622 304
624 304 624 304
627 304 626 304
630 304 630 304
633 304 632 304
635 304 635 304
638 304 638 304
641 304 640 304
644 304 643 304
647 304 647 304
568 306 567 307
571 306 570 306
573 306 574 306
576 306 577 306
579 306 579 306
582 306 582 306
585 306 585 306
588 306 588 306
590 306 590 306
593 306 593 306
596 306 596 306
599 306 599 306
602 306 602 307
604 306 605 307
607 306 607 307
610 306 610 307
613 306 613 307
616 306 615 307
619 306 619 307
621 306 622 307
624 306 624 307
627 306 626 307
630 306 629 307
633 306 632 307
635 306 635 307
638 306 638 307
641 306 641 307
644 306 644 307
647 306 646 307
568 309 568 309
571 309 570 309
573 309 573 309
576 309 577 309
579 309 579 309
582 309 582 309
585 309 585 309
588 309 587 309
590 309 591 309
593 309 593 309
596 309 596 309
599 309 599 309
602 309 602 309
604 309 605 309
607 309 608 309
610 309 610 310
613 309 613 310
616 309 616 310
619 309 619 310
621 309 621 310
624 309 624 310
627 309 626 309
630 309 630 310
633 309 633 310
635 309 636 310
638 309 637 310
641 309 640 309
644 309 643 310
647 309 646 309
571 312 571 312
573 312 573 312
576 312 576 312
579 312 579 312
582 312 582 312
585 312 585 312
588 312 587 312
590 312 590 312
593 312 593 312
596 312 596 312
599 312 599 312
602 312 601 311
604 312 604 312
607 312 607 312
610 312 610 312
613 312 613 313
616 312 616 313
619 312 618 313
621 312 621 313
624 312 624 312
627 312 627 312
630 312 630 313
633 312 633 313
635 312 635 312
638 312 638 312
641 312 640 312
644 312 643 312
647 312 646 312
568 315 569 315
571 315 571 315
573 315 574 315
576 315 576 315
579 315 579 315
582 315 582 315
585 315 585 315
588 315 588 314
590 315 590 315
593 315 593 315
596 315 596 315
602 315 602 315
604 315 604 315
607 315 607 315
610 315 610 315
613 315 613 315
616 315 616 315
619 315 618 315
621 315 621 315
624 315 624 315
627 315 627 315
630 315 630 315
633 315 633 315
635 315 636 315
638 315 638 315
641 315 641 315
644 315 643 315
647 315 647 315
