42 111 34 85
59 111 51 82
42 129 38 101
59 129 56 98
77 129 71 95
129 129 114 87
163 129 156 82
181 129 172 77
458 129 457 11
476 129 483 23
493 129 502 20
42 146 37 116
59 146 58 113
77 146 76 110
94 146 92 108
129 146 121 102
146 146 142 100
163 146 156 99
441 146 435 51
493 146 503 38
25 163 26 136
42 163 49 133
59 163 66 130
77 163 84 127
94 163 100 125
111 163 118 122
129 163 138 119
146 163 156 116
198 163 197 110
215 163 212 108
424 163 425 72
528 163 549 56
545 163 579 47
562 163 599 40
580 163 616 21
597 163 654 25
458 181 459 86
476 181 484 40
528 181 548 76
545 181 569 73
580 181 636 59
597 181 655 50
458 198 467 64
476 198 487 60
493 198 507 57
528 198 554 102
545 198 574 102
562 198 593 96
580 198 608 92
614 198 661 67
389 215 385 119
406 215 416 110
424 215 434 107
458 215 470 87
476 215 490 82
493 215 510 77
545 215 578 121
562 215 595 112
580 215 611 109
597 215 630 100
614 215 656 96
632 215 673 99
371 233 372 137
389 233 397 128
406 233 418 126
424 233 437 124
476 233 494 108
493 233 512 111
562 233 599 133
580 233 617 129
597 233 634 124
614 233 652 124
337 250 341 155
354 250 363 151
371 250 381 148
389 250 399 145
406 250 420 142
424 250 439 140
441 250 458 138
493 250 517 129
510 250 537 128
562 250 599 154
580 250 618 150
597 250 636 145
614 250 656 144
302 267 310 179
319 267 328 173
371 267 384 164
389 267 402 162
406 267 421 160
424 267 442 157
441 267 461 155
458 267 481 152
476 267 500 150
493 267 520 147
510 267 541 145
528 267 560 143
545 267 581 140
562 267 601 170
580 267 620 167
597 267 637 164
614 267 657 164
285 285 299 204
302 285 314 199
406 285 423 176
424 285 444 174
441 285 462 171
458 285 483 170
476 285 501 166
493 285 522 163
510 285 543 162
528 285 563 161
545 285 582 159
562 285 603 191
580 285 621 187
597 285 638 182
614 285 657 182
267 302 284 229
285 302 302 222
319 302 333 213
337 302 349 206
354 302 367 202
371 302 387 197
424 302 445 191
441 302 464 188
458 302 484 186
476 302 504 184
493 302 526 181
510 302 545 178
528 302 566 177
545 302 585 180
597 302 641 202
233 319 256 250
250 319 273 248
267 319 288 246
285 319 308 244
354 319 370 220
371 319 390 216
389 319 408 213
406 319 429 211
424 319 448 209
441 319 467 206
458 319 488 203
476 319 507 200
493 319 527 197
510 319 548 196
545 319 586 207
562 319 606 205
580 319 626 204
215 337 262 285
233 337 256 268
250 337 275 265
267 337 294 265
285 337 314 263
319 337 341 250
354 337 375 241
371 337 392 236
424 337 449 228
441 337 469 224
458 337 490 221
476 337 510 218
493 337 529 216
510 337 551 215
597 337 648 220
267 354 299 287
285 354 319 282
319 354 345 270
337 354 363 265
371 354 397 256
389 354 418 253
406 354 436 250
441 354 473 243
458 354 492 239
476 354 512 237
493 354 531 234
510 354 551 233
528 354 574 239
545 354 592 236
562 354 611 233
580 354 633 231
267 371 304 306
285 371 323 303
319 371 348 289
354 371 382 278
371 371 402 276
389 371 422 274
406 371 439 270
424 371 457 265
441 371 476 262
458 371 494 258
476 371 516 255
493 371 534 252
510 371 554 253
528 371 574 255
545 371 593 254
562 371 614 251
267 389 308 321
285 389 326 321
302 389 341 316
319 389 356 311
354 389 385 298
371 389 407 296
389 389 425 293
406 389 444 289
424 389 462 286
441 389 480 283
458 389 497 279
476 389 516 275
528 389 577 276
545 389 597 273
562 389 617 270
250 406 290 344
267 406 308 339
285 406 328 339
302 406 346 335
319 406 361 331
337 406 376 324
354 406 393 320
371 406 411 316
389 406 429 313
406 406 448 311
424 406 467 307
441 406 483 302
458 406 500 298
476 406 520 294
493 406 540 290
510 406 563 297
528 406 582 297
545 406 600 293
233 424 278 361
302 424 351 354
319 424 366 348
337 424 381 343
354 424 397 339
371 424 415 337
389 424 432 334
406 424 450 329
424 424 468 327
441 424 486 322
458 424 505 318
476 424 525 315
493 424 544 312
528 424 584 315
545 424 603 306
562 424 623 303
580 424 639 308
215 441 264 378
267 441 332 388
319 441 371 363
337 441 384 361
354 441 401 358
371 441 419 355
389 441 437 352
406 441 453 350
424 441 470 347
441 441 490 342
458 441 510 337
476 441 527 334
493 441 546 330
528 441 586 331
562 441 624 325
580 441 642 324
597 441 664 326
198 458 265 439
215 458 289 436
302 458 363 441
319 458 380 438
337 458 388 378
354 458 404 376
371 458 423 373
389 458 441 371
406 458 457 368
424 458 474 365
441 458 493 362
458 458 514 357
476 458 531 353
493 458 547 347
545 458 604 362
562 458 625 343
597 458 668 345
198 476 290 469
215 476 310 468
233 476 351 477
319 476 385 474
371 476 426 390
389 476 443 388
406 476 461 385
424 476 479 384
441 476 499 379
458 476 517 374
476 476 533 368
510 476 572 370
580 476 647 360
597 476 668 369
614 476 686 374
