25 111 25 115
42 111 42 115
59 111 60 115
25 129 24 131
42 129 43 132
59 129 61 132
77 129 77 132
94 129 94 132
111 129 111 132
129 129 129 132
163 129 164 132
458 129 458 132
476 129 476 133
528 129 527 133
25 146 26 149
42 146 42 149
59 146 61 149
77 146 78 149
94 146 94 150
111 146 109 150
129 146 129 149
146 146 147 150
163 146 164 150
441 146 441 150
458 146 458 150
493 146 492 151
528 146 526 150
545 146 544 150
562 146 560 150
580 146 578 150
42 163 42 167
59 163 61 167
77 163 79 167
94 163 94 167
111 163 111 167
129 163 127 167
146 163 145 167
163 163 163 167
181 163 182 167
198 163 199 167
215 163 214 167
424 163 423 167
441 163 441 167
458 163 458 167
476 163 475 167
493 163 492 168
528 163 526 167
545 163 542 167
562 163 559 167
580 163 577 166
597 163 595 167
424 181 424 183
441 181 440 184
458 181 458 185
476 181 475 185
493 181 492 185
528 181 526 184
545 181 544 184
562 181 562 184
580 181 577 185
597 181 595 185
614 181 613 184
406 198 406 202
458 198 457 203
476 198 475 203
493 198 492 202
528 198 527 200
545 198 542 201
562 198 560 199
580 198 577 200
597 198 595 199
614 198 611 198
389 215 389 219
406 215 406 219
424 215 423 219
458 215 458 220
476 215 475 220
493 215 492 219
510 215 509 218
528 215 525 217
545 215 543 218
562 215 563 217
580 215 578 218
597 215 596 217
614 215 614 215
632 215 630 218
354 233 355 236
371 233 371 236
389 233 388 237
406 233 406 237
424 233 423 237
476 233 475 237
493 233 492 237
510 233 509 236
528 233 525 235
545 233 544 235
562 233 562 235
580 233 578 236
597 233 595 234
614 233 614 234
319 250 319 254
337 250 336 254
354 250 354 254
371 250 371 254
389 250 388 254
406 250 406 254
424 250 423 254
441 250 440 254
458 250 457 254
476 250 475 254
493 250 492 254
510 250 510 254
545 250 544 253
562 250 562 252
580 250 579 253
597 250 597 253
614 250 614 251
302 267 302 271
319 267 319 271
337 267 336 272
354 267 354 272
371 267 371 272
389 267 388 271
406 267 405 272
424 267 423 271
441 267 440 272
458 267 458 272
476 267 475 272
493 267 492 272
510 267 509 272
528 267 527 272
545 267 544 271
562 267 561 270
580 267 579 270
597 267 596 269
614 267 613 270
285 285 285 289
302 285 302 289
319 285 319 288
337 285 336 288
354 285 354 289
371 285 371 289
389 285 389 289
406 285 406 289
424 285 423 289
441 285 440 289
458 285 457 289
476 285 475 289
493 285 491 289
510 285 509 289
528 285 527 289
545 285 544 288
562 285 561 287
580 285 578 287
597 285 596 285
614 285 613 286
233 302 233 305
250 302 249 306
267 302 267 305
285 302 286 306
302 302 302 306
319 302 319 306
337 302 336 307
354 302 354 306
371 302 371 306
389 302 388 306
406 302 406 306
424 302 423 307
441 302 440 307
458 302 457 306
476 302 475 306
493 302 492 306
510 302 509 307
528 302 527 306
545 302 544 305
562 302 561 305
580 302 579 305
597 302 597 303
215 319 216 322
233 319 234 323
250 319 251 322
267 319 267 322
285 319 285 323
319 319 319 324
337 319 337 324
354 319 354 323
371 319 371 323
389 319 388 324
406 319 406 324
424 319 423 324
441 319 440 324
458 319 458 324
476 319 474 324
493 319 492 324
510 319 509 323
545 319 544 322
562 319 561 322
580 319 579 322
597 319 597 321
215 337 214 339
233 337 231 340
250 337 251 340
267 337 267 339
302 337 302 340
319 337 319 341
337 337 336 341
354 337 354 341
371 337 371 341
389 337 390 342
406 337 405 341
424 337 423 341
441 337 440 341
458 337 458 341
476 337 475 341
493 337 492 341
510 337 509 341
545 337 544 340
562 337 559 340
580 337 579 340
597 337 596 339
215 354 215 356
233 354 232 358
267 354 267 357
285 354 285 356
302 354 301 357
319 354 319 358
337 354 337 359
354 354 353 358
371 354 372 358
389 354 388 359
406 354 406 359
424 354 423 358
441 354 440 358
458 354 457 358
476 354 474 359
493 354 491 359
510 354 509 358
528 354 526 358
545 354 543 358
562 354 561 358
580 354 578 357
250 371 250 373
267 371 268 375
285 371 284 374
302 371 301 375
319 371 319 375
337 371 336 376
354 371 354 376
371 371 370 375
389 371 388 376
406 371 405 375
424 371 423 376
441 371 440 376
458 371 458 376
476 371 474 376
493 371 492 375
510 371 508 375
528 371 526 376
545 371 542 374
562 371 560 375
250 389 250 391
267 389 269 392
285 389 286 393
302 389 302 391
319 389 319 392
337 389 336 392
354 389 353 392
371 389 371 393
389 389 387 392
406 389 405 392
424 389 423 393
441 389 441 393
458 389 457 394
476 389 474 394
528 389 526 393
545 389 543 392
562 389 560 392
233 406 232 409
250 406 249 409
267 406 270 409
285 406 287 410
302 406 302 409
319 406 319 409
337 406 336 409
354 406 354 410
371 406 371 410
389 406 388 410
406 406 405 410
424 406 424 411
441 406 440 411
458 406 457 410
476 406 474 410
493 406 492 410
510 406 509 409
528 406 526 410
545 406 543 409
215 424 215 426
233 424 231 426
250 424 250 424
267 424 270 423
285 424 285 425
302 424 302 428
319 424 319 426
337 424 337 426
354 424 353 427
371 424 371 427
389 424 388 427
406 424 406 426
424 424 423 427
441 424 440 427
458 424 457 428
476 424 475 428
493 424 492 428
528 424 526 426
545 424 544 426
562 424 561 426
580 424 579 427
215 441 215 442
233 441 237 439
250 441 250 434
267 441 271 436
285 441 285 436
302 441 303 440
319 441 321 444
337 441 336 444
354 441 353 444
371 441 370 443
389 441 388 444
406 441 405 445
424 441 422 445
441 441 440 445
458 441 457 445
476 441 474 445
493 441 492 445
528 441 526 443
545 441 544 443
562 441 561 443
580 441 578 444
597 441 596 444
198 458 198 460
215 458 215 458
233 458 236 455
267 458 271 451
285 458 288 452
302 458 304 455
319 458 322 461
337 458 336 461
354 458 353 461
371 458 371 461
389 458 388 461
406 458 406 461
424 458 422 462
441 458 440 462
458 458 457 461
476 458 475 463
493 458 492 462
528 458 526 460
562 458 561 460
580 458 577 462
597 458 595 461
198 476 198 477
215 476 213 476
233 476 235 475
250 476 267 476
285 476 287 476
319 476 321 474
337 476 334 476
354 476 351 477
371 476 369 477
389 476 386 477
406 476 404 477
424 476 423 477
476 476 476 477
510 476 510 478
528 476 527 477
545 476 544 476
562 476 561 476
580 476 577 477
597 476 594 476
614 476 612 477
