458 42 493 84
441 59 476 99
458 59 491 98
406 77 444 136
371 111 413 156
389 111 428 155
406 111 443 156
424 111 459 156
441 111 474 156
493 111 517 160
510 111 533 160
528 111 549 160
424 129 459 167
441 129 473 168
476 129 502 170
493 129 518 169
510 129 535 171
528 129 549 170
545 129 564 172
302 146 355 172
319 146 368 173
337 146 385 173
371 146 413 174
389 146 428 175
406 146 443 175
319 163 368 182
354 163 396 183
371 163 412 185
389 163 428 186
406 163 443 187
424 163 460 188
441 163 475 188
458 163 491 190
476 163 505 190
510 163 536 188
528 163 552 191
285 181 334 208
302 181 350 200
319 198 361 219
337 198 377 208
354 198 397 206
371 198 413 206
389 198 429 206
406 198 446 207
424 198 460 207
441 198 475 208
458 198 491 209
476 198 507 210
510 198 538 213
319 215 360 238
337 215 374 227
354 215 393 225
371 215 412 221
389 215 428 221
406 215 445 221
424 215 460 220
441 215 476 221
458 215 492 221
476 215 508 222
493 215 523 224
528 215 552 232
580 215 601 252
597 215 617 251
337 233 374 245
354 233 390 239
371 233 410 240
389 233 426 241
406 233 444 239
424 233 459 236
441 233 477 236
458 233 493 236
493 233 523 237
528 233 555 245
562 233 584 265
580 233 601 266
597 233 620 266
285 250 315 304
354 250 392 261
371 250 408 262
389 250 424 263
406 250 440 261
424 250 459 261
441 250 475 255
458 250 492 258
476 250 507 248
510 250 542 257
562 250 583 284
580 250 602 286
285 267 311 325
319 267 347 324
354 267 390 279
371 267 406 281
389 267 422 281
406 267 438 284
441 267 472 280
458 267 492 280
476 267 507 275
493 267 526 274
302 285 326 341
319 285 345 343
441 285 471 310
458 285 489 300
476 285 506 299
562 285 593 332
632 285 664 331
424 302 452 346
476 302 508 319
510 302 546 311
354 319 380 377
424 319 450 369
441 319 467 366
458 319 486 361
510 319 542 329
545 319 577 382
580 319 611 358
371 337 398 395
389 337 414 394
406 337 429 397
424 337 447 397
441 337 467 396
545 337 575 401
389 354 414 409
406 354 429 414
424 354 452 415
441 354 467 415
458 354 484 417
476 354 502 419
493 354 522 420
545 354 578 417
562 354 594 420
389 371 417 429
406 371 431 430
441 371 468 434
458 371 486 435
476 371 502 437
493 371 521 437
510 371 544 438
562 371 597 438
458 389 484 451
476 389 503 454
493 389 523 456
510 389 540 456
545 389 582 455
562 389 599 457
614 406 662 437
