328 149 327 150
338 149 337 149
343 149 342 149
354 149 353 149
359 149 359 149
328 154 327 154
333 154 331 154
338 154 336 154
343 154 342 154
349 154 347 154
354 154 353 153
359 154 358 153
369 154 368 154
375 154 374 154
380 154 379 154
317 160 314 161
323 160 321 160
328 160 326 160
333 160 331 160
338 160 336 160
343 160 341 160
354 160 350 160
359 160 357 160
364 160 362 160
369 160 367 160
375 160 372 160
390 160 390 159
297 165 294 166
302 165 300 166
317 165 312 166
323 165 317 166
328 165 326 164
338 165 334 166
343 165 339 166
349 165 344 165
354 165 349 165
364 165 360 166
369 165 365 165
375 165 370 165
380 165 376 164
385 165 383 164
395 165 395 164
291 170 289 171
297 170 294 171
328 170 321 172
333 170 327 171
338 170 333 171
343 170 338 171
349 170 344 171
354 170 349 171
359 170 354 171
364 170 359 171
369 170 364 170
375 170 370 170
380 170 376 169
385 170 382 170
390 170 388 169
395 170 394 169
271 175 270 176
276 175 275 177
286 175 285 176
291 175 289 176
297 175 294 176
302 175 300 176
312 175 307 177
317 175 311 177
323 175 316 177
328 175 321 176
333 175 327 176
338 175 332 176
343 175 338 176
349 175 343 176
354 175 348 176
359 175 354 176
380 175 375 175
385 175 381 175
390 175 387 175
395 175 394 174
271 180 269 182
276 180 274 181
281 180 279 181
286 180 285 181
291 180 290 181
297 180 295 181
307 180 302 182
312 180 306 182
317 180 311 182
323 180 316 182
328 180 321 182
333 180 327 182
338 180 332 182
343 180 338 181
349 180 343 181
354 180 348 182
359 180 354 181
369 180 364 181
375 180 369 181
385 180 381 180
395 180 393 180
401 180 399 179
406 180 405 179
271 186 269 187
276 186 274 186
286 186 285 186
291 186 290 185
302 186 297 187
307 186 301 187
312 186 306 187
317 186 311 187
328 186 321 187
333 186 326 187
338 186 331 187
343 186 338 186
349 186 344 186
354 186 348 187
364 186 359 186
385 186 381 186
390 186 388 185
395 186 393 185
401 186 399 185
406 186 405 184
411 186 410 184
271 191 269 192
276 191 274 192
281 191 279 192
286 191 285 192
291 191 291 190
307 191 301 193
312 191 305 193
328 191 321 192
333 191 326 192
338 191 332 192
343 191 338 191
349 191 344 191
359 191 354 191
364 191 359 191
385 191 381 191
390 191 386 191
401 191 398 191
406 191 405 190
271 196 268 197
276 196 273 197
281 196 278 197
291 196 285 198
297 196 291 197
307 196 300 198
312 196 305 198
317 196 310 198
323 196 315 199
328 196 322 197
333 196 327 197
343 196 338 197
359 196 354 196
364 196 360 196
369 196 365 196
375 196 371 197
385 196 381 196
390 196 386 196
401 196 399 196
406 196 405 196
411 196 411 195
265 201 263 203
271 201 268 203
276 201 273 202
281 201 278 203
286 201 285 202
297 201 291 203
307 201 300 203
317 201 310 203
328 201 323 205
343 201 338 203
349 201 343 202
354 201 349 202
359 201 354 202
364 201 360 201
369 201 365 202
375 201 370 201
380 201 376 201
385 201 381 202
390 201 386 201
401 201 399 201
406 201 405 201
276 206 273 207
281 206 279 208
286 206 285 207
297 206 292 208
302 206 296 208
307 206 301 207
312 206 306 207
323 206 316 211
333 206 327 208
343 206 338 208
349 206 344 208
359 206 354 207
364 206 359 208
375 206 370 206
380 206 376 206
385 206 381 207
390 206 386 206
395 206 392 207
401 206 399 206
406 206 405 206
411 206 412 206
265 212 264 213
271 212 269 213
281 212 279 213
286 212 285 212
291 212 290 212
302 212 298 212
354 212 349 213
359 212 354 212
364 212 359 212
369 212 365 212
375 212 370 212
380 212 376 212
385 212 381 212
390 212 386 212
395 212 392 212
401 212 400 211
406 212 405 212
265 217 266 217
271 217 269 217
276 217 275 217
291 217 290 217
297 217 295 217
302 217 301 217
307 217 305 216
317 217 313 218
323 217 318 219
328 217 322 218
333 217 328 218
354 217 349 218
359 217 354 217
375 217 371 217
380 217 376 217
385 217 381 216
401 217 401 218
406 217 405 217
276 222 275 223
281 222 280 222
291 222 290 223
297 222 295 223
302 222 300 223
317 222 313 223
323 222 317 224
328 222 323 223
338 222 333 224
343 222 338 223
354 222 348 223
359 222 354 223
364 222 360 222
369 222 365 223
375 222 371 222
390 222 386 222
395 222 395 222
401 222 401 223
406 222 406 223
276 227 274 228
286 227 285 228
291 227 289 228
297 227 295 229
312 227 307 229
317 227 313 229
323 227 317 229
328 227 323 228
333 227 327 229
338 227 333 228
343 227 338 228
349 227 343 228
354 227 348 228
359 227 354 227
364 227 360 227
369 227 365 227
380 227 376 227
385 227 384 227
390 227 388 228
395 227 394 228
401 227 400 228
406 227 407 227
281 232 281 233
286 232 285 233
291 232 289 233
302 232 297 234
307 232 302 234
317 232 313 234
323 232 317 234
328 232 322 234
333 232 327 234
338 232 332 234
343 232 338 234
354 232 349 233
359 232 354 232
364 232 360 233
369 232 365 233
380 232 377 233
395 232 394 233
401 232 400 233
411 232 413 232
281 238 280 236
286 238 285 238
297 238 293 238
302 238 297 238
307 238 302 239
312 238 308 239
317 238 313 239
328 238 322 239
333 238 327 239
338 238 334 239
343 238 338 239
349 238 343 238
354 238 349 238
359 238 354 238
364 238 360 238
369 238 366 238
380 238 377 238
385 238 383 238
390 238 388 238
286 243 285 242
291 243 290 243
302 243 298 243
307 243 303 243
312 243 308 244
317 243 313 245
323 243 318 244
328 243 323 244
333 243 328 244
338 243 333 244
343 243 338 244
349 243 343 244
354 243 350 244
359 243 354 244
364 243 360 244
375 243 371 243
385 243 383 243
390 243 388 243
281 248 280 247
286 248 286 248
291 248 290 248
297 248 295 248
307 248 303 248
312 248 308 249
317 248 313 250
323 248 318 249
328 248 323 249
333 248 329 249
338 248 333 249
343 248 339 249
349 248 343 249
354 248 349 249
359 248 354 249
369 248 365 249
375 248 371 249
380 248 378 249
390 248 389 248
411 248 412 246
281 253 280 254
286 253 285 253
291 253 290 253
297 253 295 253
307 253 303 254
312 253 308 254
317 253 312 254
323 253 317 254
328 253 322 254
333 253 328 255
338 253 333 254
343 253 339 254
364 253 360 254
369 253 366 255
375 253 370 254
385 253 382 254
395 253 394 254
286 258 285 259
291 258 291 258
297 258 295 259
307 258 303 260
312 258 308 260
317 258 312 259
323 258 317 259
328 258 322 259
333 258 327 259
338 258 333 260
349 258 343 260
354 258 348 260
359 258 353 260
364 258 359 260
369 258 366 260
375 258 371 260
380 258 378 259
385 258 383 259
395 258 395 259
411 258 410 257
307 264 303 265
312 264 307 265
317 264 313 265
323 264 318 265
328 264 323 265
333 264 328 265
338 264 333 265
343 264 338 265
349 264 344 265
354 264 348 265
359 264 353 265
364 264 360 265
369 264 366 264
375 264 371 264
380 264 377 264
385 264 383 264
390 264 391 263
307 269 302 270
312 269 307 270
317 269 313 270
323 269 318 269
328 269 323 270
333 269 328 270
343 269 339 270
349 269 345 270
354 269 349 270
359 269 355 270
364 269 359 270
369 269 365 269
375 269 371 270
380 269 377 270
385 269 383 270
395 269 397 268
307 274 303 275
312 274 308 275
317 274 313 275
323 274 318 275
328 274 323 275
333 274 328 275
338 274 333 275
343 274 339 276
354 274 350 275
359 274 354 275
364 274 360 275
369 274 366 275
375 274 371 275
380 274 377 275
385 274 384 275
395 274 397 275
411 274 411 273
416 274 416 273
307 279 304 280
312 279 308 280
317 279 312 280
323 279 318 281
328 279 322 280
333 279 328 280
338 279 333 280
349 279 344 280
354 279 349 280
359 279 354 280
364 279 359 280
369 279 366 280
375 279 371 280
380 279 378 280
302 284 299 285
312 284 308 285
317 284 313 285
323 284 318 285
328 284 323 286
333 284 328 285
338 284 332 284
343 284 338 284
349 284 344 285
354 284 349 285
364 284 360 285
369 284 366 285
375 284 373 285
380 284 379 284
390 284 390 284
395 284 395 285
416 284 417 285
312 290 308 290
317 290 313 290
323 290 317 290
328 290 323 290
333 290 328 290
338 290 332 290
343 290 338 290
359 290 355 290
364 290 363 289
369 290 369 289
375 290 374 289
385 290 385 290
390 290 390 289
395 290 396 289
401 290 402 291
406 290 408 290
302 295 301 295
312 295 309 295
317 295 313 295
323 295 318 295
328 295 323 296
338 295 334 296
354 295 349 295
364 295 363 297
369 295 369 295
380 295 379 294
385 295 386 295
390 295 391 295
395 295 396 294
401 295 400 294
406 295 406 295
411 295 412 294
416 295 417 294
297 300 297 300
307 300 306 301
317 300 314 301
323 300 318 300
328 300 324 300
333 300 328 301
338 300 333 301
349 300 344 300
354 300 350 300
359 300 356 301
364 300 363 301
369 300 370 300
375 300 374 300
380 300 380 299
385 300 385 300
390 300 390 300
395 300 396 300
401 300 401 299
406 300 406 300
411 300 411 300
416 300 416 300
302 305 301 305
307 305 306 305
317 305 314 306
323 305 319 306
328 305 324 306
333 305 328 306
338 305 334 306
343 305 339 306
349 305 348 306
359 305 355 307
364 305 360 306
369 305 369 305
375 305 374 305
380 305 380 305
385 305 385 305
390 305 390 305
395 305 396 306
401 305 401 305
406 305 406 305
411 305 411 305
307 310 305 309
323 310 319 311
328 310 323 311
333 310 329 310
338 310 334 311
343 310 339 311
349 310 343 311
359 310 354 314
369 310 369 310
375 310 375 310
385 310 385 309
390 310 390 310
395 310 396 311
401 310 401 311
406 310 406 310
416 310 417 310
432 310 432 310
442 310 443 310
307 316 306 315
312 316 312 316
349 316 343 316
354 316 349 317
359 316 354 320
369 316 369 316
375 316 374 316
380 316 380 315
385 316 385 315
390 316 390 315
395 316 395 316
401 316 401 316
406 316 406 315
411 316 411 316
416 316 416 315
421 316 422 316
427 316 427 315
442 316 444 316
317 321 318 321
323 321 322 321
328 321 328 321
338 321 338 321
349 321 345 322
354 321 349 322
359 321 354 325
369 321 369 321
375 321 374 320
380 321 380 320
385 321 385 320
390 321 390 321
395 321 396 320
401 321 401 321
406 321 406 321
411 321 411 321
416 321 416 320
427 321 427 321
442 321 442 321
307 326 308 327
312 326 313 326
317 326 318 326
323 326 323 326
328 326 328 326
338 326 338 326
343 326 343 326
354 326 350 328
364 326 364 326
375 326 374 326
380 326 380 326
385 326 385 326
390 326 390 326
395 326 395 326
401 326 401 326
406 326 406 326
411 326 411 326
416 326 415 325
427 326 426 326
307 331 308 331
312 331 313 331
317 331 318 331
328 331 328 331
333 331 333 331
343 331 344 332
349 331 348 333
354 331 353 332
369 331 369 331
375 331 374 331
380 331 380 331
390 331 390 332
395 331 395 331
401 331 400 331
406 331 406 331
411 331 411 331
416 331 416 331
421 331 421 331
427 331 426 331
432 331 432 331
302 336 303 336
307 336 307 336
312 336 313 337
317 336 317 337
323 336 323 336
328 336 328 336
333 336 333 337
338 336 339 336
359 336 358 337
364 336 363 338
369 336 369 337
375 336 375 336
380 336 380 336
385 336 385 336
390 336 390 336
395 336 395 336
401 336 400 336
406 336 406 336
411 336 411 337
416 336 416 337
421 336 421 336
432 336 431 336
437 336 437 336
