323 149 312 154
328 149 326 149
333 149 331 149
343 149 338 149
349 149 348 148
354 149 353 148
359 149 359 148
323 154 321 155
333 154 327 155
338 154 333 155
343 154 340 154
349 154 347 154
354 154 353 153
359 154 359 153
364 154 364 153
369 154 369 153
375 154 373 153
312 160 303 163
323 160 313 164
328 160 316 165
333 160 326 161
338 160 331 161
343 160 338 160
349 160 343 160
359 160 348 160
364 160 355 160
369 160 363 160
375 160 368 159
380 160 373 159
385 160 385 158
312 165 301 169
328 165 318 169
333 165 323 169
338 165 328 169
343 165 333 168
349 165 337 168
354 165 341 166
359 165 346 167
364 165 353 166
369 165 358 166
375 165 364 166
380 165 371 165
385 165 379 164
390 165 386 162
302 170 297 171
312 170 299 174
323 170 307 175
328 170 312 175
333 170 318 174
338 170 324 173
354 170 342 171
359 170 348 171
364 170 352 172
369 170 357 171
375 170 363 170
380 170 370 170
385 170 379 170
390 170 384 168
395 170 401 174
297 175 291 177
317 175 303 179
323 175 307 179
328 175 312 179
333 175 317 179
338 175 323 178
343 175 328 177
349 175 334 177
354 175 339 177
359 175 344 177
364 175 350 177
369 175 357 176
375 175 363 175
380 175 368 175
385 175 375 175
390 175 383 175
395 175 390 175
291 180 287 181
297 180 296 180
317 180 302 185
323 180 307 184
328 180 311 185
333 180 317 185
338 180 322 184
343 180 327 184
349 180 333 184
354 180 338 184
359 180 343 184
364 180 348 184
369 180 354 182
375 180 362 181
380 180 368 181
385 180 375 180
390 180 381 180
395 180 389 180
401 180 395 180
286 186 282 187
291 186 290 186
297 186 296 186
317 186 301 190
323 186 306 190
328 186 311 189
333 186 316 190
338 186 320 190
343 186 326 189
349 186 333 189
354 186 338 189
359 186 344 189
369 186 358 185
375 186 363 186
380 186 369 185
385 186 374 187
390 186 380 186
395 186 386 186
401 186 394 185
281 191 276 192
286 191 280 192
291 191 286 191
323 191 305 195
328 191 310 194
333 191 315 194
364 191 352 192
369 191 358 191
375 191 363 192
380 191 368 191
385 191 374 192
390 191 380 192
395 191 388 190
401 191 394 191
406 191 402 189
281 196 276 197
286 196 281 197
291 196 286 196
328 196 317 200
333 196 322 201
349 196 338 196
354 196 342 198
359 196 345 200
364 196 352 197
369 196 358 197
375 196 363 198
380 196 367 198
385 196 374 198
390 196 380 197
395 196 388 196
401 196 395 197
406 196 401 196
411 196 411 191
276 201 270 203
286 201 286 203
297 201 291 201
328 201 316 207
338 201 323 206
343 201 329 207
349 201 336 205
354 201 342 205
364 201 352 203
369 201 358 203
375 201 363 202
380 201 368 202
385 201 374 203
390 201 380 203
395 201 387 202
401 201 395 201
406 201 401 202
411 201 412 197
276 206 271 208
281 206 276 208
286 206 284 208
328 206 317 212
338 206 327 213
349 206 336 211
354 206 342 210
359 206 348 208
364 206 353 208
369 206 358 208
375 206 363 207
380 206 368 207
385 206 374 207
390 206 380 207
395 206 388 207
401 206 395 207
406 206 406 206
411 206 413 205
276 212 272 213
291 212 286 213
297 212 292 213
328 212 317 217
333 212 322 218
354 212 342 215
359 212 348 215
364 212 354 212
369 212 359 212
375 212 364 213
380 212 369 211
385 212 374 210
390 212 379 209
395 212 389 213
401 212 395 212
406 212 406 212
411 212 415 210
265 217 265 217
271 217 270 218
286 217 284 218
297 217 292 217
307 217 301 217
317 217 307 221
323 217 313 220
333 217 322 222
338 217 328 222
343 217 333 222
349 217 337 221
364 217 353 218
369 217 359 218
375 217 365 217
380 217 370 217
385 217 375 216
390 217 380 216
395 217 391 220
401 217 400 221
406 217 407 216
411 217 416 216
265 222 265 222
271 222 270 223
276 222 274 223
281 222 279 223
286 222 284 223
297 222 291 224
307 222 301 223
317 222 306 226
323 222 312 226
333 222 321 226
338 222 327 227
343 222 333 226
349 222 338 226
354 222 343 225
359 222 348 225
364 222 354 225
369 222 359 223
380 222 371 223
385 222 375 222
395 222 391 225
401 222 397 226
406 222 406 226
411 222 417 221
281 227 280 228
291 227 287 229
297 227 291 229
307 227 300 228
317 227 305 231
323 227 310 231
333 227 319 231
338 227 326 231
349 227 338 231
369 227 359 228
385 227 379 230
390 227 384 229
395 227 390 230
401 227 397 231
411 227 417 226
281 232 281 232
291 232 286 233
307 232 298 234
328 232 314 236
333 232 318 236
338 232 324 236
343 232 333 236
349 232 337 235
369 232 359 234
375 232 365 237
380 232 371 236
385 232 378 235
390 232 384 234
401 232 396 236
406 232 412 232
411 232 416 233
281 238 281 242
286 238 284 238
297 238 290 239
307 238 297 238
312 238 302 239
317 238 306 241
323 238 310 241
333 238 318 241
349 238 338 241
364 238 353 241
369 238 359 240
375 238 365 241
395 238 390 240
401 238 396 241
406 238 411 238
286 243 285 243
297 243 290 244
307 243 298 244
323 243 311 246
328 243 316 246
333 243 321 245
364 243 353 246
375 243 365 246
380 243 373 244
385 243 379 244
390 243 385 245
395 243 390 246
401 243 396 246
406 243 412 242
411 243 416 247
291 248 288 248
297 248 292 248
312 248 302 252
317 248 306 250
333 248 321 251
338 248 326 251
354 248 340 251
359 248 347 250
369 248 359 250
375 248 365 251
380 248 372 251
385 248 379 250
390 248 385 250
401 248 402 253
411 248 412 248
291 253 289 253
307 253 297 257
317 253 306 255
323 253 312 255
328 253 317 256
333 253 322 256
343 253 329 257
349 253 335 257
354 253 341 257
364 253 352 254
369 253 359 257
375 253 365 256
385 253 379 255
390 253 384 255
395 253 391 256
401 253 401 258
416 253 416 252
286 258 283 259
328 258 317 262
333 258 321 262
343 258 329 262
349 258 334 262
354 258 339 261
359 258 347 262
380 258 372 261
385 258 378 261
390 258 384 261
395 258 395 263
401 258 407 259
411 258 410 257
312 264 300 266
317 264 306 266
333 264 321 267
343 264 329 268
349 264 335 267
354 264 343 267
364 264 353 265
369 264 359 264
375 264 365 267
380 264 373 267
385 264 379 266
390 264 384 266
401 264 406 264
406 264 402 263
302 269 290 270
307 269 296 271
312 269 300 270
317 269 306 270
323 269 311 270
333 269 321 273
338 269 327 273
343 269 333 273
349 269 338 273
354 269 343 272
359 269 347 272
364 269 352 272
369 269 359 272
375 269 365 273
380 269 373 273
385 269 380 273
390 269 392 270
395 269 396 269
401 269 401 273
406 269 405 274
411 269 412 269
416 269 417 268
302 274 290 275
307 274 295 276
312 274 301 276
317 274 306 276
323 274 311 276
328 274 316 276
349 274 337 278
354 274 344 278
364 274 353 277
369 274 359 278
375 274 365 278
390 274 391 274
395 274 396 275
401 274 402 279
406 274 405 278
411 274 410 278
416 274 416 274
312 279 302 281
317 279 306 281
343 279 331 280
364 279 353 283
369 279 360 283
375 279 365 283
380 279 374 280
385 279 379 281
390 279 391 279
416 279 417 283
297 284 292 285
302 284 296 285
312 284 301 286
317 284 306 286
323 284 311 286
328 284 315 286
338 284 324 286
343 284 330 286
349 284 337 286
354 284 342 286
359 284 345 289
364 284 353 288
369 284 359 288
375 284 365 288
380 284 375 283
390 284 391 284
395 284 395 284
411 284 412 284
302 290 297 290
307 290 302 290
317 290 307 291
323 290 311 291
328 290 316 291
338 290 324 292
354 290 343 293
364 290 348 294
369 290 360 294
375 290 370 289
380 290 375 289
385 290 385 288
390 290 391 290
395 290 396 289
401 290 401 290
411 290 413 288
307 295 302 295
317 295 307 295
323 295 311 296
328 295 316 296
333 295 321 296
338 295 326 296
349 295 334 295
380 295 379 294
385 295 385 294
390 295 390 294
395 295 396 294
401 295 401 295
406 295 406 294
416 295 417 291
297 300 297 300
312 300 308 301
323 300 312 300
328 300 318 301
333 300 322 301
338 300 327 301
349 300 333 301
359 300 350 304
364 300 355 305
369 300 365 301
375 300 374 300
380 300 379 300
385 300 384 301
390 300 390 301
395 300 396 300
401 300 401 300
406 300 406 300
411 300 411 300
416 300 417 300
312 305 307 305
323 305 313 306
328 305 318 306
333 305 323 306
338 305 328 306
364 305 365 305
369 305 369 305
375 305 374 306
380 305 379 306
385 305 384 306
390 305 390 305
395 305 396 306
401 305 401 305
406 305 406 305
411 305 412 305
416 305 416 305
317 310 313 310
328 310 316 311
333 310 322 311
338 310 329 311
359 310 360 310
364 310 365 311
369 310 370 310
375 310 374 310
380 310 380 310
385 310 385 310
390 310 390 310
395 310 395 311
401 310 401 311
406 310 406 310
411 310 411 310
416 310 416 310
421 310 422 310
432 310 431 310
437 310 436 310
442 310 442 310
317 316 317 317
323 316 323 316
328 316 328 315
338 316 338 315
354 316 354 316
359 316 361 315
364 316 365 315
369 316 369 315
375 316 374 316
380 316 379 315
385 316 384 316
390 316 390 316
395 316 396 316
401 316 401 316
406 316 406 316
411 316 411 316
416 316 416 316
421 316 421 315
427 316 427 316
437 316 437 316
442 316 443 316
317 321 318 321
328 321 328 321
333 321 334 321
338 321 339 321
343 321 343 321
354 321 355 321
359 321 360 320
364 321 364 320
369 321 369 321
375 321 374 321
380 321 379 321
385 321 385 321
390 321 390 321
395 321 396 321
401 321 401 321
406 321 406 321
411 321 411 321
416 321 415 321
421 321 421 321
427 321 426 321
437 321 436 320
442 321 443 321
307 326 309 324
312 326 313 326
323 326 323 327
328 326 329 326
333 326 333 327
338 326 339 327
343 326 343 327
354 326 353 325
359 326 358 326
364 326 363 326
369 326 369 326
375 326 374 325
380 326 379 325
385 326 385 326
390 326 390 326
395 326 395 326
401 326 400 326
406 326 405 326
411 326 410 327
416 326 416 326
421 326 421 326
432 326 431 325
442 326 443 326
302 331 303 331
307 331 308 331
317 331 318 331
323 331 323 332
328 331 328 332
333 331 333 332
343 331 345 332
349 331 349 331
354 331 353 331
359 331 358 331
364 331 363 331
369 331 368 330
375 331 374 331
380 331 379 330
385 331 385 331
390 331 390 332
395 331 395 332
401 331 400 332
406 331 405 332
411 331 411 332
416 331 416 332
421 331 421 331
437 331 437 331
302 336 302 336
307 336 308 336
312 336 313 336
317 336 319 336
323 336 324 336
328 336 329 336
333 336 334 337
338 336 339 336
349 336 350 336
359 336 358 337
364 336 363 336
369 336 368 336
375 336 374 336
380 336 379 336
385 336 384 336
390 336 390 337
395 336 395 337
401 336 400 337
406 336 405 337
411 336 411 337
416 336 416 337
421 336 420 336
432 336 431 336
442 336 442 337
