389 181 383 17
354 198 340 41
371 198 361 39
389 198 382 37
424 198 427 16
354 215 337 62
371 215 362 60
389 215 384 59
424 215 432 44
458 215 479 56
476 215 501 56
319 233 290 85
337 233 315 85
354 233 338 83
371 233 362 83
389 233 385 82
406 233 406 80
458 233 481 79
476 233 504 78
493 233 527 78
302 250 268 111
319 250 291 106
337 250 314 105
354 250 334 104
371 250 361 107
389 250 382 105
406 250 413 105
424 250 434 104
441 250 457 103
458 250 482 101
476 250 506 102
493 250 529 101
545 250 596 109
302 267 270 131
319 267 291 130
337 267 314 128
354 267 339 129
371 267 363 127
389 267 388 127
406 267 410 126
424 267 434 125
441 267 459 125
458 267 482 123
476 267 506 123
562 267 615 135
267 285 237 163
285 285 259 160
302 285 273 158
319 285 293 153
337 285 315 152
354 285 340 150
371 285 363 149
389 285 387 150
406 285 412 148
424 285 435 148
441 285 459 147
458 285 484 146
476 285 507 145
510 285 544 159
528 285 568 156
545 285 597 153
233 302 201 191
250 302 223 188
302 302 279 183
319 302 299 183
337 302 319 175
354 302 339 173
371 302 363 172
389 302 386 170
406 302 412 171
424 302 436 169
441 302 460 170
458 302 484 169
233 319 204 210
250 319 228 209
302 319 283 207
319 319 301 203
337 319 320 201
354 319 339 200
371 319 365 197
389 319 390 195
406 319 414 194
424 319 438 192
441 319 461 194
458 319 486 193
476 319 508 192
493 319 529 197
510 319 553 195
267 337 256 232
302 337 286 228
319 337 304 226
337 337 323 224
354 337 346 223
371 337 368 221
389 337 391 219
406 337 414 219
424 337 438 216
441 337 460 216
458 337 488 215
476 337 508 216
493 337 531 220
510 337 553 217
267 354 257 252
337 354 328 248
354 354 352 247
371 354 373 245
389 354 394 243
406 354 418 242
424 354 440 240
441 354 462 238
493 354 528 242
545 354 589 241
250 371 241 275
319 371 321 272
371 371 379 269
424 371 440 264
458 371 485 259
493 371 527 264
545 371 593 260
250 389 235 296
319 389 321 292
354 389 362 289
371 389 382 290
389 389 403 289
406 389 422 287
424 389 443 286
458 389 486 283
528 389 572 283
545 389 593 281
233 406 226 317
267 406 262 311
371 406 386 309
389 406 404 308
406 406 424 308
458 406 487 305
476 406 510 304
493 406 527 304
528 406 574 303
545 406 592 299
215 424 208 334
233 424 229 335
250 424 249 331
267 424 270 332
285 424 289 329
302 424 304 329
319 424 322 329
337 424 339 329
354 424 362 329
371 424 386 329
389 424 405 327
406 424 426 326
424 424 446 327
441 424 467 326
458 424 485 325
545 424 595 322
250 441 250 351
302 441 304 349
319 441 326 350
354 441 370 350
371 441 387 348
406 441 426 347
424 441 445 347
441 441 464 349
458 441 486 346
476 441 505 343
493 441 530 342
510 441 552 347
528 441 576 346
233 458 234 371
250 458 251 365
337 458 343 369
354 458 364 365
371 458 389 366
406 458 428 363
424 458 447 363
441 458 469 364
458 458 487 364
476 458 512 361
510 458 553 366
528 458 575 366
250 476 252 386
267 476 270 385
