129 77 121 81
42 94 30 97
406 94 397 104
424 94 414 105
493 94 480 105
42 111 38 114
94 111 87 115
111 111 105 115
406 111 397 123
441 111 431 119
528 111 510 120
545 111 529 121
59 129 56 131
77 129 72 131
111 129 108 131
424 129 418 138
562 129 549 140
77 146 75 149
163 146 158 151
441 146 431 158
476 146 464 150
493 146 482 151
510 146 499 151
528 146 516 151
441 163 431 175
476 163 464 167
528 163 517 167
580 163 565 169
424 181 414 191
458 181 448 192
510 181 499 185
354 198 348 203
389 198 378 205
424 198 413 208
476 198 461 204
510 198 498 202
562 198 550 202
580 198 567 202
337 215 330 221
371 215 363 223
389 215 380 222
476 215 463 223
562 215 549 219
580 215 566 219
319 233 313 238
337 233 329 240
354 233 347 241
441 233 430 241
493 233 480 240
528 233 516 236
545 233 533 236
319 250 313 257
337 250 329 257
354 250 347 258
458 250 447 257
476 250 464 257
493 250 480 257
528 250 515 254
545 250 532 254
562 250 549 253
250 267 244 271
285 267 278 274
302 267 296 274
389 267 379 274
424 267 413 274
441 267 430 274
458 267 448 274
476 267 463 274
493 267 481 274
510 267 499 273
528 267 515 272
545 267 532 273
250 285 243 288
267 285 261 290
302 285 294 291
319 285 313 290
354 285 345 292
371 285 362 290
389 285 379 290
406 285 396 291
424 285 414 291
441 285 430 292
458 285 447 292
493 285 481 291
510 285 498 290
528 285 515 289
545 285 531 291
215 302 210 305
233 302 226 304
319 302 309 307
337 302 330 307
389 302 379 308
406 302 397 308
424 302 414 309
441 302 431 308
458 302 446 308
493 302 480 309
510 302 497 307
528 302 514 307
545 302 532 305
198 319 189 321
233 319 226 322
302 319 295 324
319 319 313 327
389 319 378 325
406 319 395 324
424 319 413 326
441 319 430 326
458 319 447 326
493 319 480 324
510 319 497 324
267 337 259 340
302 337 293 341
337 337 329 342
371 337 359 340
389 337 377 341
406 337 396 342
424 337 413 342
441 337 429 342
458 337 447 341
476 337 463 342
493 337 480 341
510 337 496 341
267 354 259 357
285 354 279 358
337 354 328 358
371 354 359 357
389 354 377 357
406 354 395 358
424 354 412 358
441 354 429 359
458 354 445 359
493 354 479 357
510 354 497 357
250 371 244 373
406 371 395 374
424 371 413 375
441 371 430 376
458 371 446 376
493 371 480 375
528 371 513 375
545 371 530 375
233 389 225 391
267 389 263 387
319 389 312 390
337 389 327 391
371 389 362 392
424 389 412 392
458 389 445 393
510 389 497 390
528 389 513 392
545 389 531 392
215 406 207 409
319 406 315 405
354 406 342 408
389 406 378 408
406 406 396 408
458 406 446 409
493 406 480 408
510 406 497 408
528 406 513 409
545 406 530 408
233 424 227 421
354 424 340 425
371 424 358 425
406 424 395 425
424 424 412 425
458 424 446 425
476 424 462 425
510 424 496 426
545 424 530 425
233 441 224 438
267 441 260 436
337 441 332 441
371 441 358 442
389 441 378 442
406 441 394 443
424 441 412 442
458 441 444 442
476 441 462 440
493 441 479 441
510 441 496 442
528 441 513 443
233 458 224 459
250 458 244 459
267 458 262 458
354 458 341 457
371 458 359 459
389 458 378 460
424 458 414 458
476 458 462 458
510 458 496 458
545 458 530 458
250 476 237 474
267 476 260 477
285 476 279 476
302 476 297 475
371 476 359 475
389 476 377 475
406 476 393 476
441 476 425 476
458 476 442 477
476 476 462 475
510 476 495 475
