493 111 625 153
493 129 625 169
510 129 646 172
528 129 662 174
545 129 721 172
562 129 741 173
580 129 759 174
597 129 790 175
632 129 809 171
476 146 608 185
493 146 625 186
510 146 643 186
562 146 743 195
580 146 766 194
597 146 785 196
632 146 806 190
476 163 606 203
493 163 623 203
510 163 643 204
597 163 784 214
632 163 808 216
476 181 606 221
493 181 622 221
510 181 641 222
632 181 808 239
476 198 605 241
493 198 619 239
510 198 640 241
441 215 570 254
458 215 588 254
476 215 605 256
493 215 625 257
510 215 642 258
528 215 662 259
562 215 707 263
580 215 728 265
597 215 786 275
614 215 805 272
632 215 815 272
406 233 530 268
424 233 549 269
441 233 567 270
458 233 584 272
476 233 603 273
493 233 622 274
510 233 640 275
528 233 659 275
562 233 703 280
580 233 725 281
614 233 799 295
632 233 817 294
371 250 494 285
389 250 513 281
406 250 529 283
458 250 580 286
476 250 598 288
510 250 633 290
528 250 654 292
545 250 674 294
562 250 698 297
580 250 726 299
614 250 799 315
371 267 497 297
389 267 511 298
424 267 541 299
441 267 559 300
476 267 594 305
562 267 694 313
580 267 725 320
597 267 750 322
406 285 526 315
424 285 542 316
441 285 558 318
493 285 609 322
510 285 628 324
528 285 649 328
545 285 669 328
562 285 692 331
580 285 722 339
597 285 745 341
371 302 495 331
389 302 510 331
406 302 525 331
424 302 539 333
441 302 557 335
458 302 573 336
476 302 591 338
493 302 609 339
510 302 628 341
528 302 646 347
562 302 691 350
597 302 745 361
614 302 764 362
632 302 788 365
319 319 452 342
337 319 467 343
354 319 480 346
389 319 508 347
406 319 523 348
424 319 539 350
441 319 558 353
458 319 576 355
476 319 592 357
510 319 627 361
528 319 645 364
562 319 687 367
580 319 723 380
597 319 743 381
614 319 767 383
632 319 790 386
302 337 434 358
319 337 448 356
337 337 465 358
354 337 480 359
389 337 505 364
406 337 521 364
424 337 537 367
441 337 557 371
458 337 576 374
476 337 595 376
493 337 611 379
510 337 628 379
528 337 647 382
545 337 665 382
562 337 684 386
580 337 722 403
597 337 744 401
614 337 766 403
632 337 791 407
354 354 481 379
458 354 574 390
493 354 611 397
510 354 627 399
528 354 646 400
545 354 665 404
562 354 682 404
597 354 746 420
614 354 766 422
632 354 792 432
371 371 496 398
406 371 524 404
424 371 540 406
441 371 556 407
458 371 574 410
476 371 591 413
493 371 609 416
510 371 628 418
528 371 646 421
545 371 664 423
562 371 683 424
597 371 745 441
614 371 767 448
632 371 791 452
354 389 476 418
371 389 494 419
406 389 523 421
424 389 539 424
441 389 556 427
458 389 573 429
476 389 592 433
493 389 609 436
510 389 629 438
528 389 646 441
545 389 662 443
562 389 682 445
614 389 769 470
632 389 787 473
354 406 473 431
371 406 492 434
406 406 523 441
424 406 538 441
441 406 555 445
458 406 573 450
476 406 591 451
493 406 609 455
510 406 628 457
528 406 648 463
337 424 458 445
354 424 475 446
371 424 491 452
406 424 519 457
424 424 538 461
441 424 554 463
476 424 590 471
493 424 608 473
424 441 533 474
441 441 552 478
319 458 435 468
337 458 457 466
354 458 472 465
337 476 453 479
