297 154 286 170
328 154 338 154
354 154 353 159
369 154 375 159
291 160 281 180
281 165 276 176
307 165 297 181
354 165 348 169
359 165 353 169
375 165 368 170
276 170 274 181
291 170 286 181
312 170 306 185
317 170 311 181
328 170 331 170
375 170 369 174
276 175 275 185
312 175 306 190
364 180 358 179
369 180 364 180
297 186 323 185
302 186 327 186
359 186 354 185
401 186 389 180
354 191 348 191
359 191 353 190
401 191 395 184
265 196 276 201
333 196 379 196
401 196 394 188
411 196 400 189
281 201 311 197
286 201 317 196
307 201 345 197
333 201 379 201
411 201 400 193
286 206 318 200
302 206 342 201
328 206 375 204
333 206 379 206
390 206 396 206
297 212 322 207
302 212 326 206
317 212 358 205
271 217 280 217
328 217 376 212
338 217 382 212
271 222 275 221
291 222 301 222
297 222 312 218
416 222 401 211
317 227 358 215
323 227 370 216
286 232 323 264
307 232 312 228
328 232 374 221
369 232 391 230
411 232 396 220
297 238 353 227
307 238 360 227
312 238 364 226
323 238 369 231
333 238 379 231
343 238 381 226
302 243 355 232
369 243 390 238
281 248 291 239
286 248 297 243
302 248 355 236
323 248 373 238
338 248 381 238
343 248 385 242
302 253 354 243
328 253 375 243
297 258 348 248
302 258 354 248
307 258 359 248
312 258 365 248
369 258 391 253
286 264 329 259
297 264 345 253
302 264 354 252
307 264 359 253
286 269 329 263
291 269 333 263
302 269 355 258
307 269 364 259
375 269 392 258
390 269 390 268
281 274 327 268
286 274 332 268
297 274 350 264
302 274 355 263
390 274 391 275
291 279 338 273
307 279 364 270
390 279 391 279
406 279 406 280
297 284 350 275
302 284 355 278
338 284 376 273
385 284 386 284
390 284 391 284
395 284 397 285
401 284 401 283
406 284 406 284
307 290 363 282
323 290 371 284
385 290 386 289
395 290 395 290
401 290 401 290
312 295 365 289
317 295 370 290
385 295 386 294
390 295 391 295
395 295 396 295
401 295 401 295
406 295 407 294
291 300 302 285
302 300 355 296
364 300 375 300
380 300 381 299
385 300 386 298
390 300 391 299
395 300 396 300
401 300 400 300
406 300 406 300
375 305 376 305
380 305 381 304
385 305 386 304
390 305 391 305
395 305 396 304
401 305 401 305
406 305 406 305
411 305 411 306
354 310 365 311
380 310 381 309
385 310 386 309
390 310 391 309
395 310 395 309
401 310 401 309
406 310 405 309
411 310 411 310
416 310 417 311
437 310 439 310
442 310 443 310
349 316 354 316
369 316 371 313
375 316 377 314
380 316 381 313
385 316 386 314
390 316 391 314
395 316 396 314
401 316 401 314
406 316 406 314
411 316 412 315
416 316 418 316
421 316 423 316
437 316 440 316
442 316 443 315
307 321 306 322
317 321 318 317
343 321 348 320
364 321 365 320
375 321 376 320
385 321 386 319
390 321 391 319
395 321 396 319
401 321 401 319
406 321 407 319
411 321 411 319
416 321 417 320
432 321 432 320
437 321 438 320
442 321 443 320
302 326 302 327
323 326 323 323
333 326 329 326
359 326 360 325
369 326 372 323
375 326 376 324
380 326 381 324
385 326 386 325
390 326 391 324
395 326 396 324
401 326 401 324
406 326 407 324
411 326 412 324
421 326 422 325
427 326 428 325
442 326 443 325
312 331 313 327
317 331 318 327
323 331 323 328
328 331 323 332
333 331 329 332
354 331 355 330
359 331 361 329
364 331 366 330
380 331 381 330
385 331 386 330
390 331 391 329
395 331 396 329
401 331 401 329
406 331 407 329
411 331 412 329
421 331 422 329
427 331 428 329
432 331 432 329
442 331 443 330
328 336 324 337
333 336 329 338
338 336 333 337
343 336 338 335
349 336 349 337
354 336 356 335
359 336 361 335
369 336 371 335
375 336 376 335
380 336 381 334
385 336 386 334
390 336 391 334
395 336 396 334
416 336 417 334
421 336 422 335
427 336 429 335
432 336 433 335
437 336 438 335
442 336 443 335
