633 261 633 278
635 264 641 284
635 267 642 288
638 267 644 288
630 270 626 286
633 270 630 286
635 270 639 290
582 273 594 280
630 273 626 289
616 275 620 291
641 275 635 290
602 278 605 292
647 281 647 293
624 284 620 298
627 284 623 298
647 284 647 297
542 287 551 286
613 287 613 300
627 287 623 301
630 287 625 301
633 287 628 301
644 287 644 300
647 287 646 301
644 290 644 304
579 292 583 297
582 292 587 295
585 292 589 297
588 292 592 298
635 292 630 306
641 292 640 305
644 292 643 306
545 295 553 290
585 295 588 300
588 295 591 300
590 295 594 301
593 295 597 302
633 295 628 307
638 295 634 308
641 295 639 308
545 298 551 293
565 298 569 299
568 298 571 299
571 298 574 299
579 298 581 302
582 298 585 301
599 298 601 305
602 298 604 305
604 298 606 306
565 301 568 301
568 301 571 302
571 301 573 303
579 301 582 303
582 301 585 303
588 301 589 304
590 301 591 305
627 301 621 310
630 301 624 310
644 301 640 312
565 304 568 304
568 304 570 305
571 304 573 305
576 304 577 306
579 304 580 306
582 304 583 306
585 304 586 306
588 304 589 307
590 304 591 307
593 304 593 308
635 304 630 314
641 304 636 315
556 306 556 306
559 306 560 306
562 306 565 305
565 306 567 308
568 306 570 308
571 306 573 308
576 306 577 308
579 306 579 309
582 306 582 309
585 306 585 309
588 306 588 309
590 306 591 310
593 306 593 310
559 309 560 309
562 309 565 308
582 309 582 312
585 309 585 312
576 312 577 312
576 315 577 315
585 315 585 315
588 315 588 315
