565 208 565 208
568 208 568 207
571 208 571 208
573 208 573 208
576 208 576 208
579 208 579 208
585 208 584 208
562 211 562 211
565 211 565 211
568 211 568 210
571 211 571 211
573 211 573 211
576 211 576 210
579 211 579 211
582 211 582 210
585 211 585 210
588 211 588 210
590 211 591 211
593 211 593 211
545 213 545 213
548 213 548 213
551 213 551 213
554 213 554 213
556 213 556 213
559 213 559 214
562 213 562 213
565 213 565 213
568 213 568 213
571 213 571 213
573 213 573 213
576 213 576 213
579 213 579 213
582 213 582 213
585 213 584 213
588 213 588 213
590 213 591 213
593 213 593 213
596 213 596 213
540 216 539 216
542 216 543 216
545 216 545 216
548 216 548 216
551 216 551 216
554 216 554 216
556 216 556 216
559 216 559 216
562 216 562 216
565 216 565 216
568 216 568 216
571 216 570 216
573 216 573 216
576 216 576 216
579 216 579 216
582 216 582 216
585 216 585 216
588 216 587 217
590 216 591 217
593 216 593 216
596 216 596 216
540 219 540 219
542 219 543 219
545 219 545 219
548 219 548 219
551 219 551 219
554 219 554 219
556 219 556 219
562 219 562 219
568 219 568 219
571 219 570 219
573 219 573 219
576 219 576 219
579 219 579 219
582 219 582 219
585 219 585 219
590 219 591 221
593 219 593 219
596 219 596 219
537 222 537 222
540 222 540 222
542 222 543 222
545 222 545 222
548 222 548 222
551 222 551 222
554 222 553 222
556 222 556 222
559 222 559 222
562 222 562 222
565 222 565 222
568 222 568 222
571 222 571 222
573 222 573 222
576 222 576 222
579 222 579 222
582 222 583 222
588 222 588 225
590 222 590 224
593 222 593 223
596 222 596 222
537 225 537 225
540 225 540 224
542 225 542 225
545 225 545 225
548 225 548 225
551 225 551 225
554 225 554 225
556 225 557 224
559 225 559 224
562 225 562 225
565 225 565 225
568 225 568 224
571 225 571 225
573 225 573 225
576 225 577 225
579 225 580 225
588 225 587 228
590 225 590 227
593 225 593 227
596 225 596 225
537 227 537 227
540 227 540 227
542 227 543 227
545 227 545 227
548 227 547 227
551 227 551 228
554 227 554 228
556 227 557 227
562 227 562 227
565 227 565 228
568 227 568 227
571 227 571 228
573 227 573 228
576 227 576 228
588 227 587 230
590 227 590 230
596 227 596 227
599 227 599 227
602 227 602 228
604 227 604 228
607 227 607 228
610 227 610 228
537 230 537 230
540 230 540 230
542 230 542 230
545 230 545 230
551 230 551 230
554 230 554 230
556 230 557 230
559 230 560 229
562 230 562 230
565 230 565 230
568 230 568 231
573 230 573 231
576 230 576 231
579 230 580 231
593 230 593 231
596 230 596 230
599 230 599 230
602 230 602 231
604 230 604 231
607 230 607 230
610 230 610 230
613 230 613 231
537 233 537 233
540 233 540 233
542 233 542 233
548 233 547 233
554 233 554 233
559 233 560 232
562 233 562 232
565 233 565 234
568 233 568 233
571 233 571 233
573 233 574 233
576 233 576 233
579 233 580 234
582 233 582 234
590 233 590 234
593 233 592 234
596 233 596 233
599 233 599 233
602 233 602 234
604 233 605 233
607 233 607 233
610 233 610 233
613 233 613 234
537 236 537 236
540 236 540 236
542 236 542 236
548 236 548 236
551 236 551 236
554 236 554 236
556 236 557 235
565 236 565 236
568 236 568 236
571 236 571 236
573 236 574 236
576 236 576 236
582 236 582 236
585 236 590 249
596 236 596 236
599 236 599 236
602 236 602 237
604 236 605 236
607 236 607 236
610 236 610 236
613 236 613 236
537 239 537 239
540 239 540 239
542 239 542 239
545 239 545 239
554 239 554 238
562 239 562 236
565 239 565 239
568 239 568 239
571 239 571 239
593 239 593 241
596 239 596 239
599 239 599 239
602 239 602 239
604 239 605 239
607 239 607 239
610 239 610 239
613 239 613 239
616 239 615 239
537 242 537 241
540 242 540 242
542 242 542 242
545 242 545 242
548 242 551 244
559 242 559 239
565 242 567 250
596 242 596 244
599 242 599 242
602 242 602 242
604 242 604 242
607 242 607 242
610 242 610 241
613 242 613 241
540 244 540 244
542 244 542 244
545 244 545 244
548 244 551 247
551 244 554 247
559 244 559 242
573 244 574 242
602 244 602 245
604 244 605 245
607 244 607 245
610 244 610 244
613 244 613 244
616 244 616 245
619 244 618 244
540 247 540 247
542 247 543 247
545 247 545 247
548 247 551 250
551 247 549 238
571 247 570 247
588 247 588 239
599 247 599 248
602 247 602 248
604 247 605 248
607 247 608 248
610 247 610 248
613 247 613 247
616 247 616 247
540 250 540 250
542 250 542 250
545 250 545 250
551 250 549 241
579 250 580 250
599 250 600 250
602 250 602 250
604 250 604 250
607 250 607 250
610 250 610 250
613 250 613 250
616 250 616 249
619 250 618 250
537 253 537 253
540 253 540 253
542 253 542 253
545 253 545 253
559 253 559 251
562 253 562 251
579 253 579 253
593 253 594 253
596 253 596 253
599 253 599 254
602 253 602 253
604 253 604 252
607 253 607 253
610 253 609 252
613 253 613 252
616 253 616 253
619 253 619 253
534 256 534 256
537 256 537 256
540 256 540 256
542 256 543 256
545 256 545 255
548 256 548 255
551 256 550 253
554 256 553 253
556 256 556 253
559 256 559 253
593 256 594 256
596 256 596 255
602 256 602 255
604 256 605 255
607 256 607 256
610 256 610 256
613 256 613 255
616 256 616 256
619 256 619 256
621 256 621 256
534 258 534 259
537 258 537 259
540 258 540 258
542 258 543 258
545 258 545 258
548 258 548 258
551 258 551 258
554 258 554 258
556 258 556 258
588 258 588 259
590 258 591 259
596 258 596 258
599 258 599 258
602 258 602 258
604 258 604 259
607 258 607 258
610 258 610 259
613 258 613 258
616 258 616 259
619 258 619 259
621 258 622 259
537 261 537 262
540 261 540 262
542 261 543 261
545 261 545 262
548 261 548 261
551 261 551 261
554 261 554 261
556 261 556 261
559 261 559 261
573 261 573 259
576 261 576 262
590 261 590 261
593 261 596 261
599 261 599 260
602 261 602 261
604 261 604 261
607 261 607 261
610 261 610 261
613 261 613 261
616 261 616 261
619 261 619 261
621 261 622 261
624 261 624 261
537 264 536 264
540 264 540 264
542 264 542 264
545 264 545 264
548 264 548 264
551 264 551 264
554 264 554 264
556 264 557 263
559 264 559 264
571 264 571 264
573 264 574 264
576 264 576 264
579 264 579 264
582 264 582 262
585 264 584 261
588 264 587 261
590 264 590 263
593 264 596 264
599 264 599 263
602 264 602 264
604 264 605 264
607 264 607 264
610 264 610 264
613 264 613 264
616 264 616 264
619 264 619 264
621 264 622 264
624 264 624 264
627 264 627 264
537 267 537 267
542 267 543 266
545 267 545 267
548 267 548 267
551 267 551 267
554 267 554 267
556 267 557 267
559 267 559 267
562 267 562 266
571 267 570 266
573 267 573 267
576 267 576 267
579 267 579 267
582 267 583 267
585 267 585 267
588 267 587 267
590 267 590 267
596 267 596 267
599 267 599 267
602 267 602 267
604 267 605 267
607 267 607 267
610 267 610 266
613 267 613 267
616 267 615 267
619 267 619 267
621 267 621 267
624 267 624 267
537 270 537 270
540 270 540 267
542 270 543 269
545 270 545 270
548 270 548 270
551 270 551 269
554 270 554 269
556 270 557 270
559 270 560 270
562 270 563 270
565 270 565 269
571 270 571 269
573 270 574 269
576 270 577 269
579 270 579 269
582 270 582 270
585 270 584 269
588 270 587 270
590 270 590 270
593 270 592 270
596 270 596 270
599 270 599 270
602 270 602 270
604 270 604 270
607 270 607 270
610 270 610 270
613 270 613 270
616 270 616 269
619 270 619 270
621 270 621 270
624 270 624 269
627 270 627 270
545 273 546 272
548 273 548 272
551 273 551 272
554 273 554 272
556 273 557 272
559 273 560 272
562 273 563 272
565 273 565 272
568 273 568 272
571 273 571 272
573 273 574 272
576 273 577 272
579 273 579 272
582 273 582 272
585 273 585 273
588 273 587 273
590 273 590 273
593 273 593 273
596 273 595 272
599 273 599 273
602 273 602 273
604 273 605 273
607 273 607 273
610 273 610 273
613 273 613 273
616 273 616 272
619 273 619 272
621 273 621 273
624 273 624 272
545 275 546 275
548 275 549 275
551 275 551 276
554 275 554 276
556 275 557 276
559 275 560 275
562 275 562 276
565 275 565 276
568 275 568 275
571 275 571 275
573 275 574 275
576 275 577 275
579 275 579 275
582 275 582 275
585 275 585 275
588 275 587 275
590 275 590 275
593 275 593 275
596 275 596 275
599 275 599 275
602 275 602 275
604 275 604 275
607 275 607 276
610 275 611 275
613 275 613 275
616 275 617 276
619 275 619 275
621 275 621 275
624 275 624 275
630 275 629 275
542 278 542 278
545 278 546 278
548 278 549 278
551 278 551 278
554 278 554 279
556 278 557 278
559 278 560 278
562 278 563 279
565 278 565 279
568 278 568 279
571 278 571 278
582 278 581 278
585 278 585 278
588 278 588 278
590 278 591 278
593 278 593 278
596 278 596 278
599 278 599 278
602 278 602 278
607 278 607 278
610 278 610 278
613 278 613 278
619 278 619 278
621 278 621 278
624 278 625 278
627 278 628 278
630 278 630 278
542 281 542 281
545 281 545 281
548 281 548 281
551 281 551 281
554 281 554 281
556 281 557 281
559 281 560 281
562 281 563 281
565 281 565 281
568 281 568 281
576 281 576 281
579 281 580 281
582 281 582 281
585 281 585 281
588 281 587 281
590 281 590 281
593 281 594 281
596 281 596 281
599 281 599 281
604 281 605 281
607 281 607 281
610 281 610 281
613 281 613 281
616 281 616 281
619 281 619 281
621 281 622 281
624 281 625 281
627 281 627 281
630 281 630 281
633 281 633 281
542 284 542 284
545 284 545 284
548 284 548 284
551 284 551 284
554 284 554 283
556 284 557 284
559 284 560 283
562 284 563 284
565 284 565 284
568 284 568 284
573 284 573 284
576 284 576 284
579 284 580 284
582 284 582 284
585 284 584 284
588 284 587 284
590 284 590 284
593 284 593 284
596 284 596 284
599 284 599 284
602 284 602 283
604 284 605 284
607 284 608 283
610 284 610 284
613 284 613 284
616 284 615 284
619 284 618 284
621 284 621 284
624 284 624 284
627 284 627 284
630 284 630 284
633 284 633 284
635 284 635 283
542 287 542 287
545 287 546 287
548 287 548 287
551 287 551 287
554 287 554 286
556 287 557 287
559 287 560 287
562 287 562 287
565 287 565 287
568 287 568 287
573 287 573 287
576 287 576 287
579 287 580 286
582 287 582 287
585 287 585 287
588 287 587 287
590 287 590 286
593 287 593 287
596 287 597 287
599 287 599 286
602 287 601 286
604 287 604 286
607 287 607 286
610 287 610 287
613 287 613 287
616 287 616 287
619 287 618 287
621 287 621 287
624 287 625 286
627 287 627 287
630 287 630 287
633 287 633 287
635 287 635 286
542 290 543 290
545 290 546 290
548 290 548 290
551 290 551 290
554 290 554 289
556 290 556 289
559 290 559 289
562 290 563 290
565 290 565 290
568 290 568 290
573 290 574 289
576 290 576 290
579 290 579 289
582 290 582 289
585 290 585 290
588 290 588 290
590 290 591 289
593 290 593 290
596 290 596 290
599 290 598 289
602 290 601 289
607 290 607 289
610 290 610 290
613 290 613 290
616 290 616 290
619 290 619 290
621 290 621 289
624 290 625 289
627 290 627 289
630 290 630 289
633 290 633 290
635 290 636 289
638 290 638 290
641 290 641 290
542 292 542 292
545 292 546 292
548 292 548 292
551 292 551 292
554 292 554 292
556 292 556 292
559 292 560 292
562 292 563 292
565 292 565 292
568 292 568 293
571 292 571 292
573 292 574 292
576 292 576 292
579 292 580 292
582 292 582 292
585 292 585 292
588 292 588 293
590 292 591 292
593 292 593 292
596 292 596 293
599 292 599 293
602 292 601 292
604 292 605 292
607 292 607 292
610 292 610 292
613 292 613 292
616 292 616 292
619 292 619 292
621 292 621 292
624 292 624 292
627 292 627 292
630 292 630 292
633 292 633 292
635 292 636 292
638 292 638 292
641 292 641 292
542 295 542 295
545 295 545 295
548 295 548 295
551 295 551 295
554 295 554 295
556 295 557 295
559 295 560 295
562 295 562 295
565 295 565 295
568 295 568 295
571 295 571 294
573 295 573 295
576 295 576 295
579 295 580 295
582 295 582 295
585 295 585 295
588 295 588 295
590 295 590 295
593 295 594 295
596 295 596 295
599 295 599 295
602 295 602 295
607 295 607 295
610 295 610 295
613 295 613 295
616 295 616 295
619 295 619 295
624 295 625 295
627 295 627 295
630 295 630 295
633 295 633 295
635 295 636 295
638 295 638 295
641 295 641 295
644 295 643 294
542 298 542 298
545 298 545 298
548 298 548 298
551 298 551 298
554 298 554 298
556 298 557 298
559 298 560 298
562 298 562 298
565 298 565 298
568 298 568 298
571 298 571 298
573 298 573 297
576 298 576 298
579 298 580 298
582 298 582 298
585 298 585 298
588 298 588 298
590 298 590 298
593 298 593 298
596 298 596 298
599 298 599 298
602 298 602 299
604 298 605 298
610 298 610 298
613 298 613 298
619 298 619 298
621 298 622 298
624 298 625 298
627 298 627 298
630 298 630 298
633 298 633 298
635 298 636 298
638 298 638 298
641 298 641 298
644 298 644 298
548 301 548 301
551 301 551 301
554 301 554 301
556 301 557 301
559 301 559 301
562 301 562 301
565 301 565 301
568 301 568 301
571 301 571 301
573 301 573 301
576 301 576 301
579 301 579 301
582 301 582 301
585 301 585 301
588 301 588 301
590 301 591 301
593 301 593 301
596 301 596 301
599 301 599 300
602 301 602 301
613 301 613 301
619 301 620 301
621 301 622 301
624 301 624 301
627 301 627 301
630 301 630 301
633 301 633 301
635 301 636 301
638 301 638 301
641 301 641 301
644 301 644 301
647 301 646 298
554 304 554 304
556 304 556 304
559 304 560 303
562 304 562 303
565 304 565 303
568 304 568 303
571 304 570 304
573 304 573 304
576 304 576 304
579 304 580 304
582 304 582 303
585 304 585 304
588 304 588 303
590 304 591 303
593 304 593 304
596 304 596 303
599 304 599 303
602 304 602 304
604 304 605 304
613 304 614 304
619 304 619 303
621 304 622 303
624 304 624 304
627 304 627 304
630 304 630 304
633 304 633 304
635 304 636 304
638 304 639 304
641 304 642 304
644 304 644 303
647 304 647 303
554 306 554 307
556 306 556 306
559 306 559 306
562 306 562 306
565 306 565 306
568 306 567 306
571 306 571 306
573 306 573 306
576 306 576 306
579 306 579 307
582 306 582 306
585 306 585 306
588 306 588 306
590 306 591 306
593 306 594 306
596 306 596 306
599 306 599 306
602 306 602 307
604 306 605 306
607 306 607 306
610 306 610 306
613 306 613 306
616 306 616 306
619 306 619 306
621 306 622 306
624 306 624 306
627 306 627 306
630 306 630 306
633 306 633 306
635 306 636 306
638 306 639 306
641 306 641 306
644 306 644 306
647 306 647 306
556 309 556 309
559 309 559 309
562 309 562 308
565 309 565 308
568 309 567 309
571 309 571 309
573 309 573 309
576 309 576 309
579 309 579 309
585 309 585 309
588 309 588 309
590 309 591 309
593 309 594 309
596 309 596 309
599 309 599 309
602 309 602 309
604 309 605 310
607 309 608 309
610 309 610 309
613 309 612 309
616 309 616 309
619 309 619 310
621 309 622 309
624 309 624 309
627 309 627 309
630 309 630 309
633 309 633 309
635 309 636 309
638 309 639 309
641 309 642 309
644 309 644 309
647 309 647 309
559 312 559 312
562 312 563 311
565 312 565 311
568 312 567 313
571 312 571 312
573 312 573 312
576 312 576 313
579 312 579 312
582 312 582 312
585 312 585 312
588 312 588 312
590 312 591 312
593 312 594 312
596 312 596 312
599 312 599 312
602 312 602 312
604 312 605 312
607 312 608 312
610 312 610 312
613 312 613 311
616 312 616 312
619 312 619 312
621 312 622 312
624 312 624 312
627 312 627 312
630 312 630 312
633 312 633 312
635 312 636 312
638 312 638 312
641 312 641 312
644 312 644 312
647 312 647 312
559 315 559 315
562 315 562 315
565 315 565 315
568 315 567 315
571 315 570 315
573 315 573 315
576 315 577 315
579 315 579 315
582 315 582 315
585 315 585 315
588 315 588 315
590 315 591 315
593 315 593 315
596 315 596 315
599 315 599 315
602 315 602 315
604 315 605 315
607 315 608 315
610 315 610 315
613 315 613 315
616 315 616 315
619 315 619 315
621 315 622 315
624 315 624 315
627 315 627 315
630 315 630 315
633 315 633 315
635 315 636 315
638 315 639 315
641 315 642 315
644 315 644 315
647 315 647 315
