458 146 473 98
441 198 465 149
458 198 481 146
371 215 408 195
406 215 439 190
406 233 441 201
424 233 459 200
458 233 490 196
476 233 508 195
319 250 361 216
337 250 378 214
354 250 393 213
389 250 424 211
493 250 531 206
510 250 545 204
302 267 347 233
319 267 364 227
337 267 380 226
389 267 425 221
406 267 444 221
424 267 461 220
441 267 478 219
458 267 494 217
476 267 509 213
302 285 350 253
354 285 396 233
493 285 533 226
337 302 380 253
371 302 411 243
389 302 429 240
406 302 447 241
424 302 464 239
441 302 480 238
458 302 498 237
476 302 515 237
493 302 535 243
250 319 304 314
337 319 379 271
354 319 397 265
371 319 414 263
389 319 431 257
406 319 448 253
424 319 465 252
441 319 482 250
458 319 498 248
476 319 517 249
267 337 326 353
302 337 355 308
337 337 381 289
354 337 400 288
371 337 417 285
389 337 433 282
406 337 450 276
424 337 467 269
441 337 485 264
458 337 501 262
476 337 518 263
267 354 326 369
285 354 344 367
354 354 403 307
371 354 421 306
389 354 437 301
406 354 452 297
424 354 470 291
441 354 485 288
458 354 505 282
476 354 526 286
510 354 564 305
285 371 345 384
389 371 442 330
406 371 457 320
424 371 472 313
441 371 491 309
510 371 574 331
337 389 394 384
354 389 413 376
371 389 430 371
389 389 446 366
406 389 463 351
441 389 496 331
337 406 399 406
354 406 415 402
389 406 450 390
406 406 468 385
458 406 515 343
476 406 532 334
337 424 398 425
389 424 453 412
406 424 471 406
285 441 345 441
302 441 362 440
319 441 378 440
337 441 395 440
354 441 415 439
371 441 434 437
424 441 494 439
493 441 570 430
510 441 588 426
215 458 273 459
267 458 328 462
319 458 382 458
354 458 418 456
371 458 438 455
389 458 461 458
406 458 479 457
424 458 499 454
441 458 515 455
215 476 275 476
233 476 294 477
250 476 311 475
371 476 443 475
424 476 499 473
