551 199 551 199
556 199 554 199
559 199 557 199
562 199 559 200
565 199 565 199
568 199 568 199
571 199 571 199
573 199 573 199
576 199 576 199
579 199 579 199
582 199 582 199
588 199 587 199
551 202 551 202
554 202 554 202
556 202 556 202
559 202 559 202
562 202 562 203
565 202 564 202
568 202 568 202
571 202 571 202
576 202 576 202
582 202 582 202
585 202 584 202
588 202 587 202
590 202 590 202
545 205 545 205
548 205 548 205
551 205 551 205
554 205 553 205
556 205 556 205
559 205 559 205
562 205 562 205
565 205 565 205
568 205 568 206
573 205 573 205
576 205 576 206
579 205 579 205
582 205 582 205
585 205 585 205
588 205 588 205
590 205 590 205
593 205 593 205
542 208 542 208
545 208 545 208
548 208 548 208
551 208 551 208
554 208 553 208
556 208 556 208
559 208 559 208
562 208 562 208
565 208 565 208
568 208 568 208
576 208 576 208
588 208 588 208
590 208 590 208
593 208 593 208
596 208 596 208
537 211 537 211
540 211 539 211
542 211 542 211
545 211 545 211
548 211 548 211
551 211 551 211
554 211 554 211
556 211 556 210
559 211 559 211
562 211 562 211
565 211 565 211
568 211 568 211
588 211 587 210
590 211 590 211
593 211 593 210
596 211 596 211
534 213 534 214
540 213 539 213
542 213 542 214
545 213 545 214
548 213 548 214
551 213 551 213
554 213 554 213
556 213 556 214
559 213 559 214
562 213 562 214
565 213 565 214
568 213 568 214
585 213 585 213
588 213 587 213
590 213 590 213
593 213 593 213
596 213 595 213
599 213 599 214
537 216 537 216
540 216 539 216
542 216 542 217
545 216 545 216
548 216 548 217
551 216 550 217
554 216 554 217
556 216 556 217
559 216 559 217
562 216 562 216
565 216 565 217
568 216 568 216
573 216 573 216
576 216 576 216
579 216 579 216
582 216 582 216
585 216 584 216
588 216 587 216
590 216 590 216
599 216 599 219
537 219 537 219
540 219 539 219
542 219 542 219
554 219 554 219
556 219 556 219
562 219 562 219
565 219 565 219
568 219 568 219
571 219 570 219
573 219 573 219
576 219 576 219
579 219 579 219
582 219 582 219
585 219 585 219
588 219 588 219
590 219 590 219
593 219 593 220
596 219 595 216
534 222 534 222
537 222 537 222
540 222 539 222
542 222 542 222
545 222 545 222
548 222 548 222
551 222 551 222
554 222 554 222
556 222 556 222
559 222 559 222
562 222 562 222
565 222 565 222
568 222 567 222
571 222 571 222
573 222 574 222
576 222 577 221
579 222 580 221
588 222 588 222
590 222 591 222
593 222 593 222
596 222 596 221
599 222 599 221
534 225 534 225
537 225 537 225
540 225 539 225
542 225 542 225
545 225 545 225
548 225 548 225
551 225 550 225
554 225 553 225
559 225 559 225
565 225 565 225
568 225 568 225
571 225 571 225
573 225 574 224
576 225 576 225
579 225 580 224
585 225 585 224
588 225 587 224
590 225 591 224
593 225 593 224
596 225 596 224
599 225 599 224
528 227 528 228
531 227 531 227
534 227 534 228
537 227 537 227
540 227 539 227
542 227 542 227
545 227 545 228
548 227 548 228
551 227 551 228
554 227 553 228
559 227 557 228
562 227 559 228
571 227 571 227
573 227 574 227
576 227 577 227
579 227 580 227
582 227 582 227
585 227 584 227
588 227 588 227
590 227 591 227
593 227 593 226
596 227 596 227
599 227 599 227
602 227 602 228
528 230 528 230
531 230 531 230
534 230 534 230
537 230 537 231
542 230 543 231
545 230 546 230
548 230 548 230
551 230 551 231
554 230 554 231
556 230 556 231
579 230 579 230
582 230 582 230
585 230 585 230
588 230 587 230
590 230 590 230
599 230 599 233
528 233 528 233
531 233 531 233
534 233 534 234
537 233 536 234
540 233 539 234
542 233 543 233
545 233 546 233
548 233 548 233
551 233 551 234
554 233 554 234
556 233 556 234
565 233 565 233
590 233 593 233
593 233 596 233
599 233 599 235
604 233 604 234
607 233 607 233
610 233 610 233
613 233 613 233
528 236 528 236
531 236 531 236
534 236 534 236
537 236 536 236
540 236 539 236
542 236 543 236
545 236 545 236
548 236 548 237
551 236 551 237
554 236 554 237
556 236 557 237
590 236 593 236
599 236 599 238
602 236 602 237
604 236 604 236
607 236 607 236
610 236 610 236
613 236 613 236
616 236 615 235
528 239 528 239
531 239 531 239
534 239 534 239
537 239 536 239
540 239 539 239
542 239 542 239
545 239 545 239
548 239 548 239
551 239 551 240
554 239 554 240
585 239 588 236
590 239 593 239
593 239 596 239
602 239 602 239
604 239 604 238
607 239 607 238
610 239 610 238
613 239 613 238
528 242 528 242
531 242 531 242
534 242 534 242
537 242 537 242
540 242 540 242
542 242 542 242
545 242 545 242
548 242 548 242
551 242 550 241
554 242 553 241
593 242 594 245
596 242 596 245
599 242 599 241
602 242 602 241
604 242 605 241
607 242 608 241
610 242 610 241
613 242 613 241
528 244 528 245
531 244 531 244
534 244 534 244
537 244 537 244
540 244 540 244
542 244 542 244
545 244 545 245
548 244 548 244
551 244 551 244
590 244 591 247
593 244 593 247
596 244 596 248
599 244 599 245
602 244 602 244
604 244 604 243
607 244 607 243
610 244 610 244
613 244 613 245
616 244 616 244
528 247 528 247
531 247 531 247
534 247 534 247
537 247 537 247
540 247 540 247
542 247 542 247
545 247 545 247
554 247 554 245
556 247 556 245
596 247 596 250
599 247 599 247
602 247 602 247
604 247 604 246
607 247 607 247
610 247 610 247
613 247 613 247
528 250 528 250
531 250 531 250
534 250 534 251
537 250 537 250
540 250 540 250
542 250 542 250
545 250 545 250
548 250 548 250
551 250 551 250
579 250 582 242
590 250 591 251
599 250 599 249
602 250 602 249
604 250 604 250
607 250 607 250
610 250 610 250
613 250 613 250
616 250 615 250
528 253 528 253
531 253 531 253
534 253 534 253
537 253 537 253
540 253 540 253
542 253 542 253
545 253 545 253
548 253 548 253
551 253 551 253
590 253 590 253
593 253 593 253
596 253 596 253
599 253 599 252
602 253 602 252
604 253 604 253
607 253 607 253
610 253 610 253
613 253 613 253
616 253 616 253
528 256 528 256
531 256 531 256
534 256 534 256
537 256 537 255
540 256 540 256
542 256 542 256
545 256 545 256
548 256 548 256
551 256 550 256
556 256 557 250
582 256 585 256
588 256 588 258
590 256 591 256
593 256 593 256
596 256 596 256
599 256 599 256
602 256 602 255
604 256 605 255
607 256 607 255
610 256 610 256
613 256 613 256
616 256 616 256
528 258 528 259
531 258 531 258
534 258 534 259
537 258 537 259
540 258 540 258
542 258 542 259
545 258 544 259
548 258 548 259
551 258 550 259
554 258 553 259
559 258 559 253
562 258 563 262
588 258 588 261
590 258 590 261
593 258 593 259
596 258 596 258
599 258 599 258
602 258 602 258
604 258 605 258
607 258 607 258
610 258 610 258
613 258 613 258
616 258 616 258
528 261 528 262
531 261 531 261
534 261 534 261
537 261 537 261
540 261 540 261
542 261 542 261
545 261 545 262
559 261 559 255
565 261 565 265
593 261 594 261
596 261 596 261
599 261 599 261
602 261 602 261
604 261 607 261
610 261 610 261
613 261 613 261
616 261 616 261
619 261 618 261
621 261 621 261
534 264 534 264
540 264 540 264
542 264 542 264
545 264 545 265
548 264 548 265
551 264 551 265
554 264 554 264
556 264 556 264
559 264 560 267
562 264 563 267
585 264 585 263
588 264 588 264
590 264 591 264
593 264 593 264
596 264 596 264
599 264 599 264
602 264 602 264
604 264 607 264
610 264 611 264
613 264 613 264
616 264 616 264
619 264 618 264
621 264 621 264
624 264 624 264
534 267 534 267
537 267 537 267
540 267 540 266
542 267 542 267
545 267 545 267
548 267 548 268
551 267 551 268
554 267 554 267
556 267 556 267
571 267 573 265
590 267 590 267
593 267 593 266
596 267 596 267
599 267 599 267
602 267 602 267
604 267 604 267
607 267 607 267
610 267 610 267
613 267 614 266
616 267 616 267
619 267 618 266
621 267 620 266
624 267 624 267
534 270 534 270
537 270 537 270
540 270 540 270
542 270 542 269
545 270 545 270
548 270 548 270
551 270 551 270
554 270 554 270
556 270 557 270
559 270 559 270
568 270 568 270
579 270 579 268
582 270 582 269
588 270 587 269
593 270 593 270
596 270 596 270
599 270 599 270
602 270 602 270
604 270 603 270
607 270 606 269
610 270 611 269
613 270 613 269
619 270 618 269
621 270 621 269
624 270 624 269
537 273 537 273
540 273 540 273
542 273 542 272
545 273 545 273
548 273 548 273
554 273 554 273
556 273 557 273
559 273 559 273
562 273 562 273
565 273 565 273
568 273 568 273
571 273 571 273
573 273 574 273
579 273 579 271
582 273 582 272
585 273 585 272
588 273 587 272
590 273 590 272
593 273 593 273
596 273 596 273
599 273 599 273
602 273 601 273
604 273 604 272
607 273 607 272
610 273 610 272
616 273 616 272
619 273 618 272
624 273 625 273
627 273 627 273
630 273 630 273
633 273 632 272
635 273 635 273
534 275 534 276
537 275 536 276
540 275 540 275
542 275 542 275
545 275 546 275
548 275 548 276
551 275 551 276
554 275 553 276
556 275 556 276
559 275 559 276
565 275 565 276
568 275 568 276
571 275 570 276
573 275 573 275
576 275 576 276
582 275 582 275
585 275 585 276
604 275 604 275
607 275 607 275
610 275 610 275
613 275 612 275
619 275 618 275
621 275 621 275
624 275 624 275
627 275 627 276
630 275 630 275
633 275 632 275
635 275 635 275
638 275 639 276
534 278 534 278
537 278 536 278
540 278 539 278
542 278 543 278
545 278 545 278
548 278 548 279
551 278 550 279
559 278 559 279
562 278 563 278
571 278 570 278
573 278 573 278
576 278 576 279
590 278 590 278
593 278 593 278
596 278 596 278
599 278 599 278
604 278 604 278
607 278 607 279
610 278 610 278
613 278 613 278
616 278 616 278
619 278 618 278
621 278 621 278
624 278 624 278
627 278 627 278
630 278 630 278
633 278 633 278
635 278 635 278
638 278 638 278
545 281 545 281
554 281 554 281
556 281 557 281
559 281 559 281
562 281 562 282
565 281 565 281
568 281 568 282
571 281 571 281
582 281 582 281
585 281 585 281
588 281 587 281
590 281 590 282
593 281 593 281
596 281 596 281
599 281 598 281
602 281 601 281
604 281 604 281
610 281 610 281
613 281 613 281
616 281 616 281
619 281 618 281
621 281 621 281
624 281 624 281
627 281 627 281
630 281 630 281
633 281 632 281
635 281 635 281
638 281 638 281
548 284 548 284
551 284 551 284
554 284 554 284
556 284 557 284
559 284 560 284
562 284 562 284
565 284 565 284
568 284 567 284
571 284 570 284
573 284 573 284
576 284 576 284
579 284 579 284
582 284 582 284
585 284 585 284
588 284 587 284
590 284 590 284
593 284 593 284
596 284 596 284
599 284 599 283
602 284 602 283
604 284 605 284
607 284 607 284
610 284 610 284
613 284 613 284
616 284 616 284
619 284 619 284
621 284 621 284
624 284 624 284
627 284 627 284
630 284 630 284
633 284 633 284
635 284 635 284
638 284 638 284
641 284 641 284
548 287 548 287
551 287 550 287
554 287 553 287
556 287 557 287
559 287 560 287
562 287 562 287
565 287 565 287
568 287 567 287
571 287 570 286
573 287 573 286
576 287 576 287
579 287 579 287
582 287 582 287
585 287 584 286
588 287 587 286
590 287 590 287
593 287 593 287
596 287 596 286
602 287 602 286
604 287 605 286
607 287 608 286
610 287 611 286
616 287 616 287
619 287 618 287
621 287 621 287
624 287 624 287
627 287 627 287
630 287 630 287
633 287 632 287
635 287 635 287
638 287 637 287
641 287 641 287
644 287 644 287
554 290 553 290
568 290 567 290
571 290 570 290
573 290 573 290
576 290 576 290
579 290 580 290
582 290 582 290
585 290 584 289
588 290 587 289
590 290 590 290
593 290 593 290
596 290 596 289
599 290 599 289
607 290 608 289
613 290 613 290
616 290 616 290
619 290 618 289
621 290 621 289
624 290 624 289
627 290 627 289
630 290 629 289
633 290 632 289
635 290 635 290
638 290 638 289
641 290 642 289
644 290 644 290
647 290 647 290
548 292 548 292
551 292 551 293
554 292 553 293
556 292 557 293
559 292 559 293
573 292 573 293
576 292 575 293
579 292 579 293
582 292 582 292
585 292 585 292
590 292 591 293
593 292 593 292
596 292 596 292
599 292 599 292
602 292 602 292
604 292 605 290
610 292 610 292
613 292 614 292
616 292 616 292
619 292 618 292
621 292 622 292
624 292 624 292
627 292 627 292
630 292 630 292
633 292 633 292
635 292 635 292
638 292 638 292
641 292 641 292
644 292 644 292
647 292 647 292
548 295 548 295
551 295 551 295
554 295 554 296
556 295 556 296
573 295 573 295
576 295 576 296
579 295 579 296
582 295 582 296
590 295 591 295
593 295 593 295
596 295 596 295
599 295 599 295
602 295 602 295
604 295 604 293
610 295 610 295
613 295 614 295
616 295 616 295
619 295 618 295
621 295 621 295
624 295 624 295
627 295 627 295
630 295 630 295
633 295 633 295
635 295 635 295
638 295 638 295
641 295 641 295
644 295 644 295
647 295 647 295
554 298 554 298
556 298 557 298
559 298 559 298
562 298 562 299
565 298 565 299
568 298 568 299
571 298 571 299
573 298 573 298
576 298 576 298
579 298 579 299
582 298 582 298
585 298 585 298
588 298 588 298
590 298 590 297
593 298 593 297
596 298 595 298
599 298 599 298
602 298 602 299
604 298 605 299
607 298 608 299
613 298 613 298
616 298 615 298
619 298 618 298
624 298 623 298
633 298 633 298
635 298 636 298
638 298 638 298
641 298 641 298
644 298 644 298
647 298 647 298
548 301 548 301
551 301 551 301
554 301 554 301
556 301 556 301
559 301 559 301
562 301 562 301
565 301 565 301
568 301 568 301
571 301 570 301
573 301 573 301
576 301 575 301
579 301 579 301
582 301 582 301
585 301 585 301
588 301 587 301
590 301 590 301
593 301 593 300
596 301 596 301
599 301 598 300
602 301 602 301
604 301 605 302
607 301 608 302
610 301 611 302
613 301 613 301
616 301 616 301
619 301 619 301
621 301 622 301
630 301 633 301
633 301 636 301
638 301 638 301
641 301 641 301
644 301 643 301
647 301 647 301
548 304 548 304
551 304 551 304
554 304 554 304
556 304 556 304
559 304 559 304
562 304 562 304
565 304 565 304
568 304 568 304
571 304 571 304
573 304 573 304
576 304 576 304
579 304 579 304
585 304 585 304
588 304 587 304
590 304 590 303
593 304 593 303
596 304 595 303
599 304 599 303
602 304 602 304
604 304 605 305
607 304 608 304
610 304 611 304
613 304 613 304
616 304 616 304
619 304 619 304
621 304 622 304
624 304 624 304
635 304 635 304
638 304 638 303
641 304 641 303
644 304 644 304
647 304 647 304
548 306 548 307
551 306 551 307
554 306 554 306
556 306 556 307
559 306 559 307
562 306 562 307
565 306 565 307
568 306 568 307
571 306 571 307
573 306 574 307
576 306 576 307
585 306 585 306
588 306 587 306
590 306 590 306
593 306 593 306
596 306 596 306
599 306 599 307
602 306 602 307
604 306 604 307
607 306 607 307
610 306 610 307
613 306 613 307
616 306 616 306
619 306 619 307
621 306 621 306
624 306 624 306
627 306 626 306
630 306 629 306
633 306 633 306
635 306 635 307
638 306 638 306
641 306 641 306
644 306 644 307
647 306 647 307
548 309 548 309
551 309 551 309
554 309 554 309
556 309 557 309
559 309 559 310
562 309 562 310
565 309 565 310
568 309 568 309
571 309 571 310
573 309 573 310
576 309 577 310
582 309 582 309
590 309 590 309
596 309 596 309
599 309 599 309
602 309 602 310
604 309 604 310
607 309 607 310
610 309 610 309
613 309 613 310
624 309 624 309
627 309 627 309
630 309 629 309
633 309 633 309
635 309 636 309
638 309 638 309
641 309 641 309
644 309 643 309
647 309 647 310
554 312 554 312
556 312 557 312
559 312 559 312
562 312 561 312
565 312 565 312
568 312 568 312
571 312 571 312
573 312 573 312
576 312 576 312
579 312 579 312
582 312 582 313
585 312 585 312
588 312 588 312
590 312 590 312
593 312 593 313
596 312 596 312
599 312 599 312
602 312 601 312
604 312 604 312
607 312 607 312
610 312 610 312
613 312 613 313
616 312 616 313
619 312 616 310
621 312 621 312
624 312 624 312
627 312 627 312
630 312 630 312
633 312 632 312
635 312 635 312
638 312 638 312
641 312 641 312
644 312 643 312
647 312 647 312
554 315 554 315
559 315 559 315
562 315 562 315
565 315 565 315
568 315 568 315
571 315 571 315
573 315 573 315
576 315 576 315
579 315 579 315
582 315 582 315
585 315 585 315
588 315 588 315
590 315 590 315
593 315 593 315
596 315 596 315
599 315 598 315
602 315 601 315
604 315 604 315
607 315 607 315
610 315 610 315
613 315 613 315
616 315 616 315
619 315 619 315
621 315 621 315
624 315 624 315
627 315 627 315
630 315 630 315
633 315 633 315
635 315 636 315
638 315 639 315
641 315 642 315
644 315 644 315
647 315 647 315
