551 199 551 199
565 199 570 199
571 199 574 199
573 199 577 199
582 199 585 199
565 202 567 202
568 202 571 202
571 202 574 202
573 202 576 202
582 202 585 201
585 202 588 201
554 205 557 204
556 205 560 204
559 205 563 204
562 205 566 204
565 205 569 204
568 205 571 203
573 205 576 203
576 205 579 204
579 205 582 203
562 208 566 206
568 208 571 206
585 208 587 204
588 208 590 205
585 211 587 207
588 211 590 207
593 211 596 208
596 211 599 208
571 213 571 209
585 213 586 210
588 213 589 210
590 213 593 210
593 213 596 210
596 213 599 210
545 216 548 212
585 216 587 212
588 216 590 212
590 216 593 212
593 216 596 212
596 216 599 212
588 219 590 215
590 219 593 215
593 219 596 215
596 219 599 215
556 222 559 217
576 222 573 218
585 222 588 216
554 227 554 223
556 227 557 224
559 227 559 223
585 227 588 222
588 227 590 221
590 227 592 222
596 227 596 221
599 227 599 224
602 227 602 224
531 230 533 221
548 230 548 225
551 230 550 225
554 230 554 226
556 230 557 229
559 230 559 229
562 230 562 229
565 230 565 229
585 230 588 224
588 230 590 224
593 230 593 224
596 230 596 225
599 230 598 227
602 230 602 228
528 233 528 226
534 233 533 227
540 233 539 227
542 233 542 227
559 233 558 232
562 233 561 232
565 233 564 232
585 233 587 227
590 233 591 227
596 233 594 230
599 233 597 230
528 236 528 229
531 236 531 229
534 236 533 229
537 236 536 229
540 236 539 229
545 236 544 229
548 236 548 230
596 236 594 233
599 236 597 233
604 236 605 234
610 236 605 235
613 236 607 235
528 239 528 232
531 239 531 232
534 239 533 232
537 239 536 232
540 239 539 232
542 239 542 232
545 239 545 232
554 239 554 238
596 239 590 238
599 239 596 236
602 239 599 236
528 242 528 235
531 242 531 235
534 242 534 234
537 242 537 234
551 242 550 234
559 242 559 237
593 242 588 241
596 242 591 241
599 242 594 241
602 242 597 241
607 242 602 241
542 244 542 244
559 244 559 244
562 244 562 244
602 244 596 245
604 244 599 244
607 244 602 244
537 247 537 247
540 247 540 247
542 247 543 247
562 247 562 246
599 247 595 247
604 247 599 247
607 247 603 247
528 250 528 250
531 250 531 249
534 250 534 249
537 250 537 249
540 250 540 250
542 250 542 250
590 250 587 249
593 250 589 249
599 250 595 249
602 250 598 249
604 250 601 250
607 250 604 250
537 253 537 252
540 253 539 253
542 253 542 253
545 253 545 253
559 253 559 250
571 253 567 252
573 253 570 252
599 253 595 253
602 253 599 252
604 253 601 252
607 253 605 253
610 253 607 253
613 253 610 253
528 256 528 255
534 256 534 255
537 256 536 255
540 256 539 255
542 256 542 256
545 256 545 256
593 256 590 255
602 256 598 256
604 256 602 256
607 256 604 256
610 256 607 256
531 258 531 260
534 258 535 261
542 258 542 258
545 258 545 258
554 258 554 258
556 258 556 258
559 258 558 257
562 258 561 255
588 258 584 258
590 258 587 252
596 258 593 259
602 258 599 258
607 258 604 259
610 258 607 259
613 258 610 256
534 261 535 264
540 261 539 263
542 261 541 260
545 261 544 261
585 261 581 261
588 261 585 255
590 261 587 255
596 261 593 261
599 261 596 262
610 261 608 261
619 261 619 261
621 261 621 261
534 264 532 259
542 264 541 263
559 264 558 261
565 264 564 261
582 264 579 263
585 264 581 263
590 264 587 264
593 264 590 264
596 264 595 264
599 264 598 264
602 264 601 264
604 264 604 264
610 264 609 264
621 264 621 263
540 267 538 266
542 267 541 266
559 267 558 263
562 267 561 263
565 267 564 263
573 267 570 263
582 267 579 266
585 267 581 266
588 267 584 266
590 267 587 267
593 267 590 267
596 267 593 267
599 267 598 267
602 267 601 267
604 267 604 266
607 267 606 266
610 267 609 266
613 267 612 265
540 270 538 268
542 270 541 269
556 270 556 267
559 270 558 266
562 270 561 266
582 270 579 268
585 270 581 269
588 270 584 269
590 270 587 269
593 270 590 269
596 270 592 270
599 270 598 269
604 270 604 269
619 270 618 268
621 270 622 268
624 270 624 268
627 270 627 268
633 270 632 267
534 273 533 269
556 273 555 269
562 273 560 269
565 273 564 269
576 273 573 270
585 273 582 272
613 273 615 272
616 273 615 271
619 273 618 270
624 273 625 271
627 273 626 270
630 273 629 269
633 273 632 269
559 275 557 272
568 275 565 273
610 275 609 273
619 275 618 273
621 275 621 273
624 275 624 273
627 275 627 273
630 275 630 273
633 275 632 272
635 275 635 272
548 278 546 274
551 278 549 274
613 278 612 276
616 278 615 276
619 278 618 276
621 278 620 276
624 278 624 276
627 278 627 276
633 278 633 275
635 278 635 275
588 281 587 281
593 281 593 281
613 281 612 279
616 281 616 279
619 281 619 279
621 281 621 279
624 281 624 278
627 281 626 278
633 281 633 278
635 281 635 278
638 281 639 279
559 284 561 283
562 284 564 283
565 284 568 281
576 284 576 281
596 284 596 281
599 284 599 281
602 284 601 282
604 284 604 281
616 284 616 282
619 284 619 282
621 284 621 282
624 284 624 281
627 284 627 281
630 284 630 281
633 284 633 281
635 284 638 281
638 284 640 281
548 287 550 286
559 287 561 286
565 287 567 284
571 287 572 284
576 287 576 284
579 287 580 284
585 287 584 285
588 287 587 285
590 287 589 284
593 287 592 284
596 287 595 283
599 287 598 283
602 287 601 284
604 287 604 283
607 287 607 283
610 287 610 284
613 287 613 284
616 287 615 284
619 287 618 284
621 287 621 284
624 287 623 284
627 287 627 284
630 287 629 284
633 287 632 284
638 287 637 284
644 287 644 284
559 290 561 289
571 290 572 287
573 290 574 287
582 290 582 287
590 290 590 287
593 290 592 286
596 290 595 286
599 290 597 289
602 290 601 287
604 290 604 286
607 290 607 286
610 290 610 287
613 290 613 286
616 290 615 286
619 290 617 286
621 290 620 287
624 290 623 287
627 290 626 287
630 290 630 287
633 290 633 287
635 290 635 287
638 290 638 286
641 290 643 287
644 290 647 290
647 290 647 288
573 292 575 289
585 292 585 291
588 292 587 290
590 292 590 290
593 292 593 290
602 292 601 290
604 292 604 289
607 292 606 290
610 292 610 289
616 292 615 289
619 292 618 289
621 292 620 289
624 292 623 290
627 292 627 290
630 292 630 290
633 292 633 289
635 292 635 289
638 292 638 289
641 292 644 293
588 295 587 293
590 295 590 293
593 295 592 292
596 295 595 292
599 295 598 293
602 295 601 293
604 295 604 292
607 295 606 293
610 295 612 293
613 295 614 292
619 295 618 292
621 295 621 292
624 295 624 292
627 295 627 292
630 295 630 292
638 295 638 292
548 298 548 298
585 298 584 295
590 298 590 296
593 298 592 295
596 298 595 295
599 298 598 295
602 298 601 295
604 298 604 295
607 298 607 295
610 298 610 296
613 298 614 296
616 298 617 295
621 298 622 295
624 298 624 295
627 298 630 295
630 298 631 295
635 298 636 295
638 298 638 295
641 298 641 295
548 301 548 301
554 301 553 301
556 301 556 300
585 301 583 298
588 301 586 298
590 301 590 298
593 301 593 298
596 301 595 298
599 301 598 298
602 301 601 298
604 301 604 298
607 301 607 298
610 301 610 298
613 301 614 299
616 301 618 299
619 301 620 298
621 301 623 299
624 301 626 298
627 301 629 298
630 301 631 298
633 301 634 298
638 301 638 298
641 301 641 298
644 301 644 298
647 301 647 299
551 304 551 304
554 304 553 303
556 304 555 303
562 304 558 303
565 304 561 303
568 304 564 303
585 304 584 301
588 304 586 301
590 304 590 301
596 304 595 300
599 304 598 300
602 304 601 301
604 304 604 301
607 304 607 301
613 304 614 302
616 304 617 301
619 304 620 301
621 304 623 301
624 304 626 301
627 304 628 301
630 304 631 301
635 304 636 300
638 304 638 301
641 304 641 301
644 304 644 301
647 304 647 302
554 306 553 306
556 306 556 306
585 306 584 304
588 306 587 303
590 306 590 304
593 306 592 304
596 306 595 304
599 306 598 304
602 306 601 304
604 306 604 304
607 306 607 304
613 306 614 304
616 306 617 304
621 306 623 304
624 306 626 304
627 306 629 304
630 306 631 304
638 306 638 304
641 306 641 303
644 306 644 304
647 306 647 304
551 309 551 310
554 309 553 309
576 309 576 309
579 309 579 309
582 309 581 307
585 309 584 307
588 309 587 306
590 309 590 306
593 309 592 307
596 309 595 307
599 309 598 307
602 309 601 306
604 309 603 306
613 309 614 308
616 309 617 308
621 309 620 306
624 309 624 306
627 309 626 306
630 309 629 307
635 309 635 307
638 309 638 307
641 309 640 306
644 309 643 307
647 309 647 307
576 312 575 312
582 312 581 310
585 312 584 309
588 312 587 309
590 312 590 309
593 312 592 310
596 312 595 310
599 312 598 310
602 312 601 309
607 312 606 309
613 312 612 310
616 312 617 310
619 312 620 310
624 312 623 309
627 312 626 309
630 312 629 310
633 312 632 310
635 312 635 310
638 312 637 310
641 312 640 309
644 312 643 309
647 312 647 309
556 315 556 315
565 315 566 315
568 315 568 315
573 315 573 315
576 315 576 315
582 315 580 315
585 315 584 312
588 315 587 312
590 315 589 312
593 315 592 313
596 315 595 312
602 315 601 312
610 315 609 312
613 315 613 312
616 315 615 313
621 315 623 313
624 315 629 315
635 315 635 316
647 315 647 316
