554 208 553 210
573 208 577 210
548 211 549 212
571 211 573 212
573 211 577 212
576 211 579 212
579 211 582 212
540 213 540 213
542 213 543 214
548 213 549 216
551 213 551 215
554 213 558 214
556 213 560 214
562 213 565 214
565 213 568 215
568 213 571 214
571 213 573 215
573 213 576 215
576 213 579 215
579 213 582 215
531 216 531 216
534 216 534 216
554 216 558 217
556 216 560 217
562 216 565 216
565 216 567 217
568 216 570 217
571 216 573 217
573 216 576 217
579 216 581 217
528 219 528 219
531 219 531 219
537 219 540 218
551 219 555 219
556 219 560 219
562 219 564 219
565 219 567 219
582 219 584 221
528 222 529 222
531 222 533 222
537 222 540 221
540 222 542 221
545 222 549 222
568 222 570 222
571 222 575 221
576 222 579 221
579 222 581 222
582 222 584 225
528 225 529 225
531 225 535 223
537 225 540 224
540 225 542 224
548 225 551 224
568 225 569 225
573 225 576 224
576 225 579 225
579 225 581 227
585 225 591 240
528 227 529 228
531 227 535 226
534 227 538 225
540 227 542 226
542 227 545 227
548 227 551 227
559 227 562 226
562 227 565 227
571 227 572 228
576 227 578 230
579 227 581 230
531 230 535 228
540 230 542 229
545 230 547 228
556 230 559 229
565 230 566 231
576 230 577 232
579 230 581 233
582 230 584 234
528 233 529 231
537 233 539 230
559 233 562 232
562 233 557 235
537 236 538 233
540 236 542 233
542 236 544 234
559 236 562 234
562 236 555 239
565 236 559 237
568 236 553 243
576 236 571 236
585 236 584 231
602 236 598 259
528 239 529 236
534 239 535 236
537 239 538 236
540 239 541 236
551 239 547 239
556 239 565 234
573 239 568 238
528 242 529 238
531 242 532 239
534 242 534 239
568 242 561 240
528 244 528 241
531 244 531 241
534 244 534 241
548 244 556 243
528 247 528 243
534 247 534 244
548 247 543 244
573 247 564 244
582 247 576 245
590 247 586 237
531 250 533 246
582 250 576 248
585 250 579 248
588 250 581 248
528 253 528 247
537 253 537 248
568 253 554 252
585 253 579 251
588 253 582 251
607 253 608 272
610 253 610 273
531 256 533 251
534 256 536 253
540 256 539 250
542 256 545 254
565 256 558 249
568 256 560 249
588 256 581 255
607 256 609 275
613 256 617 269
528 258 532 256
534 264 542 262
585 264 576 242
610 264 598 271
630 264 635 271
633 264 634 269
638 264 637 266
534 267 541 265
537 267 544 266
588 267 579 245
607 267 595 274
610 267 598 274
621 267 622 277
627 267 631 275
638 267 637 269
534 270 541 269
540 270 546 267
573 270 570 275
593 270 572 281
624 270 627 277
627 270 631 277
630 270 635 277
635 270 638 274
638 270 638 272
641 270 641 273
537 273 543 269
540 273 546 269
582 273 562 262
585 273 565 262
627 273 631 280
635 273 639 278
531 275 537 278
537 275 543 272
540 275 546 272
542 275 549 272
565 275 559 267
616 275 618 283
624 275 628 282
627 275 630 282
630 275 633 282
635 275 640 281
540 278 546 275
542 278 549 275
624 278 627 285
630 278 633 284
633 278 636 284
635 278 639 284
542 281 549 278
554 281 561 283
573 281 572 284
576 281 575 284
599 281 591 286
604 281 605 288
607 281 608 287
610 281 614 287
630 281 633 287
534 284 542 281
537 284 545 282
545 284 554 283
590 284 582 287
593 284 587 289
604 284 605 291
619 284 620 291
528 287 527 279
534 287 543 285
537 287 545 285
540 287 548 285
542 287 551 285
545 287 554 286
568 287 566 287
616 287 617 293
619 287 620 294
624 287 627 293
630 287 633 294
633 287 636 294
644 287 643 285
647 287 646 285
528 290 528 283
531 290 540 287
534 290 543 287
537 290 545 288
540 290 548 289
542 290 551 289
545 290 554 290
548 290 557 290
554 290 561 289
593 290 590 294
596 290 599 293
599 290 602 294
613 290 614 295
624 290 627 296
630 290 632 297
633 290 636 297
644 290 642 287
647 290 646 289
537 292 545 291
542 292 552 292
545 292 554 292
548 292 557 293
551 292 560 293
554 292 562 292
559 292 566 292
568 292 572 290
571 292 575 291
588 292 584 294
593 292 597 296
602 292 605 297
607 292 611 297
616 292 617 298
619 292 619 298
630 292 632 300
633 292 635 299
635 292 638 299
638 292 641 299
644 292 644 294
534 295 538 293
540 295 548 294
542 295 551 296
545 295 554 297
548 295 557 295
551 295 559 295
554 295 562 295
556 295 565 295
568 295 572 293
571 295 575 294
585 295 589 298
588 295 592 299
590 295 594 299
596 295 599 299
616 295 617 301
619 295 619 301
621 295 622 301
624 295 626 302
627 295 629 302
630 295 632 302
633 295 635 302
635 295 638 302
638 295 641 302
647 295 647 294
534 298 538 297
537 298 541 296
540 298 547 297
551 298 559 298
554 298 562 298
562 298 569 297
585 298 581 297
588 298 592 302
590 298 595 302
593 298 598 302
604 298 607 302
607 298 610 303
613 298 616 304
619 298 620 304
621 298 622 304
624 298 626 304
627 298 629 304
630 298 632 305
633 298 635 305
635 298 637 305
644 298 646 304
534 301 538 299
537 301 541 300
540 301 544 299
542 301 550 301
545 301 554 302
548 301 555 301
551 301 559 301
554 301 562 301
556 301 564 301
559 301 567 301
565 301 572 302
568 301 575 302
573 301 581 303
576 301 584 304
579 301 586 304
588 301 593 304
590 301 595 304
593 301 598 305
599 301 602 305
602 301 605 305
604 301 607 305
607 301 610 305
610 301 613 306
633 301 634 307
644 301 644 306
647 301 647 306
537 304 541 303
540 304 544 302
542 304 547 302
545 304 549 302
551 304 558 306
554 304 562 306
556 304 565 305
559 304 567 305
562 304 570 305
568 304 575 306
571 304 578 306
573 304 581 306
576 304 584 306
579 304 586 307
596 304 601 308
602 304 604 307
610 304 613 308
613 304 615 308
619 304 616 306
621 304 619 307
641 304 640 309
644 304 644 309
647 304 647 309
542 306 547 305
545 306 549 305
551 306 555 307
556 306 564 308
559 306 567 309
565 306 573 309
571 306 577 309
573 306 580 309
576 306 583 309
590 306 595 307
596 306 598 308
607 306 609 309
621 306 619 310
624 306 622 310
627 306 625 311
630 306 628 311
633 306 631 311
638 306 640 312
644 306 645 312
554 309 552 306
565 309 570 311
568 309 574 311
571 309 577 312
573 309 580 312
576 309 583 312
579 309 585 312
599 309 600 311
607 309 609 311
610 309 612 312
613 309 616 313
633 309 631 315
635 309 636 315
562 312 561 311
565 312 570 314
568 312 573 313
573 312 580 315
607 312 609 314
641 312 643 315
571 315 576 316
582 315 584 315
590 315 591 316
610 315 612 315
616 315 614 315
619 315 617 315
624 315 621 315
