571 208 570 208
585 208 584 208
590 208 587 209
593 208 590 209
576 211 577 208
590 211 586 212
593 211 593 211
576 213 576 210
579 213 580 211
582 213 583 212
596 213 596 218
540 216 562 214
542 216 567 215
596 216 595 220
534 219 560 216
537 219 562 217
599 219 599 231
579 222 544 227
602 222 601 232
602 225 602 234
596 230 577 256
540 233 547 225
593 233 574 259
554 236 567 228
562 236 570 228
568 236 583 231
548 239 577 227
551 239 564 230
554 239 567 231
571 239 585 235
607 242 616 243
610 242 619 244
542 244 573 229
610 244 619 248
616 250 627 269
616 253 626 273
621 253 621 251
548 256 564 257
619 256 629 276
545 258 560 259
593 258 607 255
616 258 614 253
621 258 620 255
542 261 557 263
585 261 600 261
621 261 617 256
534 264 551 265
537 264 553 264
540 264 556 264
545 264 559 265
548 264 565 267
551 264 568 268
593 264 578 277
613 264 610 259
534 267 550 267
537 267 553 267
593 267 580 280
542 273 557 272
624 273 618 271
627 273 620 272
531 275 547 273
537 275 561 276
542 275 565 275
627 275 619 275
635 275 632 276
531 278 557 279
537 278 560 279
604 278 604 278
607 278 606 278
537 281 560 282
542 281 566 280
604 281 602 280
607 281 605 280
616 281 608 272
624 281 616 280
633 281 628 282
635 281 631 283
638 281 634 284
641 281 637 284
534 284 559 285
624 284 615 283
627 284 618 283
630 284 625 284
641 284 637 287
534 287 558 288
542 287 573 298
604 287 605 284
633 287 627 286
638 287 630 286
644 287 640 288
540 290 563 290
619 290 602 288
638 290 630 289
641 290 637 290
644 290 640 290
537 292 560 293
540 292 563 293
545 292 569 291
573 292 582 286
638 292 632 293
641 292 637 293
644 292 640 293
647 292 643 293
534 295 557 296
537 295 560 296
540 295 563 296
542 295 567 294
568 295 578 288
573 295 582 289
590 295 598 300
596 295 602 300
599 295 604 300
604 295 608 301
624 295 619 297
647 295 643 295
534 298 548 291
542 298 566 296
590 298 598 303
610 298 612 303
616 298 616 303
624 298 618 301
627 298 621 301
647 298 647 306
534 301 548 294
537 301 551 294
590 301 598 306
593 301 600 306
604 301 608 305
616 301 614 306
644 301 638 301
647 301 645 302
534 304 548 296
537 304 550 296
540 304 553 297
548 304 568 304
579 304 590 311
590 304 598 309
593 304 600 309
616 306 613 309
633 306 629 309
540 309 553 301
551 309 567 313
593 309 600 313
596 309 602 314
599 309 605 314
616 309 613 311
621 309 620 313
624 309 623 313
630 309 630 313
582 312 583 313
621 312 616 314
630 312 628 316
644 312 643 308
565 315 570 314
568 315 579 316
582 315 583 316
602 315 645 315
613 315 611 315
621 315 615 316
627 315 638 315
