1 0 0 -0.2022774517536163 
0 1 0 -0.02555054239928722 
0 0 1 -0.5562111139297485 
0 0 0 1 

0.9982636570930481 -0.0554085485637188 0.01998976059257984 -0.2029478400945663 
0.0539952851831913 0.9963970184326172 0.06540357321500778 -0.06776785850524902 
-0.02354160882532597 -0.0642106756567955 0.9976586699485779 -0.5277884006500244 
0 0 0 1 

0.9926117062568665 -0.07896209508180618 -0.09212467074394226 -0.1394635140895844 
0.08681551367044449 0.9926252365112305 0.08460608869791031 -0.07767138630151749 
0.08476457744836807 -0.09197887033224106 0.9921465516090393 -0.5428846478462219 
0 0 0 1 

0.9486563801765442 -0.0953223928809166 -0.3016032874584198 -0.01537772081792355 
0.1504138112068176 0.9747505784034729 0.1650359481573105 -0.1270640343427658 
0.278256356716156 -0.2019277662038803 0.9390411972999573 -0.5436462759971619 
0 0 0 1 

0.9846394658088684 -0.1134599521756172 -0.1327097117900848 -0.109381690621376 
0.1435106694698334 0.9588376879692078 0.2450199872255325 -0.1700571477413177 
0.09944704920053482 -0.2603016495704651 0.96039217710495 -0.5082244873046875 
0 0 0 1 

0.9854966998100281 -0.1519695967435837 -0.0755077600479126 -0.1396203488111496 
0.1626783460378647 0.9726946353912354 0.1655317693948746 -0.1293476969003677 
0.04829012602567673 -0.1754145175218582 0.9833095669746399 -0.51326584815979 
0 0 0 1 

0.9635038375854492 -0.2406581938266754 0.1172341778874397 -0.2235846817493439 
0.2243182361125946 0.9648345708847046 0.1370236128568649 -0.1200046762824059 
-0.1460874825716019 -0.1057249829173088 0.9836059212684631 -0.4662673473358154 
0 0 0 1 

0.9894697666168213 -0.1211064234375954 0.07926343381404877 -0.2091204971075058 
0.1166133657097816 0.9914193749427795 0.05906673148274422 -0.05830234289169312 
-0.08573668450117111 -0.04920153692364693 0.9951022267341614 -0.4742334187030792 
0 0 0 1 

0.9649844765663147 -0.2063720971345901 0.1619118899106979 -0.2253776341676712 
0.2138579040765762 0.9764021039009094 -0.03006206639111042 -0.03085538931190968 
-0.1518871337175369 0.06363558024168015 0.9863471984863281 -0.4560663402080536 
0 0 0 1 

0.9589352607727051 -0.1926033198833466 0.2081998735666275 -0.2508070170879364 
0.186634749174118 0.9812498092651367 0.04813268780708313 -0.06549067050218582 
-0.2135664820671082 -0.007298716809600592 0.9769015312194824 -0.4399505257606506 
0 0 0 1 

