430 217 430 217
432 217 433 217
440 217 453 219
445 217 459 216
448 217 462 216
451 217 464 216
453 217 466 216
456 217 469 216
490 217 517 217
496 217 511 217
503 217 515 216
514 217 522 216
517 217 525 216
519 217 527 216
522 217 533 217
535 217 535 216
538 217 538 216
430 219 430 221
432 219 433 221
440 219 453 222
451 219 464 219
453 219 466 219
456 219 469 218
459 219 472 219
461 219 475 219
464 219 477 219
485 219 514 219
490 219 509 219
517 219 525 219
519 219 527 219
522 219 530 219
527 219 533 219
530 219 535 219
430 222 430 224
448 222 464 222
453 222 466 222
456 222 469 221
459 222 472 221
461 222 475 221
464 222 477 221
511 222 519 222
517 222 525 221
519 222 528 221
535 222 535 222
538 222 538 221
430 224 430 226
440 224 455 225
445 224 462 224
448 224 464 224
464 224 477 224
467 224 480 224
472 224 482 224
514 224 522 224
517 224 525 224
430 227 430 229
464 227 477 227
467 227 480 227
469 227 482 227
477 227 490 227
482 227 493 227
493 227 500 224
511 227 519 225
530 227 535 225
538 227 538 225
467 230 480 232
480 230 493 230
482 230 496 230
490 230 498 227
493 230 500 227
496 230 504 227
506 230 514 228
509 230 516 227
511 230 519 227
514 230 523 228
517 230 525 228
519 230 528 228
435 232 440 238
456 232 466 229
480 232 491 234
490 232 498 230
493 232 501 230
498 232 506 230
503 232 511 230
509 232 517 230
511 232 522 230
514 232 525 230
519 232 528 230
451 235 461 241
498 235 505 232
501 235 508 232
509 235 517 232
511 235 522 233
517 235 524 233
522 235 527 232
525 235 530 232
535 235 535 230
474 238 500 246
506 238 516 235
509 238 519 235
511 238 522 235
522 238 527 234
525 238 530 234
535 238 535 233
538 238 538 233
445 240 456 244
451 240 461 237
464 240 472 240
480 240 492 240
485 240 499 240
511 240 522 238
535 240 535 235
538 240 538 235
464 243 472 243
467 243 475 243
488 243 508 242
511 243 522 240
533 243 535 240
535 243 535 238
538 243 538 238
440 246 437 246
464 246 472 245
467 246 475 245
469 246 477 245
506 246 517 242
509 246 520 242
511 246 522 242
519 246 498 238
527 246 525 241
538 246 538 241
437 248 443 235
461 248 469 247
467 248 474 248
472 248 479 245
474 248 482 245
477 248 485 245
480 248 490 248
485 248 493 246
488 248 496 246
503 248 514 245
514 248 522 248
517 248 525 248
527 248 530 251
538 248 538 244
461 251 472 250
467 251 474 250
474 251 482 248
477 251 485 249
503 251 514 247
506 251 517 247
535 251 535 285
430 254 429 256
474 254 483 251
477 254 486 252
480 254 488 251
482 254 490 251
485 254 493 251
506 254 517 250
511 254 519 253
527 254 525 259
530 254 528 258
535 254 535 288
538 254 538 249
445 256 456 253
459 256 468 254
461 256 471 254
469 256 479 254
477 256 486 254
480 256 488 254
485 256 494 254
488 256 497 254
493 256 501 254
496 256 504 254
498 256 506 254
503 256 511 253
506 256 517 253
445 259 456 256
448 259 458 256
453 259 461 258
459 259 467 257
461 259 471 257
469 259 479 256
472 259 481 256
477 259 486 257
480 259 488 258
482 259 491 258
485 259 494 258
496 259 504 257
501 259 509 257
503 259 513 256
506 259 517 256
509 259 520 256
514 259 524 272
517 259 527 272
435 261 442 259
453 261 461 261
456 261 464 259
459 261 467 259
461 261 469 259
464 261 473 260
469 261 479 259
472 261 481 259
477 261 486 261
480 261 488 261
485 261 494 261
488 261 497 259
490 261 499 261
496 261 505 259
503 261 512 259
506 261 516 259
538 261 538 258
435 264 442 262
440 264 447 262
448 264 458 261
456 264 465 262
459 264 467 262
461 264 469 262
467 264 476 262
472 264 481 261
490 264 499 263
493 264 502 264
496 264 505 262
503 264 512 262
506 264 515 262
509 264 520 262
514 264 525 277
517 264 527 277
530 264 530 262
533 264 532 261
535 264 535 261
538 264 538 274
432 267 439 264
443 267 451 265
445 267 456 263
461 267 472 265
464 267 474 264
469 267 478 264
472 267 480 264
477 267 486 264
490 267 499 266
493 267 502 266
503 267 513 265
511 267 524 266
514 267 525 279
530 267 530 267
533 267 532 264
535 267 535 264
538 267 538 277
443 269 451 268
456 269 464 270
461 269 471 267
464 269 474 266
469 269 478 266
472 269 480 267
474 269 483 267
480 269 489 267
482 269 491 267
488 269 497 267
496 269 505 267
498 269 509 267
501 269 512 267
511 269 523 269
456 272 464 272
469 272 477 269
472 272 480 269
474 272 483 269
477 272 486 270
480 272 489 270
482 272 491 270
485 272 494 270
488 272 497 270
490 272 500 270
496 272 505 270
498 272 508 269
503 272 513 270
509 272 518 270
522 272 527 288
437 275 446 272
448 275 456 275
451 275 459 275
464 275 474 270
474 275 482 272
477 275 485 272
480 275 489 273
482 275 491 273
488 275 497 273
490 275 500 273
493 275 502 273
496 275 505 272
498 275 508 272
503 275 514 272
506 275 516 272
509 275 518 274
430 277 429 287
437 277 446 274
440 277 448 274
443 277 451 275
445 277 454 275
448 277 456 278
451 277 459 278
453 277 462 277
464 277 474 272
467 277 477 272
472 277 480 275
474 277 482 274
480 277 489 275
485 277 494 275
488 277 496 275
490 277 499 275
493 277 502 275
496 277 506 275
498 277 508 275
430 280 429 290
440 280 448 277
443 280 452 280
448 280 456 280
451 280 459 280
464 280 474 275
480 280 490 279
485 280 493 278
488 280 496 278
490 280 499 278
493 280 501 278
496 280 506 278
498 280 508 278
501 280 511 278
503 280 513 278
506 280 516 277
440 283 450 282
453 283 462 280
456 283 464 279
464 283 472 282
467 283 475 283
490 283 499 280
493 283 503 280
498 283 508 281
501 283 511 281
503 283 513 280
509 283 517 283
448 285 457 283
453 285 462 282
456 285 464 282
459 285 467 283
464 285 472 285
467 285 474 285
469 285 477 285
472 285 480 285
488 285 495 288
490 285 498 287
501 285 509 285
538 285 538 298
443 288 451 287
445 288 454 286
448 288 456 285
451 288 459 286
453 288 462 285
456 288 464 285
459 288 467 286
461 288 469 286
469 288 477 288
472 288 480 287
488 288 495 290
498 288 506 288
501 288 509 290
506 288 514 290
538 288 538 301
432 290 432 304
445 290 453 288
448 290 456 288
451 290 459 288
453 290 462 288
456 290 464 288
461 290 469 288
464 290 472 288
467 290 474 290
485 290 491 291
488 290 494 292
496 290 503 291
498 290 506 291
501 290 509 292
503 290 511 292
506 290 514 292
509 290 516 296
527 290 530 274
538 290 538 304
432 293 433 290
435 293 434 277
437 293 437 277
440 293 448 291
445 293 456 291
448 293 458 291
456 293 464 291
459 293 467 291
461 293 469 291
485 293 491 294
488 293 495 295
498 293 506 294
501 293 509 297
503 293 511 295
506 293 514 295
538 293 538 288
430 296 429 293
432 296 432 295
435 296 435 295
445 296 456 293
448 296 458 293
451 296 461 294
456 296 465 294
459 296 467 294
464 296 472 293
482 296 488 296
496 296 504 296
498 296 507 296
530 296 535 311
538 296 538 292
432 298 432 298
435 298 435 299
437 298 438 299
440 298 440 298
456 298 465 296
459 298 467 296
461 298 469 296
464 298 471 296
472 298 477 296
530 298 532 293
533 298 534 295
430 301 429 301
432 301 433 301
435 301 435 302
437 301 438 301
440 301 440 301
448 301 459 298
456 301 465 298
459 301 467 299
461 301 469 299
464 301 471 298
530 301 532 298
533 301 535 298
538 301 538 314
437 304 438 304
445 304 451 299
451 304 461 301
459 304 467 301
461 304 469 301
464 304 471 301
467 304 477 304
485 304 493 303
490 304 498 303
493 304 501 303
496 304 504 303
501 304 509 303
509 304 516 302
530 304 533 301
533 304 535 301
538 304 538 317
435 306 438 306
437 306 441 306
448 306 453 300
451 306 462 304
453 306 464 304
461 306 470 304
464 306 472 304
467 306 477 306
474 306 483 304
480 306 488 306
482 306 491 306
485 306 493 306
488 306 496 306
506 306 514 304
522 306 528 303
530 306 532 304
445 309 451 303
448 309 453 303
459 309 469 307
472 309 480 306
474 309 483 306
480 309 488 308
482 309 491 309
485 309 493 308
488 309 496 308
493 309 503 307
496 309 505 306
506 309 514 306
509 309 519 304
525 309 527 306
527 309 530 306
530 309 532 306
445 312 451 306
448 312 453 306
453 312 461 310
456 312 464 309
467 312 474 309
469 312 477 309
472 312 480 310
474 312 483 309
477 312 486 310
485 312 493 311
488 312 495 311
490 312 500 310
493 312 503 309
496 312 506 309
511 312 519 309
522 312 525 308
525 312 527 308
527 312 530 308
530 312 532 308
440 314 447 311
469 314 485 315
474 314 483 312
477 314 488 313
480 314 490 313
490 314 501 312
493 314 503 312
503 314 516 307
525 314 527 311
527 314 530 311
461 317 474 317
467 317 483 318
469 317 486 319
485 317 495 315
488 317 498 315
490 317 502 315
496 317 504 315
498 317 506 314
506 317 520 314
514 317 525 317
527 317 530 314
456 320 451 320
461 320 474 319
464 320 480 323
467 320 483 323
469 320 486 322
474 320 487 319
477 320 490 318
485 320 496 317
488 320 499 317
493 320 502 317
496 320 504 317
498 320 507 317
506 320 520 317
538 320 538 319
443 322 440 322
445 322 443 322
448 322 446 322
451 322 448 322
464 322 480 325
467 322 482 325
474 322 488 322
477 322 490 321
482 322 493 321
485 322 495 321
488 322 499 322
538 322 538 322
430 325 429 326
432 325 431 322
435 325 435 325
437 325 437 325
445 325 443 325
448 325 459 324
451 325 449 324
482 325 493 324
485 325 498 325
503 325 503 325
506 325 505 325
522 325 514 325
525 325 525 324
527 325 528 324
530 325 530 325
535 325 536 325
538 325 538 325
430 327 430 328
432 327 432 328
435 327 435 327
437 327 469 328
440 327 440 328
445 327 456 327
448 327 459 327
451 327 467 328
485 327 496 327
506 327 517 328
509 327 508 327
517 327 519 328
525 327 525 327
527 327 527 327
530 327 530 328
533 327 533 328
535 327 535 328
538 327 538 328
