438 225 470 230
427 228 456 233
430 228 459 233
433 228 461 233
449 228 478 233
425 230 453 235
427 230 456 236
430 230 459 236
433 230 462 236
436 230 464 236
449 230 476 237
386 233 386 242
392 233 414 232
425 233 454 238
427 233 456 238
436 233 467 238
449 233 476 239
452 233 478 238
381 236 386 244
397 236 425 235
427 236 456 241
433 236 466 241
449 236 476 241
394 239 423 240
397 239 426 240
422 239 450 243
433 239 458 244
441 239 470 245
452 239 479 242
386 241 413 241
397 241 425 243
400 241 427 243
405 241 444 243
411 241 436 243
416 241 447 246
441 241 470 247
452 241 479 244
397 244 425 245
427 244 455 247
433 244 461 247
403 247 427 248
425 247 453 250
427 247 455 250
430 247 458 249
449 247 475 255
422 250 450 253
425 250 452 252
430 250 458 252
433 250 461 250
455 250 480 261
446 252 472 250
383 255 384 253
392 255 416 266
414 255 439 255
416 255 441 255
438 255 466 266
441 255 468 266
449 255 475 266
441 258 467 269
452 258 475 252
383 261 384 258
400 263 425 260
403 263 427 260
444 263 470 255
446 263 471 255
457 263 481 264
392 266 418 274
405 266 430 271
436 266 469 269
438 266 466 258
444 266 471 269
457 266 481 266
392 269 419 276
397 269 424 274
408 269 432 274
452 269 478 272
455 269 478 258
397 272 427 307
386 274 386 275
414 274 435 302
422 274 452 266
386 277 385 278
419 277 450 268
452 277 475 278
455 277 477 279
457 277 480 280
452 280 474 281
455 280 477 281
381 282 381 281
386 282 385 283
416 282 449 272
452 282 474 283
455 282 477 283
381 285 380 284
383 285 383 285
386 285 385 285
411 285 448 274
414 285 447 272
449 285 471 286
452 285 474 285
455 285 476 286
381 288 381 288
383 288 383 287
386 288 385 287
446 288 469 292
452 288 472 291
474 288 452 289
381 291 381 290
383 291 383 290
389 291 386 290
455 291 474 297
381 293 381 293
383 293 383 293
452 293 472 297
433 296 447 308
477 299 488 295
460 302 477 306
403 304 406 299
452 304 441 308
479 304 491 297
460 307 474 317
463 307 476 317
474 307 486 281
482 307 465 320
408 310 412 321
466 310 477 319
474 310 486 283
477 310 488 283
479 310 491 322
419 313 443 319
460 313 468 319
463 313 474 322
466 313 476 322
479 313 491 324
463 315 470 322
446 318 488 306
474 318 485 331
471 321 481 331
430 324 449 327
474 326 460 330
466 329 426 315
430 332 448 332
474 332 457 333
479 332 462 333
427 335 445 335
474 335 457 335
477 335 459 335
479 335 462 336
378 337 378 337
