389 94 496 256
371 111 483 264
493 111 572 255
510 111 588 254
528 111 604 252
285 129 426 280
302 129 439 278
337 129 460 275
371 129 480 272
424 129 518 270
528 129 602 262
406 146 505 278
441 146 534 277
476 146 556 272
285 163 424 299
319 163 447 293
354 181 468 297
371 181 480 295
406 181 504 294
424 181 515 292
441 181 530 291
476 181 554 289
493 181 571 289
510 181 589 291
302 198 434 321
319 198 446 316
354 198 468 309
371 198 479 308
510 198 589 302
215 215 381 359
406 215 504 315
424 215 516 311
476 215 555 308
493 215 569 309
285 233 428 353
354 233 470 337
389 233 490 332
406 233 505 330
424 233 518 326
441 233 534 325
562 233 652 338
181 250 360 378
302 250 435 366
319 250 447 353
354 250 471 353
389 250 491 348
424 250 520 346
441 250 538 343
319 267 448 371
354 267 471 369
371 267 486 370
389 267 501 368
424 267 525 363
441 267 539 362
476 267 561 341
267 285 420 429
424 285 529 380
441 285 544 378
493 285 579 359
250 302 401 443
302 302 443 445
319 302 459 442
371 302 497 422
389 302 510 420
406 302 524 412
441 302 545 398
493 302 580 376
319 319 460 461
389 319 513 439
424 319 544 437
406 337 532 459
424 337 546 455
