441 25 455 100
458 25 468 100
510 25 527 138
528 25 541 137
545 25 560 137
562 25 575 138
597 25 597 146
441 42 456 114
458 42 468 112
545 42 563 152
632 42 614 172
94 59 88 182
129 59 141 179
406 59 435 138
528 59 559 168
562 59 585 168
580 59 595 166
458 77 473 141
476 77 487 148
528 77 559 185
545 77 585 220
562 77 582 180
233 94 300 210
337 94 384 162
371 94 408 163
389 94 420 160
493 94 508 158
614 94 602 240
302 111 356 174
319 111 368 172
337 111 383 173
371 111 408 172
389 111 420 172
406 111 433 171
441 111 461 170
458 111 475 171
476 111 490 171
493 111 505 170
528 111 531 169
545 111 548 170
597 111 600 202
614 111 600 255
545 129 548 183
285 146 338 192
302 146 353 191
319 146 366 192
354 146 391 191
371 146 405 191
389 146 419 191
406 146 434 190
441 146 461 191
458 146 475 192
476 146 488 189
493 146 502 188
528 146 533 192
250 163 313 215
285 163 338 207
302 163 353 202
319 163 367 202
510 163 520 201
545 163 543 205
233 181 300 230
250 181 313 229
285 181 339 221
354 181 392 211
371 181 405 210
389 181 419 210
424 181 446 210
441 181 460 210
458 181 474 210
476 181 488 210
233 198 299 247
250 198 313 247
302 198 352 234
319 198 365 228
354 198 392 224
371 198 404 222
389 198 418 222
406 198 432 222
441 198 459 220
458 198 473 221
476 198 488 221
510 198 518 224
181 215 253 268
198 215 270 267
215 215 283 267
233 215 297 265
267 215 321 265
285 215 337 252
302 215 352 249
337 215 378 240
354 215 393 240
371 215 405 238
389 215 419 236
406 215 432 234
493 215 504 234
528 215 541 254
545 215 557 251
562 215 574 252
198 233 268 278
215 233 281 279
233 233 295 280
267 233 320 281
285 233 337 266
302 233 353 263
319 233 365 257
354 233 393 256
371 233 406 254
389 233 420 254
406 233 432 252
441 233 459 246
458 233 474 244
476 233 488 244
493 233 507 251
510 233 523 253
233 250 289 299
250 250 306 303
285 250 336 282
302 250 349 280
337 250 378 271
354 250 393 273
371 250 408 273
389 250 421 271
406 250 435 270
424 250 455 273
441 250 462 263
458 250 475 260
476 250 489 257
510 250 530 274
528 250 544 282
545 250 559 282
562 250 577 280
250 267 304 321
267 267 321 323
285 267 339 320
337 267 376 289
354 267 391 288
371 267 408 290
389 267 423 291
406 267 438 288
458 267 477 278
476 267 491 274
493 267 508 276
528 267 550 297
545 267 564 296
580 267 598 305
250 285 303 337
267 285 318 337
285 285 336 334
302 285 352 330
337 285 375 310
354 285 393 313
389 285 422 308
406 285 436 309
441 285 465 301
458 285 477 298
476 285 494 297
493 285 508 291
510 285 530 312
528 285 550 313
545 285 568 314
562 285 581 326
233 302 289 351
250 302 303 351
267 302 318 352
285 302 335 349
319 302 363 347
337 302 377 344
354 302 393 338
371 302 408 335
389 302 423 333
406 302 438 329
424 302 454 327
441 302 462 316
458 302 480 314
476 302 496 314
493 302 509 308
562 302 580 341
215 319 252 389
233 319 286 366
250 319 302 366
267 319 316 364
302 319 342 364
319 319 360 366
337 319 378 363
354 319 394 361
371 319 409 359
389 319 424 353
406 319 439 352
424 319 455 349
458 319 477 332
476 319 492 329
493 319 509 324
614 319 635 341
319 337 359 382
337 337 378 381
354 337 394 380
371 337 409 380
389 337 426 376
406 337 441 375
424 337 455 369
441 337 473 367
458 337 497 366
476 337 495 347
528 337 563 383
562 337 581 363
580 337 600 360
215 354 269 404
354 354 393 397
371 354 409 398
389 354 426 398
406 354 441 394
424 354 459 395
441 354 475 400
458 354 495 399
476 354 530 379
510 354 547 397
528 354 562 397
562 354 582 375
580 354 601 375
198 371 252 409
233 371 273 420
250 371 286 420
285 371 336 402
319 371 362 405
337 371 376 408
371 371 408 413
389 371 427 415
406 371 443 414
424 371 459 415
441 371 473 417
458 371 495 413
476 371 516 411
493 371 531 414
528 371 563 412
614 371 636 380
198 389 251 424
250 389 305 422
267 389 321 424
319 389 359 421
337 389 376 422
354 389 393 423
406 389 443 430
424 389 461 431
441 389 478 433
510 389 549 420
562 389 583 395
597 389 621 393
198 406 252 443
233 406 272 441
250 406 303 438
285 406 328 440
302 406 342 438
319 406 362 437
337 406 375 437
354 406 392 439
371 406 408 440
389 406 425 440
406 406 444 446
424 406 462 448
476 406 518 434
493 406 534 436
510 406 545 437
528 406 564 446
562 406 602 415
597 406 621 406
198 424 255 460
215 424 267 462
285 424 326 452
302 424 340 453
337 424 374 452
354 424 394 453
371 424 409 454
389 424 423 455
441 424 481 456
458 424 500 451
476 424 518 450
493 424 529 451
562 424 605 432
614 424 635 424
319 441 357 456
337 441 376 470
354 441 395 469
371 441 409 468
424 441 460 468
441 441 480 470
510 441 555 450
493 458 535 465
510 458 554 468
267 476 272 477
285 476 282 477
302 476 324 474
319 476 337 475
337 476 357 477
441 476 498 475
458 476 512 475
528 476 574 479
