435 217 471 217
477 217 502 216
485 217 510 216
430 219 429 219
445 219 444 227
448 219 446 228
453 219 454 230
464 219 514 221
472 219 495 219
448 222 447 230
451 222 449 230
467 222 489 221
474 222 498 224
488 222 515 222
490 222 518 221
461 224 469 269
488 224 515 224
496 224 516 228
456 227 452 234
459 227 465 272
461 227 469 272
488 227 516 226
435 230 442 235
482 230 511 226
485 230 514 227
509 230 531 229
511 230 534 229
522 230 526 229
430 235 430 251
453 235 453 243
430 238 429 254
445 238 445 272
472 238 482 280
477 238 507 240
538 238 538 256
430 240 429 256
445 240 444 275
453 240 487 248
488 240 487 275
538 240 538 258
453 243 487 250
490 243 503 282
461 246 458 282
480 246 516 252
501 246 513 239
443 248 464 296
477 248 513 256
514 248 506 282
517 248 508 281
519 248 511 282
461 251 458 288
514 251 506 285
517 251 508 284
435 254 437 276
443 254 443 244
517 254 508 274
432 256 432 269
445 256 445 245
474 256 479 289
535 256 534 271
430 259 429 272
432 259 432 271
474 259 479 292
488 259 482 291
498 259 497 285
519 259 522 295
535 259 535 274
432 261 432 274
496 261 498 295
522 261 469 287
535 261 535 276
538 261 538 276
456 264 463 253
474 264 438 303
535 264 535 279
538 264 538 279
509 267 511 301
535 267 535 282
538 267 538 282
501 269 506 258
517 269 522 269
535 269 535 305
538 269 538 285
435 272 432 238
456 272 484 275
496 272 434 301
533 272 534 295
538 272 538 287
448 275 461 288
488 275 432 307
519 275 521 266
525 275 516 287
538 275 538 292
498 277 437 306
509 277 519 277
511 277 522 280
538 277 538 295
490 280 435 311
493 280 442 311
496 280 445 311
498 280 447 311
501 280 450 311
533 280 534 300
538 280 538 263
488 283 432 314
490 283 435 314
538 283 538 265
522 285 519 295
430 288 430 275
501 288 445 317
506 288 448 316
511 288 454 316
514 288 456 314
522 288 520 298
430 290 430 277
432 290 432 277
443 290 453 290
496 290 440 320
498 290 442 320
501 290 445 319
506 290 448 320
511 290 453 319
514 290 456 317
538 290 538 305
430 293 430 280
474 293 478 301
498 293 443 322
514 293 456 320
517 293 459 320
538 293 538 308
517 296 459 322
519 296 461 322
488 298 487 268
514 298 456 324
517 298 459 325
519 298 461 325
443 304 516 304
459 304 456 307
461 306 459 309
451 309 493 316
451 312 493 319
467 312 463 312
472 312 470 314
472 314 469 316
490 314 487 308
533 314 525 313
535 314 529 313
538 314 538 313
448 317 498 317
459 317 504 319
533 317 525 316
535 317 530 316
445 320 496 319
448 320 498 319
459 320 505 322
432 325 469 324
435 325 480 324
440 325 487 324
477 325 453 325
493 325 463 324
522 325 535 323
535 325 533 323
538 325 538 324
430 327 430 327
440 327 487 327
453 327 474 327
480 327 459 327
482 327 461 327
501 327 515 327
503 327 518 327
517 327 530 327
522 327 535 327
535 327 533 326
538 327 538 327
