430 217 429 216
467 217 471 217
496 219 498 218
430 222 429 220
440 222 437 219
456 222 462 224
482 222 482 223
485 222 484 223
490 222 493 221
493 222 496 221
496 222 499 221
430 224 429 222
432 224 432 222
437 224 435 222
456 224 463 226
464 224 468 220
430 227 429 224
437 227 435 225
461 227 460 230
482 227 479 225
506 227 496 227
509 227 498 226
435 230 432 227
461 230 459 232
525 230 530 227
430 232 429 228
456 232 463 231
469 235 468 234
474 235 474 233
519 238 463 237
525 238 512 229
430 240 429 234
437 240 439 239
443 240 444 241
456 240 447 238
480 240 480 236
498 240 491 232
533 240 532 233
535 240 535 233
435 243 436 242
437 243 439 242
533 243 532 235
535 243 535 236
430 246 430 262
448 246 453 245
525 246 508 235
533 246 527 236
430 248 430 264
482 248 485 238
467 251 469 242
477 251 460 239
482 251 486 240
522 251 519 247
498 254 500 243
525 254 522 251
477 256 475 244
488 256 471 239
530 256 533 255
482 259 485 252
535 259 526 222
443 261 453 252
445 261 455 251
488 261 472 244
432 264 431 261
474 264 461 251
535 264 536 246
482 267 467 251
485 267 470 251
488 267 475 250
535 267 535 290
467 269 456 257
472 269 459 257
464 272 453 259
472 272 459 260
474 272 462 258
493 272 478 252
496 272 480 252
525 272 509 256
538 272 538 233
430 275 430 278
432 275 433 280
496 275 481 255
514 275 494 255
517 275 497 255
430 277 430 281
472 277 460 262
474 277 462 262
482 277 468 259
490 277 475 258
519 277 517 262
535 277 536 260
430 280 429 283
467 280 457 263
474 280 462 264
501 280 483 258
517 280 515 265
525 280 521 264
530 280 532 263
533 280 534 263
535 280 536 263
443 283 444 291
456 283 445 277
469 283 459 267
482 283 468 264
501 283 486 260
514 283 512 267
527 283 526 269
435 285 436 272
440 285 439 294
453 285 443 279
485 285 471 265
498 285 482 263
501 285 486 263
503 285 489 262
435 288 435 275
477 288 465 268
496 288 479 267
501 288 485 266
511 288 506 268
435 290 433 278
456 293 450 280
459 293 452 280
480 293 472 275
517 293 503 266
522 293 514 270
525 293 517 269
538 293 538 280
456 296 450 282
459 296 452 282
461 296 455 282
472 296 462 275
488 296 476 276
493 296 482 275
456 298 449 285
459 298 452 285
464 298 458 285
488 298 477 278
498 298 485 278
511 298 495 274
522 298 510 271
432 301 431 292
456 301 449 288
459 301 452 288
461 301 455 288
464 301 458 288
480 301 471 281
522 301 511 275
527 301 517 276
456 304 450 291
459 304 452 291
477 304 468 284
480 304 471 283
501 304 491 279
506 304 493 279
514 304 499 277
430 306 429 308
432 306 437 302
519 306 507 284
530 306 519 281
525 309 513 281
530 309 519 283
443 312 445 308
464 312 464 297
467 312 467 297
485 312 478 291
488 312 480 291
527 312 516 286
530 312 519 286
440 314 443 310
443 314 445 310
461 314 462 301
464 314 464 300
498 314 489 290
517 314 505 290
435 317 438 313
437 317 440 314
440 317 443 314
474 317 464 287
503 317 524 283
522 317 510 292
530 317 517 289
435 320 438 316
437 320 441 316
490 320 483 295
509 320 488 288
527 320 514 292
530 320 517 291
430 325 429 325
432 325 432 325
501 325 492 299
430 327 429 328
435 327 433 328
472 327 468 328
498 327 471 327
501 327 474 327
506 327 521 328
514 327 486 297
522 327 535 327
525 327 538 327
