430 217 429 216
432 217 432 216
435 217 435 217
437 217 437 217
485 217 483 216
430 219 430 220
456 219 453 219
469 219 467 221
430 222 430 223
451 222 448 222
430 224 430 225
451 224 448 224
461 224 458 226
514 224 506 224
451 227 448 228
464 227 464 227
496 227 487 224
498 227 490 225
448 230 446 229
451 230 450 228
453 230 454 230
459 230 456 232
461 230 458 232
525 235 520 235
527 235 522 235
496 238 488 235
525 238 520 237
527 238 521 237
477 240 475 243
535 240 533 237
485 246 485 248
435 254 432 246
485 259 482 255
432 261 432 262
435 264 432 267
477 264 472 259
485 264 482 260
485 267 480 262
503 267 504 265
430 269 429 272
488 269 483 266
432 272 432 269
490 272 485 266
493 272 488 267
432 275 432 272
482 275 477 270
488 275 482 269
490 275 485 269
493 275 488 270
501 275 496 270
490 277 484 273
493 277 487 272
517 277 509 271
519 277 512 271
538 277 538 280
493 280 488 276
509 280 502 272
538 280 538 282
506 283 501 278
530 283 529 286
535 283 535 285
538 283 538 285
469 285 464 282
506 285 501 281
511 285 505 280
530 285 530 288
533 285 532 288
535 285 535 288
467 288 461 285
469 288 464 285
498 288 493 283
506 288 500 283
511 288 506 283
530 288 530 291
533 288 532 290
535 288 535 290
511 290 506 286
538 290 538 288
456 293 448 285
461 293 457 291
509 293 503 289
511 293 506 289
514 293 509 288
511 296 506 291
522 296 517 291
464 298 458 295
467 298 462 295
474 298 470 294
506 298 501 295
511 298 506 293
522 298 516 293
464 301 459 299
467 301 462 299
469 301 464 295
472 301 467 296
474 301 469 296
519 301 514 296
525 301 521 298
464 304 459 301
469 304 464 298
506 304 501 299
522 304 517 298
527 304 524 302
437 306 438 301
467 306 461 301
469 306 464 301
472 306 467 301
503 306 499 304
522 306 517 301
525 306 519 301
527 306 522 301
530 306 525 304
437 309 438 304
456 309 451 309
461 309 456 304
477 309 471 305
522 309 517 304
525 309 520 304
527 309 522 304
437 312 435 306
469 312 464 307
525 312 520 306
527 312 522 306
533 312 527 309
440 314 437 309
456 314 451 314
477 314 472 310
530 314 525 311
538 314 538 315
459 317 454 317
525 317 520 311
527 317 523 315
530 317 525 314
533 317 527 314
535 317 535 317
538 317 538 317
430 320 429 322
437 320 435 314
443 320 440 315
456 320 451 320
464 320 459 315
482 320 478 315
527 320 523 317
530 320 525 317
533 320 527 317
535 320 530 317
538 320 538 320
430 322 429 325
459 322 454 323
519 322 514 320
527 322 523 319
530 322 527 319
535 322 530 320
538 322 538 323
432 325 432 325
519 325 514 321
522 325 517 321
525 325 520 321
527 325 522 321
530 325 527 322
535 325 535 324
538 325 538 325
430 327 430 328
432 327 432 328
496 327 493 327
514 327 509 324
519 327 511 327
522 327 517 324
525 327 519 324
527 327 522 327
530 327 525 327
533 327 527 327
535 327 530 327
538 327 538 328
