328 149 327 149
343 149 342 149
349 149 348 149
354 149 354 148
323 154 322 154
333 154 327 155
338 154 336 154
343 154 342 154
349 154 347 154
354 154 354 153
359 154 359 153
323 160 316 161
328 160 322 160
333 160 327 160
338 160 333 160
343 160 338 161
349 160 344 160
354 160 350 160
359 160 353 161
364 160 358 161
312 165 306 166
323 165 313 168
328 165 321 166
333 165 327 165
338 165 332 166
343 165 336 166
349 165 343 166
359 165 352 166
364 165 356 166
369 165 362 166
380 165 374 165
312 170 302 173
317 170 308 173
323 170 312 173
328 170 317 173
333 170 321 173
338 170 327 173
343 170 333 173
354 170 344 172
359 170 349 172
364 170 355 172
369 170 362 172
375 170 367 171
380 170 373 170
385 170 380 170
307 175 297 179
312 175 303 178
317 175 307 178
323 175 312 178
328 175 316 178
333 175 321 178
338 175 327 178
343 175 332 178
349 175 338 177
354 175 344 177
359 175 349 177
364 175 354 177
369 175 360 177
380 175 373 176
385 175 379 175
390 175 385 175
307 180 296 184
312 180 302 184
317 180 306 183
323 180 311 184
328 180 316 184
333 180 321 184
338 180 327 183
343 180 332 184
349 180 338 182
359 180 348 182
369 180 359 182
375 180 367 181
385 180 379 181
390 180 385 180
281 186 278 186
286 186 284 187
291 186 291 187
312 186 302 189
317 186 306 189
323 186 310 190
328 186 315 189
333 186 321 189
338 186 326 188
343 186 331 189
349 186 337 187
359 186 349 187
369 186 360 186
385 186 378 186
390 186 384 186
395 186 391 185
281 191 279 192
286 191 285 192
291 191 291 192
297 191 296 191
323 191 310 195
328 191 315 195
333 191 321 195
338 191 326 194
354 191 343 191
359 191 349 192
369 191 360 192
375 191 368 191
380 191 373 192
385 191 378 192
390 191 384 192
395 191 390 190
401 191 398 190
406 191 405 190
276 196 271 197
286 196 280 197
312 196 301 201
317 196 305 200
323 196 310 200
328 196 316 201
333 196 322 200
338 196 328 200
349 196 338 195
375 196 368 197
380 196 373 197
385 196 378 197
390 196 384 196
395 196 391 196
401 196 398 196
406 196 405 195
281 201 276 203
302 201 297 201
333 201 322 205
343 201 333 205
349 201 339 205
364 201 357 201
375 201 368 202
380 201 373 202
390 201 384 202
395 201 390 201
401 201 399 201
406 201 405 200
411 201 412 200
271 206 266 208
333 206 322 211
338 206 328 210
349 206 338 210
364 206 357 208
369 206 362 207
375 206 367 208
380 206 373 207
385 206 379 208
390 206 384 207
395 206 390 206
401 206 400 206
406 206 406 205
260 212 259 211
276 212 271 214
286 212 283 214
302 212 297 212
307 212 301 212
317 212 310 214
323 212 315 215
333 212 323 215
338 212 329 216
349 212 338 216
359 212 350 214
364 212 357 213
380 212 374 213
385 212 380 213
390 212 385 211
395 212 391 211
401 212 400 212
260 217 258 217
297 217 293 219
312 217 305 218
333 217 323 220
338 217 329 220
343 217 334 220
349 217 339 220
364 217 355 218
369 217 363 218
375 217 369 218
380 217 374 217
385 217 380 217
390 217 386 216
395 217 394 217
401 217 400 217
406 217 405 217
265 222 265 223
281 222 279 223
286 222 285 222
291 222 289 223
302 222 297 226
312 222 305 224
333 222 323 225
338 222 329 225
343 222 334 225
354 222 344 225
359 222 353 225
364 222 357 225
369 222 363 224
375 222 369 224
385 222 379 222
390 222 386 223
395 222 394 223
401 222 401 223
411 222 415 222
271 227 270 227
286 227 285 227
291 227 289 228
312 227 305 229
317 227 312 228
328 227 317 230
333 227 322 230
338 227 327 230
343 227 333 230
359 227 354 230
364 227 357 232
369 227 363 231
375 227 369 231
380 227 374 228
401 227 401 228
291 232 287 233
297 232 291 234
302 232 295 234
312 232 307 233
317 232 312 233
328 232 317 235
338 232 327 235
343 232 333 235
354 232 344 235
364 232 358 237
369 232 363 236
380 232 374 235
390 232 387 233
395 232 393 233
401 232 399 234
281 238 281 237
286 238 285 238
297 238 291 239
312 238 306 239
338 238 327 240
343 238 333 240
354 238 344 240
359 238 350 240
364 238 357 241
369 238 362 241
375 238 368 240
380 238 374 240
385 238 382 239
302 243 297 244
312 243 305 245
328 243 319 245
333 243 324 245
359 243 350 247
364 243 357 246
369 243 363 246
375 243 368 245
390 243 388 244
291 248 289 248
302 248 298 249
307 248 302 250
312 248 305 251
343 248 334 251
354 248 344 251
359 248 352 251
364 248 357 251
369 248 363 251
380 248 375 249
385 248 381 249
390 248 388 249
286 253 285 253
302 253 297 254
307 253 300 254
328 253 319 255
333 253 324 255
343 253 334 256
349 253 339 256
359 253 352 257
364 253 357 257
375 253 368 254
380 253 374 254
395 253 393 255
302 258 298 259
317 258 308 260
323 258 313 260
343 258 336 262
359 258 349 261
364 258 354 262
369 258 362 259
375 258 368 259
380 258 374 259
385 258 381 260
395 258 394 259
312 264 303 266
317 264 308 265
323 264 313 265
328 264 318 266
333 264 324 266
338 264 329 266
343 264 337 267
354 264 344 267
359 264 349 267
364 264 355 267
369 264 362 267
375 264 368 265
385 264 381 265
395 264 394 267
312 269 303 271
328 269 319 271
338 269 328 272
359 269 349 272
364 269 355 271
369 269 361 272
312 274 303 276
317 274 308 276
323 274 314 276
328 274 318 277
343 274 333 279
354 274 344 273
359 274 350 278
364 274 355 277
369 274 360 278
375 274 369 275
380 274 375 275
307 279 301 280
317 279 309 281
333 279 323 281
354 279 344 279
359 279 350 282
375 279 368 279
380 279 375 279
307 284 302 286
312 284 305 286
323 284 313 286
328 284 318 286
333 284 323 286
338 284 329 286
343 284 334 285
349 284 339 285
364 284 355 285
369 284 360 284
395 284 396 284
302 290 297 289
307 290 302 290
312 290 306 291
323 290 314 291
328 290 318 291
338 290 328 291
343 290 334 291
349 290 339 291
369 290 363 291
375 290 374 289
385 290 385 289
390 290 391 290
395 290 396 289
401 290 401 290
411 290 409 291
312 295 306 296
317 295 310 296
328 295 319 297
343 295 334 296
369 295 364 295
375 295 374 294
390 295 391 295
395 295 396 295
401 295 401 295
411 295 409 295
416 295 415 295
317 300 313 301
323 300 317 301
328 300 322 301
338 300 329 301
359 300 354 300
369 300 369 300
375 300 374 299
380 300 381 298
385 300 385 300
390 300 391 301
395 300 396 301
411 300 410 300
416 300 415 300
302 305 302 306
317 305 313 306
323 305 317 307
328 305 321 307
333 305 326 306
359 305 354 306
364 305 363 305
369 305 367 306
375 305 374 305
380 305 381 304
385 305 385 305
390 305 391 305
406 305 406 305
312 310 308 311
323 310 317 311
328 310 321 312
333 310 326 312
338 310 331 311
343 310 336 312
349 310 342 312
354 310 348 312
359 310 355 311
364 310 363 310
369 310 369 310
375 310 375 310
380 310 380 310
385 310 385 310
390 310 390 311
395 310 396 310
401 310 401 310
406 310 406 311
317 316 313 316
328 316 328 317
338 316 339 316
343 316 343 316
354 316 354 315
359 316 359 315
364 316 364 316
369 316 369 316
375 316 375 316
380 316 380 316
385 316 385 315
390 316 390 315
395 316 396 316
401 316 401 316
406 316 406 316
411 316 411 316
416 316 416 316
421 316 422 316
427 316 427 316
333 321 334 322
343 321 345 322
349 321 348 321
354 321 353 319
359 321 360 319
364 321 364 321
369 321 369 321
375 321 375 321
380 321 380 321
385 321 385 321
390 321 391 320
395 321 396 321
401 321 401 321
406 321 406 321
411 321 411 321
416 321 416 321
328 326 329 326
338 326 340 327
343 326 345 326
349 326 348 326
354 326 354 325
359 326 359 326
364 326 364 326
375 326 375 327
380 326 380 327
385 326 385 326
390 326 390 326
395 326 396 326
401 326 401 327
406 326 406 326
411 326 411 326
416 326 416 326
421 326 421 327
427 326 427 326
432 326 432 326
323 331 324 331
328 331 329 332
333 331 334 332
343 331 344 330
349 331 349 331
354 331 354 331
359 331 358 333
364 331 363 331
369 331 369 332
375 331 375 332
380 331 380 332
385 331 385 331
390 331 390 332
395 331 395 331
401 331 401 332
406 331 406 332
411 331 411 332
416 331 416 332
427 331 426 332
317 336 318 336
323 336 324 337
328 336 329 337
333 336 334 337
349 336 349 337
359 336 358 337
364 336 364 336
369 336 369 337
375 336 375 336
380 336 380 337
385 336 385 337
390 336 390 337
395 336 395 337
401 336 401 337
406 336 406 337
411 336 411 337
416 336 416 337
421 336 421 337
427 336 426 336
432 336 431 337
