323 149 323 150
328 149 327 150
338 149 338 149
343 149 343 149
349 149 349 150
354 149 354 150
364 149 364 149
369 149 370 150
312 154 312 155
323 154 323 154
328 154 328 154
333 154 333 155
338 154 338 155
343 154 343 154
349 154 349 154
354 154 354 154
359 154 359 154
364 154 364 154
369 154 369 155
375 154 374 155
380 154 380 154
312 160 312 160
317 160 317 160
323 160 322 160
328 160 328 160
333 160 333 160
338 160 338 160
343 160 343 160
349 160 348 160
354 160 353 160
359 160 358 160
364 160 364 160
369 160 369 160
375 160 374 160
380 160 380 159
302 165 302 165
307 165 307 165
312 165 311 165
317 165 317 165
323 165 322 165
328 165 327 165
333 165 332 165
338 165 337 165
343 165 343 165
349 165 348 165
359 165 358 165
364 165 363 165
369 165 368 165
375 165 373 165
380 165 379 165
385 165 385 165
390 165 390 164
291 170 291 170
297 170 296 170
302 170 302 170
307 170 306 170
312 170 311 170
317 170 316 170
323 170 321 171
328 170 327 171
333 170 332 170
338 170 337 170
343 170 342 170
349 170 348 171
354 170 353 170
359 170 358 170
364 170 363 171
369 170 368 171
375 170 373 170
380 170 379 170
385 170 384 170
390 170 390 170
395 170 395 170
286 175 286 175
291 175 291 176
297 175 296 175
302 175 301 175
307 175 306 176
312 175 311 176
317 175 316 176
323 175 321 176
328 175 326 176
333 175 332 176
338 175 337 176
343 175 342 176
349 175 348 175
354 175 353 175
359 175 358 175
364 175 363 175
369 175 368 175
375 175 373 176
380 175 379 175
385 175 384 175
390 175 390 175
395 175 395 175
401 175 400 175
276 180 275 181
281 180 281 181
286 180 286 181
291 180 291 180
297 180 296 181
302 180 300 181
307 180 306 181
312 180 311 181
317 180 317 181
323 180 321 181
328 180 326 181
333 180 332 181
338 180 337 181
343 180 342 181
349 180 348 181
354 180 353 180
359 180 358 181
364 180 363 180
369 180 368 179
375 180 373 180
380 180 379 180
385 180 384 180
390 180 390 180
395 180 395 180
401 180 401 180
271 186 271 185
276 186 276 186
281 186 281 186
286 186 285 186
291 186 291 186
297 186 296 186
302 186 301 186
307 186 306 186
312 186 311 186
317 186 316 186
323 186 322 186
328 186 327 186
333 186 331 186
343 186 342 186
349 186 347 185
354 186 353 185
359 186 359 185
364 186 364 186
369 186 368 186
375 186 374 187
380 186 379 186
385 186 384 185
390 186 389 185
395 186 395 185
401 186 400 185
406 186 406 186
271 191 270 191
276 191 275 191
281 191 280 191
286 191 285 192
291 191 291 192
297 191 296 191
302 191 301 190
307 191 306 190
312 191 311 191
317 191 316 191
323 191 321 192
328 191 327 191
333 191 331 191
338 191 337 191
343 191 342 191
349 191 347 191
354 191 353 191
359 191 360 190
364 191 364 191
369 191 368 191
375 191 374 192
380 191 379 191
385 191 384 191
390 191 390 191
395 191 395 191
401 191 401 190
406 191 406 191
271 196 271 195
276 196 275 196
281 196 280 196
286 196 285 197
291 196 291 196
297 196 295 196
302 196 301 196
307 196 306 196
312 196 311 197
317 196 316 197
323 196 321 197
328 196 326 197
338 196 337 196
343 196 342 197
349 196 347 196
354 196 353 196
359 196 359 196
364 196 363 196
369 196 369 196
375 196 374 196
380 196 379 196
385 196 384 196
390 196 390 196
395 196 395 197
401 196 401 196
406 196 406 196
265 201 267 201
271 201 270 202
276 201 275 201
281 201 280 201
286 201 285 201
291 201 291 202
297 201 296 201
302 201 301 201
307 201 306 201
312 201 311 201
317 201 317 201
323 201 322 202
328 201 327 202
333 201 331 202
338 201 337 202
343 201 342 202
349 201 347 202
354 201 352 202
359 201 358 202
364 201 363 201
369 201 369 201
375 201 374 202
380 201 379 202
385 201 384 202
390 201 390 201
395 201 395 201
401 201 401 201
406 201 406 201
411 201 411 201
260 206 262 206
265 206 267 206
271 206 271 207
276 206 275 207
281 206 280 207
286 206 286 207
291 206 290 206
297 206 295 206
302 206 301 206
323 206 323 207
338 206 338 207
343 206 343 207
349 206 347 207
354 206 353 207
359 206 358 206
364 206 364 207
369 206 369 207
375 206 374 207
380 206 378 207
385 206 384 207
390 206 390 207
395 206 396 206
401 206 401 206
406 206 406 206
411 206 411 206
271 212 270 212
276 212 275 212
281 212 280 212
286 212 285 212
291 212 291 212
297 212 296 212
302 212 300 211
307 212 306 211
317 212 318 211
323 212 323 212
328 212 328 212
333 212 332 212
338 212 338 212
343 212 343 212
349 212 347 212
354 212 353 212
359 212 358 212
364 212 363 212
369 212 369 212
375 212 374 212
380 212 379 212
385 212 384 212
390 212 390 211
395 212 395 212
401 212 401 212
406 212 406 212
411 212 411 212
265 217 260 217
271 217 270 217
276 217 276 217
281 217 281 217
286 217 286 217
291 217 291 217
297 217 296 217
302 217 301 216
307 217 306 216
312 217 311 217
317 217 318 216
323 217 322 217
328 217 328 217
333 217 333 217
343 217 342 217
349 217 348 217
354 217 354 217
359 217 359 217
364 217 364 217
369 217 369 217
375 217 374 217
380 217 379 217
385 217 384 217
390 217 390 217
395 217 395 217
401 217 401 217
406 217 406 217
411 217 411 217
276 222 276 223
281 222 281 222
286 222 286 222
291 222 291 222
297 222 296 223
302 222 302 222
307 222 307 223
312 222 312 223
317 222 317 223
323 222 321 223
328 222 327 223
333 222 333 222
338 222 337 222
343 222 342 222
349 222 348 222
359 222 358 222
364 222 363 222
369 222 369 223
375 222 374 222
380 222 379 222
385 222 385 222
390 222 390 222
395 222 396 222
401 222 401 222
406 222 406 222
411 222 411 222
276 227 276 228
281 227 281 227
286 227 286 227
291 227 291 227
297 227 296 228
302 227 302 228
307 227 307 228
312 227 312 228
317 227 317 228
323 227 321 228
328 227 327 228
333 227 332 228
338 227 337 228
343 227 343 228
349 227 348 228
354 227 353 227
359 227 358 228
364 227 363 228
369 227 369 228
375 227 374 228
380 227 379 228
385 227 385 227
390 227 390 227
395 227 395 228
401 227 400 227
406 227 406 227
411 227 411 226
286 232 286 232
291 232 291 233
297 232 296 233
302 232 301 233
307 232 306 233
312 232 311 233
317 232 317 233
323 232 322 233
328 232 326 233
333 232 332 233
338 232 337 233
343 232 343 233
349 232 347 233
354 232 352 233
359 232 358 233
364 232 363 234
369 232 368 233
375 232 374 233
380 232 379 233
385 232 385 233
390 232 390 233
395 232 395 233
401 232 400 233
286 238 286 237
291 238 291 238
297 238 296 238
302 238 301 239
312 238 312 239
317 238 317 239
323 238 322 237
328 238 327 238
333 238 333 238
338 238 337 238
343 238 342 238
349 238 347 238
354 238 353 238
359 238 357 239
364 238 364 238
369 238 368 238
375 238 374 238
380 238 379 238
385 238 385 238
390 238 390 238
395 238 395 238
401 238 400 238
286 243 287 243
291 243 291 243
297 243 296 243
302 243 302 243
307 243 307 243
312 243 312 244
317 243 316 244
323 243 322 243
328 243 327 243
333 243 332 243
338 243 337 243
343 243 343 243
349 243 347 243
354 243 353 243
359 243 358 244
364 243 363 243
369 243 368 243
375 243 374 243
380 243 379 243
385 243 385 243
390 243 390 243
395 243 395 243
401 243 401 243
286 248 286 247
291 248 291 248
297 248 296 248
302 248 301 248
307 248 306 249
312 248 311 249
317 248 316 248
323 248 322 248
328 248 327 248
333 248 332 248
338 248 337 248
343 248 343 248
349 248 348 249
354 248 353 248
359 248 358 248
364 248 363 248
369 248 368 248
375 248 374 248
380 248 379 248
385 248 385 248
390 248 390 248
395 248 395 249
401 248 401 249
411 248 411 248
416 248 415 247
286 253 286 252
291 253 291 253
297 253 296 253
302 253 301 253
307 253 306 253
312 253 311 253
317 253 316 253
323 253 322 253
328 253 327 253
333 253 332 254
338 253 338 254
349 253 347 254
354 253 353 253
359 253 358 253
364 253 363 254
369 253 369 253
375 253 374 253
380 253 379 254
385 253 385 253
390 253 390 254
395 253 395 253
401 253 400 253
411 253 411 253
286 258 287 259
291 258 292 258
297 258 297 258
302 258 301 258
307 258 306 258
312 258 311 259
317 258 316 259
323 258 321 259
328 258 327 259
333 258 332 259
338 258 337 259
349 258 347 258
359 258 358 258
364 258 364 258
369 258 369 258
375 258 374 259
380 258 379 258
385 258 384 258
390 258 390 258
395 258 395 259
401 258 399 260
291 264 292 264
297 264 297 264
302 264 301 264
307 264 306 264
312 264 311 264
317 264 316 264
323 264 321 264
328 264 327 264
333 264 332 264
349 264 348 264
354 264 353 264
359 264 358 264
364 264 364 263
369 264 369 263
375 264 374 265
380 264 380 264
385 264 385 263
390 264 390 264
395 264 394 265
291 269 292 269
297 269 296 269
302 269 301 269
307 269 306 270
312 269 311 269
317 269 316 269
323 269 322 269
328 269 327 269
333 269 332 270
338 269 337 269
343 269 342 269
349 269 348 269
354 269 353 269
359 269 359 269
364 269 363 269
369 269 369 269
375 269 374 269
380 269 379 269
385 269 385 269
390 269 390 269
395 269 395 269
291 274 291 273
297 274 296 273
302 274 301 274
307 274 306 274
312 274 311 274
317 274 317 274
323 274 321 274
328 274 326 275
333 274 332 275
338 274 338 275
349 274 348 274
354 274 353 274
359 274 358 275
364 274 363 275
369 274 369 274
375 274 373 274
380 274 379 274
385 274 385 273
390 274 390 274
395 274 396 275
401 274 400 278
406 274 405 278
297 279 296 278
302 279 301 279
307 279 306 279
312 279 311 280
317 279 317 279
323 279 322 279
328 279 326 279
333 279 332 280
338 279 338 280
349 279 348 279
354 279 353 279
359 279 358 280
364 279 363 280
369 279 368 280
375 279 374 280
380 279 379 279
385 279 385 278
390 279 390 279
297 284 297 284
302 284 301 284
307 284 306 285
312 284 311 285
317 284 317 285
323 284 322 285
328 284 327 285
333 284 332 285
338 284 337 285
349 284 348 285
354 284 354 285
359 284 358 285
364 284 363 285
369 284 368 285
375 284 374 285
380 284 380 284
390 284 390 284
411 284 409 285
297 290 295 289
302 290 301 290
307 290 306 290
312 290 311 290
317 290 316 290
323 290 322 290
328 290 327 290
333 290 332 290
343 290 342 290
349 290 348 290
354 290 354 291
359 290 359 290
364 290 364 290
369 290 369 290
375 290 374 289
380 290 380 289
385 290 385 289
390 290 390 290
395 290 395 289
411 290 409 291
297 295 296 295
302 295 301 294
307 295 306 295
312 295 311 295
317 295 316 295
323 295 321 295
328 295 327 295
338 295 337 295
343 295 342 295
349 295 347 295
354 295 353 295
359 295 359 295
364 295 364 295
369 295 369 295
375 295 374 294
385 295 385 294
390 295 390 295
395 295 395 295
401 295 401 295
297 300 297 301
302 300 301 300
307 300 307 300
312 300 312 300
317 300 317 301
323 300 322 301
328 300 327 301
333 300 332 301
343 300 342 300
349 300 348 300
354 300 353 299
359 300 358 300
364 300 364 301
369 300 369 300
375 300 374 300
380 300 380 299
385 300 385 300
390 300 391 300
395 300 396 301
401 300 401 300
411 300 411 300
416 300 416 300
307 305 305 305
312 305 312 306
317 305 317 306
323 305 322 306
328 305 327 306
333 305 332 305
338 305 337 305
343 305 343 306
349 305 348 305
354 305 354 307
359 305 358 305
364 305 364 305
369 305 369 306
375 305 375 305
380 305 380 305
385 305 386 305
390 305 390 306
395 305 396 306
401 305 401 306
307 310 306 310
312 310 312 310
317 310 317 311
323 310 322 311
328 310 327 311
333 310 332 311
338 310 338 311
343 310 343 311
349 310 348 311
354 310 353 312
359 310 358 311
364 310 365 310
369 310 370 309
375 310 376 309
380 310 380 310
385 310 385 310
390 310 390 310
395 310 396 311
401 310 401 311
406 310 406 311
411 310 411 311
432 310 432 311
437 310 437 310
442 310 442 310
307 316 307 315
317 316 317 316
328 316 328 316
338 316 338 316
343 316 343 316
349 316 348 315
359 316 358 316
364 316 365 315
369 316 370 315
375 316 375 315
380 316 379 315
385 316 385 315
390 316 390 315
395 316 396 316
401 316 400 316
406 316 406 316
411 316 411 316
416 316 416 316
421 316 421 316
427 316 426 316
437 316 437 316
442 316 442 316
312 321 312 321
317 321 317 321
328 321 328 321
333 321 334 321
338 321 339 322
343 321 344 322
349 321 348 321
354 321 353 320
359 321 358 321
364 321 364 321
369 321 369 321
375 321 374 322
380 321 380 321
385 321 385 321
390 321 390 321
395 321 396 321
401 321 400 321
406 321 406 321
411 321 411 321
416 321 416 321
421 321 421 320
427 321 427 321
442 321 442 321
307 326 307 326
312 326 313 326
323 326 323 326
328 326 329 326
333 326 333 326
338 326 338 326
343 326 343 326
349 326 348 326
354 326 353 326
359 326 359 326
364 326 364 326
369 326 369 327
375 326 375 328
380 326 380 327
385 326 385 327
390 326 390 326
395 326 396 326
401 326 401 326
406 326 406 326
411 326 411 326
416 326 416 326
421 326 421 326
427 326 427 327
442 326 442 327
302 331 302 331
307 331 307 331
312 331 313 331
317 331 319 330
323 331 324 330
328 331 329 331
333 331 333 331
343 331 343 330
349 331 349 332
354 331 355 330
364 331 364 331
369 331 369 331
375 331 375 332
380 331 380 332
385 331 385 331
390 331 390 331
395 331 395 331
401 331 401 331
406 331 406 331
411 331 411 331
416 331 416 332
421 331 421 332
427 331 427 332
432 331 431 330
302 336 302 336
307 336 307 337
312 336 312 336
323 336 324 335
328 336 328 336
333 336 333 336
338 336 338 336
343 336 343 336
349 336 349 337
359 336 359 336
364 336 364 337
369 336 369 336
375 336 374 336
380 336 380 337
385 336 385 337
390 336 390 337
395 336 395 336
401 336 401 336
406 336 406 337
411 336 411 336
416 336 416 336
421 336 421 336
427 336 426 337
432 336 432 337
437 336 437 337
442 336 442 337
