406 181 354 16
510 181 482 25
528 181 513 20
406 198 357 30
441 198 402 13
458 198 424 12
476 198 446 9
510 198 486 46
528 198 503 42
545 198 517 40
562 198 533 35
371 215 318 57
389 215 338 52
406 215 359 50
424 215 381 46
441 215 404 39
458 215 424 34
493 215 467 66
528 215 504 64
545 215 521 61
562 215 541 60
580 215 560 57
354 233 295 77
371 233 317 76
389 233 339 74
406 233 362 72
441 233 404 64
458 233 428 60
476 233 447 67
493 233 480 72
510 233 499 76
562 233 543 83
580 233 561 81
597 233 577 83
319 250 261 94
354 250 296 97
371 250 318 95
389 250 343 95
406 250 363 94
424 250 386 93
476 250 450 87
493 250 472 87
510 250 493 87
528 250 512 87
545 250 523 107
562 250 544 102
285 267 210 132
302 267 229 125
319 267 251 123
337 267 274 120
354 267 298 118
371 267 321 118
389 267 343 118
406 267 369 116
424 267 389 114
441 267 410 112
458 267 431 111
476 267 452 108
493 267 473 108
510 267 494 107
545 267 525 125
562 267 544 122
580 267 573 109
267 285 196 156
285 285 214 151
302 285 234 147
319 285 255 145
337 285 277 143
354 285 299 140
371 285 321 138
389 285 345 137
406 285 368 136
424 285 389 135
441 285 411 134
458 285 432 132
476 285 454 130
493 285 475 129
510 285 493 126
545 285 525 142
562 285 547 142
580 285 575 127
267 302 198 177
285 302 219 173
302 302 240 170
319 302 259 167
337 302 279 165
354 302 302 163
371 302 324 161
389 302 347 159
406 302 369 157
424 302 391 156
441 302 412 154
458 302 435 154
476 302 456 151
493 302 476 150
528 302 509 162
545 302 526 160
562 302 557 144
580 302 578 144
198 319 128 212
215 319 144 207
233 319 163 204
250 319 185 199
267 319 208 197
285 319 227 194
302 319 243 192
319 319 263 189
337 319 284 186
354 319 305 183
371 319 327 181
389 319 349 180
406 319 370 178
424 319 393 177
441 319 414 174
458 319 435 173
476 319 457 171
493 319 478 171
562 319 558 164
198 337 129 229
215 337 147 224
233 337 181 222
250 337 195 220
267 337 217 218
302 337 250 212
319 337 269 213
337 337 288 208
354 337 307 205
371 337 329 203
389 337 351 201
406 337 372 199
424 337 391 195
441 337 416 196
458 337 437 194
476 337 457 191
493 337 478 192
510 337 498 192
545 337 533 187
562 337 560 181
233 354 189 245
250 354 200 240
267 354 222 239
302 354 255 235
319 354 272 231
337 354 291 229
354 354 311 227
371 354 333 224
389 354 352 222
406 354 374 220
424 354 392 217
441 354 417 217
458 354 439 214
476 354 459 212
493 354 480 211
510 354 499 212
528 354 517 209
545 354 538 206
562 354 562 195
250 371 206 260
267 371 228 257
285 371 244 258
319 371 274 249
337 371 294 249
354 371 316 247
371 371 337 245
389 371 358 243
406 371 379 241
424 371 399 240
441 371 419 236
458 371 440 235
476 371 461 234
493 371 481 232
510 371 501 232
528 371 520 228
545 371 539 226
250 389 210 276
267 389 232 278
285 389 249 281
302 389 268 274
319 389 281 270
337 389 300 269
354 389 322 267
371 389 342 264
389 389 364 262
406 389 382 262
424 389 402 260
441 389 422 257
458 389 442 255
493 389 481 251
510 389 500 251
528 389 520 248
233 406 190 302
250 406 207 301
267 406 243 300
302 406 271 290
319 406 289 289
337 406 307 287
354 406 326 286
371 406 346 283
406 406 384 280
424 406 402 278
441 406 423 276
458 406 443 274
476 406 464 272
493 406 482 270
510 406 500 270
528 406 517 270
545 406 536 267
562 406 553 263
215 424 176 320
233 424 193 321
302 424 269 309
319 424 294 306
337 424 312 304
354 424 330 302
371 424 349 301
389 424 369 299
406 424 387 297
424 424 405 297
441 424 424 293
458 424 444 292
476 424 464 290
510 424 501 288
545 424 539 285
562 424 557 281
580 424 575 281
198 441 160 339
215 441 176 341
285 441 247 311
319 441 299 323
337 441 316 321
354 441 335 319
371 441 353 319
389 441 371 317
406 441 389 315
424 441 408 314
441 441 428 313
476 441 466 310
510 441 501 306
528 441 520 306
545 441 539 303
562 441 559 299
580 441 576 298
319 458 287 346
337 458 320 340
354 458 339 337
371 458 357 335
389 458 375 334
406 458 392 332
424 458 409 331
441 458 427 329
476 458 468 327
493 458 484 322
510 458 500 323
528 458 521 326
545 458 542 321
562 458 559 318
580 458 576 319
198 476 180 375
337 476 323 364
354 476 343 357
371 476 361 354
389 476 378 351
406 476 395 349
493 476 485 343
528 476 523 344
545 476 542 341
