1.000000000000000000e+00 0.000000000000000000e+00 0.000000000000000000e+00 5.831152200698852539e-02
0.000000000000000000e+00 1.000000000000000000e+00 0.000000000000000000e+00 -2.219620198011398315e-01
0.000000000000000000e+00 0.000000000000000000e+00 1.000000000000000000e+00 -7.369999885559082031e-01
0.000000000000000000e+00 0.000000000000000000e+00 0.000000000000000000e+00 1.000000000000000000e+00
9.963017702102661133e-01 -6.429976969957351685e-02 5.698987096548080444e-02 6.539274007081985474e-02
6.031092628836631775e-02 9.957817196846008301e-01 6.914595514535903931e-02 -2.304593026638031006e-01
-6.119558587670326233e-02 -6.545313447713851929e-02 9.959774613380432129e-01 -6.995818018913269043e-01
0.000000000000000000e+00 0.000000000000000000e+00 0.000000000000000000e+00 1.000000000000000000e+00
9.861370921134948730e-01 -9.154794365167617798e-02 1.383927017450332642e-01 6.991551071405410767e-02
7.901783287525177002e-02 9.924805760383605957e-01 9.348089247941970825e-02 -2.359790652990341187e-01
-1.459100544452667236e-01 -8.124942332506179810e-02 9.859555363655090332e-01 -6.962021589279174805e-01
0.000000000000000000e+00 0.000000000000000000e+00 0.000000000000000000e+00 1.000000000000000000e+00
9.665348529815673828e-01 -1.300612986087799072e-01 2.211207449436187744e-01 6.909168511629104614e-02
1.061675399541854858e-01 9.874699115753173828e-01 1.167549118399620056e-01 -2.403267920017242432e-01
-2.335353493690490723e-01 -8.937177062034606934e-02 9.682321548461914062e-01 -6.904833316802978516e-01
0.000000000000000000e+00 0.000000000000000000e+00 0.000000000000000000e+00 1.000000000000000000e+00
9.421998858451843262e-01 -1.665563136339187622e-01 2.907205224037170410e-01 5.732068419456481934e-02
1.449965536594390869e-01 9.849233031272888184e-01 9.434994310140609741e-02 -2.474478036165237427e-01
-3.020520508289337158e-01 -4.674300178885459900e-02 9.521446824073791504e-01 -6.825482845306396484e-01
0.000000000000000000e+00 0.000000000000000000e+00 0.000000000000000000e+00 1.000000000000000000e+00
9.168602228164672852e-01 -1.569874882698059082e-01 3.670451045036315918e-01 4.148691892623901367e-02
1.124002560973167419e-01 9.837529063224792480e-01 1.399868726730346680e-01 -2.553635537624359131e-01
-3.830578923225402832e-01 -8.709236234426498413e-02 9.196094274520874023e-01 -6.577969789505004883e-01
0.000000000000000000e+00 0.000000000000000000e+00 0.000000000000000000e+00 1.000000000000000000e+00
9.019345045089721680e-01 -1.639057844877243042e-01 3.995608687400817871e-01 4.160314798355102539e-02
7.735918462276458740e-02 9.715340137481689453e-01 2.239134758710861206e-01 -2.536544799804687500e-01
-4.248876571655273438e-01 -1.710455566644668579e-01 8.889396190643310547e-01 -6.283415555953979492e-01
0.000000000000000000e+00 0.000000000000000000e+00 0.000000000000000000e+00 1.000000000000000000e+00
8.749849200248718262e-01 -1.751006543636322021e-01 4.513767063617706299e-01 4.463976621627807617e-02
4.107945412397384644e-02 9.557963013648986816e-01 2.911460697650909424e-01 -2.643386721611022949e-01
-4.824040532112121582e-01 -2.362060397863388062e-01 8.435003161430358887e-01 -6.057094931602478027e-01
0.000000000000000000e+00 0.000000000000000000e+00 0.000000000000000000e+00 1.000000000000000000e+00
8.593670725822448730e-01 -1.959967762231826782e-01 4.723063707351684570e-01 4.960221052169799805e-02
7.944893091917037964e-03 9.286358356475830078e-01 3.709073662757873535e-01 -2.702398598194122314e-01
-5.112972259521484375e-01 -3.149931430816650391e-01 7.995962500572204590e-01 -5.863549709320068359e-01
0.000000000000000000e+00 0.000000000000000000e+00 0.000000000000000000e+00 1.000000000000000000e+00
8.792598843574523926e-01 -2.118000537157058716e-01 4.266645610332489014e-01 6.054609268903732300e-02
-3.235668176785111427e-03 8.930339217185974121e-01 4.499776661396026611e-01 -2.999144196510314941e-01
-4.763312339782714844e-01 -3.970278203487396240e-01 7.845236063003540039e-01 -5.343803167343139648e-01
0.000000000000000000e+00 0.000000000000000000e+00 0.000000000000000000e+00 1.000000000000000000e+00
8.620485663414001465e-01 -2.607701420783996582e-01 4.345929920673370361e-01 8.753295242786407471e-02
-1.144125219434499741e-02 8.472494482994079590e-01 5.310718417167663574e-01 -3.148993551731109619e-01
-5.066964030265808105e-01 -4.627819359302520752e-01 7.273865938186645508e-01 -4.740110039710998535e-01
0.000000000000000000e+00 0.000000000000000000e+00 0.000000000000000000e+00 1.000000000000000000e+00
8.347829580307006836e-01 -2.970939576625823975e-01 4.635433256626129150e-01 1.026112586259841919e-01
-4.562838375568389893e-02 8.016932606697082520e-01 5.959914326667785645e-01 -3.207133710384368896e-01
-5.486850738525390625e-01 -5.186741948127746582e-01 6.556839346885681152e-01 -4.478595852851867676e-01
0.000000000000000000e+00 0.000000000000000000e+00 0.000000000000000000e+00 1.000000000000000000e+00
8.049520254135131836e-01 -3.196838498115539551e-01 4.998542964458465576e-01 1.083460599184036255e-01
-9.202978014945983887e-02 7.649782299995422363e-01 6.374469995498657227e-01 -3.312780857086181641e-01
-5.861592292785644531e-01 -5.591157674789428711e-01 5.863503217697143555e-01 -4.385935366153717041e-01
0.000000000000000000e+00 0.000000000000000000e+00 0.000000000000000000e+00 1.000000000000000000e+00
7.833600640296936035e-01 -3.226395547389984131e-01 5.312727093696594238e-01 1.102763786911964417e-01
-1.539936512708663940e-01 7.273420095443725586e-01 6.687746047973632812e-01 -3.553681969642639160e-01
-6.021901369094848633e-01 -6.057039499282836914e-01 5.200862288475036621e-01 -4.312474727630615234e-01
0.000000000000000000e+00 0.000000000000000000e+00 0.000000000000000000e+00 1.000000000000000000e+00
8.103899359703063965e-01 -3.419091403484344482e-01 4.757796227931976318e-01 1.278116703033447266e-01
-1.539054811000823975e-01 6.593136787414550781e-01 7.359473705291748047e-01 -4.011699855327606201e-01
-5.653151273727416992e-01 -6.696294546127319336e-01 4.816794693470001221e-01 -4.269025921821594238e-01
0.000000000000000000e+00 0.000000000000000000e+00 0.000000000000000000e+00 1.000000000000000000e+00
8.418495059013366699e-01 -3.724472522735595703e-01 3.906051218509674072e-01 1.489800661802291870e-01
-7.387247681617736816e-02 6.374006867408752441e-01 7.669830918312072754e-01 -3.949225246906280518e-01
-5.346327424049377441e-01 -6.745392680168151855e-01 5.090818405151367188e-01 -4.215353429317474365e-01
0.000000000000000000e+00 0.000000000000000000e+00 0.000000000000000000e+00 1.000000000000000000e+00
8.582568764686584473e-01 -3.729211091995239258e-01 3.525973558425903320e-01 1.491661816835403442e-01
-5.736840423196554184e-03 6.800153851509094238e-01 7.331752181053161621e-01 -4.090874791145324707e-01
-5.131882429122924805e-01 -6.312754154205322266e-01 5.814885497093200684e-01 -4.257894456386566162e-01
0.000000000000000000e+00 0.000000000000000000e+00 0.000000000000000000e+00 1.000000000000000000e+00
8.463598489761352539e-01 -3.138152658939361572e-01 4.303426742553710938e-01 1.236801147460937500e-01
-7.891894131898880005e-02 7.251766920089721680e-01 6.840251684188842773e-01 -4.689895808696746826e-01
-5.267320275306701660e-01 -6.128935813903808594e-01 5.889945030212402344e-01 -4.536272287368774414e-01
0.000000000000000000e+00 0.000000000000000000e+00 0.000000000000000000e+00 1.000000000000000000e+00
8.205692172050476074e-01 -2.267319858074188232e-01 5.246509909629821777e-01 6.493519246578216553e-02
-1.636582762002944946e-01 7.863020896911621094e-01 5.957724452018737793e-01 -5.631190538406372070e-01
-5.476148128509521484e-01 -5.747359395027160645e-01 6.081086993217468262e-01 -4.949213266372680664e-01
0.000000000000000000e+00 0.000000000000000000e+00 0.000000000000000000e+00 1.000000000000000000e+00
8.325275182723999023e-01 -1.726599633693695068e-01 5.263898968696594238e-01 6.649922579526901245e-02
-1.518306583166122437e-01 8.426932096481323242e-01 5.165418386459350586e-01 -4.556577205657958984e-01
-5.327712893486022949e-01 -5.099574327468872070e-01 6.753501892089843750e-01 -4.861790835857391357e-01
0.000000000000000000e+00 0.000000000000000000e+00 0.000000000000000000e+00 1.000000000000000000e+00
8.311832547187805176e-01 -9.343718737363815308e-02 5.480909943580627441e-01 5.095244571566581726e-02
-1.919663399457931519e-01 8.769306540489196777e-01 4.406147599220275879e-01 -4.371933937072753906e-01
-5.218076109886169434e-01 -4.714466333389282227e-01 7.109532952308654785e-01 -4.887197315692901611e-01
0.000000000000000000e+00 0.000000000000000000e+00 0.000000000000000000e+00 1.000000000000000000e+00
