430 217 430 217
435 217 434 216
437 217 437 216
443 217 439 216
443 219 446 219
459 219 502 220
430 222 429 221
435 222 434 219
437 222 437 219
511 222 487 219
517 222 493 221
519 222 495 221
522 222 498 220
430 224 430 224
432 224 432 223
437 224 435 223
453 224 449 221
511 224 487 222
430 227 429 226
430 230 429 229
519 232 525 267
522 232 528 266
437 235 433 235
522 235 528 268
525 235 530 268
467 238 443 312
522 238 528 271
503 240 518 232
482 248 526 250
490 248 504 307
506 248 525 223
482 251 526 252
482 254 525 238
538 254 538 232
493 259 509 252
538 259 538 235
493 261 509 254
535 261 535 236
533 264 531 293
535 264 534 292
496 267 513 259
477 269 507 284
480 269 510 283
485 272 497 277
538 272 538 274
443 275 440 310
485 275 497 279
525 275 531 310
527 275 532 256
535 275 533 280
538 275 538 277
440 277 442 283
506 277 520 246
533 277 530 281
435 280 440 283
443 280 446 286
456 280 467 316
485 280 508 295
517 280 513 236
535 280 536 311
538 280 538 280
435 283 440 286
440 283 443 288
443 283 446 288
445 283 449 288
482 283 502 273
514 283 510 239
517 283 512 239
445 285 449 291
451 285 457 301
474 285 511 265
533 285 528 252
437 288 441 295
464 288 518 280
533 288 529 255
432 290 433 302
509 290 506 301
533 290 529 257
448 293 450 224
506 293 504 302
445 296 447 226
480 296 504 270
509 296 507 304
519 296 512 297
430 298 429 311
432 298 432 311
435 298 482 295
459 298 447 297
519 298 532 236
530 298 532 295
430 301 430 313
469 301 488 274
474 301 493 274
522 301 526 270
527 301 530 298
530 301 532 298
437 304 442 231
440 304 444 231
453 304 455 229
456 304 459 229
474 304 492 236
517 304 512 306
519 304 528 292
527 304 530 301
435 306 439 234
437 306 442 234
440 306 445 233
443 306 448 232
514 306 510 309
435 309 440 237
437 309 442 236
448 309 453 232
461 309 465 230
435 312 439 240
440 312 445 236
459 312 465 233
477 312 483 231
496 312 493 312
530 312 534 315
456 314 462 234
440 317 446 242
445 317 454 243
533 317 535 320
482 320 489 236
517 320 518 317
530 320 532 322
437 322 447 251
482 322 493 242
533 322 535 323
538 322 538 323
482 325 490 239
503 325 476 325
517 325 518 326
525 325 530 324
533 325 536 326
538 325 538 326
464 327 465 327
485 327 500 328
490 327 507 327
493 327 510 328
501 327 474 328
503 327 476 328
533 327 524 328
