435 217 473 217
477 217 456 227
509 217 520 216
511 217 523 217
514 217 498 216
519 217 507 216
522 217 509 216
525 217 512 216
538 217 538 217
430 219 430 220
480 219 459 227
482 219 462 227
519 219 503 221
538 219 538 219
432 222 432 228
435 222 435 228
437 222 438 228
440 222 440 229
448 222 440 223
482 222 462 230
517 222 495 229
538 222 538 222
432 224 432 231
435 224 435 231
440 224 440 231
474 224 448 232
482 224 462 233
506 224 483 228
514 224 492 229
530 224 519 227
538 224 538 225
496 227 473 230
533 227 531 252
538 227 538 228
472 230 446 235
506 230 504 253
511 230 489 233
533 230 532 255
451 232 451 240
456 232 464 244
472 232 505 237
474 232 508 237
506 232 504 256
538 232 538 236
451 235 453 243
482 235 490 267
517 235 497 233
527 235 510 245
533 235 530 238
538 235 538 238
432 238 434 256
472 238 455 257
527 238 510 248
530 238 526 262
533 238 530 241
535 238 533 241
432 240 434 258
467 240 467 249
477 240 478 246
522 240 507 250
527 240 510 251
533 240 531 259
430 243 430 261
432 243 434 261
467 243 466 251
477 243 478 249
435 246 437 247
467 246 466 255
496 246 446 273
514 246 507 265
530 246 528 269
432 248 433 250
480 248 471 249
496 248 447 276
519 248 497 253
533 248 531 273
535 248 531 266
435 251 431 242
437 251 433 242
517 251 493 256
519 251 496 256
533 251 530 276
445 254 443 291
514 254 491 259
517 254 522 284
430 256 429 245
464 256 443 264
488 256 480 257
538 256 538 280
477 259 462 277
488 259 480 260
503 259 479 264
509 259 521 247
511 259 487 264
514 259 490 263
538 259 538 282
451 261 458 255
453 261 461 255
503 261 490 275
506 261 482 267
509 261 485 267
538 261 538 285
453 264 461 257
464 264 453 251
467 264 456 252
533 264 533 287
535 264 536 288
538 264 538 288
432 267 433 269
445 267 450 262
448 267 453 262
472 267 457 284
535 267 536 290
538 267 538 290
448 269 475 264
469 269 464 252
448 272 475 266
456 272 483 260
519 272 500 278
522 272 503 278
519 275 500 281
522 275 503 281
538 275 538 293
435 277 435 273
437 277 438 272
538 277 538 295
472 280 505 303
474 280 473 299
477 280 476 299
538 280 538 298
437 283 434 291
488 283 499 305
514 283 513 300
445 285 478 293
451 285 449 270
511 288 510 308
522 288 532 298
464 290 448 297
467 290 450 297
472 290 487 288
503 290 494 310
464 293 450 300
467 293 453 301
469 293 484 290
472 293 487 291
533 293 532 296
456 296 442 302
461 296 445 303
464 296 448 303
467 296 453 303
469 296 455 303
535 296 534 299
456 298 442 306
461 298 445 305
464 298 447 305
467 298 452 306
469 298 456 306
472 298 461 309
503 298 491 312
530 298 527 301
538 298 538 302
430 301 429 299
451 301 432 308
459 301 437 307
464 301 448 308
467 301 456 311
469 301 459 311
477 301 469 316
480 301 472 317
519 301 511 291
533 301 532 304
538 301 538 307
451 304 433 310
459 304 442 311
461 304 445 311
464 304 448 311
467 304 451 310
488 304 469 309
511 304 516 295
522 304 513 292
467 306 450 313
511 306 516 297
530 306 526 310
533 306 535 312
448 309 432 313
451 309 434 314
517 309 512 314
445 312 431 316
451 312 434 316
453 312 437 316
456 312 439 316
459 312 441 316
461 312 444 316
474 312 455 316
480 312 458 313
501 312 497 306
514 312 510 316
517 312 512 317
519 312 518 314
530 312 535 295
448 314 431 319
451 314 433 318
456 314 439 319
459 314 441 319
461 314 444 319
464 314 447 319
480 314 458 316
482 314 461 316
538 314 538 318
456 317 439 321
459 317 442 321
472 317 453 319
485 317 464 320
493 317 502 315
525 317 521 312
530 317 529 317
456 320 439 324
459 320 441 324
482 320 461 320
496 320 502 319
498 320 504 319
525 320 520 314
445 322 434 323
448 322 436 324
469 322 452 325
493 322 501 321
498 322 504 321
482 325 463 325
485 325 465 325
511 325 512 322
514 325 496 322
440 327 430 327
443 327 433 327
453 327 442 327
477 327 460 328
482 327 463 328
501 327 521 328
538 327 538 328
