511 238 509 249
514 238 511 249
514 243 509 251
535 246 535 256
525 248 519 259
535 248 535 258
527 251 523 262
530 251 525 262
522 254 517 261
533 254 527 264
498 256 495 269
501 256 498 269
525 256 522 264
533 264 532 275
538 269 538 279
498 272 493 285
533 277 527 288
488 283 490 296
440 296 438 309
459 296 456 306
461 296 462 309
477 296 472 304
435 298 435 309
440 298 438 311
461 298 462 311
477 298 472 306
437 304 435 315
435 306 433 317
448 306 445 317
430 309 429 319
432 309 432 320
435 312 434 321
451 312 448 320
