590 213 569 216
599 213 578 215
590 216 568 219
599 216 577 218
602 216 581 219
588 219 564 222
602 219 580 225
585 222 560 225
596 222 573 224
599 222 577 227
633 222 626 230
585 225 560 228
633 225 624 232
588 227 562 232
635 227 626 235
585 230 559 234
627 230 608 226
556 233 549 242
627 233 608 229
635 236 620 235
638 236 623 235
548 239 553 233
576 239 555 247
633 239 618 238
638 239 623 238
641 239 625 239
599 242 574 240
641 242 624 242
610 244 600 239
588 247 558 244
590 247 561 245
596 247 565 245
610 247 599 245
616 247 606 241
638 247 621 245
590 250 560 247
599 250 569 249
616 250 605 245
641 250 618 247
585 253 559 254
604 253 572 250
641 253 621 250
531 256 530 255
599 256 566 251
619 256 607 252
621 256 610 253
624 256 601 251
638 256 616 253
641 256 620 253
528 258 529 259
602 258 574 259
604 258 574 256
607 258 579 256
619 258 607 255
621 258 610 255
627 258 604 254
633 258 613 255
531 261 534 255
540 261 540 254
610 261 587 262
616 261 590 259
624 261 597 257
627 261 600 257
545 264 543 257
548 264 545 258
551 264 548 258
599 264 573 268
602 264 576 265
616 264 589 263
621 264 596 262
627 264 599 261
633 264 607 261
641 264 621 264
537 267 536 260
540 267 538 260
545 267 542 260
602 267 576 269
604 267 579 267
627 267 602 266
633 267 608 264
534 270 533 265
537 270 535 263
548 270 545 262
551 270 548 262
554 270 551 263
619 270 589 268
627 270 597 268
548 273 545 266
554 273 550 271
604 273 588 278
624 273 614 273
627 273 617 273
635 273 631 262
542 275 540 270
596 275 578 275
607 275 590 281
534 278 533 272
540 278 537 272
576 278 559 273
602 278 584 279
604 278 587 280
635 278 634 273
638 278 638 276
554 281 550 274
588 281 568 278
590 281 571 279
604 281 587 284
635 281 630 268
638 281 638 279
568 284 563 272
582 284 565 281
588 284 567 281
590 284 571 282
593 284 574 282
596 284 577 283
604 284 587 287
638 284 637 282
641 284 640 283
579 287 561 284
582 287 563 284
585 287 566 284
590 287 571 285
593 287 574 285
596 287 577 286
599 287 580 286
624 287 627 291
627 287 631 291
630 287 633 291
638 287 637 285
641 287 641 286
528 290 529 283
531 290 532 283
540 290 539 285
576 290 558 287
579 290 560 287
582 290 563 287
585 290 566 287
588 290 569 287
593 290 573 287
596 290 576 288
599 290 579 289
602 290 583 286
621 290 623 293
624 290 625 294
627 290 630 294
630 290 633 295
641 290 641 289
644 290 644 289
647 290 647 289
528 292 529 286
531 292 532 286
534 292 534 287
576 292 558 289
579 292 560 289
582 292 562 289
585 292 565 289
588 292 568 289
593 292 573 290
596 292 575 291
599 292 578 291
602 292 582 293
607 292 604 293
621 292 623 296
624 292 625 296
627 292 628 297
630 292 632 297
635 292 638 298
638 292 639 291
641 292 642 292
647 292 647 293
531 295 531 290
542 295 540 291
551 295 542 280
565 295 538 289
571 295 553 291
573 295 556 291
579 295 559 291
582 295 562 292
585 295 566 292
588 295 568 293
590 295 571 293
596 295 575 294
616 295 618 299
621 295 622 300
624 295 625 299
627 295 628 300
630 295 631 300
633 295 634 301
647 295 646 296
531 298 532 297
571 298 552 294
573 298 555 294
582 298 562 294
599 298 597 298
602 298 600 298
624 298 625 302
627 298 628 303
630 298 631 303
635 298 637 304
638 298 640 304
641 298 643 305
644 298 644 299
565 301 549 296
568 301 552 297
593 301 593 301
602 301 602 303
616 301 616 301
621 301 621 302
624 301 624 305
633 301 634 305
635 301 637 306
537 304 539 302
542 304 542 302
565 304 548 299
568 304 552 299
576 304 561 299
582 304 577 304
588 304 587 304
590 304 590 304
593 304 593 304
596 304 596 304
599 304 598 304
602 304 601 305
607 304 606 305
616 304 615 305
621 304 621 306
627 304 627 307
630 304 630 307
633 304 633 308
540 306 541 305
548 306 544 305
562 306 547 302
565 306 550 302
573 306 560 303
585 306 581 307
588 306 586 307
590 306 589 307
593 306 592 307
596 306 595 307
599 306 598 307
602 306 601 308
613 306 611 308
616 306 614 308
619 306 618 309
621 306 621 309
624 306 624 309
627 306 626 310
630 306 630 310
633 306 633 311
638 306 637 311
641 306 640 312
565 309 550 305
568 309 553 306
571 309 556 306
576 309 569 309
582 309 577 309
585 309 580 309
588 309 585 310
590 309 588 310
593 309 591 310
596 309 594 310
607 309 605 310
616 309 614 311
619 309 617 312
627 309 621 312
630 309 626 312
633 309 630 313
635 309 635 314
638 309 638 314
641 309 641 315
647 309 646 306
554 312 546 310
568 312 553 309
571 312 556 309
573 312 562 311
576 312 566 312
579 312 573 311
582 312 576 312
585 312 580 312
588 312 584 313
590 312 587 312
593 312 590 312
604 312 602 313
607 312 604 313
613 312 610 313
616 312 612 314
619 312 616 315
627 312 619 315
630 312 625 315
644 312 643 308
647 312 647 309
554 315 545 313
556 315 548 316
568 315 556 314
571 315 559 314
576 315 566 315
579 315 572 315
582 315 575 315
585 315 578 315
588 315 582 315
590 315 586 315
602 315 598 315
604 315 601 315
607 315 603 315
619 315 613 316
647 315 646 313
