540 199 563 210
590 267 601 275
568 270 581 278
593 270 605 283
627 270 630 286
630 273 635 287
568 275 580 282
573 275 583 283
579 275 586 283
585 275 593 280
588 275 595 281
579 278 586 286
588 278 598 287
562 281 576 285
599 284 607 295
602 284 610 297
644 284 644 298
542 287 549 280
571 287 578 290
573 287 582 291
582 287 589 293
644 287 644 301
542 290 551 284
573 290 581 294
579 290 585 296
582 290 588 296
585 290 591 296
588 290 594 297
604 290 611 302
638 290 636 303
641 290 639 303
647 290 646 302
571 292 578 294
579 292 584 299
582 292 587 299
585 292 590 299
588 292 593 300
590 292 595 300
593 292 598 300
602 292 605 302
638 292 637 306
644 292 643 305
647 292 646 306
562 295 569 296
568 295 574 296
573 295 577 301
576 295 580 302
585 295 589 302
588 295 592 302
590 295 595 303
593 295 598 304
602 295 605 305
607 295 611 306
644 295 643 308
647 295 646 308
559 298 565 298
562 298 568 299
565 298 570 299
571 298 575 300
573 298 577 304
576 298 579 304
590 298 593 306
593 298 596 306
596 298 602 307
607 298 611 309
641 298 639 310
644 298 643 310
647 298 646 310
562 301 567 302
571 301 575 303
576 301 579 306
582 301 586 304
585 301 589 304
588 301 589 308
593 301 594 309
596 301 598 309
638 301 636 312
641 301 639 313
644 301 642 313
647 301 645 313
559 304 562 301
571 304 574 306
573 304 576 307
590 304 592 312
593 304 594 312
635 304 632 315
638 304 635 315
641 304 638 315
573 306 576 309
576 306 578 310
585 306 587 312
559 309 558 307
573 309 579 314
596 315 585 315
