593 273 605 290
604 281 615 296
641 281 641 291
630 284 630 298
633 284 632 298
641 284 641 296
596 287 605 301
599 287 610 302
582 290 590 301
585 290 593 301
593 290 601 302
599 290 610 306
585 292 593 304
590 292 599 304
593 292 601 305
596 292 604 308
604 292 612 308
607 292 616 309
610 292 618 308
616 292 625 310
635 292 632 303
638 292 635 302
576 295 584 303
579 295 586 304
585 295 592 306
588 295 595 305
593 295 601 308
596 295 604 311
604 295 613 311
613 295 621 313
588 298 596 308
593 298 599 311
596 298 601 309
633 298 634 314
593 301 598 313
621 301 622 315
624 301 625 315
627 301 628 316
573 304 579 309
576 304 582 309
571 306 576 312
573 306 579 312
576 306 581 312
579 306 585 312
573 309 578 315
576 309 581 315
