0.9962461590766907 -0.08453065901994705 0.01866109296679497 -0.1998000741004944 
0.08306588977575302 0.9941674470901489 0.06878351420164108 -0.07465782016515732 
-0.02436652965843678 -0.06697522848844528 0.9974570870399475 -0.5278893709182739 
0 0 0 1 

0.9883717894554138 -0.116692066192627 -0.09748900681734085 -0.1334650963544846 
0.1247687339782715 0.9888482689857483 0.08131280541419983 -0.08290804922580719 
0.08691322803497314 -0.09253090620040894 0.9919092655181885 -0.5435202717781067 
0 0 0 1 

0.9789687395095825 -0.1465872973203659 -0.1418883502483368 -0.1028411835432053 
0.177080973982811 0.9559249877929688 0.2342001497745514 -0.1706264615058899 
0.1013038158416748 -0.254400372505188 0.9617785215377808 -0.5100148916244507 
0 0 0 1 

0.9790953397750854 -0.1860529184341431 -0.08219791948795319 -0.1339977383613586 
0.1969250738620758 0.9682343602180481 0.1540863811969757 -0.130019947886467 
0.05091854929924011 -0.1670521199703217 0.9846323132514954 -0.5148494243621826 
0 0 0 1 

0.9346182346343994 -0.2753440737724304 0.2251095473766327 -0.2810651957988739 
0.2357563227415085 0.9535492062568665 0.1875173598527908 -0.1463367342948914 
-0.2662848830223083 -0.122186079621315 0.956118643283844 -0.4372008144855499 
0 0 0 1 

0.93626868724823 -0.343125969171524 0.07526852935552597 -0.2004206329584122 
0.3196678459644318 0.9210522770881653 0.222429633140564 -0.1796104162931442 
-0.145647719502449 -0.1841929256916046 0.9720389246940613 -0.460546612739563 
0 0 0 1 

0.9583418369293213 -0.2607279419898987 0.1166263148188591 -0.2211694568395615 
0.2449762672185898 0.9602621793746948 0.133727565407753 -0.1216196939349174 
-0.1468583941459656 -0.09958598762750626 0.9841316938400269 -0.4667671024799347 
0 0 0 1 

0.9166761636734009 -0.3473367094993591 0.1976407468318939 -0.2484194487333298 
0.3343706727027893 0.9374695420265198 0.09668023884296417 -0.1175310462713242 
-0.2188628017902374 -0.02253915369510651 0.9754952788352966 -0.4511316120624542 
0 0 0 1 

0.9850606918334961 -0.1507670283317566 0.08321430534124374 -0.2091179341077805 
0.1458465158939362 0.9873389005661011 0.06237442418932915 -0.06448742747306824 
-0.09156477451324463 -0.04930600896477699 0.9945776462554932 -0.4735316634178162 
0 0 0 1 

0.9382192492485046 -0.2499177604913712 0.2393443733453751 -0.2630404829978943 
0.2364773005247116 0.9680165648460388 0.08379961550235748 -0.07710286974906921 
-0.2526323199272156 -0.0220229048281908 0.967311680316925 -0.4191175401210785 
0 0 0 1 

