511 217 516 217
522 217 524 217
525 217 526 217
527 217 529 216
533 217 532 217
535 217 535 217
538 217 538 217
498 219 508 219
511 219 516 219
522 219 524 219
525 219 527 219
527 219 530 219
533 219 532 221
535 219 535 219
538 219 538 219
525 222 527 222
430 224 429 224
514 224 517 226
522 224 525 226
538 224 538 227
430 227 430 227
511 227 515 229
533 227 535 229
456 230 459 232
517 230 474 269
538 230 538 263
440 232 498 264
525 232 527 241
527 232 529 240
538 232 538 265
440 235 498 267
448 235 503 251
453 235 508 263
538 235 538 268
440 238 498 269
459 238 511 266
482 238 472 235
506 238 519 242
517 238 521 268
538 238 538 244
448 240 447 238
456 240 435 265
467 240 438 301
509 240 524 245
517 240 522 274
533 240 532 248
535 240 536 272
538 240 538 247
451 243 451 243
517 243 519 279
525 243 524 256
533 243 535 235
538 243 538 251
443 246 440 251
445 246 497 282
448 246 500 282
498 246 503 246
519 246 534 255
538 248 538 252
430 254 429 291
437 254 496 285
440 254 493 288
474 254 471 264
477 254 474 264
432 256 479 290
435 256 482 290
538 256 538 275
432 259 480 293
435 259 483 293
437 259 485 293
448 259 443 288
464 261 442 276
430 264 429 298
430 267 430 301
490 267 459 290
432 269 433 304
435 269 435 303
448 269 467 287
459 269 461 312
490 269 458 293
514 269 527 284
519 269 524 263
432 272 431 275
435 272 435 306
459 272 461 314
467 272 446 287
522 272 527 266
448 275 472 293
522 275 519 298
525 275 521 298
432 277 432 296
445 277 454 311
451 277 458 311
522 277 522 295
525 277 525 295
472 280 453 298
517 280 519 314
430 283 429 303
488 283 478 300
493 283 482 301
503 283 519 285
535 283 535 317
430 285 429 306
437 285 434 288
440 285 477 277
453 285 464 298
485 285 475 303
488 285 478 303
490 285 480 303
496 285 482 303
498 285 485 303
435 288 432 291
437 288 435 291
488 288 477 306
514 288 511 298
448 290 472 290
506 290 519 290
509 290 522 290
538 290 538 305
480 293 496 301
506 293 520 293
519 293 532 263
538 293 538 309
538 296 538 311
525 298 525 297
445 304 480 311
448 304 447 310
533 304 535 298
432 306 433 306
533 306 535 301
538 306 538 301
430 309 430 309
432 309 433 309
435 309 435 309
443 309 443 309
480 309 511 313
533 309 535 304
535 309 536 306
538 309 538 303
430 312 430 312
432 312 432 312
437 312 434 312
430 314 429 315
432 314 432 314
437 314 434 315
443 314 440 314
430 317 430 317
437 317 435 320
440 317 438 320
443 317 440 316
445 317 443 316
474 317 483 317
538 317 538 313
430 320 429 319
432 320 432 320
437 320 435 322
440 320 438 322
443 320 440 320
464 320 469 320
467 320 471 319
514 320 493 321
538 320 538 322
430 322 429 322
435 322 480 322
443 322 441 324
451 322 445 325
464 322 469 322
467 322 472 322
533 322 532 324
430 325 429 325
432 325 432 325
435 325 480 325
437 325 482 324
453 325 438 325
467 325 472 325
519 325 514 322
527 325 522 325
538 325 538 325
430 327 429 328
432 327 432 328
443 327 440 328
445 327 444 327
467 327 470 327
472 327 474 328
480 327 454 328
501 327 509 327
514 327 493 327
522 327 524 327
525 327 527 327
533 327 532 327
535 327 535 328
538 327 538 328
