440 232 448 267
443 232 450 266
530 232 529 255
443 235 451 269
445 235 453 269
459 235 466 266
530 235 529 258
437 240 445 269
448 240 456 271
451 240 458 272
456 240 463 272
506 240 511 269
451 243 458 275
456 243 463 274
459 243 466 274
503 243 508 271
506 243 511 271
445 246 453 278
469 246 477 274
430 248 429 280
445 248 453 280
467 248 474 277
469 248 477 277
472 248 480 277
430 251 429 282
430 254 429 285
432 254 435 285
498 254 501 282
501 254 505 282
440 256 445 288
448 256 456 288
498 256 501 284
501 256 505 285
440 259 444 290
522 285 524 306
522 288 522 308
522 290 522 310
517 293 519 311
517 296 520 313
525 296 524 313
