548 208 548 208
554 208 555 207
565 208 564 207
568 208 569 207
573 208 572 206
596 208 595 205
599 208 598 205
545 211 545 211
548 211 548 210
576 211 576 208
579 211 579 207
582 211 581 207
585 211 584 207
588 211 586 207
590 211 589 207
593 211 592 207
596 211 595 207
599 211 597 207
534 213 534 213
540 213 540 213
542 213 542 213
545 213 545 213
548 213 547 212
551 213 550 211
554 213 553 211
556 213 556 211
562 213 562 211
565 213 564 211
571 213 570 210
573 213 573 210
576 213 576 210
579 213 578 209
582 213 581 209
585 213 584 209
588 213 589 209
593 213 592 209
596 213 594 209
602 213 601 209
604 213 604 210
551 216 550 214
562 216 561 213
565 216 564 213
576 216 575 212
588 216 589 212
596 216 595 212
599 216 598 213
602 216 601 212
604 216 604 212
551 219 556 216
556 219 564 216
588 219 587 215
590 219 590 215
593 219 593 215
596 219 595 215
599 219 598 215
602 219 601 215
548 222 549 220
551 222 553 219
556 222 561 221
568 222 569 216
576 222 575 216
602 222 601 218
531 225 538 224
534 225 541 222
545 225 546 225
551 225 555 224
554 225 559 224
556 225 564 222
573 225 576 219
582 225 584 218
596 225 598 220
602 225 601 221
534 227 541 224
551 227 555 227
554 227 559 227
556 227 564 225
559 227 567 228
596 227 598 223
602 227 602 224
542 230 547 231
551 230 555 230
554 230 559 230
571 230 576 224
582 230 584 227
585 230 587 227
596 230 598 226
602 230 601 232
548 233 553 230
556 233 564 233
582 233 584 230
585 233 587 230
528 236 528 236
551 236 555 233
576 236 584 232
576 239 584 235
579 239 587 235
588 239 595 235
590 239 599 236
593 239 602 236
579 242 587 238
582 242 590 238
585 242 593 238
588 242 595 238
590 242 599 238
554 244 559 245
556 244 562 245
568 244 578 241
579 244 587 242
585 244 593 241
588 244 596 241
590 244 599 244
596 244 607 238
540 247 528 239
542 247 530 239
554 247 560 247
556 247 565 247
568 247 578 244
585 247 593 247
590 247 599 247
540 250 528 241
542 250 534 247
545 250 547 247
551 250 556 250
554 250 560 250
556 250 564 250
573 250 581 230
585 250 593 250
588 250 596 251
593 250 604 244
599 250 610 243
528 253 536 251
531 253 539 251
548 253 551 251
565 253 573 250
568 253 575 250
588 253 596 253
531 256 539 255
602 256 611 250
604 256 613 250
607 256 616 252
545 258 547 255
590 258 598 252
599 258 607 252
602 258 610 252
604 258 612 252
528 261 536 261
531 261 539 261
537 261 545 258
545 261 547 259
548 261 551 259
554 261 561 262
562 261 566 252
565 261 569 253
582 261 590 258
585 261 592 258
590 261 598 254
599 261 607 255
602 261 610 255
604 261 613 255
607 261 615 256
616 261 624 260
531 264 539 264
534 264 542 264
537 264 545 262
540 264 547 261
551 264 553 261
554 264 561 258
559 264 564 258
562 264 567 259
565 264 570 258
588 264 596 258
590 264 598 257
596 264 604 256
602 264 610 257
604 264 613 258
610 264 616 258
616 264 621 261
621 264 627 263
537 267 545 265
540 267 548 265
542 267 551 265
551 267 557 265
568 267 582 265
579 267 584 261
582 267 591 262
585 267 594 261
588 267 597 261
604 267 610 260
607 267 613 261
610 267 616 261
537 270 544 268
540 270 548 268
542 270 551 268
548 270 556 268
551 270 558 268
554 270 561 268
559 270 568 267
585 270 594 264
590 270 599 263
596 270 601 261
599 270 604 263
602 270 607 263
604 270 610 263
607 270 613 263
621 270 624 267
630 270 632 269
537 273 543 272
540 273 545 271
542 273 548 271
545 273 553 271
548 273 554 272
551 273 559 271
559 273 568 270
576 273 583 270
588 273 596 269
599 273 604 266
604 273 610 266
610 273 613 266
613 273 616 267
619 273 618 266
621 273 625 269
630 273 633 272
542 275 547 274
545 275 551 274
548 275 553 275
551 275 555 274
559 275 564 273
573 275 580 272
576 275 585 270
579 275 587 270
590 275 599 270
596 275 602 270
599 275 604 270
607 275 610 269
610 275 613 269
613 275 616 270
630 275 632 274
633 275 635 275
534 278 539 276
545 278 550 278
548 278 553 278
551 278 556 278
554 278 559 278
565 278 576 276
590 278 596 272
613 278 613 275
619 278 619 275
621 278 622 275
627 278 628 276
630 278 630 276
633 278 635 277
638 278 639 277
537 281 542 279
542 281 547 281
548 281 553 281
551 281 555 281
556 281 560 281
562 281 564 282
585 281 587 278
593 281 593 278
596 281 598 278
599 281 602 279
602 281 604 280
607 281 608 278
610 281 610 278
616 281 616 277
619 281 619 278
624 281 625 279
630 281 631 279
633 281 635 280
638 281 639 280
641 281 641 280
537 284 541 281
545 284 548 284
548 284 551 284
551 284 554 284
554 284 557 284
556 284 560 283
559 284 562 284
565 284 567 285
573 284 574 284
576 284 576 283
579 284 582 281
590 284 591 280
593 284 593 281
599 284 601 284
602 284 604 284
604 284 607 283
616 284 619 281
619 284 622 282
621 284 625 282
630 284 630 282
633 284 634 282
635 284 636 283
638 284 639 282
641 284 642 282
545 287 548 288
548 287 551 287
554 287 556 287
556 287 559 287
559 287 562 288
568 287 568 287
571 287 570 287
573 287 573 287
588 287 588 283
590 287 591 283
593 287 594 283
599 287 601 287
602 287 604 287
610 287 610 284
613 287 616 286
616 287 616 284
619 287 621 285
621 287 624 284
627 287 628 285
633 287 634 285
635 287 637 285
641 287 641 285
644 287 645 286
647 287 647 287
545 290 545 290
554 290 554 289
556 290 558 290
559 290 562 291
562 290 565 290
568 290 568 291
571 290 571 291
573 290 574 290
590 290 591 286
593 290 594 287
596 290 596 287
602 290 603 290
604 290 606 290
610 290 613 290
613 290 616 289
621 290 624 286
627 290 627 288
630 290 630 288
633 290 633 288
638 290 638 288
641 290 641 288
644 290 645 289
647 290 647 290
545 292 545 293
548 292 548 293
551 292 551 292
554 292 554 293
556 292 557 293
573 292 574 293
576 292 577 293
579 292 580 293
582 292 583 293
590 292 591 292
593 292 594 290
596 292 596 290
599 292 600 293
604 292 606 293
610 292 614 293
613 292 616 292
621 292 622 291
638 292 638 291
641 292 641 291
644 292 644 291
647 292 647 292
551 295 551 296
554 295 554 295
556 295 557 295
559 295 559 295
573 295 574 296
576 295 577 296
579 295 580 296
582 295 582 296
590 295 591 295
593 295 594 295
596 295 597 296
602 295 602 296
624 295 625 292
627 295 627 292
641 295 642 294
644 295 644 294
647 295 647 294
551 298 551 298
554 298 554 298
556 298 557 298
559 298 559 298
565 298 567 298
571 298 572 299
576 298 577 299
579 298 580 299
582 298 582 299
585 298 585 298
588 298 588 298
590 298 591 298
593 298 594 298
596 298 596 298
599 298 600 301
602 298 602 298
613 298 614 295
621 298 619 295
624 298 625 295
627 298 627 295
635 298 634 296
638 298 636 295
647 298 647 297
554 301 554 301
556 301 556 300
559 301 560 301
562 301 562 301
565 301 566 302
571 301 572 302
573 301 574 302
579 301 580 302
582 301 582 302
585 301 585 303
588 301 588 302
590 301 591 302
593 301 593 301
596 301 596 301
604 301 605 301
621 301 619 298
627 301 631 300
630 301 633 299
644 301 645 299
647 301 647 299
559 304 559 304
562 304 562 304
565 304 566 305
568 304 568 304
571 304 572 305
573 304 574 305
576 304 577 304
588 304 588 304
590 304 591 304
593 304 593 304
596 304 596 304
599 304 599 304
602 304 602 304
604 304 605 304
607 304 608 304
610 304 611 304
621 304 619 301
627 304 630 302
630 304 633 302
638 304 636 301
641 304 642 301
644 304 645 302
647 304 647 302
562 306 563 307
565 306 566 307
568 306 568 307
571 306 571 306
573 306 574 307
576 306 577 307
579 306 580 307
582 306 582 307
585 306 585 307
588 306 588 307
590 306 590 307
593 306 593 306
596 306 596 307
599 306 599 306
602 306 602 306
604 306 606 307
607 306 608 307
610 306 610 306
613 306 613 306
616 306 616 306
619 306 620 306
621 306 625 307
624 306 628 305
630 306 632 305
633 306 636 305
641 306 642 304
644 306 645 304
565 309 568 312
573 309 574 309
576 309 577 310
579 309 580 310
582 309 583 309
585 309 585 310
588 309 588 309
590 309 590 309
593 309 594 309
596 309 596 309
599 309 599 309
602 309 602 309
604 309 605 309
607 309 608 309
610 309 610 309
613 309 613 309
616 309 616 309
619 309 620 309
621 309 625 310
627 309 628 308
630 309 631 308
633 309 634 308
635 309 636 308
641 309 642 307
644 309 645 307
647 309 647 307
573 312 574 312
576 312 577 312
579 312 580 312
582 312 583 312
585 312 586 313
588 312 588 311
590 312 591 311
593 312 594 312
596 312 597 312
599 312 600 312
602 312 602 312
604 312 605 312
607 312 608 312
610 312 610 312
613 312 613 312
616 312 616 312
619 312 620 312
621 312 623 312
627 312 628 311
630 312 631 311
633 312 634 311
638 312 639 310
641 312 642 310
647 312 647 310
573 315 574 315
576 315 577 315
579 315 580 315
582 315 583 315
585 315 586 315
588 315 588 315
590 315 591 315
593 315 594 315
596 315 597 315
599 315 600 315
602 315 603 315
604 315 605 315
607 315 607 315
610 315 610 315
613 315 613 315
616 315 616 315
619 315 619 315
621 315 622 315
624 315 625 315
627 315 628 314
630 315 631 314
635 315 636 313
638 315 639 313
641 315 642 313
644 315 644 313
647 315 647 314
