579 208 582 214
531 216 531 215
559 216 561 224
528 219 528 218
548 219 549 228
590 219 590 216
534 222 545 209
540 222 543 214
551 222 552 231
588 222 588 223
590 222 590 220
602 222 601 233
604 222 604 234
590 225 591 225
604 225 604 237
556 227 582 229
593 227 598 236
602 227 604 239
607 227 607 236
540 230 540 235
602 230 608 242
607 230 611 241
554 233 577 236
596 233 601 245
599 233 604 245
610 233 613 242
613 233 616 241
599 236 605 248
602 236 607 248
607 236 613 247
616 236 620 243
559 239 563 248
599 239 605 251
602 239 608 250
616 239 620 247
619 239 623 246
531 242 533 248
604 242 610 250
610 242 616 250
616 242 620 249
619 242 623 249
621 242 626 249
531 244 533 253
604 244 610 254
610 244 614 250
616 244 620 252
619 244 623 252
621 244 626 252
624 244 629 252
528 247 530 257
531 247 534 257
599 247 603 256
602 247 606 257
607 247 611 256
610 247 618 256
613 247 620 255
619 247 624 255
621 247 627 255
576 250 590 249
607 250 612 259
610 250 617 259
613 250 620 258
616 250 623 259
619 250 625 258
621 250 628 258
528 253 528 260
537 253 539 259
556 253 579 253
610 253 618 262
613 253 620 262
616 253 623 261
619 253 626 261
621 253 629 261
528 256 529 263
537 256 545 260
548 256 558 254
607 256 615 266
610 256 618 266
613 256 621 264
540 258 550 264
551 258 574 259
616 258 625 265
619 258 627 265
621 258 630 264
624 258 633 264
534 261 542 265
545 261 558 269
548 261 561 269
551 261 574 262
554 261 568 269
613 261 621 269
616 261 625 268
619 261 628 268
621 261 631 267
624 261 633 266
534 264 543 268
540 264 552 270
554 264 568 272
610 264 608 260
613 264 621 271
619 264 628 271
624 264 633 269
633 264 631 257
635 264 638 260
551 267 560 266
613 267 612 262
616 267 627 273
619 267 630 273
545 270 556 272
548 270 559 272
551 270 562 272
624 270 637 272
627 270 640 272
630 270 643 272
638 270 642 263
548 273 559 275
551 273 561 275
559 273 570 269
562 273 573 269
585 273 585 273
613 273 625 278
616 273 627 277
621 273 634 276
624 273 637 275
627 273 640 274
630 273 643 274
633 273 645 274
540 275 552 279
562 275 573 274
588 275 594 273
613 275 626 279
616 275 631 279
621 275 634 278
624 275 637 278
627 275 640 277
528 278 529 278
548 278 562 281
568 278 578 274
571 278 580 273
585 278 590 277
599 278 613 278
602 278 616 280
607 278 620 281
613 278 625 282
616 278 628 282
621 278 635 281
627 278 643 280
633 278 645 279
528 281 530 283
531 281 533 283
551 281 565 281
585 281 595 278
590 281 602 281
593 281 605 281
596 281 608 281
602 281 614 283
604 281 619 283
607 281 622 284
610 281 625 284
630 281 644 283
633 281 646 283
531 284 533 286
545 284 560 286
548 284 565 284
590 284 602 284
593 284 605 284
596 284 608 284
599 284 610 286
602 284 613 286
604 284 617 286
607 284 622 288
610 284 625 288
613 284 629 287
630 284 643 286
534 287 539 285
551 287 566 287
556 287 568 284
590 287 602 287
593 287 605 287
596 287 608 286
599 287 610 289
602 287 614 289
621 287 635 288
534 290 539 288
537 290 542 288
551 290 557 281
556 290 569 287
559 290 571 287
562 290 575 287
568 290 581 285
571 290 585 282
576 290 588 291
579 290 591 291
582 290 594 291
585 290 596 285
590 290 603 289
593 290 605 289
596 290 608 289
613 290 628 291
621 290 635 291
624 290 638 291
551 292 557 284
556 292 569 289
559 292 572 289
562 292 574 289
565 292 579 290
571 292 584 295
573 292 587 295
579 292 591 294
582 292 594 293
585 292 597 292
588 292 600 293
590 292 603 292
593 292 605 292
596 292 609 293
599 292 611 293
602 292 614 292
610 292 625 294
613 292 629 293
624 292 638 295
627 292 641 294
545 295 552 290
548 295 554 288
551 295 557 287
556 295 572 296
559 295 575 295
565 295 579 294
568 295 581 294
571 295 585 298
573 295 587 298
576 295 589 298
582 295 594 296
585 295 597 296
588 295 600 296
590 295 603 295
593 295 606 295
599 295 611 295
602 295 614 295
604 295 617 295
607 295 620 294
613 295 629 296
624 295 639 298
545 298 552 293
548 298 555 293
556 298 573 298
559 298 575 298
565 298 579 298
573 298 587 301
576 298 589 301
582 298 595 300
585 298 597 299
588 298 600 299
590 298 603 298
593 298 606 298
596 298 608 296
599 298 612 298
602 298 614 298
604 298 617 298
616 298 629 300
621 298 635 300
624 298 638 301
627 298 641 300
630 298 644 300
568 301 582 301
571 301 584 301
573 301 587 303
576 301 590 303
582 301 595 303
585 301 597 303
588 301 600 302
590 301 603 301
593 301 606 301
596 301 609 301
599 301 612 301
602 301 615 302
604 301 617 301
619 301 633 300
621 301 635 303
624 301 638 303
627 301 641 303
568 304 582 304
571 304 584 304
573 304 588 306
576 304 591 306
579 304 593 307
585 304 598 306
588 304 601 305
590 304 603 304
593 304 606 304
596 304 609 304
599 304 612 304
602 304 614 304
604 304 618 304
610 304 623 304
616 304 630 306
624 304 638 306
565 306 580 309
571 306 585 307
573 306 589 309
576 306 591 309
579 306 593 309
585 306 598 309
588 306 601 309
590 306 603 308
593 306 606 308
596 306 609 307
599 306 612 307
602 306 615 307
607 306 621 307
613 306 627 309
621 306 634 308
624 306 638 309
630 306 642 309
559 309 564 305
568 309 583 310
571 309 586 310
573 309 589 312
576 309 591 313
582 309 595 312
585 309 599 312
588 309 602 311
596 309 609 310
599 309 612 310
610 309 624 312
613 309 627 312
619 309 631 311
621 309 634 311
624 309 637 312
627 309 639 312
630 309 641 312
633 309 644 312
568 312 580 312
571 312 586 313
582 312 595 314
590 312 604 314
596 312 609 313
599 312 612 313
602 312 615 313
619 312 631 314
621 312 634 314
624 312 637 314
627 312 639 315
630 312 642 314
633 312 645 314
568 315 580 315
571 315 586 315
573 315 590 315
593 315 606 315
607 315 618 315
610 315 621 315
613 315 624 315
616 315 627 316
