534 225 540 213
537 225 543 213
573 225 579 212
537 227 543 215
542 227 549 215
545 227 551 215
548 227 554 215
571 227 577 214
573 227 580 215
576 227 583 215
579 227 586 217
534 230 540 218
537 230 543 218
540 230 545 218
542 230 548 218
545 230 551 218
548 230 554 218
556 230 562 218
565 230 571 217
568 230 574 217
571 230 577 217
573 230 580 217
576 230 583 219
579 230 586 220
585 230 591 220
531 233 537 221
534 233 540 221
551 233 556 221
554 233 559 221
556 233 562 221
559 233 565 221
562 233 568 221
565 233 571 220
568 233 574 220
576 233 583 222
579 233 586 222
582 233 589 223
585 233 592 223
531 236 536 224
551 236 556 223
554 236 559 224
565 236 571 223
576 236 583 225
579 236 586 225
582 236 589 226
534 239 539 226
540 239 545 226
556 239 565 224
534 242 541 229
551 242 560 227
554 242 563 227
554 244 563 229
554 247 562 234
548 250 552 239
585 253 590 244
545 256 553 248
556 258 570 251
542 261 556 252
540 264 553 254
542 264 556 254
545 264 559 255
548 264 563 256
537 267 551 259
542 267 557 257
624 267 631 263
627 267 633 263
542 270 557 260
545 270 560 260
545 273 560 262
548 273 563 262
551 273 567 263
621 273 627 266
624 273 631 267
627 273 634 269
545 275 561 266
548 275 564 266
551 275 567 266
621 275 627 269
624 275 631 270
545 278 560 269
554 281 570 272
633 281 639 279
641 281 648 281
630 284 636 283
633 284 639 282
638 284 644 284
548 287 563 277
554 287 569 277
630 287 636 286
633 287 638 286
635 287 641 286
638 287 644 287
545 290 560 280
613 290 620 289
616 290 624 289
630 290 635 289
633 290 638 289
635 290 642 290
548 292 562 284
551 292 566 283
613 292 620 291
630 292 635 291
633 292 638 292
635 292 642 292
638 292 644 293
548 295 562 285
551 295 565 289
596 295 603 296
599 295 606 296
613 295 620 295
616 295 624 294
633 295 638 295
590 298 597 299
596 298 603 299
599 298 606 300
602 298 609 300
604 298 612 300
607 298 615 300
610 298 617 298
613 298 619 298
616 298 623 298
619 298 625 298
621 298 629 298
635 298 641 298
559 301 570 296
582 301 591 299
585 301 593 302
593 301 600 302
596 301 603 302
599 301 606 302
602 301 609 303
604 301 611 303
607 301 614 303
610 301 616 301
616 301 620 301
619 301 626 301
621 301 629 303
624 301 631 304
627 301 635 302
630 301 637 301
635 301 641 301
582 304 590 305
585 304 593 305
588 304 596 305
590 304 599 305
596 304 603 305
599 304 606 305
602 304 609 305
604 304 611 306
616 304 622 304
619 304 625 304
621 304 629 306
627 304 634 305
630 304 637 305
571 306 579 305
573 306 582 305
576 306 584 305
579 306 588 305
613 306 617 306
616 306 619 306
619 306 622 306
630 306 636 308
633 306 640 308
568 309 576 307
571 309 579 308
573 309 581 308
576 309 584 308
604 309 611 309
607 309 613 310
613 309 616 309
616 309 620 310
619 309 622 309
621 309 628 311
630 309 636 311
635 309 641 311
568 312 575 310
571 312 578 309
573 312 581 311
576 312 584 311
604 312 605 312
613 312 617 312
616 312 620 313
621 312 625 312
627 312 633 313
630 312 636 313
635 312 640 314
647 312 646 311
568 315 575 313
571 315 578 314
573 315 581 314
576 315 584 314
604 315 605 315
607 315 608 315
621 315 625 315
635 315 639 315
647 315 647 314
