579 199 578 200
582 199 581 200
537 205 534 207
554 205 543 204
556 205 548 202
573 208 563 199
576 208 566 200
590 208 586 208
540 211 533 213
573 211 563 201
559 216 552 207
604 219 603 233
528 227 527 235
531 230 533 238
610 230 609 236
534 233 536 239
551 233 553 247
585 233 590 250
610 233 611 239
616 233 625 245
604 236 624 262
610 236 613 244
613 236 616 244
619 236 622 244
610 239 614 247
613 239 616 247
616 239 619 248
619 239 622 247
621 239 626 247
534 242 532 247
537 242 554 269
610 242 613 250
616 242 619 250
528 244 545 280
540 244 557 273
602 244 575 257
616 244 622 256
619 244 625 256
621 244 628 256
619 247 625 260
621 247 627 259
624 247 631 259
537 250 552 276
548 250 544 260
551 250 546 260
604 250 613 259
610 250 630 272
534 253 548 279
537 253 551 279
540 253 555 279
542 253 558 279
554 253 550 263
579 253 598 273
607 253 627 274
610 253 630 275
616 253 627 269
548 256 546 268
551 256 546 265
559 256 533 232
565 256 542 230
599 256 607 276
607 256 624 276
613 256 632 278
638 256 636 260
528 258 528 267
585 258 583 287
593 258 601 279
596 258 604 279
599 258 607 279
602 258 610 282
604 258 613 282
607 258 621 280
610 258 627 280
630 258 638 281
528 261 528 270
576 261 586 281
579 261 589 281
596 261 603 282
599 261 607 282
602 261 610 284
604 261 613 285
607 261 618 285
633 261 638 283
635 261 644 284
641 261 642 269
528 264 528 273
531 264 531 271
573 264 579 288
579 264 589 285
596 264 604 285
599 264 607 285
604 264 615 288
630 264 638 286
633 264 640 287
635 264 643 287
644 264 644 272
528 267 528 278
585 267 591 285
588 267 594 287
590 267 597 287
599 267 607 288
635 267 643 289
638 267 647 289
537 270 540 279
571 270 580 289
588 270 594 290
593 270 600 288
599 270 606 290
604 270 566 263
633 270 640 292
590 273 597 293
599 273 604 293
602 273 608 291
604 273 612 295
610 273 560 266
621 273 573 260
624 273 576 260
554 275 560 280
573 275 585 298
590 275 595 296
599 275 603 296
602 275 606 296
610 275 620 298
624 275 575 264
554 278 559 284
604 278 609 297
613 278 620 299
616 278 618 269
599 281 603 300
602 281 606 300
604 281 608 300
607 281 611 299
610 281 614 301
613 281 620 303
627 281 632 301
604 284 608 303
607 284 611 303
610 284 614 304
613 284 622 309
616 284 626 309
542 287 542 286
568 287 571 289
571 287 575 290
607 287 611 306
613 287 623 312
616 287 626 313
635 287 632 303
638 287 635 303
641 287 640 303
644 287 644 302
542 290 542 290
545 290 547 289
571 290 575 295
573 290 577 295
585 290 588 299
590 290 594 301
593 290 597 302
610 290 611 308
613 290 614 309
616 290 617 308
638 290 635 306
647 290 646 304
548 292 548 292
551 292 552 292
554 292 556 292
565 292 570 302
568 292 571 298
582 292 585 302
585 292 588 302
588 292 591 302
593 292 597 305
596 292 599 305
602 292 603 305
616 292 617 312
633 292 630 312
635 292 634 312
638 292 637 312
641 292 641 313
551 295 551 294
554 295 554 294
556 295 557 294
562 295 567 303
565 295 570 304
599 295 600 308
624 295 625 315
633 295 630 314
635 295 634 315
638 295 637 316
556 298 557 298
559 298 560 297
593 298 593 310
596 298 596 311
556 301 556 301
559 301 559 300
573 301 576 307
576 301 579 307
579 301 582 307
582 301 584 307
585 301 588 308
588 301 591 309
593 301 594 313
596 301 596 313
559 304 559 303
576 304 579 311
579 304 581 311
582 304 584 311
585 304 587 310
573 306 576 313
579 306 582 314
582 315 572 315
585 315 578 315
596 315 585 313
638 315 643 315
