493 111 556 156
632 146 714 185
476 163 539 202
493 163 555 202
424 215 492 254
441 215 509 254
458 215 524 253
476 215 542 253
493 215 558 253
528 215 591 251
545 215 611 252
562 215 630 251
371 233 441 269
389 233 457 268
406 233 473 268
441 233 505 267
458 233 521 267
476 233 537 267
493 233 554 267
510 233 572 267
528 233 589 267
545 233 608 268
562 233 630 268
371 250 442 286
389 250 455 284
406 250 471 283
424 250 486 283
441 250 502 283
458 250 519 284
493 250 552 283
510 250 569 283
528 250 587 284
545 250 606 284
371 267 442 301
389 267 455 299
406 267 471 299
424 267 486 298
441 267 503 299
476 267 532 298
493 267 549 298
510 267 566 298
528 267 585 299
545 267 605 300
371 285 442 317
389 285 456 316
406 285 470 315
424 285 485 315
458 285 516 314
476 285 533 314
493 285 549 315
510 285 566 315
528 285 585 316
545 285 605 317
562 285 629 320
580 285 650 321
597 285 669 321
319 302 400 334
354 302 428 335
389 302 455 332
406 302 470 331
424 302 486 332
441 302 503 332
458 302 520 332
493 302 551 332
510 302 566 331
545 302 605 335
580 302 652 340
597 302 669 340
614 302 688 340
285 319 370 349
371 319 440 349
389 319 455 349
424 319 486 348
441 319 505 350
458 319 520 350
476 319 538 350
510 319 569 350
528 319 584 349
545 319 601 349
580 319 653 358
597 319 671 358
614 319 691 358
406 337 472 365
441 337 506 367
458 337 522 368
476 337 539 368
510 337 570 367
528 337 585 367
545 337 601 367
597 337 673 376
389 354 461 386
406 354 475 385
424 354 491 385
441 354 507 385
458 354 523 386
476 354 539 386
493 354 555 387
510 354 572 387
545 354 602 385
597 354 673 394
389 371 460 404
406 371 476 403
424 371 492 404
441 371 508 404
458 371 523 404
476 371 540 404
493 371 557 405
510 371 574 406
597 371 673 416
354 389 426 420
389 389 461 421
406 389 476 421
424 389 492 422
441 389 509 422
458 389 525 423
476 389 541 423
493 389 558 424
510 389 576 425
528 389 593 426
632 389 704 427
319 406 390 438
337 406 405 439
371 406 440 438
389 406 461 438
406 406 478 439
424 406 493 440
441 406 509 440
458 406 526 441
476 406 543 442
493 406 559 442
580 406 661 455
632 406 703 445
684 406 768 455
319 424 388 455
354 424 421 457
389 424 459 456
424 424 493 458
441 424 510 460
458 424 527 460
476 424 543 461
493 424 561 460
632 424 700 464
684 424 767 471
458 441 527 477
