476 111 538 156
493 111 556 156
510 111 578 157
528 111 616 155
545 111 638 155
614 129 698 169
476 146 538 188
493 146 555 187
580 146 672 190
597 146 685 192
614 146 696 191
632 146 714 185
458 163 523 203
476 163 539 202
493 163 555 202
580 163 671 207
597 163 684 208
614 163 695 210
632 163 713 211
458 181 525 222
493 181 556 220
441 198 511 237
458 198 526 238
510 198 576 237
528 198 595 236
545 198 614 237
562 198 644 237
580 198 680 240
614 198 703 236
632 198 716 232
389 215 458 254
406 215 475 254
424 215 492 254
441 215 509 254
458 215 524 253
476 215 542 253
493 215 558 253
510 215 575 252
528 215 591 251
545 215 611 252
562 215 630 251
614 215 700 250
632 215 713 249
371 233 441 269
389 233 457 268
406 233 473 268
441 233 505 267
458 233 521 267
476 233 537 267
493 233 554 267
510 233 572 267
528 233 589 267
545 233 608 268
562 233 630 268
580 233 653 268
597 233 697 282
632 233 717 284
354 250 428 285
371 250 442 286
389 250 455 284
406 250 471 283
424 250 486 283
441 250 502 283
458 250 519 284
493 250 552 283
510 250 569 283
528 250 587 284
545 250 606 284
562 250 631 287
580 250 653 288
597 250 697 303
632 250 719 306
319 267 406 306
354 267 428 301
371 267 442 301
389 267 455 299
406 267 471 299
424 267 486 298
441 267 503 299
476 267 532 298
493 267 549 298
510 267 566 298
528 267 585 299
545 267 605 300
580 267 653 305
597 267 669 306
632 267 715 322
319 285 401 320
354 285 428 318
371 285 442 317
389 285 456 316
406 285 470 315
424 285 485 315
458 285 516 314
476 285 533 314
493 285 549 315
510 285 566 315
528 285 585 316
545 285 605 317
562 285 629 320
580 285 650 321
597 285 669 321
614 285 687 321
632 285 715 335
285 302 372 335
302 302 387 333
319 302 400 334
354 302 428 335
371 302 441 332
389 302 455 332
406 302 470 331
424 302 486 332
441 302 503 332
458 302 520 332
493 302 551 332
510 302 566 331
528 302 585 333
545 302 605 335
580 302 652 340
597 302 669 340
614 302 688 340
285 319 370 349
302 319 384 348
319 319 400 348
337 319 417 348
371 319 440 349
389 319 455 349
406 319 470 349
424 319 486 348
441 319 505 350
458 319 520 350
476 319 538 350
510 319 569 350
528 319 584 349
545 319 601 349
562 319 634 364
580 319 653 358
597 319 671 358
614 319 691 358
337 337 417 368
389 337 457 367
406 337 472 365
424 337 489 367
441 337 506 367
458 337 522 368
476 337 539 368
510 337 570 367
528 337 585 367
545 337 601 367
580 337 654 375
597 337 673 376
614 337 694 376
337 354 416 387
371 354 444 388
389 354 461 386
406 354 475 385
424 354 491 385
441 354 507 385
458 354 523 386
476 354 539 386
493 354 555 387
510 354 572 387
545 354 602 385
580 354 656 399
597 354 673 394
614 354 696 395
632 354 716 390
666 354 754 406
337 371 416 406
371 371 445 406
389 371 460 404
406 371 476 403
424 371 492 404
441 371 508 404
458 371 523 404
476 371 540 404
493 371 557 405
510 371 574 406
597 371 673 416
632 371 716 407
354 389 426 420
371 389 446 421
389 389 461 421
406 389 476 421
424 389 492 422
441 389 509 422
458 389 525 423
476 389 541 423
493 389 558 424
510 389 576 425
528 389 593 426
580 389 659 436
632 389 704 427
684 389 771 437
319 406 390 438
337 406 405 439
354 406 420 438
371 406 440 438
389 406 461 438
406 406 478 439
424 406 493 440
441 406 509 440
458 406 526 441
476 406 543 442
493 406 559 442
510 406 578 443
580 406 661 455
632 406 703 445
666 406 750 457
684 406 768 455
302 424 371 457
319 424 388 455
354 424 421 457
389 424 459 456
406 424 479 457
424 424 493 458
441 424 510 460
458 424 527 460
476 424 543 461
493 424 561 460
510 424 579 461
528 424 611 463
614 424 683 461
632 424 700 464
684 424 767 471
319 441 407 456
424 441 494 475
441 441 512 479
458 441 527 477
476 441 542 475
493 441 563 474
510 441 581 477
302 476 371 477
337 476 389 478
354 476 405 477
