493 42 488 118
510 42 501 117
562 42 573 127
580 42 594 126
597 42 610 126
632 42 644 138
493 59 490 132
562 59 576 150
597 59 599 144
614 59 615 143
632 59 633 141
441 77 453 179
562 77 574 168
597 77 604 167
614 77 621 164
632 77 633 164
493 94 492 157
510 94 507 156
632 94 632 180
458 111 471 176
493 111 495 170
510 111 510 169
614 111 622 198
632 111 636 194
458 129 471 195
493 129 497 186
510 129 513 188
580 129 604 217
597 129 621 215
632 129 638 211
441 146 457 209
510 146 516 204
528 146 531 203
580 163 580 214
597 163 625 240
632 163 642 237
649 163 647 253
337 181 373 238
354 181 386 237
371 181 400 235
406 181 428 233
424 181 442 232
441 181 458 232
458 181 473 232
476 181 489 230
510 181 517 228
528 181 532 226
545 181 549 226
562 181 564 225
337 198 372 252
354 198 387 249
371 198 400 247
406 198 428 244
424 198 443 243
441 198 458 244
458 198 473 242
476 198 488 241
510 198 517 239
528 198 531 237
545 198 548 236
562 198 566 239
580 198 586 241
302 215 338 289
319 215 359 272
354 215 386 265
649 215 656 269
319 233 359 291
337 233 373 284
389 233 414 272
406 233 429 269
424 233 443 269
441 233 457 266
458 233 471 264
493 233 502 262
510 233 516 262
528 233 533 262
545 233 548 262
580 233 588 273
267 250 319 311
285 250 335 310
319 250 361 307
354 250 387 296
389 250 415 287
406 250 431 285
424 250 445 283
441 250 459 281
458 250 473 279
493 250 503 275
510 250 517 273
528 250 532 273
545 250 549 274
580 250 590 286
597 250 607 284
632 250 646 288
250 267 304 325
285 267 327 325
302 267 345 323
319 267 361 322
354 267 389 311
389 267 416 303
406 267 431 302
424 267 446 300
441 267 461 299
458 267 475 295
476 267 491 293
510 267 518 287
528 267 535 288
545 267 553 290
562 267 571 295
285 285 330 338
302 285 344 342
319 285 362 344
354 285 390 326
389 285 416 319
406 285 433 319
424 285 448 318
441 285 462 315
458 285 478 313
476 285 493 311
528 285 539 308
545 285 556 308
562 285 576 314
580 285 593 316
597 285 610 314
614 285 627 311
302 302 346 361
319 302 363 364
354 302 394 358
371 302 415 356
389 302 418 335
406 302 433 335
424 302 450 335
441 302 465 334
458 302 480 331
476 302 496 329
510 302 523 325
528 302 541 325
562 302 579 331
580 302 598 330
597 302 613 330
302 319 347 380
319 319 362 382
337 319 378 381
354 319 394 373
371 319 410 371
406 319 436 355
424 319 453 354
458 319 480 349
476 319 497 347
510 319 526 342
545 319 555 331
562 319 589 347
302 337 347 397
319 337 363 395
337 337 379 394
354 337 394 395
371 337 410 389
406 337 438 380
424 337 455 378
441 337 470 374
458 337 485 370
476 337 500 367
493 337 516 364
528 337 543 351
545 337 558 348
580 337 610 376
614 337 631 378
649 337 682 374
302 354 348 413
319 354 365 411
337 354 380 410
354 354 394 410
371 354 410 409
406 354 441 402
424 354 457 402
441 354 473 395
458 354 488 392
476 354 503 389
510 354 537 384
528 354 545 368
545 354 560 368
562 354 595 378
580 354 612 394
614 354 632 393
267 371 308 437
371 371 413 426
406 371 442 422
424 371 458 421
441 371 476 414
458 371 490 412
476 371 506 409
493 371 524 408
562 371 600 416
580 371 615 415
666 371 690 390
319 389 347 438
354 389 385 434
371 389 403 445
406 389 444 441
424 389 460 440
441 389 477 437
458 389 492 432
476 389 510 429
493 389 527 426
510 389 541 420
528 389 561 418
545 389 582 420
562 389 604 436
580 389 618 434
614 389 634 416
632 389 651 410
649 389 669 410
666 389 688 407
285 406 315 456
302 406 333 455
337 406 365 450
424 406 460 455
441 406 478 456
458 406 499 457
476 406 514 456
493 406 530 455
510 406 560 447
528 406 581 438
562 406 604 451
580 406 619 451
614 406 635 428
666 406 690 421
250 424 296 477
319 424 368 466
337 424 407 463
371 424 420 466
406 424 439 468
528 424 579 459
285 441 318 475
302 441 334 475
614 441 651 450
632 441 671 450
666 441 693 447
545 458 600 469
562 458 615 467
632 458 671 464
666 458 694 460
597 476 654 479
