0.9966391324996948 -0.06335927546024323 0.05192334949970245 0.06841568648815155 
0.0599820464849472 0.9961324334144592 0.06420557200908661 -0.2271420508623123 
-0.05579055473208427 -0.0608753114938736 0.996584951877594 -0.7021954655647278 
0 0 0 1 

0.986474871635437 -0.09013526886701584 0.1369047462940216 0.07071255892515182 
0.07851553708314896 0.9930182099342346 0.08803447335958481 -0.2323069125413895 
-0.1438839286565781 -0.0760946199297905 0.9866645932197571 -0.6978176236152649 
0 0 0 1 

0.967920184135437 -0.1268132776021957 0.21690733730793 0.07139492034912109 
0.1049740463495255 0.9884338974952698 0.109447717666626 -0.2354879528284073 
-0.2282780110836029 -0.08316697180271149 0.9700372815132141 -0.6935153603553772 
0 0 0 1 

0.9434767961502075 -0.1638143360614777 0.288125604391098 0.05859410017728806 
0.143943190574646 0.9855753183364868 0.08900389075279236 -0.2435344010591507 
-0.2985495924949646 -0.0424993634223938 0.9534474015235901 -0.6846408247947693 
0 0 0 1 

0.9183268547058105 -0.1533872783184052 0.3648945093154907 0.04240553081035614 
0.1123511493206024 0.9849576950073242 0.131284162402153 -0.2496702373027802 
-0.3795429766178131 -0.07956542074680328 0.9217463731765747 -0.6610023975372314 
0 0 0 1 

0.9027009606361389 -0.1614826619625092 0.3988159000873566 0.04174166917800903 
0.07857684046030045 0.9731837511062622 0.2161920815706253 -0.2485424727201462 
-0.4230324625968933 -0.1638190597295761 0.8911827206611633 -0.6306688189506531 
0 0 0 1 

0.8754144310951233 -0.1730987429618835 0.4513161182403564 0.04454174265265465 
0.04309019446372986 0.9579097628593445 0.2838169038295746 -0.2595973312854767 
-0.4814484715461731 -0.2290100902318954 0.8460269570350647 -0.6079830527305603 
0 0 0 1 

0.8599903583526611 -0.1947237253189087 0.4716980159282684 0.05016548186540604 
0.009777807630598545 0.9304541349411011 0.3662777543067932 -0.267102837562561 
-0.5102163553237915 -0.3103830814361572 0.8020855188369751 -0.5884808897972107 
0 0 0 1 

0.8807583451271057 -0.2077140808105469 0.4255814254283905 0.0609297901391983 
-0.001714173937216401 0.8972698450088501 0.4414791464805603 -0.2946560382843018 
-0.4735628366470337 -0.3895659446716309 0.7899218797683716 -0.5382328033447266 
0 0 0 1 

0.8704416751861572 -0.2149513363838196 0.4428624212741852 0.07036087661981583 
-0.02405072562396526 0.8799867630004883 0.4743888080120087 -0.3118186295032501 
-0.4916836023330688 -0.4235789477825165 0.7608073949813843 -0.5068627595901489 
0 0 0 1 

