506 219 512 220
440 222 474 223
493 222 507 224
509 222 513 222
503 224 488 225
506 224 491 224
509 224 514 224
511 224 517 223
517 224 482 227
522 224 488 228
430 227 430 275
506 227 492 227
509 227 515 227
517 227 483 230
530 227 522 229
538 227 538 231
435 230 467 228
511 230 504 250
519 230 512 246
538 230 538 234
430 232 430 299
519 232 514 250
535 232 536 257
461 235 440 271
464 235 442 270
467 235 499 235
472 235 504 234
535 235 536 306
538 235 535 281
448 238 469 238
451 238 472 236
472 238 504 237
474 238 508 236
480 238 459 297
493 238 443 274
501 238 521 252
519 238 498 265
538 238 537 284
459 240 474 291
480 240 463 300
485 240 466 299
430 243 430 247
435 243 434 310
443 243 450 265
535 243 533 296
430 246 430 251
469 246 458 318
519 246 480 241
522 246 483 240
535 246 534 299
538 246 537 299
430 248 430 289
459 248 486 242
467 248 450 309
472 248 433 250
474 248 436 249
519 248 481 244
522 248 484 243
459 251 453 325
496 251 480 318
525 254 518 240
535 254 530 236
430 256 430 264
498 256 502 315
501 256 505 315
506 256 512 313
511 256 521 287
533 256 527 240
527 259 522 303
432 261 435 281
514 261 495 288
440 264 439 305
514 264 496 291
506 267 519 278
538 267 538 305
506 269 520 281
533 272 530 295
535 272 533 294
538 272 538 244
509 275 514 287
530 275 525 268
533 275 528 269
535 275 535 264
533 277 529 272
535 277 535 267
538 277 538 267
432 283 435 304
530 288 532 278
538 290 538 280
535 293 532 284
525 296 517 312
432 301 440 300
469 312 475 252
522 312 493 282
430 314 430 311
430 317 431 314
432 317 435 313
430 320 430 319
530 320 536 319
430 322 430 323
432 322 433 321
435 322 439 319
459 322 474 319
469 322 466 322
430 325 430 326
432 325 434 324
435 325 437 323
437 325 440 323
443 325 443 321
459 325 475 322
469 325 466 325
530 325 525 324
533 325 530 323
535 325 533 323
430 327 431 328
432 327 434 327
435 327 437 327
437 327 440 326
443 327 447 327
445 327 450 326
456 327 473 327
490 327 480 327
493 327 482 327
530 327 525 327
533 327 531 327
535 327 534 327
538 327 538 327
