649 181 645 188
666 181 663 188
666 198 663 205
753 198 753 206
770 198 770 206
684 215 680 222
770 215 767 223
805 215 804 222
632 233 628 239
666 233 662 240
684 233 680 239
770 233 768 240
632 250 628 257
684 250 679 256
614 267 612 274
666 267 662 274
753 267 755 274
788 267 788 274
580 285 576 291
597 285 593 292
649 285 646 291
666 285 663 290
684 285 680 292
753 285 754 292
770 285 769 291
788 285 788 292
805 285 803 292
528 302 525 307
545 302 542 309
562 302 560 308
580 302 575 309
597 302 592 308
614 302 610 308
632 302 628 308
649 302 645 309
666 302 662 309
684 302 679 308
718 302 714 309
736 302 731 309
770 302 765 309
805 302 802 309
510 319 507 325
545 319 541 325
562 319 558 325
580 319 576 324
597 319 593 326
614 319 611 325
632 319 627 325
649 319 645 325
666 319 661 326
684 319 679 325
701 319 697 325
718 319 714 326
753 319 747 325
770 319 765 326
788 319 783 326
805 319 802 326
493 337 491 343
510 337 508 343
545 337 540 342
562 337 559 343
597 337 594 342
614 337 610 342
632 337 628 343
649 337 644 342
666 337 661 343
684 337 679 344
701 337 696 343
718 337 714 342
736 337 731 343
770 337 765 343
788 337 783 344
510 354 508 359
545 354 541 360
562 354 559 360
580 354 577 361
597 354 595 361
614 354 610 359
632 354 628 359
649 354 644 359
684 354 679 360
701 354 696 360
718 354 714 360
753 354 747 360
770 354 765 360
788 354 784 360
805 354 802 361
562 371 558 377
597 371 594 378
614 371 610 377
632 371 628 377
649 371 644 376
666 371 661 375
701 371 696 377
718 371 713 377
736 371 731 377
562 389 559 394
580 389 575 394
632 389 626 393
649 389 643 393
666 389 662 395
718 389 713 394
736 389 731 394
770 389 766 394
788 389 782 395
805 389 800 395
94 406 90 410
129 406 123 411
510 406 507 409
562 406 559 412
580 406 576 411
614 406 611 409
632 406 627 410
649 406 644 412
666 406 661 413
684 406 679 411
736 406 731 412
753 406 748 412
770 406 767 412
493 424 490 429
510 424 507 428
562 424 558 429
580 424 576 428
597 424 593 429
614 424 611 429
649 424 645 428
701 424 695 430
736 424 731 429
770 424 767 430
805 424 798 429
59 441 54 445
510 441 506 446
562 441 559 446
580 441 576 445
597 441 594 446
614 441 610 446
632 441 628 446
649 441 645 445
666 441 662 445
684 441 678 447
718 441 713 446
736 441 731 447
788 441 782 447
805 441 798 447
493 458 491 462
510 458 505 462
545 458 542 462
562 458 559 464
580 458 577 464
597 458 593 464
614 458 611 463
632 458 627 463
649 458 645 463
666 458 662 463
684 458 679 462
736 458 732 464
788 458 781 461
805 458 799 462
59 476 54 477
788 476 782 478
