333 149 326 147
312 154 294 159
328 154 315 155
333 154 325 153
338 154 330 153
343 154 336 152
349 154 342 151
359 154 357 149
307 160 290 165
312 160 296 166
338 160 326 160
343 160 338 158
359 160 343 159
364 160 348 159
369 160 353 158
375 160 368 153
380 160 373 153
297 165 300 158
302 165 306 159
317 165 301 174
354 165 331 168
359 165 343 165
364 165 348 165
369 165 351 165
375 165 369 164
380 165 389 167
385 165 378 157
291 170 284 174
297 170 300 164
328 170 302 178
343 170 320 174
349 170 325 175
354 170 330 175
359 170 336 175
364 170 342 174
369 170 358 169
375 170 364 168
385 170 379 164
291 175 282 180
328 175 301 184
333 175 306 183
338 175 311 181
354 175 328 181
359 175 335 181
364 175 341 180
369 175 353 175
380 175 362 174
385 175 373 173
281 180 276 185
286 180 279 185
291 180 283 185
302 180 310 174
323 180 296 190
328 180 300 190
333 180 305 190
338 180 310 189
375 180 354 181
380 180 362 180
385 180 370 179
395 180 399 178
276 186 270 191
286 186 274 192
328 186 301 195
359 186 337 189
375 186 353 188
380 186 362 186
385 186 369 185
390 186 375 184
401 186 396 179
343 191 322 195
354 191 333 194
359 191 338 194
364 191 343 194
369 191 348 194
375 191 354 194
385 191 368 191
390 191 375 191
395 191 383 189
401 191 401 194
406 191 412 194
271 196 264 196
276 196 269 200
281 196 275 201
286 196 289 195
291 196 295 196
317 196 300 205
323 196 306 205
338 196 317 201
349 196 327 200
354 196 332 199
359 196 339 199
364 196 344 200
369 196 349 200
375 196 354 199
380 196 359 199
385 196 368 197
390 196 374 197
395 196 384 194
401 196 400 200
406 196 411 201
265 201 258 207
271 201 264 201
276 201 269 207
281 201 275 206
286 201 290 201
291 201 294 202
323 201 307 212
333 201 311 212
338 201 318 205
349 201 328 206
354 201 333 206
359 201 339 205
364 201 344 205
369 201 349 205
375 201 355 205
380 201 363 205
390 201 375 201
395 201 384 200
401 201 390 200
265 206 260 213
271 206 264 213
281 206 276 212
286 206 285 207
291 206 290 207
349 206 329 211
354 206 334 212
359 206 339 211
364 206 344 211
369 206 349 210
375 206 357 209
380 206 363 210
385 206 369 205
390 206 380 206
395 206 384 207
401 206 396 204
406 206 412 215
276 212 269 211
286 212 280 213
291 212 295 211
297 212 290 218
307 212 297 218
338 212 322 222
349 212 329 216
354 212 334 216
359 212 339 217
364 212 343 216
369 212 353 215
375 212 359 215
385 212 375 211
390 212 380 211
395 212 389 211
401 212 400 210
406 212 406 209
271 217 266 219
276 217 269 218
281 217 275 219
302 217 291 223
307 217 297 224
338 217 322 227
349 217 329 223
354 217 335 222
359 217 343 220
369 217 355 221
375 217 361 220
380 217 368 220
385 217 375 220
390 217 384 219
395 217 391 217
401 217 400 217
406 217 406 216
271 222 270 227
281 222 280 223
286 222 282 226
302 222 291 228
307 222 296 229
328 222 308 229
349 222 331 228
359 222 342 227
364 222 349 226
369 222 355 226
375 222 360 226
380 222 367 226
385 222 373 225
390 222 382 224
395 222 390 225
406 222 412 225
281 227 276 232
291 227 286 232
302 227 291 232
307 227 296 234
323 227 301 235
328 227 306 235
338 227 323 236
349 227 331 232
359 227 342 232
364 227 348 232
369 227 355 232
375 227 360 231
380 227 368 231
385 227 375 229
390 227 381 229
395 227 390 230
401 227 401 230
406 227 412 235
291 232 285 238
302 232 290 238
312 232 295 239
323 232 302 240
328 232 306 240
333 232 311 239
338 232 316 239
349 232 331 238
364 232 349 238
369 232 355 236
375 232 364 236
380 232 369 235
385 232 376 235
390 232 382 235
395 232 390 236
401 232 402 236
281 238 278 243
291 238 285 242
307 238 291 243
312 238 295 244
317 238 300 244
323 238 305 245
333 238 311 245
338 238 317 244
343 238 323 244
349 238 329 244
354 238 338 243
359 238 343 243
364 238 348 242
369 238 356 242
375 238 364 241
380 238 371 241
385 238 376 241
390 238 383 241
395 238 389 242
406 238 413 242
307 243 291 249
312 243 296 250
317 243 301 249
323 243 306 249
328 243 311 249
338 243 319 250
343 243 323 249
349 243 328 249
354 243 338 249
359 243 343 248
364 243 349 247
369 243 356 246
375 243 364 246
380 243 371 245
385 243 377 246
390 243 383 246
395 243 387 262
401 243 406 247
406 243 413 248
307 248 291 254
312 248 298 255
317 248 301 255
323 248 306 255
328 248 311 254
333 248 316 255
343 248 323 255
349 248 329 255
354 248 338 255
359 248 342 254
364 248 349 253
369 248 356 252
375 248 364 251
380 248 370 251
385 248 377 251
390 248 382 251
395 248 391 252
401 248 406 253
406 248 412 252
307 253 291 260
312 253 297 260
317 253 302 261
323 253 307 260
328 253 311 260
333 253 316 260
343 253 326 262
349 253 333 262
354 253 337 260
359 253 344 259
364 253 349 259
369 253 355 259
375 253 363 257
380 253 370 256
385 253 376 256
390 253 384 257
401 253 406 258
406 253 412 258
297 258 286 265
307 258 292 265
312 258 297 264
317 258 302 265
323 258 306 265
328 258 311 265
333 258 317 266
343 258 324 265
359 258 342 264
364 258 349 264
369 258 356 263
375 258 363 262
380 258 371 262
385 258 376 262
390 258 402 251
291 264 280 269
297 264 285 270
307 264 292 270
312 264 298 270
317 264 302 270
323 264 306 270
328 264 312 270
343 264 324 270
349 264 331 270
354 264 337 269
359 264 343 268
364 264 349 268
369 264 356 268
375 264 364 268
380 264 372 267
385 264 396 257
390 264 401 258
291 269 280 275
302 269 287 275
307 269 292 275
312 269 298 275
317 269 303 275
323 269 307 276
333 269 313 275
349 269 331 276
354 269 337 275
359 269 344 274
364 269 349 274
369 269 358 274
375 269 364 273
380 269 375 274
385 269 392 268
395 269 397 269
297 274 285 280
307 274 293 281
312 274 298 281
317 274 303 281
323 274 307 281
328 274 312 280
338 274 318 280
343 274 327 281
349 274 331 280
354 274 338 280
359 274 344 280
380 274 375 279
385 274 391 274
401 274 401 275
302 279 291 285
312 279 298 286
317 279 302 286
323 279 307 286
328 279 312 285
333 279 318 285
338 279 322 285
349 279 332 285
354 279 338 285
359 279 343 284
369 279 359 280
375 279 370 280
380 279 383 278
385 279 390 278
401 279 412 269
302 284 292 289
312 284 298 290
317 284 303 290
323 284 307 290
328 284 312 290
338 284 323 290
343 284 327 290
349 284 332 290
354 284 338 290
359 284 345 289
369 284 359 285
380 284 382 284
385 284 388 284
390 284 397 289
401 284 412 278
297 290 291 294
317 290 304 295
323 290 309 295
328 290 313 295
333 290 317 295
338 290 322 295
343 290 327 295
349 290 332 294
354 290 338 295
359 290 344 295
369 290 365 289
375 290 374 289
380 290 382 289
385 290 387 290
390 290 393 289
401 290 401 290
328 295 313 299
333 295 318 300
338 295 323 300
343 295 329 301
349 295 333 300
354 295 339 299
375 295 374 295
380 295 381 296
385 295 386 295
390 295 393 294
395 295 398 294
401 295 406 293
286 300 286 302
307 300 298 295
317 300 302 301
338 300 328 305
349 300 334 305
354 300 344 306
364 300 359 307
369 300 369 301
375 300 375 300
380 300 380 301
385 300 385 301
390 300 392 299
395 300 398 299
401 300 403 299
291 305 292 306
307 305 303 306
323 305 313 307
333 305 323 311
338 305 329 310
354 305 345 311
364 305 360 312
369 305 364 312
375 305 374 305
380 305 379 306
385 305 385 306
390 305 392 305
395 305 398 305
401 305 403 305
406 305 409 305
302 310 297 312
307 310 304 312
317 310 308 312
323 310 312 312
380 310 380 311
385 310 384 312
390 310 391 311
395 310 396 311
401 310 402 311
406 310 408 311
416 310 419 311
432 310 435 310
437 310 438 310
302 316 297 318
307 316 303 318
323 316 323 318
333 316 334 316
338 316 340 316
343 316 345 316
349 316 349 317
364 316 361 317
369 316 366 317
375 316 372 316
380 316 378 317
385 316 384 316
390 316 391 316
395 316 396 317
401 316 401 317
406 316 406 317
411 316 411 317
416 316 417 316
421 316 422 316
427 316 428 316
432 316 433 316
437 316 438 316
442 316 444 316
312 321 314 322
328 321 329 323
333 321 333 322
338 321 340 322
343 321 344 321
349 321 349 321
364 321 361 322
369 321 366 322
375 321 372 323
380 321 377 323
385 321 384 322
390 321 390 322
395 321 396 322
406 321 405 322
411 321 409 322
416 321 414 322
432 321 431 321
437 321 438 321
442 321 443 324
307 326 308 327
317 326 319 328
323 326 324 328
333 326 334 327
338 326 340 327
343 326 344 328
354 326 352 326
364 326 361 327
369 326 367 327
375 326 372 328
380 326 378 328
385 326 383 328
390 326 389 328
395 326 395 328
401 326 399 329
406 326 405 328
411 326 409 328
416 326 414 328
442 326 442 326
317 331 320 332
323 331 323 333
328 331 329 333
338 331 341 333
343 331 345 332
359 331 355 332
364 331 361 333
369 331 366 333
375 331 372 333
380 331 377 333
385 331 383 333
390 331 389 333
395 331 394 333
411 331 408 333
416 331 414 333
421 331 419 332
427 331 430 331
432 331 433 335
307 336 310 336
312 336 315 336
317 336 320 336
323 336 326 336
328 336 330 338
333 336 336 337
338 336 341 337
343 336 345 337
354 336 350 337
359 336 354 338
364 336 361 338
369 336 365 338
375 336 371 338
380 336 377 338
385 336 383 338
390 336 388 338
395 336 394 339
401 336 399 338
406 336 403 338
411 336 408 338
416 336 413 337
421 336 420 337
427 336 422 337
