333 149 322 149
338 149 327 149
349 149 338 149
317 154 311 155
333 154 322 154
343 154 332 155
349 154 338 154
364 154 341 149
369 154 347 148
380 154 380 154
317 160 313 159
323 160 327 158
375 160 370 159
338 165 297 175
343 165 302 175
359 165 353 165
380 165 379 169
385 165 380 164
390 165 391 164
297 170 284 175
302 170 290 175
343 170 301 180
349 170 307 179
364 170 343 164
385 170 386 175
390 170 396 175
395 170 401 173
291 175 279 180
302 175 291 180
343 175 300 186
349 175 306 185
364 175 342 169
380 175 374 181
385 175 380 178
390 175 395 179
281 180 270 186
286 180 276 186
291 180 281 186
380 180 374 184
395 180 402 185
401 180 406 184
328 186 313 186
349 186 323 185
390 186 396 194
401 186 407 190
406 186 411 190
317 191 318 189
338 191 305 200
369 191 333 195
380 191 343 196
385 191 353 196
390 191 396 200
281 196 265 196
302 196 291 197
307 196 295 196
333 196 306 206
359 196 327 200
369 196 334 200
375 196 339 200
380 196 347 201
385 196 354 202
390 196 360 201
281 201 264 201
286 201 279 202
291 201 285 202
297 201 291 202
343 201 317 212
359 201 326 207
364 201 332 207
369 201 337 206
375 201 342 207
380 201 348 206
385 201 354 206
281 206 270 207
291 206 284 207
297 206 291 207
302 206 296 207
338 206 312 217
343 206 317 217
359 206 326 213
364 206 331 212
369 206 338 212
375 206 342 214
380 206 348 212
390 206 371 205
276 212 263 213
281 212 270 213
286 212 275 213
291 212 281 213
297 212 291 213
302 212 297 213
333 212 308 222
338 212 311 223
343 212 317 223
364 212 331 218
369 212 338 218
406 212 405 243
276 217 265 219
281 217 269 218
302 217 297 219
338 217 312 228
349 217 319 228
354 217 322 227
364 217 331 224
369 217 338 224
380 217 355 217
401 217 407 218
406 217 412 231
276 222 265 224
281 222 270 224
297 222 286 226
338 222 301 231
343 222 313 233
349 222 318 233
354 222 323 232
359 222 327 232
364 222 332 231
369 222 342 232
380 222 355 228
385 222 363 227
390 222 373 226
395 222 379 226
401 222 397 227
281 227 271 229
297 227 286 233
333 227 296 237
338 227 301 236
343 227 305 237
349 227 318 239
354 227 322 238
359 227 328 238
375 227 347 237
380 227 354 232
385 227 361 231
390 227 373 231
395 227 380 232
406 227 417 228
297 232 285 238
343 232 307 241
349 232 310 241
354 232 317 242
364 232 333 238
375 232 347 242
380 232 354 239
385 232 364 238
390 232 373 237
395 232 380 238
401 232 387 237
411 232 411 248
317 238 290 243
328 238 295 248
349 238 313 247
354 238 318 246
359 238 323 247
369 238 339 244
380 238 354 243
385 238 365 243
390 238 374 243
395 238 380 243
401 238 403 248
411 238 413 260
291 243 280 244
328 243 296 254
333 243 301 251
338 243 307 251
354 243 318 252
359 243 324 252
364 243 333 252
369 243 338 252
375 243 345 249
380 243 354 249
385 243 366 247
390 243 375 247
395 243 380 248
406 243 405 268
411 243 413 268
291 248 280 249
297 248 285 249
338 248 308 256
343 248 312 255
354 248 318 257
359 248 323 257
364 248 329 258
369 248 338 258
375 248 344 257
380 248 353 255
385 248 364 253
390 248 373 253
395 248 379 254
406 248 406 274
328 253 297 260
333 253 301 260
338 253 308 263
343 253 312 262
354 253 318 262
359 253 323 263
364 253 329 264
369 253 337 263
375 253 343 264
385 253 363 259
390 253 373 259
395 253 382 264
317 258 286 264
323 258 291 265
328 258 295 265
338 258 308 268
349 258 318 268
359 258 322 267
364 258 328 267
369 258 337 269
375 258 344 269
380 258 348 274
385 258 363 264
390 258 373 265
395 258 400 254
317 264 286 269
323 264 289 270
328 264 296 270
333 264 301 271
349 264 317 274
359 264 323 273
364 264 329 273
369 264 336 273
375 264 344 274
385 264 382 274
401 264 407 258
406 264 402 264
411 264 408 265
317 269 286 275
323 269 290 275
328 269 295 276
333 269 301 276
343 269 308 275
349 269 312 275
354 269 318 279
359 269 324 279
375 269 343 278
380 269 354 279
390 269 393 269
395 269 397 268
323 274 291 281
328 274 297 281
333 274 301 282
343 274 308 281
349 274 313 281
364 274 329 282
390 274 391 275
395 274 396 274
297 279 276 280
323 279 292 286
328 279 296 286
333 279 301 286
338 279 306 287
349 279 314 287
354 279 320 287
364 279 330 288
369 279 362 283
385 279 382 279
390 279 389 279
395 279 395 278
323 284 292 291
328 284 295 291
333 284 301 291
343 284 309 291
349 284 314 292
354 284 321 292
369 284 361 289
380 284 375 284
390 284 388 284
395 284 395 286
401 284 402 285
333 290 302 296
338 290 307 295
343 290 312 296
349 290 316 296
354 290 322 297
359 290 328 296
364 290 334 295
369 290 361 296
375 290 363 290
385 290 381 289
390 290 388 290
395 290 393 290
401 290 401 291
411 290 406 289
359 295 328 300
364 295 332 301
369 295 353 300
375 295 364 300
380 295 372 294
385 295 381 296
390 295 387 296
411 295 407 295
312 300 292 296
323 300 298 296
359 300 330 305
375 300 361 305
380 300 371 304
385 300 380 302
390 300 387 301
395 300 393 300
401 300 399 300
317 305 302 306
354 305 328 310
369 305 359 310
375 305 364 311
380 305 375 307
385 305 380 307
390 305 385 308
395 305 393 306
401 305 398 306
406 305 405 305
317 310 302 312
323 310 307 311
328 310 311 311
359 310 349 313
364 310 354 315
369 310 358 317
375 310 370 311
380 310 374 312
385 310 380 312
390 310 386 312
395 310 392 311
401 310 398 311
406 310 403 312
416 310 416 311
432 310 434 310
437 310 439 310
442 310 442 310
349 316 343 317
359 316 349 317
364 316 355 320
369 316 358 323
375 316 369 316
380 316 374 316
385 316 380 317
390 316 385 318
395 316 392 317
401 316 397 318
406 316 402 318
411 316 407 317
416 316 413 316
421 316 418 316
437 316 438 316
442 316 443 316
333 321 331 324
343 321 340 323
349 321 344 322
364 321 355 325
369 321 361 325
375 321 368 323
380 321 374 323
385 321 379 323
390 321 385 323
395 321 391 322
401 321 397 322
406 321 401 323
411 321 406 322
416 321 412 322
421 321 417 322
427 321 423 321
437 321 434 322
442 321 442 321
317 326 317 327
323 326 322 328
338 326 339 328
343 326 344 327
354 326 350 327
359 326 349 330
364 326 355 330
369 326 361 330
375 326 367 329
380 326 372 328
385 326 380 327
390 326 386 328
395 326 391 328
401 326 396 328
406 326 401 328
411 326 406 328
416 326 411 327
421 326 418 326
427 326 422 328
432 326 428 327
442 326 442 326
312 331 313 331
317 331 317 333
333 331 333 333
338 331 338 333
343 331 343 333
375 331 368 334
380 331 373 334
385 331 379 334
390 331 385 334
401 331 396 333
406 331 401 333
411 331 406 334
416 331 411 333
421 331 415 333
427 331 421 333
432 331 428 336
437 331 434 336
307 336 308 337
312 336 313 337
317 336 318 338
323 336 323 338
328 336 328 338
333 336 333 338
343 336 343 337
364 336 356 339
369 336 362 338
375 336 367 339
385 336 379 339
390 336 385 339
395 336 390 339
401 336 396 338
406 336 401 338
411 336 405 338
421 336 414 338
427 336 419 337
432 336 423 335
