607 233 607 229
610 233 610 229
607 236 607 232
616 244 619 243
627 267 628 265
633 284 628 280
599 287 593 294
613 287 615 284
619 287 621 282
633 287 628 283
635 290 630 286
638 290 633 287
647 290 641 290
616 292 615 288
630 292 626 289
635 292 630 289
638 292 633 289
644 292 639 292
647 292 641 292
590 295 587 294
602 295 598 292
607 295 606 292
616 295 615 291
621 295 617 291
633 295 627 291
635 295 630 291
638 295 633 292
602 298 598 298
613 298 611 293
616 298 614 293
621 298 617 293
624 298 620 294
633 298 627 294
635 298 630 294
644 298 638 295
647 298 641 295
590 301 589 300
613 301 611 295
616 301 613 296
621 301 617 296
638 301 634 297
641 301 637 297
602 304 598 304
610 304 607 298
635 304 631 300
638 304 634 300
641 304 637 300
613 306 610 307
619 306 621 309
641 306 637 304
596 309 595 313
599 309 597 313
610 309 606 311
616 309 615 311
619 309 621 312
590 312 591 313
602 312 600 312
607 312 604 313
624 312 624 313
627 312 627 313
644 312 640 308
647 312 643 308
579 315 582 315
582 315 585 315
588 315 589 315
590 315 591 315
613 315 611 315
619 315 618 315
621 315 622 315
624 315 624 315
627 315 627 315
