0.9763913750648499 -0.1467973291873932 -0.158462718129158 -0.09414362162351608 
0.1815734803676605 0.9551392793655396 0.233965739607811 -0.1712531298398972 
0.1170083805918694 -0.2572147846221924 0.9592442512512207 -0.5118850469589233 
0 0 0 1 

0.9370536208152771 -0.277638852596283 0.2117711454629898 -0.2747730314731598 
0.2380879372358322 0.9516437649726868 0.1941344290971756 -0.1496999561786652 
-0.2554300129413605 -0.1314941495656967 0.9578437805175781 -0.4400067925453186 
0 0 0 1 

0.9358259439468384 -0.3461073637008667 0.06662864238023758 -0.1962056457996368 
0.3242546916007996 0.9195096492767334 0.2221729457378387 -0.1803741753101349 
-0.1381614208221436 -0.1863105297088623 0.9727280139923096 -0.4622863233089447 
0 0 0 1 

0.9615193009376526 -0.2519005239009857 0.1096652746200562 -0.2190028727054596 
0.2367237061262131 0.9622030258178711 0.1346366703510284 -0.1208303272724152 
-0.1394353955984116 -0.1034952849149704 0.9848077893257141 -0.4684081077575684 
0 0 0 1 

0.9089977145195007 -0.3700796365737915 0.1917392760515213 -0.243699699640274 
0.3578833937644958 0.9288116693496704 0.09606309980154037 -0.1212165653705597 
-0.2136407047510147 -0.01870072446763515 0.9767332673072815 -0.4528708457946777 
0 0 0 1 

0.9857178926467896 -0.1508719474077225 0.07481714338064194 -0.2051313072443008 
0.1470003575086594 0.9876152873039246 0.05483391508460045 -0.06145355105400085 
-0.08216351270675659 -0.04305252805352211 0.9956884980201721 -0.4756833612918854 
0 0 0 1 

0.933381199836731 -0.2956590056419373 0.2034334540367126 -0.2408860474824905 
0.3020910620689392 0.9532788395881653 -0.0005929206381551921 -0.05787546560168266 
-0.1937534958124161 0.06200888380408287 0.9790886044502258 -0.4472630321979523 
0 0 0 1 

0.959398090839386 -0.18228979408741 0.2152337729930878 -0.2611742913722992 
0.1557593196630478 0.978593111038208 0.1345155835151672 -0.08909577876329422 
-0.2351471483707428 -0.09552923589944839 0.9672537446022034 -0.4098694324493408 
0 0 0 1 

0.9222311973571777 -0.3320238292217255 0.1981154084205627 -0.2412649840116501 
0.2835277616977692 0.929134726524353 0.2373196333646774 -0.1518115997314453 
-0.2628717124462128 -0.1626922935247421 0.9510150551795959 -0.3870970606803894 
0 0 0 1 

0.9215916395187378 -0.3492354452610016 0.1694204211235046 -0.2289226353168488 
0.2982359230518341 0.9164434671401978 0.2668081521987915 -0.1631140559911728 
-0.2484431713819504 -0.195360854268074 0.9487413167953491 -0.3901779055595398 
0 0 0 1 

