160 272 200 265
165 272 207 267
170 272 211 267
180 272 230 270
185 272 237 271
160 277 200 268
165 277 217 273
180 277 229 275
185 277 232 276
190 277 235 277
194 277 241 274
185 282 231 280
155 287 189 276
180 287 226 283
224 287 223 309
170 292 212 279
150 302 176 295
155 302 179 296
180 302 230 283
135 312 175 293
145 312 181 294
185 312 216 318
135 317 174 295
214 317 214 275
145 327 189 296
165 327 199 299
145 332 188 298
160 332 194 301
160 336 193 305
165 336 201 307
190 341 199 341
190 346 216 311
175 351 187 332
