435 217 437 216
467 219 490 220
477 219 510 221
480 219 514 221
474 224 474 224
482 224 478 230
498 224 489 229
472 227 468 231
474 227 474 227
477 227 493 232
509 227 492 249
538 227 538 230
509 230 492 251
511 230 495 250
514 230 497 250
443 235 472 234
485 235 499 321
506 235 508 288
514 235 452 269
432 238 433 283
511 240 520 314
527 240 528 245
535 240 534 242
522 243 517 236
517 246 499 283
527 246 524 237
533 246 530 279
430 248 430 240
530 248 528 283
533 248 531 282
522 251 489 267
538 251 538 262
430 254 430 294
430 256 431 296
430 259 429 278
432 259 432 250
538 259 538 234
432 261 432 255
453 261 448 261
527 261 526 250
538 261 538 237
453 264 459 243
432 267 433 264
435 267 437 285
440 267 440 267
430 269 429 266
432 269 433 267
430 272 429 269
432 277 433 293
440 277 445 305
527 277 535 247
432 280 433 296
440 280 446 312
443 280 450 311
538 280 538 300
435 285 433 280
525 285 528 267
530 285 528 272
443 290 449 292
445 290 452 292
493 290 447 220
514 290 493 294
519 290 511 307
432 293 431 274
443 293 449 296
445 293 452 295
451 293 458 292
469 293 484 239
538 293 538 246
437 296 432 277
448 296 456 297
511 296 511 304
430 298 430 285
461 298 478 248
430 301 429 288
430 304 429 291
432 304 435 290
435 304 438 289
472 306 443 312
493 306 451 247
445 309 457 306
506 309 510 297
467 314 468 312
490 317 493 307
509 317 479 314
511 317 481 313
514 317 509 313
430 320 429 316
490 320 494 311
503 320 473 318
506 320 476 318
509 320 479 317
511 320 482 316
514 320 510 316
535 320 532 320
430 322 430 319
451 322 480 320
453 322 482 319
456 322 485 318
459 322 441 319
461 322 445 318
503 322 474 321
517 322 489 318
535 322 533 323
430 325 430 325
440 325 472 324
443 325 474 324
451 325 481 323
453 325 484 322
456 325 487 322
461 325 443 322
464 325 445 322
506 325 523 326
538 325 538 324
432 327 435 328
435 327 437 328
437 327 440 328
440 327 444 327
461 327 444 325
506 327 522 328
509 327 525 327
514 327 513 327
517 327 516 327
519 327 487 327
533 327 529 327
538 327 538 327
