472 217 493 217
435 219 435 220
437 219 438 220
435 222 435 223
430 224 430 225
432 224 433 225
430 227 430 228
432 227 433 228
430 230 430 231
430 232 430 233
530 232 529 223
525 235 523 226
432 248 433 230
480 248 449 224
525 248 527 231
464 251 465 218
525 251 527 234
517 254 520 223
517 256 518 237
519 256 521 237
445 261 442 239
461 261 453 241
453 264 455 235
498 264 494 241
506 264 499 224
530 264 524 237
535 264 534 219
437 267 436 231
498 267 495 244
535 267 535 221
430 269 429 253
501 269 497 246
538 269 538 224
430 272 429 258
498 272 495 250
506 272 501 224
538 272 537 252
522 275 519 262
538 275 537 255
461 277 463 237
464 277 466 232
467 277 469 232
469 277 471 231
472 277 474 231
522 277 518 265
430 280 430 280
432 280 433 280
506 280 502 229
509 280 505 229
432 283 433 283
469 283 475 237
472 283 480 236
488 283 491 232
509 283 505 232
511 283 510 232
519 283 519 284
538 283 538 236
482 285 485 236
485 285 491 235
501 285 499 235
511 285 510 235
519 285 519 286
485 288 488 238
490 288 495 235
501 288 503 235
503 288 505 237
432 290 431 285
437 290 434 253
480 290 480 239
482 290 483 239
488 290 491 238
490 290 494 238
493 290 497 238
527 290 524 242
530 290 527 242
538 290 538 242
432 293 431 288
435 293 434 288
472 293 475 242
474 293 478 242
477 293 480 242
482 293 483 241
488 293 491 241
464 296 473 289
467 296 476 289
472 296 475 245
480 296 482 244
485 296 488 244
525 296 525 248
535 296 536 296
538 296 538 296
430 298 429 306
464 298 473 292
467 298 476 292
472 298 476 248
506 298 509 265
525 298 520 265
530 298 533 282
533 298 534 298
535 298 536 299
538 298 538 299
430 301 429 311
503 301 508 267
506 301 510 268
519 301 515 267
525 301 520 267
430 304 429 314
437 304 438 280
459 304 471 264
461 304 474 264
503 304 507 270
517 304 513 273
525 304 520 270
530 304 529 257
430 306 429 270
437 306 438 282
451 306 466 267
474 306 472 286
490 306 493 266
493 306 496 266
498 306 499 277
517 306 512 276
535 306 534 258
437 309 442 288
448 309 463 271
451 309 466 270
453 309 469 270
493 309 496 269
498 309 498 279
501 309 502 277
503 309 499 293
448 312 465 274
453 312 471 273
482 312 495 255
493 312 496 272
517 312 507 309
519 312 509 310
538 312 538 291
493 314 496 275
511 314 528 313
514 314 532 314
517 314 506 313
511 317 528 316
430 320 429 316
432 320 435 314
461 320 438 317
464 320 441 317
485 320 504 320
493 320 507 318
514 320 531 319
430 322 430 319
432 322 435 317
448 322 451 321
451 322 455 320
453 322 460 319
456 322 463 320
461 322 437 320
488 322 505 324
493 322 510 320
503 322 446 322
514 322 531 322
530 322 531 307
430 325 430 323
440 325 468 323
448 325 451 323
451 325 455 323
453 325 460 322
488 325 505 326
496 325 513 322
501 325 521 325
509 325 499 326
514 325 488 324
538 325 538 323
430 327 430 327
432 327 438 327
435 327 442 327
445 327 450 327
448 327 452 327
451 327 455 327
453 327 458 328
456 327 460 328
488 327 504 328
514 327 530 327
519 327 515 327
527 327 521 327
530 327 524 327
533 327 527 327
538 327 538 327
