542 216 546 255
554 216 578 245
556 216 581 246
559 219 584 246
573 219 589 241
579 219 588 223
571 222 586 244
573 222 589 244
579 222 588 226
528 225 528 255
588 225 544 263
540 230 530 218
562 230 563 212
565 230 566 212
540 233 530 220
593 233 592 240
596 236 595 243
548 239 565 232
596 239 596 255
596 242 596 258
607 242 605 253
602 244 599 260
604 244 602 257
607 244 605 256
602 247 597 261
604 247 601 260
604 250 605 263
607 250 608 262
602 253 603 266
604 253 606 266
607 253 608 265
610 253 625 268
613 253 629 267
554 256 575 250
616 256 620 265
627 256 616 257
531 258 539 265
540 258 547 266
571 258 583 285
573 258 586 285
596 258 597 270
602 258 606 269
607 258 611 271
616 258 619 268
528 261 535 269
531 261 539 268
540 261 546 269
593 261 594 273
596 261 597 273
607 261 614 273
610 261 617 273
613 261 621 273
616 261 623 274
624 261 629 270
633 261 634 264
602 264 608 277
607 264 615 277
610 264 618 277
613 264 620 277
616 264 623 277
619 264 626 277
621 264 628 278
624 264 632 278
627 264 638 278
633 264 634 268
531 267 537 276
593 267 597 285
596 267 600 284
599 267 606 280
602 267 610 280
610 267 617 281
616 267 623 281
619 267 626 280
621 267 628 280
627 267 635 281
531 270 538 278
537 270 541 278
548 270 559 292
576 270 589 291
579 270 592 291
582 270 595 292
585 270 597 292
590 270 597 289
599 270 606 284
602 270 612 283
604 270 615 283
607 270 618 282
610 270 621 282
616 270 623 283
619 270 626 283
621 270 629 283
624 270 632 283
542 273 544 281
554 273 566 294
573 273 581 294
579 273 592 296
582 273 595 296
585 273 598 295
593 273 601 290
596 273 603 289
604 273 615 286
607 273 617 285
610 273 621 285
621 273 628 286
638 273 640 279
644 273 644 275
647 273 647 275
551 275 564 297
554 275 566 297
556 275 569 297
571 275 580 295
576 275 583 297
582 275 595 299
585 275 598 297
593 275 601 293
644 275 643 281
647 275 646 281
551 278 550 289
596 278 603 292
599 278 606 289
604 278 612 289
641 278 639 287
647 278 646 285
545 281 545 289
548 281 548 290
599 281 607 292
602 281 609 292
607 281 613 291
647 281 647 290
548 284 548 292
554 284 551 294
602 284 607 295
604 284 612 295
624 284 627 294
647 284 647 294
599 287 601 295
613 287 617 295
635 287 633 299
554 290 552 298
556 290 554 298
559 290 557 297
602 290 603 299
604 290 606 299
610 290 612 298
613 290 618 298
616 290 622 298
635 290 633 302
638 290 637 302
641 290 639 301
644 290 642 301
647 290 645 301
554 292 552 300
556 292 554 301
559 292 557 301
565 292 561 300
602 292 602 298
619 292 622 303
621 292 625 303
638 292 636 305
641 292 638 304
644 292 642 304
647 292 645 306
548 295 543 299
556 295 554 303
559 295 557 303
565 295 561 302
568 295 563 303
571 295 567 300
573 295 570 303
593 295 592 299
596 295 595 302
602 295 602 304
607 295 608 304
610 295 610 304
613 295 613 304
616 295 618 306
619 295 622 307
621 295 625 307
641 295 638 307
644 295 642 308
571 298 567 303
585 298 581 302
590 298 589 301
593 298 593 301
607 298 608 308
610 298 610 307
619 298 622 310
621 298 627 310
638 298 634 309
559 301 557 307
562 301 561 307
565 301 563 306
579 301 575 305
582 301 578 305
585 301 581 305
588 301 584 305
590 301 587 305
593 301 590 305
599 301 596 307
635 301 630 311
638 301 634 311
565 304 563 309
573 304 570 306
576 304 572 308
596 304 592 308
602 304 599 309
627 304 623 312
565 306 563 311
573 306 570 309
579 306 575 309
582 306 578 308
585 306 581 308
588 306 584 308
610 306 607 313
576 309 573 311
579 309 575 311
582 309 578 311
585 309 581 311
588 309 584 311
576 312 572 314
579 312 575 314
582 312 578 314
585 312 581 313
588 312 583 313
573 315 567 315
