588 295 591 294
582 298 585 296
588 298 590 297
590 298 593 298
571 301 576 296
573 301 579 300
579 301 583 299
582 301 585 300
585 301 588 301
590 301 593 300
593 301 596 299
573 304 578 303
576 304 581 302
582 304 585 303
585 304 588 304
588 304 591 304
593 304 596 302
596 304 599 303
647 304 644 302
576 306 580 304
579 306 584 305
590 306 594 305
593 306 597 305
644 306 640 304
576 309 580 308
579 309 583 309
582 309 586 309
585 309 589 308
590 309 594 309
593 309 596 309
599 309 602 308
573 312 578 311
585 312 589 311
588 312 592 312
593 312 596 312
596 312 599 311
602 312 604 311
641 312 639 310
644 312 642 309
565 315 567 315
573 315 578 315
596 315 599 315
604 315 607 315
644 315 644 316
