111 77 108 73
42 94 39 92
59 94 56 92
111 94 108 91
129 94 125 91
406 94 403 91
424 94 422 90
458 94 457 90
42 111 38 109
94 111 89 109
111 111 109 109
389 111 386 108
406 111 404 108
424 111 422 108
441 111 440 108
458 111 457 108
476 111 475 108
493 111 495 109
510 111 509 108
25 129 23 126
42 129 39 126
59 129 56 126
77 129 74 126
94 129 93 126
111 129 111 126
129 129 127 127
146 129 145 126
163 129 161 126
181 129 179 126
406 129 403 125
424 129 421 125
441 129 439 125
458 129 458 125
476 129 475 125
493 129 493 125
510 129 510 126
528 129 527 125
545 129 544 125
42 146 41 144
94 146 92 144
111 146 111 143
129 146 128 143
163 146 160 144
371 146 369 143
389 146 386 144
406 146 403 143
424 146 422 142
441 146 439 142
458 146 456 143
476 146 475 143
493 146 491 143
510 146 510 144
528 146 526 143
545 146 544 144
562 146 561 142
371 163 369 160
389 163 387 161
424 163 421 159
441 163 440 159
476 163 474 161
493 163 493 161
510 163 510 160
528 163 528 161
545 163 544 160
562 163 561 160
371 181 370 177
389 181 386 177
424 181 422 177
441 181 439 177
458 181 457 177
476 181 473 177
493 181 492 177
528 181 527 177
562 181 561 178
354 198 352 195
371 198 370 195
389 198 387 195
406 198 404 194
424 198 421 194
441 198 439 195
476 198 474 195
493 198 492 195
528 198 527 195
545 198 544 195
562 198 561 196
337 215 334 213
354 215 352 213
371 215 370 212
424 215 421 212
441 215 438 212
458 215 457 212
510 215 509 213
545 215 543 212
562 215 561 212
319 233 318 231
337 233 336 230
354 233 353 231
371 233 371 229
389 233 387 230
441 233 439 230
458 233 457 230
476 233 474 229
510 233 509 230
302 250 300 247
319 250 317 247
337 250 335 247
354 250 352 247
371 250 371 246
389 250 387 247
406 250 404 247
424 250 422 246
441 250 438 247
458 250 457 247
476 250 474 248
545 250 544 247
267 267 266 264
285 267 283 265
302 267 300 264
319 267 318 265
337 267 334 264
354 267 352 264
371 267 370 264
389 267 387 264
406 267 404 264
424 267 422 264
441 267 439 264
458 267 456 264
510 267 509 264
528 267 526 264
545 267 543 264
250 285 249 282
267 285 266 283
302 285 300 282
319 285 317 281
337 285 334 282
354 285 352 282
371 285 370 282
389 285 388 282
406 285 405 282
424 285 421 281
441 285 439 281
458 285 457 281
493 285 491 281
510 285 508 281
528 285 527 281
198 302 197 301
215 302 214 299
233 302 231 299
302 302 300 300
319 302 316 298
337 302 334 299
354 302 353 299
371 302 369 299
389 302 388 299
406 302 405 299
424 302 422 299
441 302 439 299
458 302 457 299
476 302 474 299
510 302 508 300
528 302 527 299
198 319 197 318
250 319 249 317
267 319 267 317
302 319 302 318
319 319 317 317
337 319 335 316
354 319 352 316
371 319 370 316
389 319 387 316
406 319 404 317
424 319 422 317
441 319 439 316
458 319 457 316
476 319 474 316
493 319 492 316
510 319 510 316
250 337 249 334
267 337 268 335
302 337 301 335
319 337 319 335
337 337 337 335
354 337 352 334
371 337 369 333
389 337 387 334
406 337 405 334
424 337 422 333
441 337 440 333
458 337 457 334
476 337 474 334
493 337 491 333
510 337 509 333
250 354 249 352
267 354 267 351
285 354 285 354
319 354 319 351
337 354 335 351
354 354 355 351
371 354 371 351
389 354 387 351
406 354 405 350
424 354 422 352
476 354 474 351
493 354 492 351
510 354 510 350
528 354 527 351
250 371 251 367
267 371 266 368
285 371 283 369
302 371 300 368
354 371 353 370
389 371 388 369
406 371 405 369
424 371 423 368
441 371 440 369
458 371 457 369
476 371 474 369
510 371 510 368
528 371 527 369
233 389 235 386
267 389 269 390
285 389 283 389
302 389 302 388
319 389 319 386
371 389 371 385
389 389 388 386
406 389 406 385
441 389 440 385
476 389 474 386
510 389 510 385
528 389 527 386
215 406 216 405
233 406 237 406
267 406 267 405
302 406 305 406
319 406 322 403
337 406 337 404
354 406 353 403
371 406 371 404
389 406 388 403
406 406 405 403
424 406 423 403
458 406 457 402
476 406 475 403
493 406 492 403
510 406 509 402
528 406 527 403
198 424 198 422
215 424 217 423
233 424 235 421
267 424 264 418
285 424 282 418
302 424 300 419
319 424 320 421
337 424 336 421
354 424 357 421
371 424 372 421
389 424 388 420
406 424 405 420
424 424 423 420
441 424 440 420
458 424 457 420
476 424 474 421
493 424 493 419
510 424 510 420
528 424 527 420
215 441 216 440
233 441 234 440
285 441 284 438
302 441 299 436
319 441 318 438
337 441 337 439
354 441 354 439
371 441 371 438
389 441 387 439
406 441 404 440
424 441 423 438
441 441 442 438
458 441 458 440
493 441 492 438
510 441 510 437
528 441 527 438
233 458 235 460
250 458 253 460
285 458 282 457
337 458 336 455
354 458 355 457
371 458 371 456
389 458 389 455
406 458 407 456
441 458 439 457
458 458 458 456
493 458 493 454
510 458 510 455
233 476 234 476
250 476 252 476
267 476 268 477
285 476 284 476
302 476 301 473
319 476 321 474
337 476 338 475
354 476 354 474
371 476 372 474
389 476 388 474
406 476 405 475
424 476 421 476
441 476 440 475
458 476 458 475
476 476 475 473
493 476 494 474
