496 219 500 220
506 219 502 220
490 222 505 220
501 222 521 223
503 222 523 223
498 224 509 224
501 224 513 224
527 224 530 227
488 227 501 227
501 227 513 227
506 227 524 237
474 230 443 245
496 230 516 239
506 230 524 240
525 230 527 273
453 232 482 239
456 232 485 239
469 232 478 269
480 232 500 260
482 232 503 259
488 232 501 232
490 232 504 232
432 235 431 227
437 235 479 275
440 235 482 275
451 235 479 242
469 235 479 272
432 238 431 230
445 238 472 250
451 240 435 235
511 240 528 260
522 240 535 236
535 240 534 265
437 243 431 263
509 243 525 262
493 246 500 241
496 246 503 241
430 248 429 233
437 248 433 269
493 248 501 244
511 248 519 259
514 248 522 259
440 251 434 278
453 251 458 291
456 251 460 291
533 251 537 226
451 254 455 295
430 256 429 282
448 256 452 298
453 256 456 297
538 256 538 250
430 259 429 285
453 259 440 306
493 259 522 250
445 261 513 296
509 261 488 274
440 264 503 290
461 264 504 274
511 264 504 272
453 269 475 256
430 272 429 299
472 272 448 288
538 272 538 283
430 275 429 302
482 275 495 300
538 275 538 286
430 277 430 305
464 277 492 279
480 277 469 290
488 277 502 303
467 280 498 284
469 280 509 277
514 280 522 277
533 280 533 290
430 283 429 312
456 283 485 307
467 283 499 287
511 283 520 281
530 283 531 294
430 285 429 315
437 285 436 289
430 288 430 318
490 290 518 271
530 290 531 299
530 293 532 302
533 293 535 302
538 296 538 304
496 298 489 325
456 301 524 292
522 301 516 245
464 304 486 314
469 304 495 312
509 304 519 314
464 306 486 316
467 306 489 316
535 306 536 308
464 309 486 319
496 309 508 286
437 312 446 224
469 312 496 321
472 312 483 318
496 312 509 289
519 314 515 324
538 314 538 317
437 317 446 227
445 317 453 226
448 317 458 225
432 320 441 231
435 320 444 230
437 320 447 230
440 320 450 230
445 320 455 229
448 320 458 228
451 320 462 228
453 320 465 227
533 320 529 321
535 320 532 321
538 320 538 320
432 322 441 234
435 322 445 233
437 322 448 232
440 322 451 232
443 322 454 232
445 322 456 232
451 322 462 230
453 322 465 230
456 322 467 229
459 322 470 229
461 322 474 229
527 322 524 322
533 322 530 324
535 322 536 290
432 325 442 237
435 325 445 236
440 325 451 236
459 325 472 232
477 325 502 323
498 325 518 326
503 325 521 325
530 325 536 323
535 325 536 326
435 327 446 239
509 327 506 327
514 327 523 327
