474 217 472 217
477 217 475 216
480 217 477 216
482 217 479 216
485 217 482 216
488 217 485 216
493 217 493 216
496 217 496 216
498 217 498 217
501 217 501 217
503 217 504 216
509 217 506 216
511 217 509 217
514 217 511 217
517 217 515 216
519 217 517 217
522 217 520 217
525 217 523 217
527 217 527 216
535 217 533 217
538 217 538 217
477 219 475 219
480 219 477 219
482 219 479 219
485 219 483 219
488 219 487 219
498 219 499 219
501 219 501 220
503 219 503 219
538 219 538 222
469 222 466 222
472 222 469 222
477 222 474 222
480 222 477 221
493 222 490 222
496 222 493 222
498 222 496 222
519 222 514 222
527 222 525 224
533 222 533 225
535 222 535 225
538 222 538 225
474 224 472 225
480 224 477 225
482 224 480 225
496 224 493 225
509 224 506 224
517 224 512 225
525 224 520 225
533 224 527 225
535 224 530 225
538 224 538 228
430 227 429 227
437 227 440 228
440 227 435 227
453 227 446 228
469 227 466 227
472 227 469 228
480 227 477 227
482 227 480 228
498 227 495 230
527 227 522 227
530 227 525 227
533 227 528 227
538 227 538 230
430 230 429 230
445 230 442 231
469 230 465 230
472 230 469 230
474 230 471 230
480 230 477 230
527 230 522 230
530 230 525 230
533 230 528 230
538 230 538 233
430 232 429 233
432 232 431 233
437 232 435 233
440 232 437 233
451 232 448 235
472 232 469 233
474 232 471 233
477 232 475 233
480 232 478 233
506 232 503 233
430 235 429 236
432 235 431 236
437 235 435 235
440 235 438 236
461 235 458 237
474 235 470 235
477 235 472 235
480 235 478 236
506 235 503 235
509 235 506 236
535 235 530 235
538 235 538 238
432 238 432 238
437 238 435 238
440 238 437 238
461 238 459 240
472 238 467 238
474 238 470 238
480 238 480 238
482 238 482 238
501 238 499 240
503 238 501 240
506 238 504 238
509 238 507 238
522 238 522 237
525 238 525 237
533 238 527 235
538 238 538 241
430 240 429 243
432 240 433 241
435 240 435 241
437 240 437 241
461 240 458 243
474 240 474 242
480 240 479 240
482 240 482 240
501 240 498 242
503 240 501 243
519 240 516 240
535 240 532 243
538 240 538 243
432 243 433 244
435 243 435 244
474 243 474 246
509 243 506 240
511 243 509 241
514 243 514 243
533 243 529 246
535 243 532 246
538 243 538 245
472 246 472 249
511 246 509 244
533 246 529 248
435 248 435 250
435 251 435 253
501 251 499 253
535 251 532 252
511 256 508 257
530 256 527 254
538 256 538 254
511 259 508 259
514 259 511 259
538 259 538 257
530 261 530 262
533 261 533 262
538 261 538 259
525 264 525 264
530 264 530 265
535 264 535 269
538 264 538 264
435 267 435 269
437 267 437 270
514 267 514 270
517 267 517 270
535 269 535 272
538 269 538 272
443 272 443 274
519 272 514 275
535 272 535 275
538 272 538 275
535 275 535 277
538 275 538 277
535 277 535 279
538 277 538 279
522 280 522 280
535 280 535 282
538 280 538 283
430 283 430 283
538 283 538 285
432 285 432 285
432 288 432 288
469 293 471 293
538 293 538 298
469 296 471 296
472 296 474 296
535 296 535 301
538 296 538 300
432 298 432 301
496 298 496 299
432 301 432 303
506 301 501 303
430 304 429 305
435 304 435 304
432 306 432 307
527 306 525 309
530 306 528 309
445 309 443 309
474 309 475 309
503 309 497 309
506 309 500 309
509 309 503 309
530 309 530 312
533 309 533 311
430 312 429 311
459 312 456 312
530 312 531 315
533 312 534 315
430 314 430 314
440 314 438 314
445 314 443 314
448 314 445 314
451 314 451 314
456 314 453 314
459 314 456 314
461 314 458 313
469 314 464 314
472 314 470 314
522 314 514 315
538 314 538 314
430 317 430 316
435 317 432 317
440 317 438 317
448 317 446 317
453 317 450 316
456 317 453 316
459 317 457 316
461 317 458 316
464 317 461 316
467 317 463 316
469 317 466 317
472 317 472 317
517 317 512 317
525 317 522 317
530 317 532 317
533 317 535 317
538 317 538 317
435 320 432 320
437 320 434 320
448 320 446 320
451 320 448 320
453 320 450 320
456 320 453 320
459 320 457 320
461 320 459 320
472 320 471 320
490 320 488 317
514 320 509 319
517 320 512 319
525 320 522 320
527 320 527 320
530 320 532 320
538 320 538 320
435 322 432 323
437 322 435 323
440 322 438 322
448 322 445 322
451 322 447 322
453 322 450 322
456 322 453 322
459 322 456 323
461 322 459 323
482 322 479 322
485 322 482 321
488 322 484 321
509 322 501 320
530 322 532 323
538 322 538 322
440 325 437 325
443 325 442 325
459 325 456 325
461 325 458 325
464 325 461 325
467 325 463 325
469 325 466 325
482 325 479 325
488 325 485 324
506 325 498 324
509 325 501 324
511 325 505 324
514 325 508 324
530 325 532 325
538 325 538 325
459 327 456 327
461 327 458 327
464 327 461 328
467 327 463 327
469 327 466 327
488 327 482 327
509 327 501 327
511 327 506 327
514 327 509 327
517 327 512 327
519 327 516 327
535 327 535 328
538 327 538 328
