490 217 465 216
496 217 473 216
498 217 476 216
501 217 479 216
509 217 508 216
530 217 531 217
535 217 534 217
538 217 538 217
493 219 468 219
535 219 535 221
538 219 538 221
493 222 468 221
498 222 473 219
501 222 476 219
517 222 523 220
538 222 538 225
490 224 444 226
493 224 462 219
496 224 465 219
503 224 462 230
538 224 538 228
488 227 441 229
490 227 444 229
496 227 465 221
488 230 437 238
490 230 444 232
496 230 525 228
432 232 431 243
435 232 434 243
461 238 465 229
503 238 519 263
519 238 516 261
514 243 490 253
445 246 452 259
469 246 487 235
488 246 504 233
490 246 507 233
493 246 510 234
432 248 431 256
467 248 483 237
467 251 484 240
511 251 526 234
514 251 479 256
530 251 532 231
533 251 534 231
432 254 431 249
435 254 433 248
445 254 471 256
448 254 473 256
509 254 526 241
535 254 534 260
538 254 538 284
432 256 430 251
435 256 436 256
493 256 524 262
509 256 527 244
511 256 529 244
432 259 434 259
435 259 436 259
467 259 484 245
493 259 525 265
525 261 531 238
432 264 431 240
445 264 460 243
503 264 515 249
506 264 518 250
509 264 522 250
445 267 459 246
461 267 505 252
464 267 508 252
506 267 519 253
509 267 522 253
538 267 538 270
506 269 518 255
517 269 522 247
527 269 530 241
538 269 538 273
432 272 431 254
467 272 461 256
469 272 470 263
472 272 460 251
506 272 519 258
530 272 532 244
430 275 429 291
440 275 469 280
464 275 458 259
467 275 460 259
530 275 529 247
535 275 535 246
538 275 538 246
430 277 430 293
432 277 432 294
467 277 460 262
472 277 469 266
514 277 501 287
527 277 527 250
530 277 529 250
533 277 532 250
535 277 535 249
538 277 538 249
430 280 429 296
472 280 469 269
493 280 494 253
514 280 508 260
530 280 529 252
533 280 532 252
535 280 535 252
538 280 538 252
430 283 429 286
432 283 431 286
443 283 444 236
485 283 492 283
488 283 495 282
533 283 532 254
535 283 534 254
538 283 538 254
530 285 526 258
533 285 532 257
535 285 534 257
538 285 538 257
435 288 439 305
469 288 460 267
480 288 487 290
482 288 490 290
488 288 498 288
538 288 538 259
530 290 533 314
535 290 536 308
445 293 440 310
535 293 536 310
538 293 538 310
469 296 498 295
501 296 514 295
511 296 498 271
535 296 536 313
538 296 538 313
498 298 506 298
501 298 508 298
525 298 520 304
527 298 523 304
511 301 517 300
514 301 493 287
527 301 521 278
448 304 434 264
474 304 472 293
503 304 508 306
511 304 517 302
514 304 493 290
456 306 457 269
519 306 512 313
535 306 536 305
522 309 515 316
443 312 431 270
453 312 471 282
456 312 443 273
461 312 447 272
464 312 450 272
509 312 504 312
535 312 533 302
432 314 431 283
435 314 434 287
443 314 432 272
461 314 448 275
527 314 528 298
459 317 445 275
477 317 491 314
527 317 528 300
535 317 532 316
445 320 434 277
448 320 436 277
477 320 491 316
480 320 495 319
517 320 519 316
430 322 430 323
448 322 437 280
453 322 441 280
530 322 530 321
538 322 538 320
464 325 440 315
485 325 469 325
514 325 472 325
530 325 530 324
535 325 536 324
538 325 538 324
488 327 483 327
493 327 498 327
511 327 501 327
514 327 472 327
517 327 474 327
527 327 528 327
530 327 530 327
533 327 534 327
535 327 536 327
538 327 538 327
