545 129 554 6
545 146 525 60
562 146 545 61
389 163 358 22
562 163 546 79
580 163 577 80
389 181 357 41
441 181 431 11
580 181 579 113
371 198 335 59
389 198 357 58
406 198 381 51
424 198 406 32
441 198 431 30
458 198 447 65
476 198 469 65
354 215 312 77
371 215 339 77
389 215 359 79
406 215 382 77
476 215 471 85
337 233 290 96
354 233 313 96
371 233 336 97
389 233 361 98
406 233 383 99
424 233 405 98
441 233 427 101
458 233 451 101
476 233 472 102
493 233 493 103
510 233 513 104
285 250 220 120
302 250 240 115
319 250 266 115
337 250 291 115
354 250 314 116
371 250 336 117
389 250 361 118
406 250 386 120
424 250 408 120
441 250 430 121
458 250 453 121
476 250 474 122
493 250 493 121
510 250 509 150
562 250 577 129
267 267 176 178
285 267 220 142
302 267 242 137
319 267 267 136
337 267 290 136
354 267 314 136
371 267 338 137
389 267 363 138
406 267 386 139
424 267 408 139
441 267 431 140
458 267 454 139
476 267 475 140
493 267 497 143
510 267 507 169
545 267 549 165
562 267 576 147
267 285 197 176
285 285 224 173
302 285 244 164
319 285 267 158
337 285 292 158
354 285 316 157
371 285 340 158
389 285 364 159
406 285 387 159
424 285 409 159
441 285 433 160
458 285 455 160
476 285 477 161
510 285 513 185
528 285 530 182
545 285 552 180
215 302 138 213
233 302 155 204
267 302 208 200
302 302 248 193
319 302 269 189
337 302 294 181
354 302 316 179
371 302 341 178
389 302 364 178
406 302 388 179
424 302 411 179
441 302 434 180
458 302 457 180
476 302 479 182
493 302 494 194
545 302 560 184
215 319 138 227
233 319 157 225
250 319 187 223
267 319 210 233
285 319 232 229
302 319 249 216
319 319 271 211
337 319 293 207
354 319 315 205
371 319 342 204
389 319 365 203
406 319 389 201
424 319 414 201
441 319 436 202
458 319 457 202
476 319 479 204
493 319 496 216
510 319 516 213
528 319 536 214
250 337 195 265
267 337 213 254
285 337 236 255
302 337 250 241
319 337 275 238
337 337 293 233
354 337 314 232
371 337 342 230
389 337 366 227
406 337 389 226
424 337 415 223
441 337 437 222
458 337 459 224
476 337 479 227
493 337 497 238
510 337 517 235
528 337 537 234
267 354 213 278
302 354 259 276
319 354 278 264
337 354 297 259
354 354 322 257
371 354 341 257
389 354 367 256
406 354 389 252
424 354 415 248
441 354 439 246
458 354 458 251
476 354 473 259
493 354 492 261
510 354 512 261
528 354 531 263
545 354 551 261
250 371 190 301
285 371 247 298
302 371 264 296
319 371 278 292
354 371 323 286
371 371 344 284
406 371 389 277
424 371 413 275
441 371 437 271
458 371 460 269
476 371 476 274
493 371 494 284
510 371 510 287
528 371 534 284
545 371 555 279
233 389 174 318
250 389 196 318
267 389 211 306
302 389 264 313
319 389 284 316
337 389 303 314
354 389 324 312
371 389 346 309
389 389 368 309
406 389 390 303
424 389 412 300
441 389 435 296
458 389 461 292
493 389 494 304
528 389 535 303
545 389 557 298
267 406 217 322
285 406 232 333
302 406 265 329
319 406 285 332
337 406 304 332
354 406 325 333
371 406 345 332
389 406 368 331
406 406 390 327
424 406 412 325
441 406 433 322
458 406 460 315
476 406 475 327
493 406 490 327
528 406 538 318
545 406 557 319
215 424 156 372
267 424 219 351
285 424 235 348
302 424 267 347
319 424 288 353
337 424 303 353
354 424 322 348
371 424 350 350
389 424 368 351
406 424 390 351
424 424 411 348
441 424 432 345
458 424 458 339
476 424 477 345
493 424 492 346
510 424 520 340
528 424 540 337
545 424 557 338
215 441 159 390
233 441 184 386
267 441 215 374
285 441 232 368
302 441 269 372
319 441 289 371
354 441 335 370
371 441 351 371
389 441 370 371
406 441 391 369
424 441 411 370
441 441 430 366
458 441 458 362
476 441 477 362
493 441 494 364
510 441 521 357
528 441 537 359
545 441 564 356
215 458 167 409
233 458 185 408
250 458 198 407
267 458 214 407
285 458 235 406
302 458 252 406
337 458 306 390
354 458 326 391
371 458 351 390
389 458 371 389
406 458 390 388
424 458 413 383
441 458 431 383
458 458 459 378
476 458 479 378
493 458 497 382
510 458 524 377
233 476 274 477
250 476 290 474
319 476 163 476
406 476 393 414
441 476 429 418
476 476 482 396
493 476 498 397
