441 111 499 15
458 111 531 13
111 129 31 29
129 129 50 31
181 129 120 33
181 146 125 52
562 146 574 76
42 163 33 61
389 163 377 34
562 163 568 93
371 181 355 51
389 181 378 51
424 181 429 10
441 181 448 11
476 181 500 28
493 181 518 30
528 181 569 23
371 198 357 68
389 198 378 66
424 198 427 33
441 198 451 29
476 198 486 66
354 215 335 86
371 215 358 85
389 215 381 85
458 215 469 85
476 215 491 87
510 215 540 96
545 215 576 114
562 215 594 110
319 233 291 104
337 233 313 103
354 233 337 103
371 233 359 102
389 233 382 103
406 233 404 103
424 233 427 102
441 233 450 103
458 233 473 103
476 233 493 102
493 233 517 105
510 233 538 110
562 233 594 129
302 250 268 126
319 250 291 121
337 250 313 121
354 250 338 122
371 250 358 121
389 250 383 122
406 250 405 122
424 250 430 123
441 250 452 122
458 250 474 120
476 250 496 122
493 250 518 122
528 250 556 137
545 250 575 136
562 250 597 146
285 267 245 151
302 267 267 144
319 267 291 142
337 267 315 141
354 267 338 141
371 267 361 140
389 267 385 140
406 267 407 140
424 267 432 141
441 267 454 141
458 267 477 139
476 267 500 140
493 267 523 148
510 267 544 170
528 267 563 164
545 267 578 163
562 267 596 163
267 285 226 187
285 285 247 185
302 285 271 172
319 285 293 162
337 285 316 161
354 285 339 160
371 285 363 159
389 285 388 159
406 285 411 159
424 285 434 159
441 285 457 159
458 285 480 157
476 285 503 160
493 285 528 188
510 285 546 188
528 285 564 183
545 285 580 182
215 302 168 213
233 302 184 215
250 302 204 217
267 302 238 212
302 302 275 200
319 302 293 191
337 302 317 183
354 302 341 180
371 302 366 179
389 302 389 178
406 302 412 178
424 302 437 178
441 302 459 178
458 302 482 178
476 302 505 182
545 302 581 198
215 319 170 241
233 319 184 239
250 319 210 235
267 319 239 246
285 319 262 245
302 319 275 223
319 319 297 218
337 319 318 209
354 319 344 206
371 319 367 204
389 319 392 202
406 319 415 199
424 319 439 199
441 319 461 200
458 319 483 200
476 319 506 204
493 319 524 218
510 319 544 215
528 319 566 214
250 337 214 257
267 337 241 266
285 337 265 273
302 337 279 254
319 337 298 243
337 337 318 238
354 337 338 236
371 337 369 234
389 337 393 230
406 337 413 227
424 337 440 220
441 337 463 220
458 337 487 222
476 337 507 227
493 337 525 241
510 337 545 235
528 337 567 235
267 354 244 293
285 354 266 289
302 354 285 288
319 354 304 274
337 354 321 272
354 354 342 261
371 354 370 259
389 354 393 258
406 354 413 254
424 354 441 250
441 354 465 244
458 354 489 247
493 354 525 264
510 354 543 261
528 354 567 262
545 354 585 265
250 371 225 311
267 371 245 314
285 371 270 312
302 371 288 312
319 371 305 307
354 371 351 295
371 371 371 291
406 371 414 282
424 371 440 278
441 371 466 272
458 371 493 278
493 371 521 286
510 371 539 295
528 371 569 281
545 371 587 282
562 371 606 281
233 389 199 335
250 389 232 329
267 389 250 330
285 389 269 329
302 389 288 327
319 389 308 327
337 389 329 326
354 389 351 323
371 389 373 318
389 389 394 317
406 389 417 311
424 389 442 304
441 389 465 300
458 389 489 293
528 389 568 308
545 389 590 301
562 389 609 299
215 406 179 368
233 406 210 350
250 406 231 349
267 406 248 347
285 406 270 347
302 406 291 345
319 406 309 348
337 406 330 346
354 406 353 345
371 406 373 344
389 406 395 341
406 406 418 337
424 406 441 334
441 406 465 326
458 406 489 318
476 406 503 335
493 406 522 335
528 406 572 322
545 406 594 321
562 406 613 311
215 424 184 389
233 424 202 379
250 424 231 371
267 424 251 372
285 424 268 368
319 424 306 369
337 424 328 366
354 424 346 363
371 424 374 364
389 424 398 364
406 424 419 363
424 424 443 358
441 424 468 350
458 424 486 350
476 424 505 356
493 424 522 355
510 424 555 347
528 424 576 341
545 424 597 341
215 441 189 410
233 441 217 408
267 441 250 392
285 441 272 388
302 441 290 386
319 441 307 384
337 441 328 385
354 441 346 383
371 441 377 382
389 441 399 383
406 441 419 383
424 441 444 382
441 441 468 373
458 441 490 368
476 441 509 372
493 441 527 374
510 441 556 364
528 441 576 364
215 458 201 429
233 458 220 427
285 458 273 405
302 458 291 406
337 458 328 402
354 458 350 402
371 458 379 402
389 458 401 403
406 458 421 400
424 458 449 398
441 458 469 394
458 458 488 387
476 458 507 403
493 458 527 402
510 458 559 382
233 476 275 478
250 476 294 475
267 476 317 473
371 476 382 430
406 476 422 427
