42 25 38 18
59 25 56 17
111 25 107 18
146 25 142 16
163 25 160 18
198 25 195 17
42 42 38 35
59 42 54 36
94 42 90 36
129 42 125 35
146 42 142 35
163 42 160 35
181 42 177 35
198 42 195 35
215 42 213 34
233 42 230 34
250 42 249 34
406 42 406 30
424 42 424 31
441 42 441 31
458 42 458 30
510 42 511 33
562 42 561 32
580 42 579 29
614 42 618 30
42 59 40 53
77 59 74 53
94 59 92 52
111 59 109 52
129 59 126 52
146 59 144 52
163 59 161 53
181 59 179 52
198 59 196 52
215 59 213 52
250 59 248 52
285 59 284 52
389 59 389 51
441 59 441 48
493 59 495 52
528 59 529 52
562 59 563 50
580 59 579 48
597 59 595 47
614 59 616 48
42 77 41 71
77 77 76 70
94 77 93 70
146 77 146 69
389 77 389 70
406 77 406 67
441 77 441 66
458 77 458 65
510 77 513 69
528 77 531 70
562 77 566 70
580 77 579 70
597 77 597 69
614 77 615 65
42 94 40 88
59 94 58 88
111 94 109 87
493 94 490 88
510 94 512 87
545 94 550 89
562 94 566 88
580 94 582 86
597 94 598 86
614 94 616 90
354 111 354 105
371 111 370 104
389 111 388 102
406 111 406 103
424 111 423 102
441 111 441 102
493 111 494 106
528 111 529 105
545 111 548 105
580 111 582 104
597 111 599 104
614 111 617 107
354 129 353 121
389 129 389 121
441 129 441 119
458 129 458 119
476 129 476 119
493 129 494 121
528 129 528 121
545 129 547 121
580 129 583 121
597 129 600 122
614 129 617 125
337 146 335 139
371 146 371 138
389 146 388 138
476 146 475 137
510 146 511 137
614 146 617 140
319 163 318 157
337 163 336 156
354 163 353 156
371 163 371 156
389 163 389 155
406 163 407 156
424 163 423 156
441 163 441 155
458 163 459 156
476 163 477 156
493 163 494 155
510 163 511 154
528 163 529 155
580 163 582 156
597 163 600 158
285 181 284 174
302 181 302 172
319 181 318 173
337 181 335 173
354 181 354 173
371 181 371 173
389 181 389 173
406 181 405 174
424 181 423 173
441 181 441 173
458 181 459 173
476 181 477 173
493 181 494 173
510 181 511 171
580 181 581 175
597 181 600 177
285 198 283 191
302 198 301 192
319 198 318 191
337 198 336 190
354 198 354 191
371 198 371 192
389 198 388 191
406 198 406 190
424 198 424 191
441 198 442 190
458 198 459 190
476 198 477 190
493 198 494 191
510 198 512 190
562 198 565 192
580 198 582 193
597 198 599 193
267 215 266 209
302 215 301 208
319 215 318 208
337 215 336 208
354 215 354 209
371 215 371 208
389 215 389 209
406 215 406 208
424 215 424 208
441 215 441 209
458 215 459 208
476 215 477 208
493 215 494 208
528 215 529 208
562 215 565 209
215 233 215 227
233 233 233 227
302 233 301 227
319 233 318 226
337 233 336 226
354 233 354 227
371 233 371 226
389 233 389 226
406 233 406 225
424 233 424 225
441 233 441 225
458 233 459 226
476 233 476 225
493 233 494 225
510 233 512 225
545 233 548 226
562 233 565 226
215 250 213 245
233 250 232 242
250 250 250 244
302 250 302 245
319 250 319 245
337 250 335 243
354 250 354 243
371 250 371 243
389 250 389 243
406 250 406 243
424 250 424 242
441 250 442 243
458 250 458 242
476 250 476 243
493 250 494 243
528 250 530 243
545 250 548 243
215 267 215 262
267 267 268 263
302 267 302 263
319 267 319 262
337 267 337 262
354 267 354 260
371 267 371 260
389 267 390 261
406 267 406 260
424 267 424 261
441 267 441 260
458 267 458 260
476 267 476 261
493 267 493 260
510 267 512 261
528 267 529 260
545 267 548 260
562 267 565 261
267 285 267 279
285 285 285 281
337 285 337 280
354 285 354 279
371 285 372 279
389 285 389 279
406 285 407 279
424 285 424 278
441 285 441 278
458 285 459 278
476 285 477 278
510 285 512 278
528 285 530 278
302 302 302 298
319 302 319 297
337 302 337 297
354 302 355 297
371 302 373 297
389 302 389 296
424 302 424 297
441 302 442 297
458 302 459 296
510 302 512 296
528 302 529 296
545 302 547 296
562 302 565 296
250 319 250 314
267 319 267 317
285 319 283 317
302 319 301 315
319 319 319 314
441 319 442 313
458 319 460 313
476 319 477 313
510 319 513 314
528 319 529 313
545 319 547 313
562 319 565 313
580 319 583 314
250 337 254 335
285 337 284 337
319 337 319 335
337 337 336 332
389 337 389 331
406 337 407 332
424 337 424 331
441 337 443 331
476 337 477 331
493 337 495 330
510 337 515 331
528 337 530 331
545 337 548 331
580 337 584 330
597 337 600 331
233 354 233 350
285 354 286 352
302 354 304 353
337 354 337 353
354 354 355 349
371 354 374 350
389 354 391 349
406 354 407 349
424 354 425 349
476 354 476 349
510 354 512 349
528 354 530 348
562 354 565 349
580 354 583 349
597 354 601 349
233 371 234 368
267 371 272 369
285 371 288 369
302 371 304 371
354 371 359 370
371 371 377 368
389 371 392 367
406 371 409 367
424 371 425 366
441 371 442 366
458 371 458 366
476 371 476 367
493 371 495 367
510 371 513 366
545 371 549 365
580 371 583 366
597 371 600 366
233 389 233 387
250 389 252 389
267 389 271 388
285 389 288 388
302 389 303 387
319 389 320 388
337 389 340 388
354 389 355 386
371 389 375 383
389 389 391 383
406 389 409 385
424 389 424 384
458 389 458 384
476 389 476 384
493 389 493 388
510 389 513 385
545 389 548 384
580 389 582 383
233 406 235 403
250 406 251 403
267 406 269 403
319 406 318 405
337 406 334 404
354 406 357 402
371 406 374 401
389 406 390 400
406 406 410 402
424 406 426 401
441 406 442 399
458 406 462 401
510 406 512 401
545 406 548 400
562 406 566 401
580 406 583 400
250 424 251 419
267 424 270 420
319 424 319 423
337 424 333 424
354 424 355 419
389 424 389 418
406 424 409 418
424 424 426 417
441 424 444 419
458 424 460 423
476 424 478 421
493 424 494 418
510 424 514 419
528 424 530 418
545 424 547 418
562 424 565 418
580 424 583 418
267 441 270 437
285 441 286 436
302 441 308 440
319 441 325 441
337 441 336 438
354 441 355 435
371 441 373 436
389 441 391 435
406 441 408 434
424 441 426 434
441 441 444 438
476 441 476 441
493 441 494 435
510 441 512 436
528 441 529 435
545 441 547 435
562 441 566 436
580 441 583 436
319 458 323 456
337 458 339 454
354 458 356 452
371 458 374 452
389 458 392 453
406 458 410 453
424 458 426 452
441 458 442 458
458 458 458 459
476 458 478 454
493 458 494 454
510 458 513 453
319 476 324 474
337 476 343 474
354 476 359 473
371 476 374 473
389 476 392 473
406 476 409 474
424 476 423 477
441 476 443 476
458 476 461 476
476 476 475 476
493 476 493 475
