573 219 578 215
576 219 580 215
562 222 565 218
565 222 568 217
562 225 565 220
579 225 583 221
571 227 576 224
573 227 579 224
576 227 582 225
562 230 568 229
568 230 573 228
571 230 577 227
576 230 582 227
559 233 565 232
562 233 568 232
565 233 571 231
568 233 573 231
571 233 576 231
573 233 580 230
576 233 582 229
579 233 585 230
585 233 588 229
556 236 562 235
559 236 565 235
562 236 568 235
565 236 571 234
571 236 578 232
551 239 556 239
556 239 562 238
562 239 568 237
542 242 548 242
545 242 551 242
548 242 553 242
551 242 556 243
571 242 571 244
534 244 538 244
542 244 547 245
545 244 550 245
548 244 553 245
551 244 555 246
582 244 584 239
531 247 538 247
540 247 546 248
545 247 550 248
559 250 559 249
590 250 596 247
545 253 553 251
548 253 556 252
542 256 551 254
613 267 627 272
616 267 630 272
624 267 635 273
565 270 567 263
571 270 576 269
616 273 627 276
621 273 632 277
624 273 634 277
633 273 644 278
545 275 549 272
621 275 632 280
624 275 634 280
545 278 550 274
613 278 621 281
616 278 624 282
619 278 627 282
627 278 635 283
630 278 638 283
633 278 644 282
638 278 647 283
610 281 619 284
613 281 621 284
616 281 624 284
624 281 632 286
627 281 635 286
630 281 637 286
635 281 643 285
638 281 646 285
542 284 549 280
565 284 569 277
585 284 586 280
613 284 621 287
616 284 624 288
624 284 632 288
627 284 635 289
633 284 640 289
635 284 643 289
638 284 646 288
542 287 550 282
554 287 563 284
556 287 561 278
616 287 624 291
624 287 632 290
627 287 635 292
630 287 637 292
633 287 640 292
638 287 646 291
534 290 543 283
545 290 552 284
548 290 558 286
551 290 555 280
554 290 563 286
571 290 576 281
576 290 581 284
579 290 583 284
613 290 621 294
616 290 624 293
624 290 633 294
633 290 640 296
534 292 543 285
540 292 547 287
545 292 552 286
548 292 558 289
551 292 560 289
556 292 566 287
559 292 569 287
576 292 581 286
607 292 615 293
610 292 618 293
613 292 621 296
633 292 640 298
635 292 643 299
534 295 543 289
537 295 546 289
540 295 549 289
548 295 558 291
551 295 561 292
579 295 581 289
607 295 615 298
627 295 634 301
630 295 637 301
633 295 640 302
540 298 549 291
551 298 561 294
596 298 604 300
599 298 606 299
602 298 610 301
604 298 611 300
613 298 621 302
616 298 623 302
624 298 631 304
627 298 634 304
630 298 637 304
633 298 640 304
537 301 549 294
540 301 551 295
551 301 561 297
588 301 595 302
590 301 597 302
593 301 600 303
596 301 604 304
599 301 607 304
602 301 610 304
604 301 611 302
607 301 614 304
610 301 618 305
613 301 620 305
579 304 587 305
582 304 589 304
590 304 598 307
593 304 601 306
596 304 604 307
599 304 606 306
604 304 612 307
607 304 615 307
613 304 621 308
616 304 623 308
619 304 625 308
621 304 628 308
635 304 640 309
638 304 643 308
556 306 564 303
562 306 569 306
565 306 572 306
590 306 598 309
593 306 600 309
596 306 603 309
599 306 606 309
602 306 609 310
607 306 614 310
613 306 619 310
619 306 625 311
621 306 628 311
627 306 632 312
635 306 641 312
638 306 643 312
559 309 567 306
562 309 569 309
565 309 572 310
568 309 575 310
571 309 578 309
573 309 581 310
579 309 586 309
582 309 589 310
585 309 592 310
593 309 600 312
607 309 614 313
610 309 616 312
619 309 625 313
624 309 629 314
627 309 632 314
638 309 643 314
565 312 571 312
568 312 574 313
571 312 578 313
573 312 580 313
576 312 583 313
613 312 620 313
635 312 640 313
644 312 646 314
568 315 575 315
571 315 578 315
573 315 580 315
576 315 586 315
579 315 588 315
585 315 592 315
588 315 595 315
604 315 612 315
607 315 614 315
610 315 617 315
613 315 620 315
616 315 622 315
619 315 625 315
641 315 643 316
644 315 646 316
