510 146 555 144
510 163 555 161
493 181 537 179
510 181 554 178
649 181 712 183
493 198 536 195
510 198 554 194
649 198 711 202
649 215 711 220
458 233 506 230
458 250 502 248
476 250 519 247
493 250 537 247
510 250 554 248
528 250 572 248
545 250 589 247
562 250 610 249
580 250 628 249
649 250 706 255
666 250 728 256
406 267 448 262
424 267 465 263
441 267 482 262
458 267 500 263
476 267 517 263
493 267 534 263
510 267 551 263
545 267 586 265
562 267 606 266
597 267 648 268
666 267 727 275
406 285 447 278
424 285 463 278
441 285 480 279
458 285 498 279
476 285 514 280
493 285 532 280
510 285 549 281
528 285 567 281
545 285 585 282
562 285 603 282
371 302 416 295
406 302 448 295
424 302 463 295
441 302 479 295
458 302 496 296
493 302 528 296
510 302 547 298
528 302 565 298
545 302 582 299
562 302 602 300
371 319 417 311
406 319 447 312
424 319 463 312
441 319 479 312
458 319 496 313
476 319 513 314
493 319 530 314
510 319 546 315
528 319 563 316
545 319 582 317
562 319 602 317
580 319 620 318
614 319 662 322
632 319 680 322
371 337 417 329
424 337 461 327
441 337 478 328
458 337 496 329
476 337 512 330
493 337 528 331
510 337 546 332
528 337 563 334
545 337 581 334
562 337 601 335
580 337 620 335
597 337 644 339
614 337 661 340
632 337 680 341
337 354 386 342
406 354 446 344
424 354 461 345
441 354 478 345
458 354 494 346
476 354 510 347
493 354 528 347
510 354 546 349
528 354 564 351
545 354 580 351
562 354 598 352
597 354 644 358
614 354 664 358
632 354 679 359
371 371 419 362
424 371 462 362
441 371 478 363
458 371 494 364
476 371 513 366
493 371 531 367
510 371 547 368
528 371 564 368
545 371 580 368
562 371 597 369
580 371 616 373
597 371 644 378
632 371 679 377
441 389 480 381
458 389 497 383
476 389 514 384
493 389 530 385
510 389 547 386
528 389 564 385
545 389 580 385
562 389 596 386
632 389 679 395
684 389 735 397
424 406 464 398
441 406 481 400
476 406 514 401
493 406 530 402
510 406 546 403
528 406 564 404
545 406 580 404
597 406 643 412
614 406 662 414
684 406 732 414
389 424 431 415
406 424 448 416
424 424 465 418
458 424 497 417
476 424 513 418
493 424 530 420
510 424 547 421
528 424 564 422
614 424 660 430
666 424 713 431
718 424 773 434
354 441 400 429
371 441 414 431
389 441 432 434
406 441 448 435
424 441 466 434
441 441 481 435
476 441 514 436
493 441 531 437
510 441 547 438
528 441 564 440
545 441 583 441
580 441 624 447
666 441 709 448
684 441 728 450
701 441 747 452
458 458 497 451
493 458 531 455
510 458 547 456
528 458 565 458
545 458 583 461
649 458 686 467
666 458 704 466
684 458 727 468
701 458 747 470
718 458 768 469
476 476 515 471
528 476 564 474
