562 25 563 155
597 25 594 153
458 42 460 136
476 42 473 135
614 42 601 174
649 42 618 180
458 59 460 149
476 59 473 148
580 59 581 183
423 77 439 173
441 77 453 167
476 77 475 160
528 77 545 182
562 77 579 196
614 77 598 199
77 94 31 236
389 94 416 186
423 94 439 184
476 94 479 180
493 94 492 180
510 94 507 182
562 94 579 213
354 129 386 204
371 129 400 204
406 129 426 205
423 129 440 205
441 129 453 204
476 129 480 202
493 129 495 202
510 129 507 202
528 129 524 201
562 129 552 203
562 146 551 214
632 146 618 230
285 163 332 240
319 163 357 226
337 163 373 225
354 163 386 225
371 163 400 224
406 163 426 224
423 163 440 224
441 163 453 224
476 163 480 223
493 163 493 222
510 163 506 220
528 163 522 220
632 163 619 250
319 181 361 241
337 181 373 237
354 181 387 236
371 181 399 235
423 181 439 233
441 181 453 233
493 181 494 232
510 181 507 231
528 181 524 233
285 198 334 265
319 198 360 258
337 198 372 254
406 198 425 244
476 198 480 242
545 198 545 255
562 198 565 255
267 215 320 282
319 215 360 272
354 215 385 263
389 215 412 258
406 215 426 258
423 215 439 256
441 215 452 254
476 215 479 253
493 215 493 253
510 215 507 253
528 215 522 254
545 215 545 271
562 215 562 270
580 215 577 269
250 233 302 300
267 233 317 300
285 233 333 299
337 233 372 279
354 233 385 276
389 233 412 274
406 233 426 272
423 233 440 271
441 233 453 269
476 233 480 264
493 233 494 263
510 233 508 264
528 233 524 268
562 233 562 282
580 233 576 282
250 250 302 313
267 250 315 314
319 250 359 300
337 250 372 296
354 250 385 290
389 250 413 290
406 250 427 289
423 250 440 288
441 250 453 286
476 250 481 286
545 250 545 288
580 250 579 296
285 267 326 342
302 267 343 348
319 267 358 314
337 267 372 311
354 267 385 307
371 267 400 307
406 267 429 306
423 267 443 305
441 267 456 303
476 267 483 300
493 267 496 292
545 267 552 307
562 267 566 311
302 285 343 359
319 285 359 350
337 285 376 347
354 285 386 322
389 285 415 323
406 285 430 324
423 285 444 325
441 285 457 319
476 285 486 317
493 285 498 309
510 285 513 305
545 285 554 325
562 285 572 326
580 285 587 324
267 302 303 382
285 302 325 372
319 302 357 368
337 302 372 365
354 302 389 363
389 302 414 344
406 302 432 349
423 302 446 343
441 302 459 342
458 302 475 340
493 302 502 330
510 302 516 325
528 302 530 322
580 302 590 354
597 302 603 355
649 302 657 350
285 319 326 387
302 319 340 388
319 319 357 386
337 319 371 385
354 319 387 381
371 319 407 377
406 319 433 370
423 319 447 367
441 319 463 364
458 319 477 359
493 319 503 344
510 319 516 343
528 319 532 337
562 319 585 373
632 319 642 372
649 319 658 371
267 337 306 402
285 337 325 403
302 337 341 405
319 337 355 406
337 337 374 402
354 337 388 402
389 337 417 397
406 337 434 391
423 337 449 386
441 337 464 384
458 337 480 381
476 337 497 378
510 337 517 358
528 337 531 355
562 337 583 395
632 337 641 389
649 337 657 391
285 354 322 421
337 354 378 419
354 354 391 418
389 354 418 416
406 354 434 413
423 354 451 409
441 354 465 402
458 354 482 401
476 354 499 399
545 354 570 413
562 354 585 414
597 354 602 395
614 354 622 393
649 354 656 406
233 371 272 439
267 371 308 438
302 371 341 439
337 371 376 437
354 371 393 437
389 371 417 430
406 371 433 431
423 371 452 432
441 371 469 430
458 371 485 429
476 371 501 433
493 371 518 433
545 371 571 429
562 371 587 428
597 371 603 406
250 389 288 454
302 389 342 454
319 389 358 455
389 389 414 447
406 389 433 447
423 389 455 448
441 389 471 448
458 389 486 449
476 389 500 450
493 389 514 451
510 389 552 429
545 389 572 442
562 389 587 445
233 406 272 459
337 406 378 454
354 406 393 454
423 406 454 464
441 406 470 465
458 406 487 463
493 406 518 462
510 406 554 446
562 406 591 458
614 406 641 425
649 406 658 425
354 423 395 469
389 423 418 471
476 423 506 469
580 423 610 462
649 423 657 437
580 441 623 462
632 441 644 447
267 458 272 476
319 476 290 477
458 476 524 478
476 476 540 477
510 476 559 478
528 476 571 479
545 476 612 478
