568 208 568 208
571 208 571 208
573 208 573 208
576 208 576 208
579 208 579 208
585 208 584 208
562 211 562 211
565 211 565 211
568 211 568 211
571 211 571 211
573 211 573 211
576 211 579 211
579 211 582 211
582 211 585 211
585 211 588 211
588 211 591 211
590 211 594 210
593 211 596 211
554 213 556 213
556 213 559 213
568 213 570 213
576 213 580 213
579 213 582 213
582 213 585 213
585 213 588 213
588 213 591 213
590 213 594 213
593 213 596 214
542 216 542 216
545 216 545 216
548 216 548 216
551 216 551 217
554 216 556 216
556 216 559 216
559 216 562 216
562 216 565 216
565 216 568 216
568 216 571 216
571 216 574 216
573 216 577 216
576 216 579 216
579 216 582 216
582 216 585 216
585 216 588 216
588 216 591 216
590 216 593 216
593 216 596 216
596 216 599 218
542 219 545 219
545 219 548 219
548 219 550 219
551 219 554 219
554 219 557 219
556 219 560 219
559 219 563 219
562 219 565 219
565 219 570 219
571 219 575 219
576 219 579 219
582 219 584 219
585 219 587 219
588 219 593 222
590 219 593 219
593 219 596 221
542 222 546 222
545 222 549 222
548 222 551 222
551 222 554 222
554 222 558 222
556 222 562 221
559 222 565 221
562 222 568 221
565 222 570 221
568 222 573 221
573 222 577 222
576 222 579 222
579 222 585 221
582 222 587 222
588 222 593 224
593 222 596 224
537 225 537 225
540 225 543 225
542 225 547 225
545 225 550 224
548 225 554 224
551 225 557 224
554 225 559 224
559 225 564 224
562 225 567 224
568 225 572 224
571 225 575 224
573 225 578 224
576 225 581 225
579 225 585 224
582 225 587 224
540 227 544 228
542 227 547 227
545 227 551 227
548 227 553 228
551 227 556 228
554 227 558 227
556 227 562 230
559 227 565 230
562 227 567 230
571 227 575 227
576 227 579 228
579 227 582 227
585 227 590 226
588 227 590 230
590 227 593 230
596 227 599 225
602 227 602 229
604 227 605 229
607 227 607 228
542 230 547 230
545 230 550 231
548 230 553 231
556 230 562 232
559 230 564 232
562 230 567 232
579 230 582 230
588 230 590 233
590 230 592 233
593 230 596 233
596 230 599 227
604 230 604 232
607 230 608 231
610 230 611 230
540 233 542 230
545 233 548 233
548 233 553 233
559 233 564 236
573 233 576 230
579 233 582 233
582 233 584 235
588 233 590 236
590 233 592 236
593 233 595 236
596 233 599 234
604 233 607 234
607 233 609 233
610 233 612 233
613 233 615 233
537 236 539 233
540 236 542 233
545 236 548 235
548 236 554 236
579 236 582 236
593 236 596 239
604 236 607 236
607 236 609 236
610 236 612 236
613 236 615 236
540 239 542 236
545 239 551 239
548 239 554 239
579 239 582 239
602 239 604 238
604 239 607 239
607 239 609 239
610 239 612 239
613 239 615 238
542 242 547 242
545 242 551 242
548 242 554 242
576 242 581 241
599 242 602 241
602 242 605 241
604 242 607 241
607 242 610 241
610 242 612 241
613 242 615 241
619 242 618 240
542 244 545 244
545 244 550 244
579 244 585 247
582 244 587 247
596 244 598 241
599 244 602 245
602 244 604 245
604 244 608 244
607 244 610 244
610 244 613 244
613 244 615 243
616 244 618 244
576 247 582 249
579 247 585 250
582 247 587 255
593 247 596 244
596 247 599 244
599 247 602 247
602 247 604 247
604 247 607 246
607 247 610 246
610 247 613 247
613 247 616 247
616 247 618 247
542 250 548 251
551 250 554 251
565 250 568 244
582 250 588 258
596 250 599 250
599 250 602 249
602 250 604 249
604 250 607 249
607 250 610 249
610 250 613 250
613 250 615 249
616 250 618 249
619 250 621 250
540 253 540 253
545 253 549 253
551 253 554 253
565 253 567 241
604 253 608 252
607 253 610 253
610 253 613 253
613 253 616 252
616 253 618 252
619 253 621 252
540 256 542 257
542 256 548 255
551 256 554 256
554 256 556 256
568 256 571 247
593 256 595 255
596 256 599 255
599 256 601 253
602 256 604 253
604 256 608 255
607 256 610 255
610 256 613 255
613 256 616 255
616 256 618 255
619 256 621 255
537 258 540 259
540 258 543 259
542 258 546 258
545 258 549 258
551 258 554 258
554 258 556 258
568 258 571 252
593 258 595 258
596 258 599 258
599 258 602 259
602 258 605 258
604 258 608 258
607 258 611 258
610 258 614 258
613 258 616 258
616 258 618 258
619 258 622 258
621 258 624 258
537 261 540 261
540 261 543 261
542 261 545 262
545 261 549 262
568 261 571 255
576 261 579 259
593 261 595 261
596 261 598 261
599 261 602 261
602 261 605 261
604 261 608 261
607 261 610 260
610 261 613 261
613 261 616 261
616 261 619 261
619 261 622 261
621 261 624 261
545 264 549 264
548 264 552 264
551 264 555 264
554 264 558 264
568 264 571 261
571 264 573 261
579 264 584 264
593 264 595 263
596 264 598 263
599 264 601 264
602 264 604 264
604 264 608 264
607 264 611 263
610 264 613 263
613 264 616 264
616 264 619 263
619 264 622 264
621 264 625 264
624 264 626 261
540 267 543 265
542 267 546 265
548 267 552 267
551 267 555 266
554 267 557 266
556 267 560 266
559 267 562 266
562 267 565 267
568 267 573 267
571 267 576 267
573 267 578 267
576 267 581 267
579 267 584 267
582 267 587 267
588 267 590 266
590 267 593 267
593 267 595 267
596 267 598 267
599 267 602 267
602 267 605 267
604 267 608 267
607 267 611 266
610 267 613 266
613 267 616 266
616 267 619 266
619 267 622 267
621 267 625 267
624 267 628 267
627 267 630 267
540 270 543 267
542 270 547 267
548 270 552 270
551 270 555 269
554 270 557 269
556 270 560 269
559 270 562 269
562 270 565 269
565 270 570 269
568 270 573 269
571 270 575 269
573 270 578 269
576 270 581 269
579 270 584 270
582 270 587 270
588 270 590 270
590 270 593 270
593 270 596 270
596 270 599 269
599 270 602 270
602 270 605 270
604 270 608 269
607 270 610 269
610 270 613 269
616 270 619 269
619 270 622 269
621 270 625 270
624 270 627 270
627 270 630 270
540 273 543 272
542 273 547 272
548 273 552 273
551 273 554 272
554 273 557 272
556 273 560 272
559 273 562 272
565 273 570 272
571 273 575 272
573 273 578 272
579 273 584 272
582 273 588 272
593 273 595 272
599 273 602 272
602 273 605 272
604 273 607 272
607 273 610 272
610 273 613 272
613 273 616 272
616 273 618 272
619 273 622 272
621 273 624 272
624 273 627 272
627 273 630 272
545 275 549 275
548 275 551 275
551 275 554 275
554 275 557 275
556 275 559 274
559 275 562 274
562 275 565 274
565 275 568 275
568 275 571 275
571 275 574 274
573 275 578 275
579 275 582 275
582 275 584 275
585 275 587 275
590 275 590 275
596 275 596 275
599 275 599 275
602 275 604 275
604 275 608 275
607 275 610 275
610 275 613 275
613 275 618 274
619 275 622 274
621 275 624 274
624 275 627 274
627 275 630 274
630 275 632 275
548 278 552 278
551 278 554 278
554 278 557 277
556 278 560 277
559 278 562 277
562 278 565 277
565 278 568 277
568 278 570 277
571 278 574 278
582 278 584 278
602 278 604 278
607 278 610 277
610 278 613 277
613 278 616 278
619 278 622 277
621 278 624 277
624 278 627 277
627 278 630 278
630 278 632 278
545 281 549 280
548 281 552 280
554 281 557 281
556 281 560 280
559 281 563 280
562 281 565 280
565 281 568 280
568 281 571 280
571 281 574 280
576 281 579 280
579 281 582 280
582 281 585 280
585 281 588 280
588 281 590 281
590 281 593 281
593 281 596 281
596 281 599 281
599 281 601 280
602 281 604 280
607 281 610 280
610 281 612 280
613 281 616 280
619 281 621 280
621 281 624 280
624 281 627 280
627 281 630 280
545 284 549 283
548 284 552 283
554 284 557 283
556 284 560 283
559 284 563 283
562 284 566 283
565 284 568 283
568 284 571 283
573 284 576 283
576 284 579 283
579 284 582 283
582 284 585 283
585 284 587 284
588 284 590 284
590 284 592 284
593 284 596 284
596 284 599 284
599 284 601 283
604 284 607 283
607 284 610 283
610 284 612 283
624 284 627 283
545 287 549 287
548 287 551 286
554 287 557 286
562 287 565 286
565 287 568 286
571 287 574 286
573 287 576 286
576 287 579 286
579 287 583 286
582 287 585 286
585 287 588 286
588 287 590 286
590 287 593 286
593 287 596 287
596 287 599 286
599 287 602 286
602 287 605 286
604 287 608 286
607 287 610 286
610 287 613 286
613 287 616 286
616 287 618 286
619 287 621 286
624 287 626 286
627 287 629 286
630 287 632 286
633 287 635 286
635 287 638 286
540 290 544 290
542 290 547 289
545 290 550 290
548 290 554 290
554 290 557 289
556 290 559 288
559 290 562 288
562 290 565 288
565 290 568 289
571 290 574 289
573 290 576 289
576 290 579 289
579 290 582 289
582 290 585 289
585 290 588 288
588 290 590 289
590 290 593 289
593 290 597 289
596 290 600 289
599 290 602 289
602 290 605 289
607 290 610 289
610 290 613 289
613 290 616 288
616 290 618 288
619 290 621 288
624 290 627 288
627 290 629 288
630 290 633 288
633 290 636 289
635 290 638 289
638 290 641 289
548 292 554 293
554 292 557 292
556 292 559 291
559 292 562 291
562 292 565 291
565 292 568 291
568 292 571 292
571 292 574 292
573 292 576 292
576 292 580 292
579 292 582 292
582 292 585 291
585 292 588 291
588 292 590 291
590 292 594 291
593 292 596 292
596 292 599 292
599 292 602 292
602 292 605 292
607 292 610 292
610 292 613 292
616 292 618 291
621 292 624 291
624 292 627 291
627 292 630 291
630 292 632 291
633 292 636 292
635 292 638 292
638 292 641 292
641 292 644 292
545 295 548 293
548 295 551 293
554 295 557 294
556 295 560 295
559 295 562 295
562 295 565 294
565 295 568 295
568 295 571 294
571 295 574 295
573 295 576 295
576 295 580 295
579 295 582 295
582 295 585 294
585 295 588 294
588 295 590 294
590 295 593 294
593 295 596 295
596 295 599 295
599 295 602 295
602 295 604 295
607 295 610 295
610 295 613 295
619 295 621 295
621 295 624 294
624 295 627 294
627 295 630 294
630 295 633 294
633 295 636 294
635 295 638 294
638 295 641 294
641 295 644 295
548 298 551 296
551 298 554 296
554 298 557 297
556 298 560 298
559 298 563 298
562 298 565 297
565 298 568 297
568 298 571 297
571 298 574 298
573 298 577 297
576 298 579 297
579 298 582 297
582 298 585 297
585 298 588 297
588 298 590 297
590 298 593 297
593 298 596 297
596 298 599 298
599 298 602 298
602 298 604 298
604 298 608 298
613 298 616 298
619 298 621 297
621 298 624 297
624 298 627 297
627 298 631 297
630 298 633 297
633 298 636 298
635 298 639 298
638 298 641 297
641 298 644 298
644 298 647 298
551 301 553 298
556 301 560 301
559 301 563 300
562 301 565 300
565 301 568 300
568 301 571 300
571 301 574 300
573 301 577 300
576 301 580 300
579 301 582 300
582 301 585 300
585 301 588 300
588 301 591 300
590 301 593 301
593 301 596 300
596 301 599 300
599 301 602 300
602 301 605 300
604 301 608 301
610 301 613 300
613 301 616 300
619 301 621 300
621 301 624 300
624 301 628 300
627 301 630 300
630 301 633 300
633 301 636 301
635 301 638 301
638 301 641 300
641 301 644 301
644 301 647 300
554 304 554 301
556 304 557 301
559 304 562 303
562 304 565 303
571 304 574 303
573 304 577 303
576 304 580 303
579 304 583 303
582 304 585 303
585 304 588 303
588 304 590 303
590 304 594 303
593 304 596 303
596 304 599 303
599 304 602 303
602 304 605 303
604 304 608 303
610 304 613 303
613 304 616 303
616 304 619 303
619 304 621 303
621 304 624 303
624 304 627 303
627 304 630 303
630 304 633 303
633 304 636 303
635 304 639 303
638 304 641 303
641 304 644 303
644 304 647 303
556 306 557 306
559 306 560 305
562 306 564 306
565 306 568 305
568 306 571 304
571 306 574 306
573 306 576 306
576 306 580 306
579 306 583 306
582 306 585 306
585 306 588 306
588 306 590 306
590 306 594 307
593 306 596 306
596 306 599 306
599 306 602 306
602 306 605 306
604 306 608 306
607 306 610 306
610 306 612 306
613 306 616 306
616 306 619 305
619 306 621 305
621 306 624 305
624 306 628 306
627 306 630 306
630 306 633 306
633 306 635 306
635 306 638 306
638 306 641 306
641 306 644 306
644 306 646 306
559 309 559 309
562 309 565 309
565 309 567 308
568 309 570 308
571 309 573 309
573 309 576 309
576 309 579 309
579 309 582 310
582 309 585 309
585 309 588 309
588 309 590 309
590 309 593 309
593 309 596 309
596 309 599 309
599 309 602 308
602 309 606 309
604 309 610 310
607 309 612 310
610 309 615 310
624 309 628 309
627 309 630 308
630 309 632 308
633 309 635 308
635 309 638 308
638 309 641 308
641 309 643 308
644 309 646 308
562 312 565 311
565 312 567 311
568 312 571 311
571 312 573 311
573 312 576 312
576 312 579 312
579 312 582 312
582 312 584 312
585 312 587 312
588 312 590 312
590 312 593 312
593 312 596 311
596 312 599 312
599 312 602 311
604 312 608 312
607 312 612 312
610 312 615 312
613 312 618 312
616 312 621 312
619 312 623 312
627 312 630 311
633 312 634 311
635 312 637 311
638 312 640 311
641 312 643 311
644 312 646 311
565 315 567 315
568 315 570 315
571 315 573 315
573 315 576 315
576 315 579 315
579 315 582 315
582 315 585 315
585 315 587 314
588 315 590 314
590 315 593 314
593 315 596 314
596 315 599 315
599 315 602 314
604 315 608 315
607 315 611 315
610 315 614 315
613 315 618 315
616 315 622 315
619 315 624 315
624 315 627 315
627 315 630 315
630 315 633 315
633 315 635 315
635 315 638 314
638 315 641 314
641 315 643 314
644 315 646 314
