0.9983230829238892 -0.01214672904461622 -0.05659915134310722 -0.06148878857493401 
0.01495869364589453 0.9986608028411865 0.04952604696154594 -0.09287625551223755 
0.055921770632267 -0.05028964951634407 0.9971678256988525 -0.5106379389762878 
0 0 0 1 

0.9981438517570496 -0.02063092961907387 -0.05729919672012329 -0.06079624220728874 
0.02342860028147697 0.9985439777374268 0.0485907755792141 -0.09406666457653046 
0.05621328949928284 -0.04984302446246147 0.9971738457679749 -0.5116821527481079 
0 0 0 1 

0.9977238774299622 -0.0443713404238224 -0.05077585205435753 -0.0522659607231617 
0.04790211841464043 0.9963557124137878 0.07057273387908936 -0.1078128665685654 
0.04745934903621674 -0.07284441590309143 0.996213436126709 -0.5071141719818115 
0 0 0 1 

0.99811190366745 0.04157480970025063 -0.04521241039037704 -0.06200723350048065 
-0.04024644568562508 0.9987421631813049 0.02990416437387466 -0.08891082555055618 
0.0463988184928894 -0.02802803739905357 0.9985296726226807 -0.5141776204109192 
0 0 0 1 

0.9786370396614075 -0.1929303258657455 -0.07104569673538208 -0.04035269096493721 
0.197455033659935 0.9782634377479553 0.06334145367145538 -0.1196392923593521 
0.05728093162178993 -0.07601660490036011 0.9954598546028137 -0.5180107951164246 
0 0 0 1 

0.9741937518119812 -0.2115148305892944 -0.07878902554512024 -0.03479333594441414 
0.2178032398223877 0.972521185874939 0.08224333077669144 -0.1300443857908249 
0.05922821164131165 -0.09728152304887772 0.9934929609298706 -0.5148868560791016 
0 0 0 1 

0.9606117010116577 -0.2607623636722565 -0.09606242924928665 -0.02500213123857975 
0.2697397172451019 0.9580676555633545 0.09667784720659256 -0.1362334787845612 
0.0668242871761322 -0.1187817826867104 0.9906691312789917 -0.5113980770111084 
0 0 0 1 

0.9511430859565735 -0.3033597469329834 -0.05744249746203423 -0.07085201144218445 
0.3078909516334534 0.945807158946991 0.103208415210247 -0.1765487492084503 
0.02302023023366928 -0.1158520057797432 0.9929996728897095 -0.5487372279167175 
0 0 0 1 

-0.1546770632266998 -0.9875008463859558 0.03028262592852116 -0.08193381130695343 
0.9763553738594055 -0.1481024324893951 0.1574667394161224 -0.1224679797887802 
-0.1510136127471924 0.0539231039583683 0.9870598912239075 -0.5006116032600403 
0 0 0 1 

-0.2490133494138718 -0.9649339914321899 0.08303581178188324 -0.1014025881886482 
0.9591871500015259 -0.2338494509458542 0.1589807122945786 -0.1282994598150253 
-0.1339880079030991 0.119235135614872 0.983783483505249 -0.5076510310173035 
0 0 0 1 

