585 273 597 284
588 273 601 282
596 273 609 284
582 275 594 284
588 275 600 285
593 275 606 286
582 281 591 290
585 281 595 290
588 281 598 290
590 281 601 290
593 281 606 289
585 284 594 294
588 284 598 293
596 284 606 293
596 287 604 296
599 287 607 295
556 290 563 292
565 290 571 294
579 290 586 296
582 290 590 296
585 290 592 295
593 290 602 299
596 290 604 299
599 290 607 299
602 290 610 298
604 290 612 297
607 290 615 297
610 290 618 297
613 290 624 300
619 290 627 300
621 290 630 300
573 292 578 293
576 292 581 297
599 292 606 301
602 292 609 302
604 292 612 301
607 292 615 302
619 292 627 303
565 295 569 300
568 295 572 297
571 295 575 296
576 295 581 299
579 295 583 299
582 295 587 300
585 295 590 300
588 295 593 300
599 295 605 304
607 295 613 304
610 295 619 306
638 295 645 303
568 298 572 301
571 298 575 300
573 298 578 300
579 298 583 302
582 298 586 302
585 298 590 302
588 298 593 302
590 298 596 303
596 298 601 305
630 298 634 309
556 301 557 300
568 301 572 304
573 301 577 303
576 301 580 303
582 301 586 304
585 301 589 305
588 301 592 305
590 301 595 304
593 301 599 307
627 301 630 312
630 301 633 312
559 304 560 302
571 304 574 306
576 304 580 306
588 304 592 307
590 304 595 307
599 304 604 310
630 304 633 315
571 306 574 308
573 306 577 309
579 306 582 308
585 306 589 308
571 309 575 311
579 309 582 311
582 309 584 310
585 309 588 311
582 312 584 313
585 312 588 313
588 312 591 314
604 312 599 313
582 315 584 316
585 315 588 316
588 315 592 315
