573 208 578 222
579 208 581 222
582 208 583 221
582 211 583 224
585 211 586 224
559 213 566 229
579 216 581 232
542 227 546 244
545 236 550 247
542 239 546 250
545 239 550 250
633 261 630 263
633 267 633 269
635 267 636 268
633 270 634 272
531 273 532 282
630 273 633 275
638 273 641 274
630 275 635 277
590 278 593 285
590 281 594 288
593 281 596 288
613 281 620 282
627 281 632 281
630 281 635 281
635 281 639 281
638 281 641 280
528 284 532 292
531 284 535 291
599 284 604 290
610 284 618 286
613 284 620 285
619 284 626 285
627 284 632 284
638 284 642 283
590 287 594 292
624 287 630 287
630 287 636 286
635 287 639 286
610 290 615 289
613 290 618 290
624 290 631 289
627 290 633 289
635 290 639 289
641 290 646 290
585 292 588 294
590 292 594 294
593 292 596 294
599 292 603 293
604 292 610 293
607 292 613 292
610 292 616 292
613 292 618 292
616 292 621 292
619 292 624 292
621 292 627 292
633 292 636 291
638 292 643 292
641 292 646 292
590 295 594 296
596 295 600 296
599 295 603 296
604 295 609 295
607 295 612 295
610 295 615 295
613 295 618 295
616 295 621 295
621 295 626 294
624 295 629 294
630 295 634 294
633 295 636 294
579 298 582 299
582 298 585 299
585 298 588 298
588 298 591 298
593 298 597 298
596 298 600 300
602 298 606 299
607 298 611 298
613 298 618 297
621 298 626 297
627 298 632 297
571 301 571 303
573 301 574 302
582 301 584 301
585 301 588 301
588 301 591 301
590 301 594 301
593 301 597 301
619 301 622 299
624 301 629 300
627 301 632 300
633 301 638 299
635 301 640 299
644 301 647 300
568 304 568 307
571 304 571 306
582 304 584 304
585 304 586 304
588 304 591 303
593 304 596 304
596 304 599 304
599 304 601 302
602 304 605 302
607 304 610 303
619 304 622 302
621 304 626 302
627 304 632 303
630 304 634 302
641 304 644 302
565 306 566 309
568 306 569 309
579 306 581 307
582 306 583 307
585 306 586 307
593 306 596 306
596 306 600 306
599 306 602 305
602 306 604 305
607 306 611 305
610 306 614 305
621 306 626 305
627 306 632 305
633 306 635 305
635 306 638 305
638 306 642 305
641 306 644 305
568 309 569 311
571 309 572 311
573 309 575 311
576 309 578 311
579 309 581 310
582 309 584 310
585 309 586 310
588 309 590 310
590 309 593 309
593 309 596 309
596 309 600 309
599 309 602 308
602 309 604 308
607 309 611 308
616 309 617 307
619 309 620 307
633 309 636 308
635 309 639 308
638 309 641 308
641 309 644 308
647 309 647 307
565 312 566 313
573 312 575 314
576 312 578 313
579 312 581 313
582 312 584 313
585 312 587 312
588 312 590 312
590 312 593 312
593 312 596 312
596 312 600 311
599 312 603 312
602 312 605 311
613 312 620 313
616 312 618 310
619 312 620 310
621 312 624 310
633 312 637 311
635 312 639 311
638 312 642 311
641 312 644 311
647 312 647 310
568 315 569 315
571 315 572 315
590 315 593 315
593 315 596 314
596 315 599 315
599 315 602 315
610 315 621 315
621 315 626 314
624 315 629 314
627 315 633 314
633 315 637 314
635 315 640 314
638 315 642 314
644 315 645 313
647 315 647 313
