25 77 63 76
42 77 80 76
111 77 140 70
129 77 155 68
146 77 174 62
163 77 192 61
25 94 33 93
42 94 71 90
59 94 87 89
94 94 105 89
111 94 140 83
129 94 158 81
146 94 173 77
163 94 191 78
406 94 422 65
424 94 440 61
528 94 641 27
545 94 658 28
111 111 141 97
129 111 157 96
146 111 176 95
163 111 192 95
493 111 534 75
510 111 575 73
545 111 644 65
42 129 70 116
59 129 90 114
77 129 106 113
510 129 556 111
25 146 53 131
42 146 73 130
59 146 89 130
77 146 106 128
441 146 480 35
458 146 499 27
545 146 573 110
562 146 595 112
580 146 630 117
597 146 664 103
424 163 462 57
441 163 483 55
458 163 503 53
580 163 631 133
597 163 655 134
371 181 407 109
389 181 425 110
406 181 443 109
424 181 463 79
441 181 483 74
458 181 505 72
562 181 610 156
580 181 633 153
597 181 658 153
354 198 390 125
371 198 406 125
389 198 425 124
406 198 444 123
441 198 483 101
458 198 502 112
476 198 523 119
562 198 612 180
580 198 633 178
597 198 657 170
354 215 388 140
371 215 407 140
389 215 427 138
406 215 446 138
424 215 465 137
441 215 486 136
458 215 506 135
476 215 528 134
493 215 547 134
510 215 567 134
528 215 594 142
562 215 614 196
580 215 636 193
597 215 656 194
302 233 330 159
319 233 349 157
337 233 366 156
354 233 388 156
371 233 409 155
389 233 428 154
406 233 448 154
424 233 467 153
441 233 489 152
458 233 508 150
476 233 529 151
493 233 549 150
510 233 568 150
285 250 312 183
302 250 329 176
319 250 350 173
337 250 369 172
354 250 389 171
371 250 409 170
389 250 428 169
406 250 449 169
424 250 470 169
441 250 490 168
458 250 509 167
493 250 552 166
510 250 570 166
250 267 278 226
267 267 295 216
285 267 314 208
302 267 331 197
319 267 352 192
337 267 369 188
354 267 388 187
371 267 410 185
389 267 431 186
406 267 451 185
424 267 470 183
441 267 491 183
458 267 513 182
476 267 533 181
493 267 554 181
528 267 585 200
233 285 262 242
250 285 281 239
267 285 298 235
285 285 316 235
302 285 333 221
319 285 352 217
337 285 370 208
354 285 392 204
389 285 434 201
406 285 452 200
424 285 473 200
441 285 495 199
458 285 515 198
476 285 535 197
493 285 555 200
528 285 586 216
545 285 623 217
562 285 639 214
215 302 243 257
233 302 262 258
250 302 278 258
267 302 300 257
302 302 333 241
319 302 353 238
337 302 371 229
354 302 392 224
371 302 412 222
389 302 434 221
406 302 454 218
424 302 476 217
441 302 496 218
458 302 516 216
476 302 537 215
493 302 557 219
510 302 577 234
528 302 599 232
562 302 640 234
233 319 260 276
267 319 302 286
285 319 323 285
319 319 355 257
337 319 372 250
354 319 393 247
371 319 412 246
389 319 436 243
406 319 455 239
424 319 477 236
441 319 498 234
458 319 519 234
476 319 538 236
493 319 564 249
510 319 579 251
528 319 600 250
545 319 621 249
267 337 304 307
285 337 325 308
319 337 358 284
337 337 374 271
354 337 396 272
371 337 414 271
389 337 433 267
406 337 457 266
424 337 478 259
441 337 500 255
458 337 521 253
476 337 545 257
493 337 560 267
510 337 583 274
528 337 602 271
545 337 626 266
267 354 304 326
285 354 326 327
302 354 343 324
337 354 376 297
354 354 396 296
371 354 416 295
389 354 439 295
406 354 460 292
424 354 482 290
441 354 499 287
458 354 523 276
493 354 565 288
510 354 586 294
528 354 605 292
545 354 624 300
562 354 640 298
233 371 270 345
250 371 285 347
267 371 302 343
285 371 327 349
302 371 343 344
319 371 360 341
337 371 380 338
354 371 399 331
371 371 418 330
389 371 441 321
406 371 460 318
424 371 481 311
441 371 501 309
458 371 526 304
476 371 549 304
493 371 570 325
510 371 587 320
528 371 609 307
545 371 626 317
562 371 650 315
580 371 671 318
233 389 268 364
250 389 283 365
267 389 305 364
285 389 326 369
319 389 363 360
337 389 382 358
354 389 402 356
371 389 421 353
389 389 441 349
406 389 462 347
424 389 484 335
441 389 506 331
476 389 549 321
510 389 583 347
528 389 612 323
545 389 629 336
562 389 650 333
580 389 672 334
215 406 254 402
233 406 269 384
250 406 293 379
267 406 310 380
285 406 325 384
319 406 363 375
337 406 382 374
354 406 403 377
371 406 422 376
389 406 442 372
406 406 461 370
424 406 484 365
458 406 528 359
476 406 535 360
493 406 561 369
510 406 585 369
528 406 610 364
545 406 632 353
562 406 653 352
215 424 255 421
250 424 293 398
267 424 311 398
285 424 343 398
302 424 360 394
337 424 378 393
354 424 398 392
371 424 421 394
389 424 441 396
406 424 467 395
424 424 485 392
441 424 506 389
458 424 527 375
476 424 541 385
493 424 564 393
510 424 587 389
528 424 615 377
545 424 637 370
562 424 657 370
215 441 262 442
267 441 310 415
285 441 330 416
302 441 350 413
319 441 368 413
337 441 383 414
354 441 400 414
371 441 419 415
389 441 441 414
406 441 462 414
424 441 488 416
441 441 513 408
458 441 528 405
476 441 546 414
493 441 564 414
510 441 586 411
528 441 617 395
545 441 638 390
562 441 660 390
215 458 265 456
267 458 312 436
285 458 328 435
302 458 350 434
319 458 370 433
337 458 387 433
354 458 406 433
371 458 425 432
389 458 445 437
406 458 463 436
424 458 489 439
441 458 510 437
458 458 531 437
476 458 547 432
493 458 570 430
510 458 599 414
528 458 620 411
545 458 637 413
580 458 679 464
233 476 292 475
250 476 310 475
267 476 332 475
302 476 348 475
319 476 372 473
337 476 390 466
371 476 429 461
389 476 446 461
406 476 465 459
424 476 482 472
441 476 497 472
458 476 513 473
476 476 536 474
493 476 573 471
510 476 598 428
528 476 622 429
