406 163 393 6
389 181 373 31
406 181 393 29
424 181 413 22
441 181 435 18
354 198 327 57
371 198 351 56
389 198 373 53
406 198 397 56
458 198 459 44
476 198 483 47
337 215 306 80
354 215 329 78
371 215 350 78
389 215 374 76
406 215 396 75
441 215 439 73
458 215 460 71
476 215 486 71
493 215 509 71
510 215 529 69
528 215 555 77
302 233 261 106
319 233 286 102
337 233 306 101
354 233 328 101
371 233 351 100
389 233 375 99
406 233 397 98
424 233 419 97
441 233 446 94
458 233 463 94
476 233 485 93
493 233 508 92
510 233 529 91
302 250 264 126
319 250 286 125
337 250 310 129
354 250 329 123
371 250 352 121
389 250 373 121
406 250 396 119
424 250 418 118
441 250 441 117
458 250 464 117
476 250 485 116
493 250 507 116
562 250 592 121
285 267 253 151
319 267 288 148
337 267 308 147
354 267 331 146
371 267 351 147
389 267 377 146
406 267 398 144
424 267 420 143
441 267 441 141
458 267 464 139
476 267 486 138
493 267 508 138
545 267 571 140
233 285 201 177
250 285 220 174
302 285 273 171
319 285 292 169
337 285 311 169
354 285 332 168
371 285 353 166
389 285 374 165
406 285 398 166
424 285 420 164
441 285 442 163
458 285 463 161
476 285 485 160
493 285 509 160
545 285 573 159
562 285 593 162
233 302 203 196
250 302 224 193
319 302 296 190
337 302 314 189
354 302 334 190
371 302 354 188
389 302 376 187
406 302 398 186
424 302 420 186
441 302 443 185
458 302 464 184
476 302 485 182
493 302 508 182
510 302 529 181
528 302 549 180
562 302 592 180
215 319 189 218
233 319 209 214
267 319 251 211
302 319 279 210
337 319 316 209
354 319 335 210
371 319 356 210
389 319 376 207
406 319 399 208
424 319 419 207
441 319 443 207
458 319 464 205
476 319 487 204
493 319 509 203
528 319 551 200
545 319 572 200
250 337 241 229
267 337 257 230
337 337 319 231
354 337 338 230
371 337 358 229
389 337 377 228
406 337 401 228
441 337 442 226
510 337 531 223
528 337 551 222
267 354 259 250
285 354 277 251
337 354 324 251
354 354 343 250
371 354 359 247
389 354 386 247
406 354 405 248
424 354 425 247
441 354 445 246
458 354 464 248
510 354 527 244
528 354 550 241
250 371 245 266
267 371 260 269
354 371 352 267
371 371 371 266
441 371 445 266
493 371 509 264
510 371 528 262
545 371 569 260
580 371 608 255
250 389 247 288
267 389 268 284
319 389 323 283
337 389 337 283
371 389 375 283
389 389 392 283
406 389 411 283
441 389 447 284
476 389 489 285
528 389 549 276
545 389 567 282
267 406 266 299
285 406 282 300
319 406 322 298
337 406 337 297
371 406 377 301
389 406 394 301
406 406 412 300
476 406 489 304
528 406 548 301
545 406 567 301
562 406 586 298
215 424 213 317
233 424 229 319
285 424 282 316
337 424 335 317
354 424 353 316
371 424 377 318
389 424 397 317
406 424 414 317
424 424 433 316
528 424 547 320
545 424 567 319
215 441 214 338
233 441 234 340
285 441 284 335
337 441 338 335
354 441 356 337
389 441 395 335
406 441 412 334
424 441 429 334
441 441 448 332
510 441 529 330
528 441 547 338
545 441 567 339
562 441 587 334
215 458 216 355
233 458 236 355
250 458 251 354
267 458 271 354
319 458 323 351
337 458 339 352
371 458 377 353
389 458 396 351
406 458 415 351
528 458 547 358
545 458 566 356
562 458 589 351
