411 239 408 241
416 239 416 239
419 239 418 239
408 241 405 244
411 241 409 243
416 241 415 242
430 241 427 242
433 241 430 242
436 241 432 242
411 244 409 246
414 244 411 245
416 244 413 245
419 244 416 245
422 244 419 245
425 244 422 245
427 244 425 245
430 244 427 245
433 244 430 245
438 244 435 245
441 244 438 245
449 244 446 244
452 244 449 244
463 244 460 244
466 244 463 244
468 244 466 244
471 244 468 244
414 247 411 248
416 247 413 248
419 247 415 248
425 247 422 248
427 247 425 248
430 247 427 248
436 247 433 248
438 247 436 247
441 247 438 247
446 247 443 247
449 247 446 247
452 247 449 247
455 247 454 247
460 247 457 247
463 247 460 247
466 247 463 247
468 247 466 247
414 250 411 251
416 250 413 251
419 250 416 251
422 250 420 251
425 250 422 250
433 250 430 250
436 250 433 250
441 250 438 250
446 250 444 250
449 250 447 250
452 250 450 250
455 250 452 250
457 250 455 250
460 250 458 250
466 250 463 250
468 250 465 249
471 250 468 249
405 252 405 254
411 252 409 253
414 252 411 253
416 252 413 253
425 252 422 253
427 252 424 253
430 252 427 253
433 252 430 253
436 252 433 253
438 252 437 253
441 252 439 253
444 252 442 253
449 252 447 252
452 252 449 252
455 252 453 252
460 252 458 252
466 252 463 252
468 252 465 252
471 252 468 254
411 255 408 255
414 255 411 256
416 255 413 255
419 255 419 255
425 255 425 256
427 255 428 255
438 255 437 256
441 255 440 255
444 255 442 255
449 255 447 255
452 255 449 255
455 255 454 255
457 255 456 255
463 255 460 255
468 255 465 255
414 258 411 258
419 258 418 258
422 258 421 258
425 258 424 258
430 258 430 257
433 258 432 258
436 258 434 258
441 258 438 258
446 258 444 258
449 258 447 258
452 258 451 258
455 258 454 258
457 258 456 258
463 258 459 260
466 258 462 260
468 258 465 257
471 258 468 258
414 261 411 261
416 261 415 261
419 261 418 260
422 261 421 260
427 261 425 260
430 261 427 260
433 261 432 260
436 261 434 261
441 261 440 261
452 261 451 261
455 261 454 260
457 261 457 260
460 261 457 263
463 261 459 263
466 261 462 263
414 263 411 263
419 263 413 267
422 263 421 263
430 263 427 263
433 263 431 266
436 263 435 263
438 263 437 264
444 263 441 263
449 263 448 263
455 263 454 265
460 263 457 265
463 263 460 265
466 263 462 265
411 266 409 266
441 266 440 266
446 266 444 265
449 266 446 265
471 266 469 266
414 269 412 269
446 269 444 268
460 269 457 271
381 272 381 275
414 272 411 271
422 272 419 273
425 272 422 274
427 272 424 275
438 272 438 271
446 272 444 270
460 272 451 277
378 274 378 271
414 274 411 274
419 274 416 277
422 274 419 276
449 274 446 274
408 277 406 277
411 277 409 278
416 277 414 280
419 277 416 280
422 277 419 279
438 277 436 274
457 277 449 279
471 277 469 279
408 280 407 281
411 280 409 281
416 280 413 283
419 280 416 282
438 280 435 276
471 280 469 281
438 282 438 282
441 282 441 288
474 282 473 284
477 282 477 284
479 282 479 282
482 282 481 282
485 282 484 282
381 285 381 286
383 285 383 285
444 285 443 288
449 285 449 287
463 285 460 287
466 285 465 286
471 285 469 285
479 285 479 285
482 285 481 285
485 285 483 285
378 288 378 288
381 288 381 288
383 288 383 288
397 288 397 288
400 288 399 288
403 288 402 288
411 288 410 288
422 288 422 296
444 288 443 291
446 288 446 290
449 288 449 290
466 288 464 288
474 288 473 288
477 288 476 288
479 288 479 288
482 288 481 288
488 288 486 288
381 291 380 291
383 291 383 291
397 291 397 291
400 291 399 291
403 291 402 291
405 291 404 291
411 291 410 291
416 291 413 293
457 291 455 290
460 291 457 291
463 291 460 291
471 291 469 291
474 291 472 291
479 291 479 290
482 291 481 290
490 291 488 291
493 291 493 291
381 293 380 293
394 293 392 296
397 293 395 295
400 293 399 293
411 293 410 294
444 293 443 299
460 293 457 293
463 293 459 293
466 293 463 293
468 293 466 294
477 293 475 293
479 293 479 293
482 293 481 293
490 293 490 295
378 296 377 297
389 296 385 296
394 296 392 299
397 296 397 296
400 296 399 296
403 296 402 297
405 296 404 297
411 296 411 299
414 296 413 296
438 296 437 302
441 296 440 293
449 296 449 302
463 296 460 296
466 296 462 296
471 296 469 296
488 296 488 297
490 296 490 297
493 296 493 297
381 299 380 296
383 299 381 299
386 299 383 299
389 299 386 298
397 299 395 300
400 299 399 299
405 299 403 299
408 299 408 299
411 299 411 301
416 299 416 299
441 299 440 296
444 299 443 296
446 299 446 296
449 299 449 305
455 299 455 304
468 299 465 301
471 299 469 300
474 299 473 299
482 299 481 301
490 299 490 300
493 299 493 300
383 302 381 302
392 302 391 302
394 302 394 302
400 302 399 302
403 302 402 302
408 302 407 302
414 302 412 302
457 302 457 304
463 302 460 303
468 302 465 304
471 302 470 303
474 302 474 303
477 302 477 303
479 302 480 303
482 302 482 303
485 302 485 303
488 302 488 303
493 302 493 303
378 304 378 304
381 304 380 304
389 304 389 304
392 304 391 305
394 304 394 305
397 304 396 305
400 304 399 305
405 304 405 305
408 304 408 305
425 304 424 306
449 304 449 307
457 304 455 306
460 304 459 307
463 304 463 306
471 304 471 306
474 304 474 306
479 304 480 306
482 304 482 306
485 304 485 306
488 304 488 306
490 304 490 306
493 304 493 306
378 307 378 308
381 307 380 307
386 307 386 307
389 307 388 307
392 307 391 307
394 307 394 307
397 307 397 308
400 307 400 308
403 307 402 308
405 307 405 308
408 307 407 308
411 307 410 308
422 307 421 309
425 307 424 309
436 307 435 309
441 307 441 307
446 307 446 309
452 307 452 309
455 307 454 309
460 307 460 309
463 307 463 309
466 307 466 308
468 307 469 308
471 307 471 308
479 307 480 308
482 307 482 308
485 307 485 309
488 307 487 308
490 307 490 309
493 307 493 308
378 310 378 310
383 310 383 310
386 310 386 310
389 310 389 309
392 310 392 309
394 310 394 309
397 310 397 310
405 310 405 310
422 310 421 312
433 310 433 312
438 310 438 310
449 310 449 312
457 310 458 311
463 310 463 312
466 310 466 311
468 310 469 311
471 310 471 312
474 310 474 312
477 310 477 310
378 313 378 313
381 313 380 313
383 313 383 313
386 313 386 312
389 313 389 312
394 313 391 312
403 313 402 313
405 313 405 313
419 313 419 315
422 313 422 315
430 313 430 314
438 313 438 313
441 313 441 313
444 313 443 313
446 313 446 313
452 313 452 313
455 313 454 313
463 313 463 314
466 313 466 314
471 313 471 314
474 313 473 315
477 313 476 314
488 313 488 313
490 313 490 313
493 313 492 312
378 315 378 315
381 315 380 316
383 315 383 316
386 315 386 315
389 315 389 316
392 315 391 316
400 315 400 316
403 315 402 316
408 315 407 316
411 315 410 316
414 315 413 316
433 315 432 316
436 315 435 316
438 315 438 315
441 315 440 316
444 315 443 315
446 315 446 315
455 315 455 316
457 315 458 316
463 315 463 317
466 315 466 317
468 315 469 317
474 315 473 317
479 315 479 317
482 315 482 316
485 315 484 315
488 315 487 315
490 315 489 315
493 315 493 316
378 318 378 318
381 318 381 318
383 318 383 319
386 318 386 318
389 318 388 319
392 318 391 318
394 318 394 318
400 318 400 319
403 318 402 319
405 318 405 319
408 318 407 319
411 318 410 318
414 318 413 318
416 318 416 318
419 318 418 319
422 318 421 319
425 318 424 319
433 318 432 319
436 318 435 319
438 318 438 319
441 318 440 318
444 318 443 318
446 318 446 318
449 318 448 318
452 318 451 318
455 318 455 318
460 318 461 319
466 318 465 320
468 318 468 320
482 318 482 318
488 318 487 318
490 318 490 318
493 318 493 318
378 321 378 321
381 321 381 321
383 321 383 321
386 321 385 321
389 321 388 321
392 321 391 320
394 321 394 321
397 321 396 321
400 321 400 321
403 321 402 321
405 321 405 321
408 321 407 321
411 321 411 321
414 321 414 320
416 321 416 321
419 321 418 321
422 321 421 321
425 321 424 321
430 321 429 321
433 321 432 321
436 321 435 321
438 321 439 322
441 321 442 322
444 321 444 321
446 321 446 321
452 321 452 321
455 321 455 321
460 321 460 321
463 321 464 321
477 321 477 320
482 321 482 320
485 321 484 320
488 321 487 321
490 321 490 321
493 321 493 321
378 324 378 323
383 324 383 324
386 324 385 324
389 324 388 324
392 324 391 323
394 324 394 324
397 324 400 323
400 324 402 323
405 324 405 324
408 324 408 324
411 324 411 324
425 324 425 324
427 324 427 324
430 324 430 324
433 324 432 324
436 324 436 324
438 324 438 324
441 324 441 324
444 324 444 324
446 324 446 324
449 324 449 324
452 324 452 324
457 324 457 324
471 324 471 324
474 324 473 324
477 324 476 323
479 324 479 323
482 324 482 323
485 324 485 323
488 324 487 324
490 324 490 324
378 326 378 326
381 326 380 327
383 326 383 327
386 326 385 326
389 326 388 326
392 326 391 326
394 326 394 326
397 326 397 326
400 326 400 326
403 326 402 327
405 326 405 326
408 326 408 326
414 326 413 327
416 326 416 326
419 326 419 326
422 326 422 326
425 326 424 326
427 326 427 326
430 326 430 326
433 326 432 326
436 326 435 326
438 326 438 326
441 326 441 326
444 326 444 326
446 326 446 326
449 326 448 326
452 326 452 326
455 326 455 326
457 326 458 327
468 326 469 326
471 326 471 326
474 326 474 327
477 326 476 326
479 326 479 326
482 326 482 326
485 326 485 326
488 326 488 326
490 326 490 326
493 326 493 326
378 329 378 329
381 329 380 329
383 329 383 329
386 329 385 329
405 329 405 329
408 329 408 329
411 329 410 329
414 329 413 329
416 329 416 329
419 329 419 329
422 329 421 329
425 329 424 329
427 329 427 329
430 329 430 329
433 329 432 329
436 329 435 329
438 329 438 329
441 329 441 329
444 329 444 329
446 329 446 329
449 329 449 329
452 329 452 329
457 329 457 330
466 329 466 329
468 329 469 329
471 329 471 329
474 329 473 329
477 329 477 329
479 329 479 329
482 329 482 329
485 329 485 329
490 329 490 329
493 329 493 329
378 332 377 331
381 332 381 331
383 332 383 332
386 332 386 332
389 332 389 332
392 332 392 331
394 332 394 332
397 332 397 332
400 332 399 332
403 332 402 332
405 332 405 332
408 332 408 332
411 332 411 332
414 332 413 332
416 332 416 332
419 332 419 332
422 332 422 332
425 332 424 331
427 332 427 331
430 332 430 332
433 332 432 332
436 332 435 332
438 332 438 331
441 332 441 332
444 332 444 332
446 332 446 332
449 332 449 332
452 332 455 331
457 332 457 332
463 332 463 332
466 332 465 331
468 332 468 331
471 332 471 331
474 332 474 332
477 332 477 332
479 332 479 332
482 332 482 332
485 332 485 332
488 332 488 332
490 332 491 332
378 335 377 334
381 335 381 334
383 335 384 334
386 335 386 334
389 335 389 334
392 335 392 334
394 335 394 335
397 335 397 334
400 335 400 334
403 335 402 334
405 335 405 334
408 335 408 335
411 335 411 335
414 335 413 335
416 335 416 335
419 335 419 335
422 335 422 335
425 335 424 334
427 335 427 334
430 335 430 334
433 335 433 335
436 335 435 335
438 335 438 334
444 335 444 335
446 335 446 335
449 335 449 335
452 335 451 335
455 335 454 335
457 335 457 335
463 335 463 335
466 335 465 334
468 335 468 335
471 335 471 335
474 335 473 335
477 335 476 335
479 335 479 335
482 335 483 335
485 335 485 335
488 335 488 335
490 335 491 335
378 337 378 337
381 337 381 337
383 337 384 337
386 337 386 337
389 337 389 337
392 337 392 337
394 337 394 337
397 337 397 337
400 337 400 337
403 337 402 337
405 337 405 337
408 337 408 337
414 337 413 337
416 337 416 337
419 337 419 337
422 337 421 337
425 337 424 337
427 337 427 337
430 337 430 337
433 337 433 337
441 337 441 337
446 337 446 337
449 337 449 337
452 337 452 337
455 337 454 337
457 337 457 337
463 337 462 337
466 337 465 337
468 337 468 337
471 337 471 337
474 337 473 337
477 337 476 337
479 337 479 337
482 337 483 337
485 337 485 337
488 337 487 337
493 337 493 337
