551 211 551 214
573 211 567 214
576 211 570 214
540 216 540 216
559 216 554 220
562 219 558 224
542 222 537 227
540 225 534 230
542 225 537 230
551 225 548 230
576 225 572 227
585 225 581 230
534 227 530 233
540 227 534 233
551 227 547 234
579 227 573 233
582 227 575 232
534 230 530 236
537 230 532 236
540 230 535 236
562 230 558 235
568 230 563 236
573 230 567 236
576 230 570 236
585 230 579 230
562 233 559 239
565 233 561 238
585 233 579 233
542 236 539 242
556 236 554 242
537 239 534 245
540 239 537 245
568 239 570 241
542 242 539 248
542 244 539 250
545 244 542 250
548 244 544 250
542 247 539 252
548 247 544 252
556 247 562 250
548 250 544 255
545 264 544 267
588 264 584 267
537 267 538 270
588 267 584 269
540 270 541 273
596 270 593 272
534 273 534 275
540 273 541 275
571 273 579 275
630 273 636 275
556 275 553 273
562 275 559 275
568 275 576 278
627 275 633 279
630 275 636 279
638 275 646 279
531 278 531 281
542 278 544 281
565 278 574 280
621 278 628 281
627 278 632 282
630 278 635 282
531 281 533 287
534 281 536 284
537 281 539 284
540 281 541 284
542 281 544 284
554 281 553 284
556 281 556 284
571 281 579 283
582 281 576 287
596 281 593 283
602 281 601 282
613 281 618 283
616 281 621 284
619 281 624 284
621 281 627 284
624 281 629 284
630 281 635 285
534 284 536 289
540 284 542 287
556 284 556 287
559 284 559 287
565 284 562 284
593 284 595 283
599 284 599 284
613 284 618 286
616 284 621 286
624 284 629 286
627 284 632 286
633 284 638 287
537 287 539 290
540 287 542 290
542 287 544 290
545 287 547 289
556 287 557 289
559 287 559 289
562 287 562 289
573 287 573 289
582 287 579 291
590 287 592 286
593 287 595 286
596 287 597 286
610 287 613 289
613 287 616 289
624 287 629 290
627 287 632 289
633 287 637 290
534 290 537 293
537 290 540 293
542 290 545 293
548 290 550 293
559 290 559 292
565 290 567 292
573 290 573 292
585 290 587 290
588 290 589 290
590 290 592 289
596 290 597 289
610 290 616 292
621 290 626 292
537 292 540 296
540 292 543 296
542 292 545 296
545 292 548 295
548 292 550 296
556 292 556 295
562 292 565 295
573 292 573 294
576 292 576 294
588 292 589 292
593 292 595 292
596 292 597 292
599 292 601 293
616 292 622 297
619 292 624 297
630 292 633 297
635 292 639 297
531 295 531 295
540 295 543 298
542 295 545 298
545 295 548 298
548 295 551 299
554 295 556 298
556 295 559 299
559 295 562 299
562 295 565 298
568 295 568 298
571 295 571 298
573 295 573 298
576 295 576 298
579 295 579 297
582 295 583 297
585 295 586 297
588 295 589 296
590 295 592 296
593 295 595 296
599 295 599 295
604 295 605 295
610 295 616 301
613 295 619 301
616 295 621 301
621 295 624 300
630 295 633 300
633 295 636 300
635 295 639 300
638 295 641 300
534 298 533 299
537 298 536 298
540 298 539 301
545 298 548 301
548 298 550 302
554 298 556 302
556 298 559 301
559 298 561 301
562 298 564 301
568 298 568 301
571 298 571 301
573 298 576 300
576 298 578 301
579 298 581 301
588 298 589 300
590 298 592 300
599 298 600 299
604 298 605 298
610 298 613 301
613 298 618 302
616 298 621 303
621 298 624 303
624 298 626 303
627 298 629 303
630 298 632 303
633 298 635 302
635 298 638 302
638 298 641 303
641 298 644 303
644 298 647 303
534 301 534 301
537 301 537 301
548 301 551 306
551 301 553 306
556 301 559 305
559 301 562 304
562 301 564 305
565 301 567 305
568 301 570 305
571 301 573 304
573 301 576 303
576 301 578 304
579 301 581 304
588 301 588 306
593 301 594 303
596 301 597 303
607 301 611 304
610 301 613 304
613 301 618 305
616 301 621 306
619 301 624 306
624 301 626 306
627 301 629 306
630 301 632 305
633 301 635 305
635 301 637 305
638 301 641 306
641 301 644 306
644 301 647 305
534 304 534 304
537 304 537 304
542 304 543 306
545 304 545 306
551 304 554 308
554 304 556 308
556 304 559 308
559 304 561 308
562 304 564 308
565 304 567 308
568 304 569 308
573 304 576 307
576 304 578 307
579 304 581 307
588 304 588 308
590 304 591 308
593 304 594 308
596 304 597 307
599 304 600 306
602 304 602 305
613 304 615 306
621 304 624 308
624 304 626 308
627 304 629 308
630 304 632 308
633 304 634 308
635 304 638 309
638 304 641 308
641 304 643 308
644 304 646 308
537 306 537 307
540 306 539 307
548 306 548 309
556 306 558 311
559 306 561 311
562 306 564 311
565 306 567 311
568 306 570 311
571 306 572 310
573 306 576 309
576 306 578 309
582 306 582 309
596 306 597 309
599 306 599 309
602 306 604 311
610 306 610 308
619 306 621 310
621 306 623 310
624 306 626 310
627 306 629 311
630 306 632 311
633 306 635 311
635 306 638 311
638 306 641 311
548 309 545 309
571 309 572 312
573 309 576 311
576 309 579 311
624 309 626 313
627 309 629 313
633 309 635 313
635 309 638 313
638 309 640 313
571 312 573 315
573 312 576 314
619 312 621 315
621 312 624 315
