1 0 0 -0.2022774517536163 
0 1 0 -0.02555054239928722 
0 0 1 -0.5562111139297485 
0 0 0 1 

0.9994073510169983 0.0006155995652079582 0.03441764041781425 -0.2147430032491684 
-0.002984446240589023 0.9976248145103455 0.06881720572710037 -0.0581551119685173 
-0.0342935286462307 -0.068879134953022 0.9970353841781616 -0.5244110226631165 
0 0 0 1 

0.9985519051551819 0.002651724964380264 -0.05373041331768036 -0.1659443825483322 
0.001742211985401809 0.9966664910316467 0.08156450092792511 -0.06116811186075211 
0.05376758798956871 -0.08154000341892242 0.9952186346054077 -0.5369800925254822 
0 0 0 1 

0.9870821237564087 0.03268083557486534 -0.1568462699651718 -0.1075345277786255 
-0.01299319975078106 0.9920790195465088 0.1249412521719933 -0.07849932461977005 
0.1596870869398117 -0.1212893351912498 0.9796881079673767 -0.5399531126022339 
0 0 0 1 

0.9705976247787476 -0.05306508019566536 -0.2347855418920517 -0.05993795394897461 
0.1033821925520897 0.9727519750595093 0.2075225710868835 -0.1478082984685898 
0.2173758745193481 -0.2256935834884644 0.9496367573738098 -0.5306463241577148 
0 0 0 1 

0.9780062437057495 -0.08079495280981064 -0.1922911554574966 -0.07941322028636932 
0.1225166693329811 0.9686468243598938 0.2161314785480499 -0.160495400428772 
0.1687998175621033 -0.2349368631839752 0.9572413563728333 -0.521166980266571 
0 0 0 1 

