451 217 500 254
517 217 458 217
533 217 519 216
538 217 538 217
437 219 496 256
493 219 461 219
538 219 538 269
430 222 430 221
496 222 495 228
506 222 450 221
448 224 502 268
469 224 465 260
493 224 469 227
448 227 501 271
459 227 512 268
464 227 461 262
469 227 464 262
472 227 467 263
477 227 488 230
480 227 491 231
493 227 468 230
432 230 433 226
435 230 436 227
437 230 438 227
456 230 510 270
464 230 460 264
435 232 435 229
437 232 437 229
498 232 484 238
440 235 443 287
443 235 446 286
456 235 450 274
459 235 453 276
467 235 517 272
432 238 432 235
437 238 436 236
530 238 533 307
469 240 511 294
443 243 495 269
445 243 499 269
469 243 510 297
437 246 491 270
443 246 495 271
445 248 503 275
477 248 474 292
525 251 519 243
435 254 495 277
482 254 459 234
443 256 494 281
456 256 447 263
480 256 456 236
482 256 459 237
533 256 534 284
538 256 538 289
443 259 494 285
456 259 502 288
474 259 514 304
456 261 446 266
459 261 449 268
485 261 519 286
530 261 530 293
533 261 532 260
430 264 430 225
440 264 492 291
443 264 495 291
538 264 538 292
538 267 538 295
443 269 494 295
461 269 504 292
461 272 504 295
464 272 506 295
535 272 535 312
445 275 487 282
453 275 495 298
440 277 492 301
467 277 505 301
538 277 538 302
464 280 504 305
469 280 507 306
535 280 534 304
538 280 538 306
464 283 503 308
469 283 507 309
501 283 516 298
435 285 478 303
461 285 499 310
464 285 502 311
467 285 504 312
538 285 538 313
432 288 479 310
461 288 499 313
464 288 501 314
530 288 536 298
435 290 476 309
459 290 496 316
432 293 484 315
525 296 524 250
472 298 436 299
459 301 479 231
530 301 532 323
430 306 430 305
432 306 433 306
430 309 430 308
432 309 432 309
493 309 515 248
514 312 501 324
430 314 429 311
432 314 435 313
535 314 536 318
538 314 538 319
435 317 438 314
477 317 446 317
480 317 488 303
517 317 525 322
535 317 536 321
538 317 538 322
430 320 430 319
432 320 433 319
435 320 436 319
456 322 462 322
469 322 487 323
474 322 445 322
482 322 451 322
535 322 534 324
538 322 538 325
430 325 430 324
469 325 487 326
490 325 505 322
430 327 430 328
461 327 473 328
472 327 490 328
477 327 446 328
496 327 459 328
535 327 534 328
538 327 537 328
