77 25 88 16
94 42 105 32
163 42 175 32
181 42 192 29
198 42 209 29
215 42 225 28
233 42 245 28
250 42 262 27
389 42 402 21
580 42 612 14
597 42 626 16
614 42 647 15
129 59 142 49
389 59 403 35
458 59 479 23
597 59 625 34
111 77 126 69
129 77 142 69
389 77 405 53
424 77 442 45
441 77 460 45
458 77 479 44
493 77 512 57
510 77 529 58
597 77 623 53
614 77 646 51
371 94 386 71
389 94 405 70
406 94 423 70
424 94 442 64
441 94 462 64
476 94 500 68
562 94 588 74
597 94 624 72
614 94 648 71
337 111 349 92
354 111 368 90
371 111 386 89
389 111 405 88
406 111 424 88
441 111 461 83
458 111 480 84
476 111 500 87
493 111 517 86
597 111 624 90
337 129 351 109
354 129 368 107
371 129 386 107
389 129 405 107
476 129 497 102
493 129 516 103
510 129 536 103
528 129 556 103
562 129 588 110
580 129 606 110
614 129 649 106
302 146 315 128
319 146 333 127
337 146 350 127
354 146 369 126
371 146 387 125
389 146 406 124
406 146 425 125
424 146 443 124
441 146 461 123
458 146 480 123
476 146 498 121
493 146 518 120
510 146 537 121
528 146 557 121
562 146 588 128
580 146 608 127
597 146 629 127
285 163 297 146
302 163 314 146
319 163 333 145
337 163 351 145
354 163 370 145
371 163 387 145
389 163 406 144
406 163 424 144
424 163 443 142
441 163 463 142
458 163 481 141
476 163 499 140
493 163 519 140
510 163 539 141
528 163 557 140
545 163 574 142
580 163 607 145
597 163 629 141
267 181 279 166
285 181 296 165
302 181 314 164
319 181 332 164
337 181 350 163
354 181 369 163
371 181 388 162
389 181 406 163
406 181 425 162
424 181 444 160
441 181 462 160
458 181 481 159
476 181 500 159
493 181 519 158
510 181 538 159
528 181 556 159
545 181 573 163
562 181 591 161
597 181 632 157
250 198 261 189
267 198 280 185
302 198 317 182
319 198 333 181
337 198 352 181
354 198 370 181
371 198 389 181
389 198 407 180
406 198 426 179
424 198 444 179
441 198 463 179
458 198 482 178
476 198 502 178
493 198 520 178
510 198 539 177
562 198 594 179
580 198 611 177
597 198 630 177
215 215 232 208
233 215 246 207
250 215 262 205
267 215 281 203
302 215 316 201
319 215 334 201
337 215 352 200
354 215 370 199
371 215 389 199
389 215 409 198
406 215 427 199
424 215 445 197
441 215 463 197
458 215 483 197
476 215 501 197
493 215 521 197
510 215 539 196
562 215 593 196
215 233 229 225
233 233 246 223
250 233 264 222
302 233 317 220
319 233 334 219
337 233 353 218
354 233 371 217
371 233 389 218
389 233 408 217
406 233 426 216
424 233 445 215
441 233 464 217
458 233 482 215
476 233 500 215
493 233 521 218
510 233 539 216
545 233 575 216
580 233 611 213
198 250 213 243
215 250 229 241
267 250 284 241
285 250 302 241
302 250 318 240
319 250 335 237
337 250 353 237
354 250 372 237
371 250 388 235
389 250 407 235
406 250 427 235
424 250 445 233
441 250 463 235
458 250 484 235
528 250 559 235
545 250 576 233
562 250 595 234
215 267 233 260
302 267 318 258
337 267 353 256
354 267 371 255
371 267 390 256
389 267 408 255
406 267 427 253
441 267 465 252
458 267 486 254
528 267 559 253
545 267 576 252
267 285 286 278
302 285 318 275
337 285 354 274
354 285 372 274
371 285 391 273
389 285 408 273
424 285 445 272
441 285 466 274
458 285 486 272
528 285 558 271
545 285 576 272
562 285 593 276
580 285 613 270
597 285 630 271
285 302 300 296
302 302 318 296
441 302 466 292
476 302 505 292
528 302 557 290
562 302 594 291
580 302 614 289
597 302 633 290
250 319 270 312
267 319 281 314
285 319 299 315
302 319 321 316
319 319 339 316
337 319 357 311
389 319 410 310
406 319 429 310
441 319 465 310
458 319 486 310
476 319 504 308
493 319 521 309
562 319 595 308
580 319 614 308
597 319 634 308
267 337 281 330
285 337 301 336
302 337 318 336
337 337 358 332
354 337 376 329
371 337 393 329
389 337 411 328
406 337 429 328
458 337 485 328
493 337 523 327
528 337 558 326
580 337 615 326
597 337 634 328
233 354 250 350
267 354 283 350
285 354 306 349
302 354 322 350
319 354 334 349
337 354 357 349
371 354 393 345
389 354 409 346
406 354 430 346
424 354 447 346
458 354 484 345
510 354 540 344
528 354 559 344
580 354 615 345
597 354 634 348
233 371 251 366
250 371 266 370
267 371 284 369
285 371 305 370
302 371 318 371
319 371 338 368
337 371 355 363
354 371 372 363
371 371 393 365
389 371 412 365
406 371 430 363
458 371 483 366
528 371 555 364
545 371 578 363
597 371 634 365
250 389 269 385
285 389 306 387
319 389 339 389
337 389 355 383
354 389 375 381
371 389 393 382
424 389 447 383
441 389 464 384
458 389 483 382
476 389 501 381
493 389 517 380
528 389 560 380
545 389 579 381
562 389 598 382
597 389 635 383
250 406 272 402
267 406 288 400
285 406 303 404
302 406 322 404
319 406 341 403
337 406 355 402
354 406 377 401
389 406 412 402
406 406 430 403
424 406 448 399
441 406 466 401
476 406 501 400
510 406 542 399
562 406 598 401
597 406 635 404
285 424 307 420
302 424 325 419
319 424 339 417
337 424 359 420
371 424 396 420
458 424 483 416
545 424 578 418
562 424 600 420
580 424 617 420
302 441 325 437
371 441 396 438
389 441 413 437
406 441 432 437
424 441 446 436
441 441 463 436
510 441 542 438
319 458 345 455
337 458 358 454
354 458 375 454
371 458 394 456
389 458 414 456
406 458 431 455
424 458 450 455
458 458 484 455
493 458 527 455
371 476 395 474
389 476 416 476
406 476 432 476
424 476 450 471
493 476 525 473
