528 25 479 33
545 25 495 36
562 25 511 34
580 25 528 24
528 42 479 54
545 42 496 55
562 42 513 54
580 42 528 51
597 42 543 52
614 42 565 54
198 59 129 19
337 59 281 59
389 59 352 23
406 59 374 19
597 59 543 68
614 59 564 68
389 77 354 37
406 77 373 38
424 77 401 17
441 77 419 17
458 77 438 20
580 77 525 90
597 77 542 86
632 77 587 91
354 94 301 59
371 94 334 51
389 94 352 52
406 94 373 55
424 94 401 37
441 94 419 38
458 94 438 38
510 94 492 73
632 94 587 112
337 111 289 69
354 111 310 67
371 111 334 68
389 111 354 69
406 111 373 70
424 111 392 56
441 111 418 60
476 111 447 77
493 111 464 78
580 111 525 123
597 111 543 124
319 129 266 87
354 129 315 83
371 129 334 85
389 129 354 87
406 129 373 86
476 129 448 92
493 129 465 93
510 129 483 96
528 129 500 96
580 129 526 139
597 129 551 144
337 146 293 98
354 146 316 99
371 146 335 100
389 146 355 102
406 146 373 104
424 146 392 104
441 146 411 106
458 146 430 108
476 146 447 109
493 146 467 110
510 146 484 112
528 146 502 113
302 163 255 112
319 163 278 114
337 163 296 115
354 163 318 118
371 163 336 119
389 163 355 120
406 163 374 121
424 163 393 122
441 163 413 124
458 163 430 124
476 163 449 125
493 163 466 127
510 163 484 128
597 163 565 141
267 181 194 157
285 181 233 132
302 181 254 131
319 181 275 133
337 181 296 133
354 181 316 134
371 181 337 136
389 181 357 139
406 181 376 139
424 181 394 139
441 181 412 139
458 181 431 141
476 181 451 142
493 181 469 143
510 181 486 145
580 181 545 163
597 181 565 162
267 198 211 156
285 198 233 157
302 198 253 152
337 198 297 151
354 198 316 152
371 198 337 153
389 198 357 154
406 198 376 156
424 198 394 156
441 198 413 157
458 198 433 158
476 198 453 158
493 198 470 160
545 198 511 181
562 198 528 182
580 198 548 179
597 198 563 183
233 215 163 188
267 215 209 182
302 215 255 175
319 215 277 174
337 215 297 170
354 215 318 170
371 215 338 170
389 215 358 170
406 215 376 173
424 215 396 173
441 215 415 174
458 215 434 175
476 215 453 177
493 215 471 179
528 215 499 191
562 215 532 192
580 215 549 196
215 233 142 205
233 233 162 205
250 233 187 204
267 233 204 205
302 233 252 197
319 233 273 195
337 233 296 192
354 233 318 188
371 233 337 190
389 233 358 191
406 233 377 190
424 233 397 191
441 233 416 192
458 233 435 193
476 233 453 195
493 233 471 196
528 233 503 207
545 233 519 208
198 250 125 226
215 250 141 222
233 250 162 223
250 250 185 223
267 250 204 228
285 250 226 231
302 250 251 215
319 250 272 215
337 250 295 213
354 250 315 213
371 250 335 212
389 250 357 211
406 250 377 210
424 250 396 209
441 250 417 211
458 250 436 211
476 250 454 213
493 250 471 215
528 250 500 225
562 250 535 224
267 267 201 243
285 267 227 250
302 267 247 242
319 267 272 241
337 267 293 234
354 267 313 234
371 267 335 235
389 267 354 234
406 267 375 233
424 267 395 230
441 267 418 229
458 267 436 230
476 267 454 232
528 267 499 244
545 267 516 244
267 285 200 279
285 285 229 267
302 285 246 263
337 285 288 259
354 285 313 256
371 285 336 259
389 285 354 258
406 285 373 258
424 285 392 254
441 285 416 253
458 285 436 249
476 285 453 250
510 285 478 266
528 285 496 266
545 285 514 267
562 285 532 267
580 285 549 267
597 285 567 270
250 302 176 303
267 302 196 298
285 302 233 286
302 302 252 286
319 302 263 286
337 302 287 281
354 302 305 285
371 302 330 282
389 302 348 281
406 302 370 280
441 302 412 277
458 302 434 272
476 302 457 277
528 302 496 285
545 302 514 286
562 302 533 285
580 302 552 283
597 302 567 285
250 319 175 319
285 319 232 315
302 319 250 315
337 319 283 306
354 319 305 307
371 319 328 306
389 319 347 305
406 319 367 304
424 319 388 302
441 319 410 298
458 319 430 295
476 319 452 292
493 319 471 293
545 319 512 301
562 319 535 301
580 319 551 300
597 319 564 318
233 337 155 339
250 337 178 333
285 337 231 335
302 337 249 334
319 337 263 333
337 337 281 331
354 337 303 330
371 337 324 329
389 337 345 329
406 337 366 326
441 337 405 323
458 337 427 320
493 337 470 311
528 337 494 326
545 337 514 336
233 354 161 350
250 354 182 352
267 354 211 356
285 354 230 354
302 354 248 355
319 354 265 351
337 354 285 350
354 354 304 347
371 354 323 347
389 354 347 349
406 354 366 348
424 354 383 347
441 354 403 345
458 354 427 341
476 354 446 336
493 354 456 345
510 354 475 345
528 354 494 343
562 354 539 336
233 371 160 383
250 371 180 368
267 371 197 371
319 371 282 368
337 371 297 363
354 371 315 364
371 371 332 366
389 371 347 366
406 371 366 366
424 371 384 366
441 371 404 366
458 371 421 366
476 371 439 366
493 371 457 365
510 371 472 366
528 371 495 363
545 371 522 353
562 371 541 351
580 371 557 353
233 389 161 402
250 389 177 398
267 389 215 401
319 389 270 387
337 389 286 389
354 389 312 387
371 389 329 386
389 389 347 385
406 389 365 385
424 389 383 386
441 389 401 387
458 389 419 384
476 389 436 384
493 389 455 383
510 389 475 384
545 389 525 369
250 406 194 422
302 406 232 406
319 406 263 408
337 406 284 406
354 406 301 405
371 406 330 406
389 406 347 406
406 406 365 404
424 406 384 403
441 406 402 404
458 406 421 405
476 406 437 404
493 406 456 403
510 406 478 402
528 406 496 400
545 406 525 387
562 406 542 388
580 406 561 391
597 406 576 388
267 424 195 436
285 424 214 425
319 424 262 426
337 424 286 426
354 424 302 424
371 424 329 425
389 424 347 423
406 424 365 425
424 424 385 422
441 424 404 421
458 424 420 421
476 424 438 421
493 424 461 417
510 424 479 419
528 424 495 419
545 424 524 406
562 424 541 405
580 424 560 406
302 441 230 443
319 441 261 445
337 441 283 445
354 441 304 444
371 441 331 443
389 441 348 442
406 441 368 443
424 441 388 439
441 441 403 440
458 441 422 438
476 441 441 439
493 441 461 437
510 441 477 439
319 458 249 460
337 458 266 459
354 458 297 460
371 458 320 461
389 458 349 459
406 458 370 458
424 458 387 459
441 458 406 456
458 458 421 454
476 458 442 455
493 458 459 456
510 458 478 456
354 476 283 476
371 476 303 476
389 476 331 475
406 476 369 475
424 476 388 477
441 476 406 477
458 476 422 476
476 476 439 474
493 476 458 475
