474 239 467 244
479 239 469 244
436 241 439 238
438 241 442 239
452 241 445 248
474 241 466 246
438 244 433 248
441 244 436 248
466 244 455 252
419 247 423 242
438 247 433 251
446 247 441 252
460 247 458 253
411 250 411 243
414 250 410 247
416 250 414 248
433 250 427 252
436 250 430 252
460 250 455 255
466 250 461 254
414 252 410 250
416 255 413 253
419 255 416 254
444 258 441 269
446 258 444 269
411 261 461 244
419 261 413 259
444 261 441 271
446 261 444 271
389 263 408 244
419 263 412 262
457 263 457 263
482 263 467 272
444 266 444 274
446 266 447 274
482 266 467 275
485 266 469 275
386 269 405 251
452 269 451 271
482 269 466 277
485 269 469 277
386 272 405 253
482 272 466 280
485 272 469 280
386 274 405 257
422 274 414 264
482 274 466 283
485 274 468 282
422 277 414 267
425 277 418 268
482 277 466 285
427 280 416 265
436 280 427 290
482 280 463 273
444 282 435 276
446 282 438 277
482 282 462 275
433 288 422 274
438 288 427 275
383 291 383 289
411 291 410 270
433 291 422 276
449 291 446 288
490 291 485 291
493 291 493 291
394 293 408 270
436 293 424 287
438 293 427 287
386 296 382 297
389 296 385 297
394 296 408 273
411 296 410 276
422 296 407 309
485 296 463 289
490 296 469 294
493 296 490 297
394 299 407 275
430 299 416 284
482 299 460 291
485 299 463 291
394 302 407 278
394 304 408 281
436 304 421 298
438 304 424 298
378 307 378 303
427 307 432 304
446 310 437 302
457 310 459 296
386 313 396 300
479 313 493 305
457 315 463 297
479 315 493 309
378 318 378 328
419 318 442 313
457 318 463 299
471 318 487 297
378 321 378 331
436 321 417 309
438 321 420 307
455 321 459 302
436 324 417 312
444 324 429 315
452 324 437 310
455 324 440 310
436 326 418 315
438 326 420 316
441 326 425 316
452 326 431 318
455 326 434 318
490 326 493 334
438 329 417 318
411 332 464 325
438 332 417 320
441 332 421 321
444 332 423 320
446 332 445 321
449 332 448 319
