477 236 451 227
479 236 453 227
479 239 454 229
474 241 451 230
425 244 416 241
435 244 420 235
468 244 446 233
471 244 449 233
474 244 451 233
477 244 451 235
479 244 457 235
414 247 397 247
419 247 402 243
427 247 410 241
433 247 415 239
438 247 424 236
441 247 426 235
477 247 451 238
479 247 456 239
482 247 460 238
414 250 397 249
416 250 399 247
419 250 402 246
466 250 435 240
471 250 447 238
477 250 452 241
479 250 456 241
482 250 460 241
414 252 397 252
416 252 399 250
419 252 402 249
422 252 404 249
427 252 437 235
430 252 440 235
433 252 443 234
463 252 432 244
411 255 395 255
419 255 404 253
427 255 437 238
430 255 440 237
433 255 443 237
460 255 426 246
403 258 388 258
405 258 390 257
408 258 393 258
411 258 396 258
414 258 398 257
394 261 382 261
397 261 385 261
400 261 388 260
408 261 393 261
411 261 397 261
414 261 399 261
425 261 410 254
466 261 432 249
389 263 377 264
392 263 380 263
394 263 383 264
397 263 386 264
400 263 388 264
408 263 394 264
411 263 397 264
414 263 400 264
416 263 403 264
425 263 410 258
392 266 380 266
394 266 383 266
397 266 386 267
403 266 389 267
405 266 391 268
408 266 394 267
411 266 398 267
414 266 400 267
419 266 407 263
466 266 432 255
485 266 462 247
389 269 377 270
392 269 379 269
411 269 397 270
414 269 400 269
463 269 427 258
485 269 463 249
389 272 377 272
392 272 379 272
392 274 380 275
397 274 386 274
485 274 460 246
397 277 385 277
488 277 465 249
389 280 406 286
471 280 440 261
485 280 461 251
488 280 465 257
490 280 482 280
435 282 455 265
449 282 421 272
466 282 435 264
468 282 438 264
471 282 440 264
490 282 466 264
400 285 388 282
449 285 421 275
471 285 440 266
474 285 443 266
394 288 408 286
430 288 421 296
471 288 438 269
474 288 442 271
493 288 491 287
394 291 408 288
430 291 421 299
392 293 405 293
394 293 409 290
400 293 389 293
403 293 395 297
405 293 397 296
466 293 463 269
468 293 466 269
471 293 468 268
394 296 409 293
400 296 389 296
466 296 462 271
468 296 465 271
471 296 467 271
397 299 412 296
405 299 403 299
408 299 408 299
411 299 412 298
468 299 465 274
471 299 468 274
477 299 490 293
403 302 395 305
405 302 402 303
408 302 408 302
411 302 411 301
435 302 419 279
449 302 439 298
378 304 378 303
381 304 381 305
394 304 388 308
403 304 395 307
405 304 399 307
378 307 378 307
381 307 381 307
394 307 389 310
397 307 391 310
405 307 398 307
408 307 403 308
419 307 463 302
463 307 424 304
468 307 484 312
378 310 378 310
381 310 381 310
394 310 409 305
397 310 392 313
405 310 399 310
408 310 403 311
457 310 449 299
463 310 453 304
466 310 461 284
471 310 466 284
383 313 383 313
386 313 385 313
457 313 449 301
463 313 452 308
466 313 461 287
378 315 378 316
381 315 380 316
383 315 383 315
386 315 386 316
394 315 410 308
463 315 458 291
466 315 462 290
474 315 436 291
378 318 378 318
381 318 380 318
383 318 383 318
386 318 386 318
474 318 465 293
378 321 378 321
381 321 381 321
383 321 383 321
425 321 436 313
468 321 463 296
474 321 466 296
477 321 469 296
479 321 471 299
490 321 482 301
378 324 378 324
425 324 435 316
477 324 469 302
405 326 386 324
455 326 450 307
463 326 455 307
474 326 466 304
477 326 469 305
408 329 384 327
444 329 406 316
457 329 477 312
466 329 460 310
468 329 463 309
378 332 378 333
408 332 384 330
493 332 494 320
378 335 378 335
381 335 381 333
408 335 386 332
411 335 389 332
414 335 393 332
422 335 430 329
425 335 433 330
427 335 436 330
463 335 449 334
490 335 488 316
493 335 493 323
378 337 378 337
405 337 383 337
430 337 439 337
433 337 442 337
463 337 455 337
471 337 488 337
477 337 458 337
485 337 478 337
490 337 491 337
