635 284 629 286
638 284 631 287
633 287 627 289
630 290 625 289
641 292 636 295
599 295 600 303
633 295 625 299
641 295 635 297
540 298 548 293
633 298 624 301
593 301 596 309
596 301 598 308
627 301 620 304
602 304 602 310
596 306 598 312
599 306 601 313
633 306 626 308
635 306 629 309
647 306 643 307
573 309 580 312
630 309 624 311
638 309 632 311
641 309 635 311
647 309 643 310
619 312 612 313
621 312 615 314
624 312 618 314
627 312 621 315
630 312 624 315
635 312 629 313
638 312 632 313
573 315 579 314
621 315 614 316
633 315 627 316
641 315 637 315
