430 217 430 217
498 217 511 217
517 217 523 216
430 219 430 220
432 219 479 230
448 219 487 226
522 222 528 221
525 222 531 221
535 222 534 220
538 222 538 220
472 227 505 237
474 227 508 237
535 227 535 229
538 227 538 228
535 230 535 232
437 232 474 239
440 232 476 236
469 232 504 239
530 232 528 241
533 232 531 241
469 235 505 241
498 235 535 268
472 238 508 244
535 238 535 273
538 238 538 273
467 240 502 246
469 240 506 248
472 240 508 248
435 243 480 249
472 243 508 251
527 243 523 282
437 246 483 252
453 246 492 253
456 246 495 254
477 246 516 247
538 246 538 302
453 248 491 255
464 248 498 256
467 248 503 257
477 248 510 270
488 248 455 291
432 251 480 255
437 251 484 255
456 251 492 258
464 251 498 259
443 254 488 272
445 254 491 271
456 254 492 260
467 254 503 260
469 254 506 259
472 254 509 258
430 256 429 276
461 256 495 264
467 256 504 262
469 256 506 262
533 256 535 305
467 259 504 264
488 259 471 310
533 259 528 285
435 261 432 278
482 261 455 314
503 261 468 307
514 261 527 308
533 261 534 277
430 264 429 281
440 264 439 307
506 264 510 309
533 264 534 279
430 267 429 285
459 267 498 272
448 269 494 276
459 269 499 274
459 272 499 277
461 272 500 279
464 272 502 280
467 272 505 279
493 272 500 315
498 272 462 306
501 272 503 295
440 275 488 280
443 275 490 280
456 275 494 282
459 275 497 282
461 275 499 282
464 275 502 282
533 275 532 308
453 277 491 283
461 277 500 284
464 277 502 284
533 277 533 311
535 277 535 264
451 280 491 285
453 280 494 285
456 280 497 285
448 283 489 288
451 283 491 288
453 283 494 288
456 283 497 287
459 283 500 288
467 283 511 284
469 283 514 284
443 285 486 291
448 285 490 291
451 285 492 291
453 285 494 291
456 285 498 290
459 285 500 290
472 285 517 286
482 285 507 313
488 285 510 312
445 288 489 294
448 288 492 294
480 288 481 297
490 288 513 315
461 290 503 293
496 290 519 310
533 290 530 300
538 290 538 310
430 293 430 296
432 293 432 309
435 293 435 309
437 293 437 310
517 293 513 303
538 293 538 312
430 296 430 299
432 296 432 312
435 296 434 312
493 296 524 294
535 296 536 316
538 296 538 315
430 298 429 291
477 298 477 318
522 298 521 306
533 298 534 319
535 298 537 319
538 298 538 319
535 301 537 322
435 309 434 301
432 312 432 304
435 312 435 304
437 312 437 304
514 312 512 292
435 314 434 307
437 314 437 307
459 314 485 311
448 317 455 319
474 317 463 318
477 317 466 318
519 317 514 320
527 317 511 317
501 320 517 320
527 320 511 320
535 320 533 321
430 322 429 324
472 322 460 322
533 322 531 324
535 322 534 324
538 322 538 324
430 325 429 326
432 325 436 326
437 325 474 324
440 325 477 324
488 325 497 325
490 325 522 325
511 325 508 325
522 325 527 325
443 327 447 328
445 327 450 328
480 327 514 328
485 327 495 327
488 327 498 327
525 327 529 327
527 327 523 328
535 327 535 328
538 327 538 328
