565 208 566 208
548 211 547 213
551 211 554 212
554 211 557 212
556 211 560 212
559 211 563 212
559 216 573 223
559 219 574 226
562 219 577 225
528 222 528 223
531 222 530 224
551 222 562 230
554 222 568 229
556 222 571 229
559 222 574 229
573 222 584 227
576 222 586 224
576 225 586 227
579 225 591 236
528 227 527 229
573 227 581 239
576 227 588 238
579 227 591 238
528 233 532 240
537 236 560 237
540 236 563 237
537 239 560 240
540 239 563 239
548 239 564 249
537 242 560 242
542 242 569 241
551 244 569 261
554 244 572 261
602 244 595 245
554 247 572 264
602 247 595 248
602 250 597 256
604 253 603 259
607 253 607 253
607 256 607 256
610 256 610 256
613 256 613 256
551 258 536 264
554 258 540 264
610 258 610 258
613 258 613 259
616 258 616 259
551 261 536 267
554 261 540 266
559 261 545 266
562 261 549 254
568 261 570 272
573 261 576 244
588 261 588 270
616 261 616 261
551 264 537 271
554 264 540 270
562 264 547 257
610 264 607 261
613 264 612 260
551 267 537 274
556 267 543 270
559 267 545 270
562 267 550 269
588 267 586 273
590 267 592 273
610 267 607 264
556 270 543 273
559 270 546 273
582 270 580 278
585 270 587 277
588 270 590 277
613 270 622 269
621 270 629 266
630 270 631 261
588 273 590 280
590 273 593 279
619 273 629 269
624 273 632 268
627 273 635 268
528 275 533 274
548 275 539 276
582 275 581 280
607 275 614 276
610 275 619 275
619 275 629 272
624 275 632 270
627 275 635 271
559 278 551 275
582 278 581 283
585 278 585 283
596 278 602 279
604 278 602 274
607 278 604 274
610 278 618 278
616 278 627 274
624 278 633 273
627 278 636 273
630 278 639 273
554 281 546 282
556 281 550 281
624 281 634 276
627 281 637 276
556 284 551 284
559 284 556 283
593 284 600 282
607 284 615 282
531 287 529 290
554 287 550 288
559 287 557 286
562 287 559 286
568 287 573 288
585 287 593 286
590 287 597 285
593 287 601 285
596 287 604 283
621 287 630 281
624 287 633 280
627 287 636 280
630 287 639 280
554 290 551 291
556 290 554 290
559 290 557 289
568 290 573 291
573 290 582 290
576 290 585 290
585 290 594 288
590 290 597 288
593 290 600 287
596 290 603 287
604 290 613 286
619 290 628 283
621 290 631 283
624 290 634 283
627 290 636 283
633 290 641 283
635 290 644 285
554 292 551 294
556 292 554 293
559 292 560 293
562 292 566 294
565 292 570 293
568 292 576 293
571 292 579 293
573 292 583 292
576 292 585 292
588 292 597 291
619 292 629 286
621 292 632 286
624 292 635 286
627 292 637 286
635 292 646 291
531 295 539 291
554 295 544 285
556 295 555 296
562 295 565 296
565 295 569 296
571 295 576 296
582 295 589 293
585 295 592 292
593 295 600 291
607 295 616 289
624 295 636 289
627 295 638 289
633 295 641 289
528 298 536 295
531 298 540 295
554 298 545 287
556 298 547 288
562 298 565 298
576 298 583 296
579 298 586 296
582 298 588 296
585 298 591 296
590 298 598 294
593 298 601 294
596 298 603 294
599 298 607 293
602 298 611 292
604 298 614 292
607 298 616 292
610 298 620 291
613 298 623 291
616 298 626 291
619 298 629 291
627 298 639 292
630 298 641 292
635 298 643 291
534 301 540 298
537 301 543 298
562 301 566 302
565 301 568 301
573 301 580 300
576 301 583 299
579 301 585 299
582 301 589 298
585 301 592 298
588 301 595 297
590 301 597 297
593 301 601 297
596 301 604 297
599 301 607 296
602 301 611 295
604 301 613 294
607 301 616 294
610 301 620 294
613 301 623 294
616 301 626 294
619 301 629 294
633 301 641 294
540 304 546 301
568 304 571 300
576 304 580 303
579 304 584 302
590 304 597 300
593 304 601 300
596 304 605 299
599 304 607 299
602 304 611 299
604 304 614 298
607 304 618 297
610 304 620 297
613 304 623 297
616 304 626 296
619 304 630 297
630 304 638 297
633 304 641 297
638 304 645 297
641 304 648 297
548 306 553 305
559 306 562 305
562 306 565 305
565 306 569 304
568 306 572 303
571 306 575 304
573 306 578 306
576 306 580 306
579 306 583 305
582 306 589 301
588 306 594 303
590 306 597 303
593 306 600 303
596 306 605 303
602 306 611 303
604 306 621 306
610 306 621 301
613 306 624 300
616 306 627 300
633 306 640 301
635 306 642 302
638 306 646 301
548 309 551 309
556 309 559 308
559 309 563 308
562 309 566 308
565 309 569 306
568 309 572 306
571 309 575 307
573 309 578 308
576 309 580 309
590 309 597 305
593 309 600 306
596 309 606 308
602 309 613 307
604 309 621 309
633 309 640 304
635 309 643 303
554 312 557 312
556 312 560 311
559 312 563 310
562 312 566 310
565 312 569 310
568 312 572 310
571 312 575 310
573 312 578 311
579 312 585 308
588 312 593 307
599 312 609 311
602 312 612 311
604 312 621 312
621 312 634 308
633 312 637 311
635 312 644 306
638 312 646 306
647 312 646 309
559 315 562 314
562 315 566 314
565 315 570 314
568 315 573 312
571 315 575 312
573 315 578 315
579 315 585 310
593 315 600 312
602 315 612 314
604 315 622 315
607 315 625 315
610 315 628 314
633 315 638 314
635 315 640 314
647 315 646 312
