565 208 545 207
568 213 583 211
556 216 574 215
565 216 580 214
568 216 583 214
551 219 569 217
559 219 575 218
548 222 566 220
551 222 570 220
540 225 557 224
551 225 570 223
571 225 586 224
573 225 588 223
576 225 591 223
554 227 572 222
573 227 588 227
534 230 551 229
545 230 564 229
579 230 592 226
534 233 552 232
537 233 554 232
540 233 557 231
548 236 565 235
551 236 567 233
548 239 565 239
551 239 569 238
579 242 593 238
548 244 557 247
602 244 599 234
604 244 605 233
602 247 599 237
602 253 597 238
604 253 607 236
585 256 605 253
590 256 611 251
548 258 541 261
551 258 543 260
554 258 545 260
556 258 549 260
582 258 599 253
585 258 603 253
588 258 609 255
599 258 615 251
602 258 617 251
548 261 541 264
551 261 544 263
554 261 546 263
556 261 549 263
559 261 553 263
588 261 609 258
590 261 613 257
599 261 618 256
602 261 621 255
610 261 628 255
551 264 544 267
554 264 547 267
556 264 551 267
559 264 553 266
573 264 593 257
576 264 596 256
590 264 613 260
593 264 616 259
602 264 622 258
604 264 625 259
610 264 629 258
613 264 632 258
554 267 548 270
576 267 597 259
579 267 600 259
590 267 613 263
593 267 617 263
599 267 622 262
604 267 626 261
607 267 629 261
613 267 633 261
593 270 617 266
599 270 622 264
604 270 626 264
607 270 629 264
613 270 631 263
616 270 635 264
534 273 560 271
602 273 623 268
604 273 626 267
607 273 630 266
613 273 632 267
616 273 635 266
621 273 621 250
624 273 620 247
627 273 623 246
531 275 558 275
534 275 561 274
571 275 580 253
576 275 595 266
613 275 633 269
616 275 636 268
627 275 623 250
630 275 627 251
531 278 558 278
534 278 561 277
565 278 572 257
602 278 621 272
604 278 626 272
613 278 632 272
616 278 636 271
619 278 639 271
621 278 642 272
633 278 631 255
576 281 595 269
579 281 598 269
599 281 615 278
602 281 622 277
604 281 625 276
613 281 633 275
619 281 640 274
573 284 592 273
576 284 595 272
582 284 599 272
599 284 619 281
602 284 622 280
604 284 626 279
607 284 628 279
610 284 631 278
613 284 634 278
630 284 647 278
599 287 617 285
602 287 623 283
607 287 627 284
610 287 632 283
627 287 644 281
630 287 647 281
551 290 548 276
556 290 555 273
576 290 597 276
616 290 635 283
619 290 638 283
624 290 642 284
627 290 645 284
531 292 530 282
556 292 555 276
559 292 568 286
562 292 572 285
565 292 575 285
568 292 578 285
571 292 582 284
573 292 584 284
585 292 600 281
588 292 603 282
590 292 607 280
616 292 636 286
619 292 638 286
627 292 645 287
528 295 550 285
556 295 555 279
559 295 569 289
562 295 572 289
565 295 576 288
568 295 579 288
571 295 583 290
573 295 586 291
576 295 588 289
579 295 592 286
582 295 596 291
588 295 604 284
590 295 607 284
596 295 610 289
559 298 569 292
562 298 573 292
565 298 576 291
568 298 580 294
571 298 583 294
579 298 593 294
582 298 596 294
585 298 599 295
590 298 605 294
593 298 608 293
596 298 611 293
534 301 550 292
537 301 553 291
559 301 569 296
562 301 573 295
565 301 576 294
568 301 581 297
571 301 584 297
579 301 593 298
582 301 596 298
590 301 605 298
593 301 608 297
596 301 611 296
599 301 613 295
604 301 621 291
610 301 630 293
562 304 573 298
565 304 577 298
568 304 580 299
571 304 583 299
573 304 587 300
593 304 609 299
596 304 612 299
599 304 614 299
602 304 617 298
604 304 622 297
610 304 630 295
562 306 572 301
571 306 581 303
573 306 587 302
576 306 590 302
579 306 591 305
588 306 601 304
590 306 604 303
593 306 607 303
596 306 612 302
602 306 619 304
604 306 626 306
613 306 635 305
627 306 644 300
565 309 576 306
568 309 579 306
571 309 582 306
573 309 585 306
590 309 604 306
593 309 607 306
602 309 623 310
604 309 625 309
613 309 635 308
616 309 638 307
565 312 576 309
568 312 579 309
571 312 582 309
573 312 585 309
588 312 602 313
590 312 603 309
593 312 607 309
604 312 626 313
607 312 629 312
616 312 637 310
562 315 573 314
565 315 576 313
568 315 579 313
571 315 582 313
573 315 585 312
576 315 589 311
579 315 592 314
588 315 602 315
590 315 606 315
593 315 611 314
596 315 614 314
599 315 621 312
607 315 630 315
610 315 633 315
613 315 636 314
635 315 646 315
