493 25 499 31
510 25 514 29
458 42 468 55
614 42 625 51
493 59 501 61
441 77 450 91
458 77 469 79
510 77 516 78
528 77 539 87
129 94 161 111
458 94 468 96
476 94 484 95
458 111 470 114
476 111 484 110
77 129 111 143
129 129 160 141
614 129 621 137
632 129 637 137
77 146 109 159
94 146 125 159
111 146 142 158
129 146 161 157
389 146 404 149
406 146 419 147
424 146 436 148
441 146 452 147
528 146 535 147
354 163 370 163
371 163 386 162
389 163 402 162
406 163 420 162
424 163 435 162
441 163 452 163
458 163 469 162
510 163 520 162
545 163 553 161
562 163 571 161
337 181 354 179
354 181 370 179
371 181 387 178
389 181 403 178
406 181 419 178
424 181 436 178
441 181 452 178
458 181 470 178
476 181 485 178
493 181 502 177
528 181 535 177
545 181 553 177
562 181 569 177
319 198 337 196
337 198 353 195
354 198 370 193
371 198 386 192
389 198 402 192
406 198 418 193
424 198 435 192
441 198 453 194
458 198 468 193
476 198 485 192
493 198 503 193
528 198 536 191
545 198 552 192
562 198 569 194
302 215 321 214
319 215 337 213
337 215 354 211
354 215 371 211
371 215 386 209
389 215 403 208
406 215 418 208
424 215 436 208
441 215 453 208
458 215 469 208
476 215 485 208
493 215 502 208
528 215 535 208
545 215 552 208
285 233 305 234
302 233 321 231
319 233 337 230
337 233 354 228
354 233 370 228
371 233 387 226
389 233 403 224
406 233 419 224
424 233 436 225
441 233 453 223
458 233 467 223
476 233 485 223
493 233 502 224
528 233 535 223
545 233 553 225
597 233 609 231
267 250 288 249
285 250 305 248
319 250 337 248
337 250 354 245
354 250 370 244
371 250 386 243
389 250 402 241
406 250 421 242
424 250 437 241
441 250 454 241
545 250 552 240
580 250 588 245
597 250 604 243
250 267 272 266
267 267 287 265
285 267 303 265
371 267 386 258
389 267 402 259
406 267 419 259
424 267 439 259
458 267 469 257
493 267 502 256
528 267 535 255
614 267 623 260
302 285 319 286
337 285 354 280
354 285 370 278
371 285 386 275
389 285 403 275
406 285 419 275
424 285 435 275
441 285 452 275
458 285 470 275
476 285 486 274
493 285 503 273
528 285 536 273
562 285 573 277
597 285 606 277
614 285 623 279
302 302 320 302
319 302 336 303
371 302 386 293
389 302 404 293
406 302 420 293
424 302 437 294
441 302 454 293
458 302 470 293
493 302 503 291
528 302 535 288
562 302 573 297
597 302 605 298
302 319 320 320
319 319 337 319
337 319 354 318
354 319 370 317
458 319 471 311
476 319 487 310
493 319 503 308
528 319 535 305
545 319 551 303
562 319 574 314
632 319 644 314
302 337 320 336
319 337 338 336
337 337 355 335
354 337 369 333
371 337 385 332
389 337 403 332
406 337 420 331
424 337 437 330
441 337 454 330
458 337 470 329
476 337 487 327
493 337 503 327
510 337 521 325
545 337 554 322
562 337 574 329
580 337 592 333
302 354 317 354
337 354 352 352
354 354 369 351
371 354 387 350
389 354 404 350
406 354 420 348
424 354 437 348
441 354 454 348
458 354 471 347
476 354 488 346
493 354 505 346
510 354 523 347
528 354 538 342
580 354 592 350
632 354 642 346
649 354 660 345
285 371 302 373
302 371 317 371
319 371 334 372
337 371 353 368
354 371 369 367
371 371 388 368
389 371 404 367
406 371 420 367
424 371 438 364
441 371 455 366
458 371 471 365
476 371 488 364
545 371 558 367
562 371 576 368
580 371 592 368
614 371 627 364
632 371 643 361
649 371 661 362
267 389 285 387
319 389 337 383
337 389 352 384
371 389 386 383
389 389 404 384
406 389 422 385
424 389 438 385
441 389 455 384
458 389 471 383
476 389 489 383
510 389 524 384
528 389 544 384
545 389 561 385
562 389 576 385
580 389 592 386
614 389 625 378
649 389 658 378
337 406 351 402
354 406 368 404
371 406 386 404
389 406 406 403
406 406 425 402
424 406 441 402
458 406 472 401
476 406 489 401
493 406 507 403
510 406 525 404
528 406 545 403
545 406 560 403
562 406 577 402
614 406 625 396
267 424 290 423
302 424 319 422
354 424 372 421
371 424 389 423
389 424 410 417
406 424 425 418
424 424 441 418
441 424 458 418
458 424 474 419
476 424 489 419
493 424 508 419
510 424 529 418
528 424 545 420
545 424 562 419
562 424 579 417
580 424 594 418
389 441 410 436
406 441 421 434
424 441 438 434
441 441 456 435
458 441 474 436
476 441 491 436
493 441 509 435
510 441 529 438
528 441 545 438
562 441 579 436
580 441 594 433
614 441 632 430
666 441 676 426
267 458 290 456
285 458 305 457
302 458 321 457
354 458 374 456
371 458 392 456
389 458 412 453
406 458 425 452
424 458 439 450
441 458 455 453
458 458 474 454
476 458 492 453
493 458 508 454
510 458 524 456
528 458 544 455
545 458 560 455
562 458 576 453
580 458 594 454
597 458 611 450
614 458 632 449
632 458 645 443
302 476 323 476
337 476 357 475
406 476 428 473
424 476 438 472
441 476 458 473
510 476 526 474
580 476 594 473
