666 163 662 170
649 181 645 187
666 181 662 188
649 198 644 204
666 198 662 205
718 198 715 205
736 198 734 205
788 198 777 205
684 215 679 221
666 233 661 239
684 233 679 239
649 250 644 256
684 250 678 256
632 267 627 273
788 267 774 274
580 285 576 290
597 285 593 291
649 285 644 290
666 285 662 290
684 285 678 290
788 285 775 291
528 302 524 307
545 302 541 307
562 302 558 306
597 302 592 307
632 302 626 307
649 302 644 307
666 302 661 308
684 302 678 308
736 302 725 307
753 302 744 307
770 302 762 307
545 319 540 324
562 319 557 324
580 319 575 323
597 319 592 324
614 319 609 324
632 319 627 324
649 319 644 324
666 319 660 324
684 319 678 324
701 319 695 324
718 319 713 326
736 319 729 325
753 319 746 325
770 319 763 325
493 337 490 341
510 337 507 341
545 337 540 341
562 337 557 340
597 337 593 341
614 337 610 341
666 337 657 342
684 337 677 342
701 337 695 342
718 337 712 342
736 337 729 342
770 337 763 342
788 337 781 343
510 354 506 358
545 354 540 358
562 354 558 359
580 354 576 361
597 354 593 359
614 354 611 359
632 354 627 359
666 354 660 359
684 354 677 359
701 354 695 359
718 354 712 359
753 354 746 360
770 354 763 360
458 371 454 375
493 371 488 376
562 371 558 376
580 371 577 378
597 371 594 377
614 371 610 376
632 371 626 376
649 371 645 375
666 371 661 375
701 371 695 376
718 371 711 377
736 371 729 377
788 371 782 377
805 371 802 377
545 389 540 393
562 389 558 393
580 389 576 393
597 389 593 393
632 389 627 393
649 389 643 393
666 389 661 393
718 389 711 394
736 389 729 394
788 389 780 395
129 406 120 410
493 406 488 410
510 406 506 411
562 406 557 410
580 406 575 410
614 406 610 408
632 406 627 411
649 406 643 411
666 406 661 412
684 406 678 411
736 406 729 411
753 406 746 412
510 424 506 428
580 424 574 428
597 424 591 428
614 424 609 428
632 424 627 428
649 424 644 428
701 424 696 429
736 424 728 429
770 424 765 429
788 424 782 429
510 441 506 445
545 441 540 446
562 441 557 446
580 441 574 445
597 441 591 445
614 441 609 446
632 441 626 446
649 441 644 446
684 441 677 446
788 441 781 445
805 441 799 446
59 458 54 460
94 458 88 459
129 458 125 458
163 458 157 460
493 458 491 462
510 458 507 461
528 458 521 461
545 458 540 461
562 458 557 462
580 458 575 463
597 458 591 462
614 458 609 463
632 458 626 462
649 458 643 463
666 458 661 462
684 458 678 460
701 458 694 462
736 458 730 463
788 458 782 459
805 458 799 461
59 476 53 476
77 476 69 476
129 476 125 476
510 476 505 477
580 476 574 477
597 476 591 478
614 476 608 478
649 476 643 478
805 476 800 478
