510 146 588 137
510 163 587 155
528 163 614 158
545 163 642 159
562 163 665 158
580 163 684 160
597 163 700 161
614 163 717 161
632 163 740 164
493 181 566 172
510 181 586 174
545 181 639 180
562 181 663 182
580 181 682 183
597 181 704 184
614 181 720 183
632 181 732 182
649 181 753 185
493 198 568 190
510 198 586 191
528 198 605 192
614 198 718 202
632 198 734 203
649 198 753 205
666 198 770 206
493 215 567 208
510 215 583 209
528 215 604 211
632 215 731 223
649 215 747 226
666 215 769 226
493 233 566 227
510 233 581 226
528 233 600 229
458 250 525 244
476 250 547 241
493 250 566 244
528 250 601 247
545 250 624 249
580 250 662 251
597 250 687 254
614 250 715 259
632 250 733 261
649 250 749 259
666 250 765 259
424 267 492 257
441 267 510 258
458 267 527 259
476 267 546 261
493 267 562 261
510 267 581 263
528 267 598 264
562 267 636 266
580 267 656 268
597 267 677 270
614 267 705 275
632 267 732 278
649 267 748 277
666 267 763 284
389 285 453 272
406 285 476 272
424 285 489 272
441 285 506 273
458 285 524 274
476 285 542 275
493 285 559 278
510 285 578 279
528 285 594 279
545 285 614 280
562 285 633 283
580 285 653 285
597 285 677 288
632 285 729 300
649 285 744 303
666 285 760 305
684 285 784 309
389 302 455 287
406 302 472 288
424 302 485 288
441 302 504 289
458 302 522 290
476 302 539 293
493 302 558 294
510 302 578 296
528 302 591 297
545 302 612 298
562 302 631 299
580 302 653 303
597 302 675 306
614 302 699 310
666 302 761 324
684 302 781 325
389 319 454 305
406 319 470 305
424 319 486 306
441 319 503 307
458 319 520 308
476 319 537 310
493 319 554 311
510 319 572 313
528 319 590 314
545 319 608 316
562 319 631 317
580 319 649 321
632 319 709 326
649 319 736 329
371 337 435 320
389 337 454 321
406 337 469 323
424 337 486 324
441 337 501 324
458 337 520 327
476 337 536 328
493 337 554 329
510 337 571 330
528 337 591 333
545 337 606 335
562 337 628 335
580 337 647 338
597 337 669 342
614 337 689 344
632 337 710 346
649 337 729 348
666 337 757 351
354 354 419 336
371 354 435 338
389 354 454 339
424 354 484 341
441 354 500 342
458 354 520 343
476 354 537 346
493 354 553 347
510 354 571 349
528 354 589 350
545 354 607 352
562 354 624 354
597 354 671 364
614 354 690 363
632 354 708 364
649 354 727 367
666 354 753 374
354 371 418 351
371 371 438 353
389 371 454 358
424 371 482 357
441 371 499 358
458 371 516 360
476 371 535 362
493 371 554 365
510 371 570 367
528 371 587 368
545 371 605 370
562 371 624 372
580 371 643 376
614 371 689 385
632 371 708 386
649 371 726 388
371 389 437 375
389 389 452 373
424 389 483 375
476 389 533 380
493 389 553 383
510 389 570 385
528 389 586 386
545 389 604 388
562 389 623 390
580 389 640 391
614 389 687 404
632 389 707 406
684 389 771 410
389 406 451 392
424 406 481 392
441 406 498 395
458 406 516 398
476 406 533 398
493 406 551 401
510 406 568 403
528 406 586 404
545 406 605 405
562 406 622 409
614 406 687 422
649 406 726 422
684 406 766 430
389 424 449 409
406 424 468 409
424 424 482 412
441 424 497 411
458 424 515 414
476 424 532 417
493 424 549 418
510 424 567 420
528 424 585 422
545 424 603 425
562 424 621 427
580 424 641 429
597 424 665 441
614 424 685 442
632 424 704 441
649 424 721 438
666 424 745 445
701 424 785 451
371 441 431 424
389 441 448 425
406 441 465 429
424 441 481 429
441 441 496 428
458 441 514 432
476 441 530 433
493 441 548 437
510 441 566 438
528 441 584 440
545 441 601 442
580 441 642 447
597 441 665 459
649 441 718 450
684 441 762 468
701 441 784 468
371 458 427 442
389 458 445 447
406 458 465 448
424 458 482 451
441 458 495 446
458 458 512 449
476 458 529 450
493 458 546 455
510 458 564 457
528 458 584 459
545 458 601 461
562 458 622 464
580 458 645 467
632 458 697 467
649 458 717 469
354 476 402 463
371 476 423 464
424 476 459 472
441 476 498 472
458 476 512 469
476 476 529 468
493 476 546 473
510 476 564 475
528 476 582 476
545 476 601 478
562 476 625 478
