443 217 466 217
472 217 457 217
430 219 430 221
432 219 433 221
437 219 438 243
445 219 442 220
493 219 496 250
496 219 499 250
527 219 527 242
430 222 430 224
432 222 433 224
477 222 487 253
496 222 498 253
527 222 527 245
530 222 529 260
538 222 538 246
430 224 430 227
432 224 433 227
448 224 450 250
456 224 467 252
459 224 469 253
461 224 472 253
464 224 475 254
472 224 484 254
477 224 488 255
480 224 490 256
482 224 493 256
485 224 495 256
490 224 500 257
498 224 508 259
509 224 508 255
538 224 538 249
451 227 461 255
459 227 469 255
467 227 478 256
469 227 481 256
472 227 483 256
477 227 488 257
480 227 490 258
482 227 492 258
485 227 494 259
488 227 497 259
493 227 501 261
498 227 507 261
501 227 509 261
503 227 512 262
509 227 516 261
538 227 538 252
445 230 454 256
453 230 464 258
456 230 467 258
459 230 469 258
461 230 472 258
464 230 475 258
467 230 478 259
472 230 483 260
477 230 487 261
480 230 490 261
482 230 492 261
485 230 494 262
488 230 497 262
490 230 500 262
496 230 504 264
498 230 507 264
501 230 510 264
503 230 512 264
506 230 514 264
519 230 523 269
522 230 474 239
525 230 477 239
527 230 527 266
530 230 530 267
448 232 457 259
453 232 464 260
456 232 466 260
459 232 469 260
461 232 472 261
464 232 475 261
469 232 480 260
477 232 487 263
480 232 489 264
482 232 491 264
485 232 494 265
488 232 496 265
493 232 501 266
496 232 504 266
498 232 506 266
501 232 509 266
503 232 511 266
506 232 514 267
538 232 538 267
432 235 437 260
448 235 457 263
453 235 463 263
456 235 465 263
459 235 467 263
461 235 470 263
467 235 477 263
469 235 480 263
472 235 483 264
477 235 486 266
480 235 489 266
482 235 491 267
485 235 494 267
488 235 496 268
493 235 501 268
496 235 503 268
498 235 506 269
501 235 508 269
535 235 534 299
435 238 439 263
437 238 442 264
440 238 444 264
445 238 454 265
464 238 473 265
467 238 477 266
469 238 480 266
472 238 482 266
488 238 496 270
493 238 500 271
496 238 503 271
498 238 505 272
501 238 508 271
503 238 510 271
506 238 514 271
511 238 517 273
519 238 525 274
430 240 429 270
437 240 441 267
443 240 450 268
451 240 459 268
453 240 462 269
456 240 464 267
459 240 467 267
461 240 471 267
464 240 474 267
467 240 477 268
469 240 479 268
472 240 482 269
474 240 484 269
480 240 488 270
482 240 490 270
485 240 493 271
519 240 525 277
430 243 429 273
435 243 438 269
443 243 450 270
448 243 456 271
451 243 459 271
453 243 461 271
456 243 464 270
459 243 467 272
467 243 476 271
469 243 479 271
474 243 485 272
480 243 487 272
482 243 490 272
488 243 496 274
493 243 500 274
496 243 503 275
498 243 505 275
503 243 510 276
509 243 515 277
517 243 522 280
519 243 525 280
432 246 435 272
435 246 438 272
445 246 452 274
448 246 455 274
451 246 458 274
456 246 464 272
467 246 476 274
480 246 488 274
482 246 490 275
485 246 493 276
488 246 496 276
490 246 498 277
493 246 501 277
496 246 504 278
501 246 508 278
503 246 510 279
506 246 513 279
509 246 516 279
517 246 521 283
432 248 434 274
435 248 438 274
445 248 452 276
448 248 455 277
453 248 460 277
461 248 467 275
467 248 475 277
472 248 479 275
474 248 481 275
485 248 492 278
490 248 498 279
493 248 501 279
501 248 507 281
503 248 509 281
506 248 512 281
509 248 513 285
443 251 449 279
464 251 472 279
469 251 475 279
498 251 503 283
506 251 510 288
509 251 513 288
533 251 533 276
432 254 433 271
448 254 455 280
451 254 457 280
453 254 459 281
469 254 477 283
496 254 501 282
503 254 506 290
506 254 509 291
522 254 518 305
533 254 533 278
535 254 536 278
435 256 433 286
440 256 444 287
443 256 447 288
448 256 454 282
451 256 457 282
453 256 460 283
469 256 476 286
482 256 488 291
490 256 494 291
522 256 518 308
533 256 533 281
535 256 536 281
435 259 433 289
440 259 444 290
443 259 447 291
448 259 454 285
451 259 457 285
459 259 463 284
461 259 466 285
464 259 469 285
467 259 472 285
469 259 476 289
474 259 480 289
477 259 482 293
480 259 485 293
506 259 508 296
451 261 457 288
453 261 459 287
456 261 462 288
464 261 469 288
467 261 472 288
493 261 498 286
498 261 503 290
535 261 534 284
538 261 538 285
435 264 433 294
451 264 457 291
453 264 459 290
456 264 462 290
464 264 469 290
467 264 471 291
469 264 476 292
480 264 485 296
493 264 498 289
496 264 500 288
498 264 502 292
527 264 526 293
530 264 529 287
533 264 532 287
535 264 535 288
538 264 538 288
440 267 441 298
448 267 453 294
451 267 456 294
453 267 458 293
456 267 461 293
459 267 463 293
464 267 468 293
467 267 471 294
469 267 475 295
474 267 475 297
493 267 497 292
527 267 526 296
535 267 535 291
451 269 455 297
453 269 458 297
456 269 461 295
459 269 463 295
464 269 469 296
469 269 473 297
472 269 478 298
480 269 483 301
498 269 502 297
527 269 525 299
535 269 535 293
459 272 463 298
461 272 465 299
464 272 468 299
467 272 472 299
469 272 476 300
472 272 478 300
474 272 481 301
501 272 501 304
506 272 510 299
538 272 538 294
432 275 437 301
461 275 465 301
467 275 472 302
472 275 478 303
477 275 483 304
496 275 495 306
501 275 501 307
503 275 504 306
530 275 531 298
430 277 430 303
432 277 436 304
435 277 439 305
501 277 501 309
527 277 527 307
530 277 530 301
533 277 533 301
430 280 429 306
432 280 436 307
435 280 439 307
448 280 452 300
451 280 455 301
461 280 463 302
469 280 471 305
525 280 524 313
527 280 527 310
538 280 538 314
430 283 429 309
432 283 433 308
451 283 452 303
453 283 454 303
461 283 462 303
467 283 468 307
469 283 474 309
472 283 476 310
474 283 479 310
477 283 482 310
496 283 497 312
498 283 500 312
503 283 503 313
522 283 520 315
525 283 523 315
453 285 454 306
461 285 462 311
467 285 468 310
469 285 473 312
472 285 476 312
474 285 479 312
485 285 485 312
488 285 488 313
496 285 497 314
498 285 499 315
503 285 503 315
506 285 506 316
538 285 538 308
430 288 430 311
490 288 491 317
498 288 499 317
432 298 431 321
432 301 431 324
435 301 434 324
501 301 522 306
517 314 517 318
522 314 532 319
435 317 433 315
490 317 463 319
509 317 511 319
511 317 513 319
527 317 525 315
535 320 534 323
514 322 525 325
517 322 527 325
533 322 530 325
437 325 440 324
451 325 458 325
459 325 464 325
482 325 448 323
501 325 504 325
511 325 521 327
538 325 538 326
432 327 434 327
435 327 437 327
437 327 440 328
440 327 443 328
496 327 468 328
503 327 477 328
506 327 509 328
519 327 512 328
522 327 524 328
525 327 527 328
527 327 530 328
530 327 533 327
535 327 535 328
