548 202 547 202
562 202 562 201
548 205 546 205
571 205 587 200
573 205 590 200
576 205 594 201
579 205 596 201
582 205 598 201
551 208 550 205
540 211 544 208
548 211 548 208
568 211 583 203
571 211 586 203
573 211 589 203
576 211 592 204
579 211 595 204
582 211 598 205
537 213 541 211
542 213 543 210
545 213 562 204
568 213 583 206
573 213 587 206
582 213 598 207
531 216 536 214
542 216 559 205
545 216 562 206
548 216 564 206
573 216 590 207
576 216 593 207
579 216 595 208
528 219 534 216
554 219 568 208
556 219 571 208
579 219 595 210
582 219 598 210
534 222 550 208
537 222 553 208
540 222 555 209
573 222 586 213
576 222 588 213
576 225 591 215
534 227 548 212
540 227 553 212
551 227 565 213
554 227 567 213
559 227 579 213
590 227 606 248
528 230 542 214
545 230 559 215
548 230 562 215
528 233 545 220
531 233 545 216
540 233 555 218
545 233 558 217
548 233 561 218
551 233 564 218
556 233 570 219
573 233 578 226
590 233 606 251
540 236 552 220
568 236 570 229
571 236 572 229
531 239 544 229
542 239 554 223
545 239 557 224
554 239 563 225
556 239 566 225
573 239 577 230
604 239 605 229
528 242 541 232
531 242 544 232
542 242 553 227
554 242 563 228
573 242 577 233
540 244 550 229
542 244 553 229
545 244 556 230
573 244 577 236
604 244 605 233
542 247 553 232
582 247 580 242
531 250 542 250
537 250 548 250
540 250 551 251
556 250 561 241
559 250 564 241
556 253 559 240
559 253 565 244
585 253 574 260
610 253 603 256
542 256 550 260
585 256 574 263
593 256 584 255
596 256 587 255
599 256 590 255
602 256 593 256
630 256 620 264
528 258 528 258
588 258 581 260
596 258 587 258
599 258 590 258
602 258 592 259
604 258 595 262
613 258 613 273
599 261 589 261
602 261 593 265
604 261 595 265
613 261 613 275
596 264 583 267
599 264 589 264
602 264 592 268
604 264 596 268
607 264 598 272
610 264 601 272
565 267 566 256
585 267 580 266
588 267 581 263
596 270 586 270
641 270 639 282
647 270 645 285
565 273 565 261
596 273 586 273
647 273 645 289
576 275 574 268
604 275 561 276
633 275 621 281
635 275 624 281
534 278 533 274
576 278 574 272
602 278 560 280
610 278 593 284
641 278 630 284
562 281 604 272
638 281 627 287
641 281 633 287
590 284 583 297
607 284 603 287
619 284 587 279
627 284 614 288
635 284 623 290
638 284 627 290
545 287 548 284
559 287 564 304
576 287 580 276
590 287 583 300
604 287 600 289
616 287 584 282
619 287 609 288
627 287 614 291
630 287 617 292
635 287 624 292
638 287 629 296
647 287 647 298
545 290 548 287
551 290 553 288
562 290 566 286
568 290 565 301
573 290 579 279
593 290 590 298
596 290 593 290
621 290 612 291
647 290 647 301
545 292 550 290
551 292 553 291
556 292 560 289
559 292 563 289
562 292 566 289
607 292 605 297
610 292 608 297
621 292 611 294
559 295 556 295
593 295 589 301
599 295 596 296
602 295 598 297
604 295 601 296
607 295 605 300
610 295 608 300
573 298 572 308
602 298 598 300
604 298 601 299
562 301 563 314
596 301 592 307
607 301 604 302
610 301 607 302
616 301 615 307
571 304 569 314
576 304 579 303
596 304 591 311
635 304 628 308
585 306 586 307
588 306 588 307
599 306 597 305
604 306 606 306
582 309 582 310
585 309 585 310
588 309 588 310
596 309 594 307
604 309 606 309
607 309 609 308
610 309 612 309
613 309 615 309
630 309 621 310
647 309 643 307
579 312 575 315
585 312 585 313
588 312 587 313
610 312 609 312
627 312 621 314
630 312 624 314
635 312 628 314
638 312 630 314
647 312 643 310
582 315 581 316
585 315 584 316
613 315 612 313
627 315 620 316
633 315 639 315
