565 202 577 210
562 205 560 212
540 211 543 210
537 213 540 212
540 213 543 213
576 219 597 210
576 222 592 216
531 236 547 269
537 236 555 270
585 236 586 234
582 239 582 236
554 242 569 221
585 242 583 243
540 244 552 233
542 244 555 221
548 244 565 223
585 244 582 246
588 244 587 244
531 247 531 226
548 247 564 225
588 247 589 248
590 247 592 229
531 250 530 229
534 250 533 230
537 250 535 250
585 250 581 250
602 250 599 251
627 250 623 259
531 253 531 253
537 253 535 253
599 253 595 253
602 253 598 253
621 253 619 262
537 256 534 257
596 256 590 256
599 256 595 256
602 256 598 256
630 256 625 265
633 256 628 266
607 258 602 264
630 258 624 269
562 261 569 247
585 261 575 252
638 261 642 282
596 264 588 261
604 264 599 267
607 264 601 271
551 267 548 253
602 267 595 266
627 267 612 267
630 267 614 267
633 267 617 268
635 267 621 269
630 270 616 270
635 270 621 272
638 270 623 272
590 273 581 270
624 273 611 272
627 273 614 272
633 273 616 274
635 273 619 275
638 273 627 276
610 275 607 272
627 275 613 275
635 275 622 278
638 275 625 279
534 278 533 265
573 278 570 261
579 278 568 266
582 278 570 263
610 278 607 275
627 278 613 279
630 278 619 280
633 278 622 281
635 278 625 281
644 278 632 281
647 278 635 281
537 281 535 267
548 281 550 280
551 281 552 280
554 281 555 280
602 281 587 285
610 281 606 278
616 281 609 279
627 281 615 283
633 281 622 284
641 281 631 284
551 284 553 283
554 284 555 283
556 284 558 282
559 284 561 283
565 284 566 282
590 284 585 284
602 284 587 288
548 287 550 286
556 287 558 286
559 287 561 286
562 287 564 285
568 287 568 285
607 287 604 288
610 287 607 288
542 290 544 289
545 290 547 289
551 290 554 288
556 290 558 288
559 290 561 288
562 290 564 288
568 290 568 287
571 290 571 288
579 290 578 286
607 290 604 291
610 290 607 291
633 290 629 296
545 292 546 292
548 292 551 290
551 292 554 291
554 292 556 291
559 292 561 291
562 292 564 291
565 292 567 291
568 292 569 291
576 292 576 292
579 292 580 292
621 292 611 297
647 292 647 303
545 295 549 293
551 295 553 293
554 295 556 293
556 295 559 294
565 295 567 294
568 295 570 294
571 295 572 295
582 295 583 294
585 295 586 295
593 295 592 295
602 295 599 293
604 295 602 293
619 295 609 299
633 295 628 299
554 298 556 297
559 298 561 296
565 298 566 297
568 298 570 297
571 298 572 298
573 298 575 295
576 298 578 296
582 298 583 297
585 298 585 297
588 298 588 298
593 298 592 298
596 298 595 298
602 298 599 297
604 298 602 297
554 301 555 301
556 301 558 298
562 301 562 299
571 301 572 301
573 301 575 298
576 301 578 299
579 301 581 300
585 301 585 300
588 301 588 301
590 301 590 301
596 301 595 301
624 301 615 299
627 301 621 301
630 301 624 302
633 301 627 303
556 304 557 304
573 304 575 301
576 304 578 302
579 304 580 303
588 304 587 304
590 304 590 304
604 304 604 304
633 304 626 305
573 306 575 305
576 306 577 306
579 306 580 306
582 306 583 307
593 306 593 306
633 306 624 305
644 306 639 306
571 309 573 308
576 309 577 309
579 309 580 309
585 309 586 308
588 309 589 308
593 309 593 309
596 309 595 309
604 309 603 307
607 309 605 307
619 309 612 309
635 309 635 311
638 309 638 312
568 312 570 311
571 312 572 312
573 312 575 312
579 312 579 312
582 312 583 310
585 312 586 311
588 312 589 311
593 312 593 312
596 312 595 312
599 312 598 312
604 312 603 310
607 312 606 311
610 312 608 309
624 312 619 311
627 312 622 311
630 312 625 312
633 312 632 313
647 312 642 310
565 315 568 316
571 315 572 315
573 315 575 315
576 315 577 315
582 315 582 315
585 315 585 314
588 315 588 314
593 315 592 315
596 315 595 315
599 315 598 315
602 315 601 315
604 315 604 315
627 315 625 315
633 315 628 315
641 315 637 315
