614 146 657 182
614 163 655 198
701 163 750 203
632 198 671 234
597 215 635 249
614 215 653 251
632 215 670 251
562 250 599 281
580 250 617 283
666 250 710 290
528 267 563 297
545 267 581 298
562 267 599 299
580 267 616 299
597 267 634 301
614 267 652 302
632 267 670 303
649 267 687 304
666 267 705 305
684 267 725 307
701 267 743 308
718 267 761 309
493 285 527 311
510 285 545 312
528 285 562 313
545 285 579 314
649 285 685 321
666 285 704 323
684 285 722 324
701 285 741 325
718 285 760 327
476 302 510 328
510 302 544 330
528 302 561 331
545 302 578 332
562 302 595 332
580 302 614 334
597 302 631 335
614 302 650 336
632 302 666 337
649 302 685 339
666 302 704 340
684 302 721 341
701 302 741 343
718 302 761 345
458 319 491 345
476 319 508 345
510 319 543 347
528 319 560 348
545 319 579 350
562 319 597 350
580 319 614 351
597 319 631 353
614 319 649 354
632 319 667 355
649 319 684 355
666 319 702 357
684 319 721 359
718 319 760 363
510 337 542 364
528 337 560 366
545 337 579 368
562 337 597 369
580 337 613 370
597 337 630 371
614 337 647 371
632 337 666 372
649 337 683 374
666 337 702 375
684 337 720 377
424 354 456 375
510 354 540 382
528 354 559 382
545 354 576 383
562 354 594 385
580 354 613 386
597 354 629 388
614 354 645 389
632 354 665 390
666 354 701 393
736 354 779 401
528 371 557 399
545 371 574 400
562 371 592 402
580 371 613 404
597 371 629 406
614 371 646 406
649 371 682 411
666 371 701 411
684 371 720 414
701 371 740 416
736 371 777 419
510 389 539 417
528 389 557 417
562 389 594 420
580 389 612 422
597 389 628 422
614 389 646 424
632 389 663 426
701 389 739 435
718 389 757 436
736 389 776 436
458 406 486 434
510 406 538 434
528 406 557 435
545 406 574 437
562 406 592 438
580 406 610 440
597 406 629 441
614 406 646 441
649 406 680 444
666 406 699 446
736 406 777 452
753 406 798 457
510 424 539 453
528 424 557 454
545 424 573 455
562 424 591 456
580 424 608 458
597 424 627 460
614 424 646 461
632 424 660 460
649 424 680 462
510 441 537 471
580 441 606 474
597 441 627 478
