1 0 0 0.05831152200698853 
0 1 0 -0.2219620198011398 
0 0 1 -0.7369999885559082 
0 0 0 1 

0.9970623850822449 -0.0584624707698822 0.04948361590504646 0.07089655846357346 
0.05522691458463669 0.9963945150375366 0.06440354883670807 -0.2301513105630875 
-0.05307049304246902 -0.06148144602775574 0.9966962337493896 -0.7086402773857117 
0 0 0 1 

0.9954451322555542 -0.06719419360160828 0.06763134151697159 0.07518701255321503 
0.0626387745141983 0.9957603216171265 0.06736335158348083 -0.2295895367860794 
-0.07187100499868393 -0.06282021105289459 0.9954336881637573 -0.7101629376411438 
0 0 0 1 

