233 25 194 59
389 25 365 52
406 25 387 44
424 25 403 42
441 25 419 43
458 25 436 44
493 25 458 58
510 25 475 58
562 25 562 23
580 25 582 27
614 25 558 83
233 42 193 77
354 42 327 63
424 42 402 60
441 42 418 61
476 42 445 72
493 42 461 73
580 42 524 95
614 42 561 98
632 42 576 107
337 59 315 77
354 59 329 79
389 59 361 79
493 59 462 89
510 59 479 89
528 59 493 89
545 59 510 91
580 59 525 114
597 59 539 117
614 59 562 118
285 77 235 109
302 77 277 89
319 77 295 90
337 77 312 91
354 77 330 93
371 77 347 94
389 77 365 95
424 77 396 97
441 77 413 98
476 77 446 101
528 77 493 105
545 77 509 106
580 77 523 131
597 77 540 133
302 94 278 106
319 94 295 106
337 94 313 107
354 94 330 109
371 94 347 110
406 94 378 111
424 94 395 111
441 94 411 114
458 94 429 113
476 94 445 115
493 94 462 115
510 94 479 117
545 94 509 121
580 94 524 146
597 94 545 150
614 94 563 146
632 94 576 152
250 111 200 146
267 111 242 119
319 111 292 123
337 111 314 124
354 111 330 124
371 111 347 125
389 111 366 125
406 111 383 127
424 111 400 128
458 111 431 130
476 111 446 129
493 111 463 131
510 111 480 133
528 111 495 132
597 111 545 162
614 111 562 165
233 129 177 165
250 129 218 137
267 129 238 136
285 129 257 136
371 129 347 141
389 129 365 141
406 129 382 142
424 129 399 142
441 129 417 145
458 129 434 145
493 129 465 146
510 129 481 148
545 129 507 162
580 129 526 165
233 146 198 157
250 146 216 158
267 146 236 157
285 146 256 153
354 146 330 155
371 146 348 156
389 146 366 157
406 146 383 158
424 146 399 158
441 146 416 159
458 146 434 159
476 146 451 160
545 146 505 178
198 163 129 199
233 163 195 176
250 163 214 178
267 163 234 175
285 163 255 174
302 163 271 169
319 163 291 169
354 163 331 171
371 163 350 171
389 163 366 172
406 163 383 173
424 163 401 174
441 163 418 174
458 163 435 176
476 163 451 177
510 163 482 180
597 163 559 184
181 181 112 214
198 181 149 199
215 181 165 199
233 181 192 195
250 181 210 198
285 181 252 193
302 181 272 193
319 181 291 190
354 181 331 189
371 181 350 190
389 181 367 189
424 181 402 190
441 181 419 192
458 181 435 192
476 181 451 193
510 181 483 197
528 181 496 202
545 181 510 202
562 181 528 203
597 181 558 201
181 198 132 215
198 198 151 214
215 198 170 217
233 198 186 216
250 198 211 218
267 198 226 220
285 198 252 213
302 198 272 210
319 198 292 208
337 198 317 200
354 198 332 209
371 198 349 208
389 198 366 208
406 198 384 207
424 198 402 208
441 198 419 207
458 198 435 207
493 198 466 211
510 198 482 213
528 198 497 218
545 198 511 218
562 198 527 219
181 215 130 232
198 215 149 232
215 215 167 232
250 215 203 236
267 215 222 239
285 215 251 228
302 215 270 229
319 215 291 228
337 215 307 228
354 215 330 227
371 215 347 228
389 215 368 229
406 215 384 226
424 215 401 225
441 215 419 224
458 215 437 224
476 215 452 226
510 215 482 232
528 215 496 237
545 215 510 236
562 215 528 236
250 233 202 268
267 233 220 260
302 233 266 250
319 233 289 245
337 233 307 246
371 233 342 247
406 233 381 246
424 233 399 245
441 233 418 243
458 233 436 242
476 233 452 243
510 233 477 252
528 233 495 255
545 233 509 254
580 233 543 258
250 250 190 291
267 250 219 281
285 250 235 280
319 250 285 270
337 250 306 265
354 250 323 267
371 250 339 267
389 250 359 267
406 250 381 267
441 250 415 263
458 250 435 260
476 250 453 262
510 250 477 269
528 250 492 272
545 250 512 271
562 250 529 270
580 250 544 273
597 250 559 274
614 250 577 278
233 267 169 309
250 267 195 302
267 267 215 300
302 267 264 298
319 267 280 298
337 267 297 291
354 267 317 291
371 267 334 289
389 267 355 289
406 267 375 287
424 267 394 285
441 267 413 283
458 267 431 281
476 267 452 280
493 267 469 282
528 267 493 290
545 267 513 285
562 267 529 288
580 267 544 288
597 267 561 289
614 267 576 295
233 285 176 319
250 285 197 319
285 285 234 315
302 285 271 320
337 285 295 314
354 285 315 313
371 285 334 313
389 285 353 310
406 285 372 311
424 285 392 307
441 285 411 304
458 285 428 301
476 285 448 300
493 285 468 298
528 285 492 312
562 285 530 305
580 285 546 306
614 285 579 312
215 302 149 349
233 302 176 336
250 302 199 337
267 302 216 334
319 302 281 333
337 302 299 332
354 302 316 332
371 302 332 332
389 302 350 330
406 302 370 330
424 302 389 328
458 302 428 324
476 302 449 319
493 302 464 319
510 302 480 326
528 302 492 331
545 302 515 318
580 302 547 320
597 302 565 324
614 302 579 330
215 319 160 353
233 319 177 355
250 319 201 352
285 319 229 337
302 319 252 351
319 319 269 356
337 319 301 353
354 319 324 349
371 319 337 350
389 319 352 351
406 319 370 350
424 319 387 350
441 319 405 349
458 319 425 346
476 319 445 340
493 319 456 346
510 319 476 347
528 319 493 351
545 319 512 350
562 319 532 337
580 319 549 338
597 319 566 339
614 319 579 350
215 337 160 385
233 337 176 371
250 337 198 368
267 337 217 370
285 337 229 352
302 337 249 371
319 337 264 376
337 337 301 371
354 337 319 368
371 337 335 368
389 337 350 368
406 337 370 368
424 337 388 368
441 337 405 367
458 337 421 364
476 337 437 364
493 337 457 365
510 337 479 364
528 337 495 365
545 337 513 366
562 337 532 355
580 337 549 355
597 337 566 355
250 354 193 392
267 354 215 391
285 354 233 390
302 354 248 390
319 354 264 390
337 354 302 386
354 354 319 389
371 354 333 385
389 354 352 384
406 354 370 385
424 354 387 385
441 354 405 385
458 354 419 383
476 354 436 385
493 354 456 385
562 354 533 371
580 354 542 369
597 354 566 372
233 371 180 419
250 371 195 410
267 371 217 410
285 371 230 409
319 371 267 403
337 371 302 405
354 371 317 406
371 371 334 404
389 371 352 404
406 371 368 400
424 371 387 403
441 371 403 402
458 371 424 402
476 371 442 402
493 371 471 388
528 371 496 393
545 371 517 386
562 371 532 386
580 371 551 390
597 371 567 393
250 389 198 437
285 389 214 421
302 389 233 424
319 389 266 421
337 389 288 428
354 389 314 422
371 389 335 423
389 389 350 420
406 389 368 419
424 389 387 419
441 389 405 421
458 389 423 421
476 389 441 418
493 389 462 417
510 389 479 418
528 389 494 418
562 389 530 402
580 389 550 405
597 389 566 407
285 406 214 438
302 406 235 440
319 406 268 443
337 406 287 445
354 406 308 444
371 406 334 442
389 406 352 439
406 406 372 436
424 406 388 436
441 406 406 437
458 406 423 437
476 406 443 434
493 406 463 435
510 406 479 436
302 424 234 456
319 424 250 456
337 424 286 463
354 424 304 461
371 424 319 460
389 424 352 458
406 424 368 455
424 424 386 455
441 424 404 454
458 424 422 454
476 424 441 453
493 424 461 451
510 424 478 456
354 441 282 472
371 441 317 476
406 441 369 475
441 441 406 474
458 441 422 471
476 441 439 472
493 441 458 472
