493 25 585 146
493 42 588 158
528 42 668 164
562 42 705 163
580 42 723 163
597 42 756 168
493 59 588 173
545 59 684 184
562 59 707 180
580 59 721 180
597 59 737 183
562 77 705 201
580 77 723 202
597 77 739 198
632 77 754 196
458 94 563 194
476 94 582 198
493 94 593 197
545 94 689 220
562 94 708 220
580 94 725 220
597 94 739 220
632 94 759 219
649 94 774 217
458 111 564 215
476 111 581 212
493 111 595 212
649 111 776 240
458 129 565 229
493 129 600 229
580 129 742 257
632 129 755 254
649 129 775 257
493 146 601 244
562 146 723 278
614 146 757 267
371 163 494 259
424 163 530 259
476 163 586 261
493 163 601 260
545 163 653 257
441 181 548 269
458 181 567 270
510 181 616 269
528 181 630 269
545 181 651 270
562 181 673 273
354 198 476 284
371 198 491 283
406 198 516 282
424 198 531 281
441 198 547 281
458 198 563 281
476 198 579 282
493 198 594 282
510 198 612 281
528 198 628 282
545 198 650 284
562 198 676 290
580 198 704 289
354 215 474 299
389 215 502 295
424 215 530 295
441 215 547 295
458 215 563 295
476 215 578 294
493 215 594 295
510 215 610 295
528 215 628 296
545 215 647 300
580 215 706 307
337 233 462 317
354 233 476 315
371 233 490 312
406 233 513 309
424 233 530 308
441 233 545 308
458 233 559 310
545 233 647 311
302 250 439 337
319 250 454 337
354 250 475 330
371 250 490 328
389 250 502 325
476 250 576 322
493 250 592 322
528 250 630 325
545 250 649 329
562 250 678 337
580 250 697 339
597 250 715 338
285 267 421 348
302 267 439 349
354 267 472 346
371 267 488 343
441 267 546 340
458 267 563 340
476 267 578 340
493 267 593 339
545 267 665 356
562 267 682 358
580 267 699 356
597 267 718 356
614 267 740 358
285 285 425 361
302 285 438 365
319 285 453 381
354 285 473 360
371 285 488 359
389 285 501 357
406 285 519 361
424 285 540 365
441 285 546 357
458 285 565 359
476 285 579 358
493 285 594 358
510 285 610 354
562 285 687 378
580 285 705 377
597 285 721 377
371 302 486 378
389 302 503 379
424 302 537 379
458 302 564 378
476 302 580 376
493 302 597 375
510 302 612 374
528 302 627 371
545 302 645 372
562 302 690 396
580 302 708 396
319 319 452 407
337 319 468 409
371 319 490 404
389 319 508 403
406 319 521 400
424 319 538 401
441 319 553 402
458 319 570 400
476 319 589 400
493 319 600 394
510 319 614 393
528 319 634 400
545 319 646 390
562 319 696 423
580 319 713 422
302 337 435 420
319 337 451 423
354 337 478 426
371 337 491 420
389 337 508 424
406 337 524 421
424 337 540 423
441 337 555 422
458 337 572 423
476 337 588 420
493 337 606 419
562 337 699 442
580 337 715 442
302 354 435 435
337 354 455 441
354 354 476 441
371 354 491 442
389 354 510 444
406 354 524 443
424 354 540 443
441 354 556 443
458 354 573 443
476 354 591 443
493 354 607 444
545 354 680 461
562 354 702 460
614 354 731 461
371 371 492 460
389 371 509 463
406 371 526 463
424 371 541 463
441 371 556 464
458 371 575 464
476 371 595 463
493 371 613 464
649 371 788 465
285 389 416 455
319 389 438 457
337 389 454 455
389 389 507 474
424 389 539 479
441 389 557 478
493 389 645 476
319 406 435 474
337 406 453 473
354 406 468 474
