472 217 474 216
451 219 491 246
469 219 474 223
533 219 533 220
435 222 472 256
440 222 483 249
448 222 489 249
451 222 491 249
488 222 523 220
501 222 518 222
533 222 534 223
459 224 500 248
530 224 531 226
533 224 534 225
522 227 526 228
525 227 528 228
527 227 531 228
533 227 534 228
437 230 489 224
498 230 513 246
527 230 530 231
437 232 489 226
464 232 505 247
496 232 521 229
459 235 503 247
538 235 538 239
474 238 518 232
525 238 522 282
538 238 538 235
461 240 505 273
464 240 507 272
469 240 513 264
533 240 533 236
459 243 502 276
467 243 510 266
469 243 513 266
459 246 500 279
485 246 514 280
493 246 471 313
519 246 512 292
453 248 494 282
456 248 497 282
459 248 500 282
467 251 464 262
490 251 457 308
538 251 538 233
437 254 495 274
445 254 499 276
467 254 464 265
469 254 437 265
533 254 531 259
459 256 452 289
461 256 456 289
527 256 530 237
533 256 532 262
461 259 454 280
467 259 465 267
440 261 494 285
443 261 497 285
456 261 449 278
538 261 538 264
456 264 449 281
459 264 451 281
469 264 484 269
530 264 527 268
535 264 535 264
443 267 486 295
469 267 485 272
535 267 536 268
456 269 464 294
535 269 536 281
530 272 530 284
533 272 533 284
535 272 536 284
440 275 438 250
533 275 533 286
535 275 536 287
437 277 440 278
440 277 438 253
535 277 535 290
538 277 538 290
432 280 432 257
453 280 456 303
464 280 483 298
522 280 521 274
437 283 447 290
522 283 522 276
525 283 525 276
453 285 474 302
469 285 474 310
472 285 477 310
435 288 435 285
453 288 474 304
456 290 476 304
461 290 479 304
432 293 431 305
435 293 434 305
453 293 473 308
456 293 476 307
464 293 464 291
467 293 466 291
472 293 448 293
445 296 478 295
535 296 536 299
430 298 431 308
432 298 434 308
467 298 465 297
430 301 431 311
432 301 434 310
467 301 465 300
498 301 495 303
503 301 491 313
525 301 524 294
527 301 526 293
535 301 536 306
432 304 434 312
535 304 536 309
538 304 538 309
448 306 494 307
493 306 509 293
503 306 502 307
525 306 527 305
535 306 536 312
464 309 461 291
493 309 509 295
496 309 513 295
525 309 527 308
496 312 513 298
498 312 515 297
525 312 527 311
472 314 511 312
525 314 526 313
527 314 528 313
530 314 531 313
472 317 511 315
525 317 525 316
527 317 528 316
430 320 429 322
503 320 520 320
506 320 523 320
509 320 525 319
514 320 529 319
464 322 497 322
503 322 512 323
535 322 535 321
430 325 429 325
435 325 436 324
461 325 495 324
464 325 498 324
493 325 483 323
496 325 486 323
503 325 512 326
506 325 500 321
527 325 528 321
535 325 535 325
538 325 538 324
430 327 430 328
432 327 433 327
435 327 435 327
437 327 438 327
440 327 442 327
461 327 453 328
467 327 501 328
530 327 530 328
533 327 532 328
535 327 535 328
538 327 538 327
