1 0 0 -0.1178319603204727 
0 1 0 -0.04324014484882355 
0 0 1 -0.828993558883667 
0 0 0 1 

0.9944646954536438 -0.1021384224295616 -0.02464979700744152 -0.09636978805065155 
0.1032071709632874 0.9935539960861206 0.04689104855060577 -0.04623513296246529 
0.01970152743160725 -0.04917553067207336 0.9985957741737366 -0.7970988750457764 
0 0 0 1 

0.9823606014251709 -0.1858403384685516 -0.02075753733515739 -0.08437176793813705 
0.1868600100278854 0.9798122644424438 0.07107161730527878 -0.05490805581212044 
0.007130475249141455 -0.07369672507047653 0.9972552061080933 -0.7805960178375244 
0 0 0 1 

0.9738240242004395 -0.2135410010814667 -0.0778905525803566 -0.04683704301714897 
0.220640167593956 0.9704066514968872 0.0981258824467659 -0.06248462572693825 
0.054631557315588 -0.1127431690692902 0.992121160030365 -0.7631125450134277 
0 0 0 1 

0.9611427783966064 -0.2588701546192169 -0.09586763381958008 -0.0579078234732151 
0.2661356031894684 0.9611888527870178 0.07271701097488403 -0.06233296915888786 
0.0733226090669632 -0.09540524333715439 0.9927344918251038 -0.7387115359306335 
0 0 0 1 

0.9518715143203735 -0.263661116361618 -0.1562799215316772 0.01161084789782763 
0.2844426333904266 0.949836790561676 0.1300089806318283 -0.08789630234241486 
0.1141620576381683 -0.1682045459747314 0.9791191220283508 -0.6921712756156921 
0 0 0 1 

0.9553465247154236 -0.277892678976059 -0.1004418060183525 0.03968722745776176 
0.2936483025550842 0.9307351112365723 0.2179510891437531 -0.1147186234593391 
0.03291760385036469 -0.2377134412527084 0.9707773327827454 -0.6608151197433472 
0 0 0 1 

0.9538841247558594 -0.2712324261665344 -0.1285997778177261 0.04512608423829079 
0.298264741897583 0.904681384563446 0.3042851388454437 -0.1272727698087692 
0.03380972146987915 -0.3286095857620239 0.9438604116439819 -0.6377429962158203 
0 0 0 1 

0.9814024567604065 -0.1367693394422531 -0.1346967071294785 0.03853516280651093 
0.1759989708662033 0.921231746673584 0.3469240963459015 -0.1279393434524536 
0.07663822174072266 -0.3641786575317383 0.9281704425811768 -0.6056378483772278 
0 0 0 1 

0.9809994101524353 -0.1474679708480835 -0.1260679811239243 0.03355289250612259 
0.1823277324438095 0.9228435158729553 0.339287668466568 -0.1283798962831497 
0.06630674004554749 -0.3558265864849091 0.9321969151496887 -0.6094859838485718 
0 0 0 1 

