585 219 595 208
579 222 588 212
590 225 599 216
590 227 599 219
576 230 584 216
588 230 596 219
590 230 598 221
562 233 571 214
554 236 558 216
556 236 565 217
588 236 594 225
548 239 554 220
554 239 558 219
588 239 594 227
545 242 551 222
554 242 558 223
573 242 578 232
576 242 581 232
593 242 597 232
554 244 557 226
568 244 572 234
571 244 575 234
573 244 577 235
576 244 580 235
582 244 584 229
585 244 591 231
588 244 594 231
593 244 596 235
568 247 575 237
576 247 577 238
579 247 581 239
582 247 584 239
590 247 593 239
593 247 596 238
585 250 590 236
588 250 589 243
590 250 592 243
582 253 587 239
585 253 589 239
590 253 593 246
596 253 598 244
590 258 595 247
593 258 598 248
596 258 600 250
571 261 566 250
588 261 591 249
590 261 594 253
602 261 604 252
604 261 607 251
590 264 594 256
593 264 598 254
596 264 600 255
604 264 607 254
607 264 610 255
588 267 591 259
590 267 593 258
596 267 600 257
599 267 603 257
607 267 610 257
610 267 615 259
599 270 603 260
602 270 606 260
604 270 608 261
610 270 615 261
613 270 617 261
616 270 621 262
590 273 593 262
593 273 596 263
596 273 599 263
599 273 603 263
602 273 606 263
627 273 627 264
602 275 605 266
610 275 614 265
613 275 617 266
619 275 624 267
621 275 627 268
627 275 630 267
630 275 634 267
607 278 611 268
610 278 614 268
613 278 617 269
619 278 623 270
621 278 626 270
624 278 629 270
627 278 632 270
630 278 635 271
610 281 614 272
613 281 617 272
616 281 620 272
621 281 626 273
624 281 628 273
627 281 631 273
633 281 638 274
635 281 639 272
616 284 619 275
619 284 623 275
621 284 626 275
627 284 631 276
633 284 636 276
599 287 601 278
616 287 619 278
619 287 622 278
633 287 635 279
635 287 638 279
613 290 616 281
624 290 628 281
627 290 632 281
633 290 637 282
613 292 616 284
619 292 619 282
621 292 621 282
624 292 629 284
627 292 632 284
630 292 635 285
633 292 637 285
635 292 640 285
638 292 644 285
610 295 609 283
621 295 625 287
624 295 628 287
627 295 631 287
630 295 634 288
633 295 637 288
635 295 640 288
638 295 643 288
644 295 646 289
607 298 608 286
610 298 611 288
613 298 615 289
624 298 627 289
627 298 630 290
630 298 633 290
633 298 636 291
635 298 639 291
638 298 643 292
599 301 598 294
602 301 601 295
604 301 604 294
613 301 614 291
616 301 617 291
627 301 630 292
630 301 632 293
633 301 635 293
635 301 639 294
638 301 642 294
647 301 646 292
590 304 588 299
593 304 591 299
596 304 594 298
599 304 598 298
613 304 614 294
616 304 617 294
619 304 620 294
621 304 626 296
624 304 629 296
630 304 632 295
633 304 635 296
635 304 638 297
638 304 641 297
641 304 645 298
590 306 588 302
593 306 590 302
596 306 594 301
602 306 601 301
604 306 603 299
607 306 609 302
610 306 613 300
613 306 616 300
616 306 616 297
621 306 624 298
624 306 628 299
630 306 632 299
633 306 635 299
635 306 638 300
638 306 641 300
641 306 644 300
647 306 645 294
590 309 586 307
593 309 589 308
596 309 593 306
599 309 597 303
602 309 601 304
604 309 604 302
613 309 615 303
624 309 628 302
630 309 632 302
633 309 635 303
635 309 638 303
638 309 641 303
641 309 644 303
644 309 647 304
607 312 606 306
610 312 612 308
621 312 625 305
624 312 628 305
627 312 630 305
633 312 635 305
635 312 638 306
638 312 641 306
641 312 644 306
644 312 646 306
647 312 646 311
596 315 593 313
610 315 608 308
619 315 621 308
627 315 630 308
630 315 634 308
638 315 641 309
641 315 643 309
