1 0 0 -0.2022774517536163 
0 1 0 -0.02555054239928722 
0 0 1 -0.5562111139297485 
0 0 0 1 

0.9986028075218201 -0.0504462718963623 0.01573707163333893 -0.2008910030126572 
0.04929014295339584 0.9965494871139526 0.06678097695112228 -0.06731703132390976 
-0.01905159465968609 -0.06591200083494186 0.9976435899734497 -0.5289700627326965 
0 0 0 1 

0.9920592904090881 -0.07304480671882629 -0.1023851484060287 -0.1342899352312088 
0.08213652670383453 0.9927645325660706 0.08759050071239471 -0.0782262310385704 
0.09524627029895782 -0.09530457854270935 0.9908809661865234 -0.5443669557571411 
0 0 0 1 

0.9485675692558289 -0.08653533458709717 -0.3045177757740021 -0.01421302556991577 
0.1433722376823425 0.9750418066978455 0.1695224046707153 -0.1283642500638962 
0.2822478413581848 -0.2044629156589508 0.9372997879981995 -0.5434666275978088 
0 0 0 1 

0.9851819276809692 -0.1129639744758606 -0.1290564388036728 -0.1120647862553596 
0.141954779624939 0.959350049495697 0.2439180910587311 -0.1692022681236267 
0.09625624120235443 -0.2586239278316498 0.9611701965332031 -0.5081219673156738 
0 0 0 1 

0.9840419888496399 -0.1563832759857178 -0.08488521724939346 -0.1347102373838425 
0.168847382068634 0.9711898565292358 0.1681685894727707 -0.1319515854120255 
0.05614082515239716 -0.1798176318407059 0.9820966124534607 -0.5141230821609497 
0 0 0 1 

0.9408067464828491 -0.328829824924469 0.08217949420213699 -0.2058904767036438 
0.304485023021698 0.9264566898345947 0.2212841808795929 -0.1765718013048172 
-0.1489006578922272 -0.183163195848465 0.9717406034469604 -0.4594314694404602 
0 0 0 1 

0.9614641070365906 -0.245505228638649 0.1237487196922302 -0.2266602963209152 
0.229046031832695 0.9642347693443298 0.1333758234977722 -0.11908870190382 
-0.1520673334598541 -0.09989185631275177 0.983309268951416 -0.4651383757591248 
0 0 0 1 

0.9888501763343811 -0.1269919723272324 0.07777028530836105 -0.2082826942205429 
0.1226482689380646 0.9907357692718506 0.05830894038081169 -0.05916495993733406 
-0.08445460349321365 -0.04812036082148552 0.9952647089958191 -0.4747009873390198 
0 0 0 1 

0.9888107180595398 -0.09456890076398849 0.1153688877820969 -0.2129540145397186 
0.08866164833307266 0.9945247769355774 0.05531575158238411 -0.05654274672269821 
-0.1199683174490929 -0.04446796327829361 0.9917813539505005 -0.4570817053318024 
0 0 0 1 

