466 233 458 228
441 239 434 235
444 239 437 235
474 239 465 235
438 241 433 238
457 241 450 237
460 241 453 237
474 241 466 238
436 244 431 240
446 244 442 241
449 244 445 240
455 244 447 240
414 247 411 243
441 247 439 244
444 247 441 244
460 250 452 244
430 252 427 246
436 252 436 246
441 252 439 247
455 252 448 247
460 252 453 246
463 252 456 247
422 255 419 251
430 255 427 249
457 255 450 249
460 255 453 249
457 258 452 252
427 261 422 254
441 261 439 252
427 263 425 257
452 263 447 255
386 266 385 262
419 266 419 260
468 266 463 263
386 269 385 265
468 269 463 266
386 274 385 270
455 299 458 294
457 304 461 295
446 307 447 299
449 310 449 302
436 313 435 302
438 313 438 304
446 313 446 305
449 313 449 304
457 313 459 302
436 315 436 304
438 315 438 307
441 315 440 307
444 315 443 307
455 315 454 306
436 318 436 308
438 318 438 310
441 318 440 310
444 318 443 309
436 321 435 311
438 321 438 313
452 321 448 313
455 321 454 308
457 321 457 307
427 324 429 310
455 324 453 311
457 324 456 310
452 326 451 312
452 329 451 315
485 329 484 316
449 332 448 319
485 332 484 319
449 335 448 322
