430 217 430 217
432 217 435 217
435 217 440 217
469 217 466 216
430 219 429 219
432 219 436 219
445 219 442 220
445 222 442 224
464 222 471 219
501 222 508 222
503 222 511 222
435 224 490 224
437 224 492 224
474 224 528 224
490 224 522 226
503 224 511 224
474 227 528 227
477 227 530 227
498 227 488 227
430 230 429 228
464 230 442 291
525 230 514 245
535 230 535 232
430 232 429 231
451 232 496 240
501 232 493 235
533 232 533 234
514 235 488 264
514 238 488 267
519 238 513 259
430 240 430 257
448 240 460 235
511 240 511 245
519 240 514 262
522 240 517 264
527 240 525 263
509 243 508 248
511 243 511 248
525 243 523 266
538 243 538 243
538 246 538 248
432 251 432 259
437 251 434 269
472 251 460 280
506 251 461 262
538 251 538 253
437 254 439 249
490 254 514 237
493 254 516 240
430 256 429 265
432 256 432 265
533 256 533 255
432 259 432 268
511 259 485 238
535 259 535 256
430 261 429 246
488 261 488 270
503 261 511 240
506 261 514 240
430 264 430 249
496 264 456 291
503 264 501 261
517 264 516 247
519 264 519 247
522 264 525 248
527 264 525 269
488 267 477 246
490 267 509 234
493 267 511 234
496 267 469 277
522 267 525 282
482 269 474 275
488 269 478 249
493 269 450 259
519 269 522 271
432 272 434 259
496 275 453 265
514 275 520 278
535 277 533 274
538 277 538 274
511 280 514 285
535 280 533 278
503 283 471 285
506 283 474 286
514 283 509 246
525 283 523 285
535 283 533 280
538 283 538 282
501 285 469 288
503 285 472 288
506 285 474 288
527 285 524 240
503 288 472 291
506 288 474 290
535 288 535 277
538 288 538 298
430 293 430 270
445 296 442 278
522 296 514 264
535 296 533 284
430 298 430 310
519 298 493 271
533 298 530 287
522 301 514 295
538 301 538 284
430 306 430 302
432 306 432 299
517 306 514 293
525 306 520 303
430 309 429 304
432 309 432 305
482 309 443 254
503 309 467 298
509 309 488 294
511 309 491 294
511 312 490 296
519 312 501 282
517 314 522 315
530 314 532 296
498 317 464 306
522 317 509 311
498 320 499 288
501 320 501 288
517 320 504 314
522 320 510 317
533 320 533 319
538 320 538 319
440 322 435 320
511 322 507 323
522 322 510 320
535 322 536 322
538 322 538 322
430 325 430 326
432 325 432 326
506 325 496 324
511 325 507 326
527 325 528 325
530 325 531 325
533 325 534 325
535 325 536 324
538 325 538 325
430 327 429 328
432 327 432 328
435 327 435 328
437 327 438 328
480 327 440 328
482 327 443 327
485 327 459 327
488 327 461 327
506 327 496 327
509 327 500 328
511 327 504 327
514 327 507 327
522 327 510 327
525 327 512 328
530 327 531 328
533 327 534 327
535 327 536 328
538 327 538 327
