430 217 429 216
432 217 432 216
435 217 434 217
437 217 438 217
461 217 462 216
467 217 467 218
474 217 477 216
430 219 429 219
435 219 433 219
459 219 444 219
461 219 462 219
472 219 472 220
477 219 478 221
485 219 486 218
490 219 491 218
496 219 505 219
430 222 429 222
453 222 456 219
459 222 443 221
488 222 487 220
490 222 489 220
501 222 480 221
432 224 433 222
435 224 435 222
456 224 459 222
477 224 508 226
480 224 510 226
485 224 486 226
490 224 489 224
432 227 433 224
435 227 435 224
456 227 465 229
469 227 470 224
480 227 479 226
485 227 485 228
488 227 489 229
490 227 491 228
430 230 430 225
469 230 470 227
472 230 473 227
482 230 481 229
485 230 486 231
488 230 490 232
490 230 492 231
430 232 430 227
432 232 433 227
440 232 438 230
480 232 479 232
482 232 482 232
435 235 433 235
437 235 435 235
451 235 465 232
482 235 482 235
493 235 495 233
501 235 513 236
538 235 538 227
482 238 484 236
522 238 519 244
437 240 436 238
443 240 439 259
522 240 519 247
451 243 455 240
456 243 482 245
435 246 433 272
437 246 437 273
464 246 456 235
522 246 522 249
525 246 524 249
527 246 527 249
430 248 430 241
435 248 433 275
456 248 472 245
525 248 524 251
527 248 527 254
538 248 538 273
430 251 429 279
459 251 475 248
472 254 467 243
501 254 497 244
506 254 524 238
437 256 460 251
509 256 494 239
533 256 535 257
538 256 538 257
440 259 463 254
443 259 465 254
445 259 468 254
451 259 471 253
453 259 473 253
459 259 484 253
461 259 487 253
472 259 506 258
525 259 526 289
538 259 538 259
435 261 460 256
448 261 470 257
453 261 473 256
461 261 487 255
533 261 533 262
535 261 536 262
538 261 538 261
437 264 460 261
440 264 463 261
453 264 474 258
456 264 477 258
461 264 484 258
464 264 488 258
467 264 490 258
477 264 508 260
533 264 533 265
535 264 535 265
538 264 538 264
437 267 461 263
453 267 476 261
456 267 479 261
469 267 495 260
472 267 497 261
496 267 511 257
437 269 461 266
443 269 465 265
445 269 468 264
448 269 471 264
451 269 476 263
456 269 479 264
461 269 484 263
464 269 488 263
477 269 507 267
503 269 519 260
519 269 512 250
430 272 429 281
437 272 460 269
445 272 468 267
448 272 471 267
456 272 479 267
459 272 482 267
461 272 485 266
464 272 487 266
474 272 498 264
477 272 500 264
498 272 513 311
501 272 519 266
522 272 514 252
443 275 465 270
445 275 469 271
448 275 471 270
451 275 477 269
456 275 479 270
459 275 482 270
461 275 485 269
469 275 492 268
472 275 495 266
474 275 498 266
477 275 501 266
485 275 508 266
488 275 512 266
443 277 466 274
445 277 469 274
453 277 479 272
459 277 482 272
472 277 495 269
474 277 498 269
477 277 501 268
480 277 509 274
485 277 508 269
488 277 511 269
501 277 520 281
453 280 477 275
456 280 480 275
459 280 482 275
461 280 485 275
485 280 509 272
488 280 512 272
533 280 530 281
443 283 465 280
445 283 468 279
453 283 477 277
461 283 485 278
464 283 488 277
469 283 493 277
490 283 514 274
533 283 530 284
432 285 458 280
440 285 464 283
443 285 466 283
445 285 469 282
448 285 471 282
451 285 474 280
453 285 477 280
480 285 509 279
488 285 512 276
435 288 461 283
448 288 471 285
467 288 491 283
472 288 496 282
493 288 518 284
445 290 469 286
456 290 482 285
464 290 488 285
467 290 491 285
437 293 464 288
459 293 485 288
464 293 488 287
469 293 493 288
472 293 496 285
482 293 509 284
490 293 515 285
430 296 429 295
448 296 474 291
451 296 477 291
453 296 479 291
456 296 482 291
461 296 485 290
464 296 488 290
485 296 513 286
490 296 515 287
437 298 466 299
451 298 477 293
453 298 480 294
456 298 482 293
477 298 504 290
482 298 507 293
485 298 513 289
490 298 515 290
496 298 522 289
448 301 475 296
459 301 483 296
474 301 501 292
482 301 510 292
485 301 512 293
490 301 515 292
493 301 520 292
496 301 522 293
498 301 525 293
527 301 533 298
472 304 499 295
474 304 502 295
477 304 504 295
488 304 512 295
490 304 514 298
498 304 526 297
503 304 523 311
435 306 459 309
469 306 496 298
477 306 504 298
480 306 507 298
482 306 509 297
490 306 517 298
535 306 534 313
430 309 429 306
435 309 459 312
437 309 461 313
440 309 464 312
445 309 464 296
459 309 483 301
461 309 486 301
467 309 488 301
474 309 504 300
482 309 510 300
485 309 512 300
488 309 515 301
490 309 518 301
493 309 523 297
533 309 530 299
430 312 429 308
432 312 431 308
453 312 472 301
461 312 483 304
467 312 488 304
472 312 501 303
474 312 504 303
477 312 506 303
488 312 515 303
448 314 466 304
451 314 469 304
474 314 503 306
430 317 429 313
432 317 432 313
506 317 508 316
509 317 510 317
517 317 510 319
430 320 430 316
432 320 433 316
451 320 465 322
474 320 502 317
496 320 518 319
517 320 510 322
430 322 429 321
445 322 461 324
464 322 486 323
467 322 488 322
430 325 430 324
443 325 459 326
445 325 462 326
453 325 470 326
467 325 488 325
469 325 491 325
480 325 504 324
482 325 507 324
485 325 510 324
488 325 513 324
525 325 523 321
538 325 538 324
430 327 430 327
443 327 459 328
451 327 468 328
453 327 471 328
467 327 489 327
469 327 492 327
477 327 501 327
480 327 504 328
485 327 510 327
488 327 513 327
490 327 515 327
527 327 523 327
530 327 526 327
533 327 531 327
535 327 534 327
538 327 538 327
