432 217 430 216
435 217 432 216
437 217 436 216
443 217 441 216
477 217 450 216
485 217 472 216
453 219 445 218
432 222 433 219
435 222 437 220
437 222 439 220
485 222 472 220
488 222 475 220
490 222 501 222
498 222 512 220
511 222 519 222
435 224 436 222
488 224 498 225
490 224 501 225
511 224 520 224
498 227 515 227
430 230 429 229
432 230 431 229
501 230 518 230
430 232 429 231
535 232 534 237
440 235 434 234
440 238 435 237
535 243 536 258
461 246 489 227
533 248 532 262
535 248 535 262
535 251 534 265
432 254 431 231
501 254 510 230
503 254 506 234
511 254 504 226
430 256 429 234
432 256 431 233
440 256 444 221
501 256 510 234
503 256 514 233
511 256 510 242
514 256 513 243
538 256 538 238
440 259 442 224
443 259 445 224
451 259 451 224
453 259 453 224
459 259 462 222
535 259 535 240
538 259 538 240
430 261 429 237
440 261 441 227
443 261 445 227
448 261 448 227
533 261 532 243
535 261 535 243
538 261 538 243
430 264 429 240
437 264 440 228
440 264 442 230
443 264 445 229
453 264 454 227
530 264 530 246
533 264 533 246
535 264 535 245
538 264 538 246
456 267 459 229
459 267 465 229
467 267 470 229
477 267 485 230
530 267 530 249
533 267 532 248
535 267 535 248
538 267 538 248
437 269 441 234
440 269 443 234
443 269 446 234
445 269 451 232
448 269 454 232
453 269 458 233
456 269 462 232
461 269 465 231
464 269 468 231
467 269 470 231
472 269 476 231
474 269 479 231
477 269 485 232
480 269 490 235
503 269 525 247
533 269 532 251
535 269 535 251
538 269 538 251
430 272 430 247
435 272 440 236
445 272 451 234
451 272 455 236
459 272 462 237
461 272 465 236
467 272 470 233
472 272 476 232
474 272 488 238
501 272 522 250
503 272 524 250
527 272 523 257
530 272 528 257
533 272 530 256
445 275 451 238
448 275 454 238
451 275 457 238
453 275 460 239
459 275 463 239
467 275 470 237
469 275 473 236
472 275 477 236
474 275 488 240
496 275 514 253
514 275 519 242
527 275 523 260
530 275 528 260
430 277 430 251
435 277 440 242
440 277 443 244
443 277 446 244
445 277 452 241
453 277 459 242
459 277 463 242
485 277 490 238
498 277 517 256
511 277 517 244
514 277 519 244
432 280 437 244
435 280 440 244
459 280 464 245
461 280 466 245
503 280 506 290
514 280 512 264
517 280 514 264
432 283 438 247
435 283 440 247
443 283 446 246
448 283 452 248
451 283 455 248
522 283 512 256
435 285 440 250
440 285 444 249
443 285 449 250
448 285 452 251
480 285 485 241
519 285 506 256
443 288 449 254
448 288 455 252
464 288 471 250
469 288 475 250
472 288 477 250
482 288 489 244
535 288 536 295
538 288 538 265
445 290 452 255
448 290 455 255
451 290 457 255
456 290 464 255
480 290 486 251
530 290 528 299
535 290 535 298
435 293 441 264
437 293 442 255
443 293 450 258
448 293 455 257
451 293 458 257
459 293 464 257
467 293 473 258
469 293 475 255
472 293 478 255
527 293 527 252
451 296 459 260
453 296 461 260
469 296 475 258
490 296 497 254
533 296 533 257
451 298 458 263
453 298 461 263
488 298 495 257
490 298 497 257
527 298 526 260
533 298 533 260
535 298 536 260
461 301 470 262
472 301 479 261
474 301 482 261
480 301 487 260
482 301 490 260
485 301 493 260
490 301 497 259
430 304 429 307
443 304 444 261
445 304 448 261
459 304 468 265
461 304 471 265
474 304 481 263
477 304 484 263
514 304 506 301
525 304 504 276
430 306 429 309
443 306 444 264
464 306 470 267
467 306 473 267
469 306 478 266
474 306 481 266
480 306 487 266
482 306 490 266
511 306 517 300
525 306 518 269
527 306 521 269
535 306 529 277
469 309 476 269
472 309 479 269
474 309 482 269
480 309 488 268
482 309 490 268
488 309 494 271
503 309 489 297
506 309 492 296
509 309 484 299
535 309 533 287
451 312 460 273
469 312 477 272
472 312 479 271
474 312 482 271
480 312 488 271
488 312 496 274
493 312 491 288
503 312 489 299
506 312 491 299
448 314 462 279
469 314 476 275
472 314 479 275
474 314 482 275
501 314 494 316
467 317 476 278
501 317 493 318
469 320 480 281
498 320 504 315
501 320 507 315
519 320 516 319
430 322 430 323
443 322 453 296
469 322 482 284
501 322 493 323
525 322 507 323
538 322 538 320
472 325 464 323
474 325 466 324
490 325 480 325
493 325 483 325
519 325 504 323
530 325 528 324
533 325 530 324
535 325 533 326
538 325 538 323
430 327 430 328
432 327 433 328
493 327 483 328
514 327 511 327
517 327 514 327
519 327 516 327
522 327 520 328
530 327 528 327
533 327 530 327
538 327 538 328
