528 199 528 199
531 199 532 200
540 199 570 199
528 202 528 203
531 202 532 203
571 202 544 205
528 205 528 209
534 205 573 205
537 205 575 205
528 208 527 212
573 208 566 252
531 211 531 212
571 211 563 255
573 211 566 255
562 213 557 256
565 213 560 256
602 219 602 226
604 219 604 226
602 222 601 228
604 222 604 229
607 225 607 230
571 227 543 211
604 227 604 233
607 227 607 233
610 227 610 227
602 230 603 236
604 230 605 236
607 230 609 236
576 233 558 226
585 233 555 219
602 233 602 240
604 233 605 239
607 233 608 239
610 233 611 239
576 236 557 229
585 236 554 222
604 236 606 242
607 236 609 242
610 236 612 242
537 239 578 235
602 239 605 245
607 239 609 245
610 239 612 245
616 239 616 243
619 239 618 244
576 242 559 235
599 242 599 249
602 242 604 248
607 242 609 248
616 242 616 247
619 242 619 247
579 244 565 239
599 244 598 251
602 244 603 251
610 244 611 250
613 244 614 250
616 244 616 250
619 244 619 250
621 244 622 250
624 244 626 251
627 244 630 252
542 247 588 252
573 247 561 242
607 247 608 253
610 247 611 253
613 247 613 253
616 247 616 253
619 247 619 253
624 247 624 253
627 247 629 254
554 250 535 270
579 250 570 246
604 250 604 255
607 250 607 256
610 250 610 256
613 250 614 256
616 250 617 256
619 250 619 256
621 250 622 256
633 250 632 255
568 253 554 275
571 253 560 273
602 253 600 257
604 253 604 258
607 253 607 259
610 253 610 259
613 253 613 259
616 253 616 258
630 253 626 258
633 253 631 258
635 253 635 259
528 256 528 250
582 256 583 264
610 256 609 261
613 256 612 261
619 256 615 262
621 256 618 262
630 256 625 261
633 256 630 261
635 256 634 261
638 256 637 261
579 258 572 272
599 258 590 265
602 258 593 265
604 258 596 266
607 258 602 266
613 258 612 264
621 258 615 265
624 258 618 265
627 258 624 266
630 258 624 264
633 258 630 264
635 258 634 265
638 258 637 265
641 258 639 263
556 261 588 261
562 261 550 276
576 261 569 274
579 261 579 272
593 261 586 267
596 261 588 267
599 261 591 268
610 261 609 268
613 261 612 268
619 261 614 268
621 261 617 268
624 261 620 269
627 261 624 269
633 261 626 267
635 261 630 268
638 261 633 268
641 261 639 267
562 264 550 278
565 264 553 279
568 264 556 280
571 264 560 280
590 264 582 271
593 264 585 271
610 264 608 271
633 264 627 270
635 264 632 271
638 264 635 271
641 264 638 271
644 264 642 270
565 267 553 282
568 267 558 283
571 267 562 283
573 267 566 280
576 267 569 280
593 267 584 273
596 267 588 271
599 267 591 271
607 267 601 270
610 267 605 270
624 267 621 273
630 267 626 273
633 267 629 274
635 267 632 274
638 267 635 274
641 267 638 274
644 267 641 274
562 270 549 284
565 270 552 285
585 270 577 279
588 270 580 279
590 270 584 280
593 270 585 276
596 270 588 276
599 270 591 276
602 270 595 276
610 270 607 274
613 270 610 275
616 270 613 275
619 270 615 276
627 270 623 277
630 270 626 277
633 270 629 277
635 270 632 276
638 270 635 277
641 270 637 277
647 270 645 276
534 273 537 238
573 273 565 286
576 273 568 284
579 273 571 284
585 273 577 282
588 273 580 282
593 273 586 280
599 273 591 278
610 273 606 277
613 273 610 278
616 273 612 278
619 273 615 279
633 273 628 280
638 273 634 280
641 273 637 280
647 273 647 279
579 275 571 286
582 275 575 285
585 275 577 286
590 275 583 283
593 275 587 283
599 275 592 282
602 275 594 278
604 275 597 279
607 275 601 280
610 275 606 281
613 275 609 281
616 275 612 281
619 275 615 281
627 275 625 282
635 275 634 283
638 275 637 284
647 275 647 283
588 278 581 285
590 278 584 286
593 278 587 286
599 278 592 285
602 278 594 282
604 278 597 282
607 278 602 284
613 278 608 283
616 278 612 284
619 278 615 283
624 278 619 284
588 281 581 288
590 281 584 289
596 281 590 287
599 281 592 287
602 281 596 288
604 281 599 287
610 281 605 287
613 281 608 287
627 281 624 286
638 281 633 287
568 284 561 286
599 284 593 290
602 284 595 290
604 284 599 290
607 284 602 290
610 284 604 290
613 284 608 290
619 284 612 288
627 284 624 289
635 284 630 290
638 284 634 290
641 284 636 290
644 284 639 290
565 287 562 291
568 287 564 290
571 287 566 291
573 287 569 291
576 287 573 291
607 287 601 293
610 287 604 293
613 287 607 292
616 287 610 293
619 287 611 291
621 287 615 291
624 287 618 291
630 287 626 293
635 287 630 292
638 287 633 293
641 287 636 293
644 287 639 293
554 290 550 294
556 290 554 294
562 290 560 293
568 290 564 293
571 290 567 294
573 290 570 294
576 290 573 294
579 290 576 294
582 290 579 295
590 290 586 293
593 290 589 294
596 290 591 294
602 290 596 294
607 290 601 295
610 290 604 295
613 290 607 295
616 290 610 296
619 290 613 295
621 290 616 296
624 290 618 295
627 290 621 295
630 290 626 296
635 290 629 295
638 290 632 296
641 290 635 296
644 290 639 296
551 292 545 298
554 292 550 297
556 292 553 297
562 292 560 296
565 292 563 297
571 292 567 297
576 292 573 297
588 292 583 296
590 292 586 299
593 292 589 297
596 292 591 298
599 292 594 298
604 292 598 295
613 292 607 298
616 292 611 299
619 292 613 299
621 292 616 299
624 292 618 298
627 292 622 299
633 292 626 298
635 292 630 298
638 292 632 298
641 292 635 298
647 292 642 298
551 295 544 299
554 295 550 301
556 295 554 300
562 295 561 299
565 295 563 299
568 295 566 299
571 295 568 300
573 295 571 300
579 295 576 297
582 295 579 298
585 295 582 298
596 295 591 300
602 295 596 300
604 295 600 300
624 295 619 301
627 295 622 302
630 295 624 302
633 295 628 302
638 295 632 301
641 295 635 301
644 295 638 301
647 295 642 301
554 298 549 303
556 298 556 304
559 298 558 304
565 298 562 301
568 298 566 301
571 298 569 302
576 298 574 301
585 298 581 302
588 298 584 302
593 298 590 302
610 298 604 302
613 298 607 302
619 298 613 303
621 298 616 304
624 298 619 305
630 298 625 305
633 298 628 305
635 298 631 305
644 298 638 304
647 298 644 304
565 301 562 304
568 301 565 305
573 301 572 304
576 301 574 304
579 301 577 304
582 301 579 302
588 301 585 304
590 301 587 305
596 301 594 304
607 301 600 304
610 301 604 305
613 301 607 305
616 301 612 306
619 301 615 306
627 301 622 307
630 301 625 307
641 301 635 307
644 301 638 307
647 301 646 307
571 304 568 307
573 304 571 307
576 304 574 307
579 304 577 307
582 304 580 307
585 304 582 305
593 304 590 306
596 304 593 307
599 304 596 307
613 304 609 308
616 304 613 309
619 304 615 309
633 304 627 309
635 304 630 308
641 304 635 309
644 304 637 310
647 304 646 314
571 306 565 309
579 306 577 311
588 306 586 309
593 306 591 309
599 306 596 309
604 306 601 310
610 306 606 311
624 306 621 311
627 306 624 311
630 306 627 311
635 306 630 311
641 306 636 313
571 309 565 311
573 309 568 312
588 309 585 312
590 309 589 312
593 309 592 313
602 309 599 313
621 309 619 314
624 309 621 314
627 309 624 314
630 309 627 314
588 312 585 315
590 312 588 316
610 312 608 315
582 315 576 316
593 315 593 315
596 315 596 315
610 315 599 316
633 315 611 315
638 315 636 316
641 315 639 316
644 315 643 316
