576 208 592 210
573 211 591 216
576 211 593 217
573 213 591 219
585 213 562 232
576 219 553 232
579 219 560 235
582 219 563 235
534 222 551 216
531 225 548 219
540 225 555 219
542 225 557 219
579 225 551 261
531 227 548 221
540 227 560 220
540 230 557 223
551 230 563 223
528 233 545 225
573 239 599 235
596 242 599 223
590 244 617 258
596 244 599 226
582 247 611 260
588 247 615 260
590 247 617 260
576 250 601 244
596 250 599 230
576 256 601 248
579 256 603 248
582 256 604 241
576 258 601 250
579 258 603 251
585 258 606 244
534 261 553 264
537 261 556 265
551 261 575 267
531 264 551 267
542 264 565 269
585 264 606 248
593 264 612 251
599 264 615 252
579 267 603 254
585 267 606 250
579 270 603 256
585 270 606 254
588 270 609 254
542 273 565 274
585 273 606 256
588 273 608 257
593 275 613 272
596 275 616 273
548 278 571 278
576 281 592 271
588 281 582 275
630 281 631 274
576 284 592 274
590 284 585 279
593 284 601 280
619 284 625 279
624 284 628 279
627 284 630 280
542 287 561 290
545 287 564 290
619 287 625 282
624 287 628 282
627 287 630 283
540 290 560 292
545 290 564 292
551 290 570 291
593 290 600 284
604 290 612 281
630 290 635 290
635 290 639 289
537 292 557 292
545 292 564 295
548 292 567 293
551 292 569 294
590 292 597 286
593 292 600 286
596 292 602 287
602 292 606 288
635 292 639 292
548 295 566 296
554 295 570 296
599 295 603 290
621 295 627 291
641 295 643 293
540 298 552 289
542 298 561 299
545 298 563 299
548 298 566 299
588 298 597 289
599 298 603 293
548 301 566 302
562 301 575 299
565 301 578 299
582 301 590 304
585 301 593 304
596 301 603 298
607 301 620 307
635 301 635 296
638 301 639 296
641 301 644 299
554 304 569 305
556 304 572 305
562 304 575 302
565 304 578 302
582 304 590 307
585 304 593 306
588 304 596 306
590 304 598 305
641 304 643 302
542 306 551 297
548 306 554 298
562 306 575 306
565 306 578 306
571 306 580 309
579 306 589 311
582 306 591 310
588 306 596 310
590 306 598 307
647 306 647 302
548 309 554 300
571 309 580 312
573 309 583 312
576 309 586 312
579 309 588 313
582 309 591 313
588 309 595 313
607 309 622 312
644 309 647 312
556 312 568 313
559 312 570 314
602 312 613 315
616 312 628 313
644 312 646 315
647 312 647 305
568 315 574 315
571 315 579 315
573 315 583 315
576 315 587 315
588 315 595 316
593 315 601 314
607 315 618 316
610 315 621 315
613 315 624 315
619 315 628 315
621 315 630 316
