551 199 551 199
556 199 555 199
548 202 548 202
551 202 551 201
556 202 554 202
559 202 557 202
571 202 576 200
579 202 584 201
545 205 545 205
548 205 549 204
551 205 551 204
556 205 554 205
562 205 567 202
565 205 570 202
568 205 573 203
573 205 579 204
576 205 582 204
579 205 585 204
531 208 531 208
534 208 534 207
537 208 537 207
540 208 540 207
545 208 544 208
548 208 546 208
559 208 564 205
562 208 566 205
565 208 569 205
568 208 573 206
571 208 576 207
573 208 580 207
576 208 583 207
579 208 585 207
582 208 588 207
531 211 531 211
537 211 537 210
540 211 540 210
545 211 550 207
551 211 557 209
562 211 567 208
565 211 570 209
568 211 573 209
576 211 583 209
579 211 585 210
582 211 588 210
531 213 533 212
540 213 545 209
542 213 548 210
545 213 550 210
562 213 567 211
565 213 570 212
573 213 579 213
576 213 583 212
579 213 585 213
582 213 587 213
528 216 529 215
531 216 533 215
534 216 538 213
537 216 541 213
540 216 544 213
548 216 553 212
551 216 556 213
554 216 559 213
556 216 562 213
559 216 565 214
562 216 567 216
565 216 571 215
568 216 574 215
571 216 577 215
576 216 582 215
582 216 587 216
585 216 589 216
588 216 591 215
531 219 536 215
534 219 538 215
537 219 542 216
542 219 548 217
548 219 552 217
551 219 556 216
554 219 559 217
556 219 562 216
559 219 565 217
565 219 571 218
568 219 573 218
571 219 576 218
576 219 584 217
585 219 590 219
528 222 533 218
531 222 536 218
534 222 539 218
537 222 542 219
540 222 545 219
551 222 556 219
565 222 571 221
568 222 573 221
579 222 586 222
582 222 589 223
528 225 533 221
531 225 536 221
534 225 539 221
537 225 542 222
540 225 545 222
542 225 548 221
562 225 564 226
565 225 567 226
571 225 575 224
573 225 579 225
576 225 582 225
579 225 586 226
528 227 534 224
534 227 539 224
537 227 542 225
542 227 548 225
551 227 557 226
554 227 560 226
565 227 570 226
568 227 573 227
571 227 576 228
573 227 579 228
576 227 582 228
593 227 593 218
596 227 596 218
528 230 534 227
548 230 554 228
551 230 557 228
562 230 566 229
565 230 570 230
568 230 573 231
596 230 596 221
528 233 534 231
542 233 550 231
545 233 552 231
551 233 557 231
596 233 596 225
534 236 540 232
542 236 550 234
545 236 553 234
551 236 556 234
588 236 591 233
545 239 549 237
559 239 573 234
562 239 575 234
607 239 610 252
542 242 546 239
545 242 549 240
551 242 555 238
599 242 590 243
602 242 592 243
607 242 596 244
610 242 599 244
528 244 529 243
531 244 532 244
534 244 539 242
537 244 542 243
540 244 545 243
542 244 548 243
551 244 555 240
559 244 571 237
562 244 575 237
602 244 591 246
610 244 598 247
613 244 602 247
528 247 529 247
531 247 531 247
537 247 541 245
542 247 548 246
556 247 558 240
562 247 575 240
607 247 595 249
610 247 598 250
528 250 528 250
531 250 532 249
548 250 561 269
607 250 594 252
610 250 597 254
613 250 601 253
531 253 531 252
556 253 557 247
559 253 560 247
602 253 590 258
604 253 592 255
607 253 594 255
624 253 613 256
627 253 618 256
528 256 527 255
556 256 557 250
559 256 560 250
604 256 592 258
616 256 604 260
621 256 609 258
624 256 615 259
630 256 621 259
559 258 559 254
582 258 563 245
585 258 566 246
607 258 602 267
619 258 609 261
621 258 612 261
624 258 614 262
627 258 617 262
630 258 621 262
545 261 571 257
604 261 598 270
610 261 606 268
621 261 609 265
624 261 614 264
633 261 624 264
635 261 627 264
604 264 597 272
607 264 602 271
621 264 611 267
627 264 618 266
630 264 621 267
633 264 624 268
635 264 627 267
638 264 630 268
641 264 639 272
548 267 571 259
554 267 546 258
602 267 591 275
624 267 614 269
627 267 617 269
630 267 621 270
633 267 624 270
635 267 626 270
638 267 629 270
548 270 570 265
551 270 573 265
616 270 607 271
619 270 610 271
621 270 614 272
627 270 616 271
630 270 621 273
633 270 624 273
635 270 625 273
638 270 629 274
641 270 634 274
576 273 557 245
619 273 610 273
621 273 613 273
624 273 616 274
630 273 619 275
633 273 623 275
635 273 625 276
641 273 632 278
602 275 590 281
604 275 594 281
607 275 600 282
630 275 620 278
633 275 622 279
635 275 625 279
638 275 628 280
641 275 632 280
531 278 539 280
554 278 573 288
576 278 565 252
610 278 606 280
613 278 609 280
624 278 615 279
635 278 625 282
638 278 628 283
641 278 631 283
647 278 635 282
531 281 539 282
556 281 572 279
616 281 613 281
624 281 616 281
635 281 625 285
638 281 628 286
647 281 635 284
531 284 539 286
534 284 542 283
537 284 545 283
551 284 568 294
554 284 569 281
559 284 604 273
562 284 574 282
596 284 596 285
607 284 594 291
610 284 598 291
619 284 611 284
624 284 616 284
627 284 618 284
647 284 636 287
540 287 548 286
562 287 574 285
573 287 578 283
596 287 596 288
607 287 594 294
619 287 611 288
624 287 615 287
627 287 618 287
545 290 548 290
551 290 550 290
568 290 577 289
576 290 580 286
551 292 553 291
554 292 556 291
559 292 559 291
565 292 573 292
568 292 576 292
582 292 585 293
588 292 588 294
590 292 589 291
647 292 647 302
551 295 551 295
554 295 554 295
576 295 581 296
582 295 585 296
588 295 588 297
590 295 591 296
593 295 593 297
596 295 596 297
604 295 603 296
641 295 631 299
647 295 647 306
559 298 562 296
565 298 569 297
582 298 584 299
588 298 589 299
590 298 591 300
593 298 594 300
596 298 596 300
602 298 601 299
604 298 603 299
607 298 606 299
559 301 559 298
562 301 564 299
565 301 568 299
568 301 572 300
573 301 578 301
576 301 581 299
582 301 584 302
585 301 586 302
590 301 590 303
593 301 593 303
596 301 596 303
604 301 603 302
607 301 605 302
627 301 618 304
641 301 631 303
644 301 637 304
562 304 564 302
568 304 572 303
571 304 574 303
582 304 583 305
585 304 586 305
590 304 590 306
593 304 593 306
596 304 595 306
599 304 599 305
602 304 601 305
607 304 606 305
568 306 571 306
571 306 573 306
573 306 576 307
579 306 580 308
582 306 583 308
585 306 585 308
588 306 588 308
593 306 592 310
599 306 599 308
602 306 601 307
568 309 570 309
571 309 573 310
576 309 577 311
579 309 579 311
582 309 582 311
585 309 585 311
593 309 591 313
599 309 598 311
602 309 601 310
604 309 603 311
610 309 608 311
627 309 617 307
633 309 627 311
644 309 637 310
565 312 565 313
568 312 570 313
571 312 572 312
576 312 576 314
579 312 579 314
582 312 582 314
588 312 588 313
602 312 601 313
604 312 603 313
613 312 611 313
627 312 623 314
633 312 624 311
638 312 633 312
647 312 646 308
568 315 569 315
571 315 572 315
576 315 575 316
585 315 585 315
588 315 588 316
593 315 592 316
613 315 610 316
616 315 613 315
619 315 617 316
635 315 627 315
638 315 630 315
641 315 633 315
