565 199 576 208
545 205 566 207
554 208 545 221
573 219 567 213
579 219 594 219
573 222 590 221
576 222 593 222
588 225 600 224
534 233 560 273
531 236 559 275
556 236 579 277
579 236 575 237
534 239 552 222
582 239 579 239
607 239 614 231
610 239 618 231
576 244 581 256
585 244 585 244
579 247 574 245
582 247 576 245
585 247 579 246
604 247 602 252
621 247 629 269
571 250 576 259
576 250 572 248
604 250 602 255
624 250 631 272
537 253 537 253
602 253 598 254
604 253 601 259
537 256 536 256
534 261 542 274
607 261 604 270
630 261 616 262
638 261 642 286
585 264 626 295
593 264 593 266
604 264 601 271
607 264 604 272
624 264 610 263
630 264 617 265
644 264 640 281
537 267 535 275
585 267 582 266
588 267 585 267
635 267 622 269
571 270 618 300
624 270 610 270
534 273 534 279
585 273 581 271
588 273 584 272
590 273 587 272
607 273 600 275
635 273 620 275
542 278 537 284
556 278 558 281
559 278 561 282
568 278 619 306
602 278 587 285
610 278 603 279
613 278 606 279
621 278 609 278
627 278 613 279
630 278 616 280
633 278 619 281
635 278 622 282
542 281 537 280
551 281 553 284
556 281 558 284
562 281 563 284
576 281 570 284
621 281 609 280
627 281 612 282
644 281 625 285
542 284 540 284
545 284 543 285
551 284 553 286
559 284 560 286
562 284 563 287
573 284 570 288
582 284 577 287
585 284 580 287
596 284 592 286
610 284 603 290
621 284 609 284
545 287 543 287
554 287 555 289
556 287 558 289
562 287 563 290
565 287 565 290
576 287 572 289
582 287 576 289
588 287 585 291
593 287 590 290
621 287 610 291
633 287 616 289
635 287 620 290
545 290 541 291
554 290 555 292
556 290 557 292
562 290 563 292
565 290 565 293
571 290 569 292
573 290 572 292
579 290 578 292
607 290 602 293
630 290 620 294
633 290 622 294
548 292 548 292
551 292 550 294
554 292 553 295
556 292 556 295
559 292 560 295
568 292 568 296
571 292 570 296
573 292 573 296
579 292 578 296
585 292 582 295
588 292 585 296
590 292 587 296
596 292 592 294
621 292 609 295
624 292 612 296
633 292 625 298
548 295 548 295
551 295 550 296
554 295 553 297
565 295 565 298
568 295 568 298
571 295 570 298
573 295 573 298
579 295 577 300
582 295 580 298
585 295 583 298
596 295 592 297
599 295 595 297
604 295 599 295
607 295 602 296
610 295 605 297
619 295 607 300
624 295 612 298
556 298 556 299
559 298 560 300
565 298 564 300
568 298 567 300
571 298 570 300
582 298 580 301
585 298 583 301
590 298 587 300
593 298 590 300
599 298 595 301
602 298 597 299
604 298 600 299
610 298 604 299
554 301 552 301
556 301 556 302
562 301 562 302
565 301 565 304
573 301 573 303
576 301 575 303
582 301 580 304
585 301 582 304
590 301 587 303
593 301 590 304
596 301 592 303
602 301 597 302
604 301 599 302
641 301 637 309
559 304 559 303
562 304 561 307
565 304 564 307
573 304 573 306
576 304 575 306
579 304 578 306
585 304 582 307
588 304 585 306
590 304 588 306
596 304 592 307
599 304 596 304
604 304 600 305
610 304 604 303
613 304 607 304
568 306 567 308
573 306 572 308
576 306 575 309
579 306 578 310
588 306 585 309
590 306 588 308
599 306 596 308
602 306 598 309
607 306 602 307
610 306 605 307
633 306 622 308
562 309 561 309
565 309 564 311
568 309 567 311
573 309 571 312
582 309 580 311
585 309 583 312
590 309 587 312
593 309 592 311
599 309 595 311
607 309 602 310
610 309 605 310
627 309 619 310
576 312 574 314
579 312 577 315
582 312 580 315
593 312 591 314
596 312 594 314
602 312 598 312
604 312 600 313
607 312 603 314
630 312 615 309
633 312 621 312
568 315 567 315
571 315 570 315
576 315 573 316
585 315 583 315
588 315 586 316
602 315 598 315
604 315 600 315
619 315 614 316
627 315 610 315
635 315 624 315
