565 199 578 207
556 202 572 207
562 208 544 224
537 211 537 211
534 213 534 214
542 225 563 205
556 230 567 216
534 233 546 218
537 233 554 271
542 233 564 214
582 233 574 242
582 236 574 244
585 236 576 245
534 239 548 221
554 239 575 224
551 242 565 222
579 242 575 238
588 244 584 243
528 247 528 234
534 247 534 235
531 250 530 239
534 250 534 238
576 250 575 265
624 250 620 259
627 250 623 259
534 253 531 252
537 253 534 252
624 253 620 262
627 253 623 263
630 253 626 264
537 256 533 255
576 256 575 268
599 256 587 258
604 256 597 257
607 256 600 258
630 256 626 266
534 258 533 258
588 258 575 251
604 258 596 260
607 258 599 260
633 258 629 268
585 261 571 253
624 261 610 260
627 261 612 261
630 261 617 262
588 264 574 255
630 264 615 264
588 267 574 258
627 267 612 267
635 267 622 269
590 270 577 269
593 270 581 269
624 270 611 270
571 273 621 299
590 273 577 271
635 273 620 274
576 275 573 278
624 275 610 273
627 275 613 274
633 275 616 276
635 275 622 277
638 275 625 278
556 278 555 278
579 278 576 279
588 278 582 280
613 278 606 276
627 278 613 277
630 278 616 279
633 278 619 279
635 278 621 280
647 278 633 279
554 281 552 280
556 281 555 280
559 281 557 280
562 281 561 281
571 281 568 280
627 281 612 280
647 281 632 282
554 284 552 283
556 284 554 283
559 284 557 284
568 284 565 283
571 284 568 283
573 284 570 284
582 284 578 283
588 284 584 284
630 284 615 284
635 284 627 287
551 287 550 286
554 287 552 286
562 287 560 285
565 287 564 286
568 287 567 286
576 287 574 285
579 287 577 285
582 287 580 286
593 287 591 285
619 287 610 287
548 290 549 289
551 290 552 290
559 290 557 288
562 290 561 288
565 290 564 289
573 290 570 287
576 290 573 288
593 290 590 288
619 290 610 289
548 292 548 292
551 292 552 292
556 292 555 290
559 292 557 291
565 292 563 291
568 292 566 291
571 292 569 291
573 292 572 291
579 292 576 290
582 292 579 290
585 292 582 291
588 292 585 291
596 292 593 289
616 292 606 292
638 292 631 298
641 292 635 299
554 295 554 294
559 295 558 294
568 295 566 294
571 295 569 294
573 295 572 294
576 295 574 292
582 295 579 293
585 295 583 293
588 295 585 294
590 295 588 294
596 295 593 292
616 295 605 295
619 295 608 297
551 298 550 296
554 298 554 297
556 298 557 298
562 298 561 296
565 298 564 295
573 298 572 297
576 298 575 296
579 298 577 296
582 298 580 296
588 298 584 297
593 298 590 296
599 298 596 296
602 298 598 295
604 298 601 295
554 301 553 300
556 301 556 301
559 301 559 302
565 301 564 299
576 301 575 299
579 301 577 299
582 301 580 299
590 301 588 299
593 301 590 299
596 301 593 299
602 301 598 298
604 301 601 298
607 301 604 298
559 304 559 305
562 304 562 303
568 304 566 301
571 304 569 301
573 304 572 301
579 304 577 303
582 304 579 303
585 304 583 301
590 304 587 302
593 304 590 302
596 304 593 302
562 306 562 306
565 306 565 307
568 306 566 304
571 306 569 304
573 306 572 304
579 306 577 306
582 306 579 306
585 306 582 306
588 306 585 305
590 306 588 305
599 306 596 304
602 306 599 305
604 306 602 304
610 306 606 303
638 306 636 310
562 309 562 309
565 309 565 311
571 309 569 307
573 309 572 307
576 309 574 307
582 309 579 309
585 309 582 310
588 309 584 308
590 309 588 308
599 309 596 307
602 309 598 307
610 309 606 306
621 309 612 308
627 309 627 311
647 309 644 315
579 312 577 311
588 312 585 311
590 312 587 311
593 312 591 310
596 312 594 310
602 312 598 311
604 312 601 308
616 312 608 310
621 312 612 311
633 312 631 312
571 315 573 315
573 315 577 315
582 315 580 314
588 315 584 314
593 315 591 313
596 315 593 314
599 315 596 314
602 315 600 315
604 315 603 315
619 315 610 314
624 315 624 316
630 315 625 313
633 315 631 315
635 315 634 315
