371 181 339 35
389 181 362 35
354 198 317 56
371 198 339 55
389 198 362 55
424 198 407 45
441 198 430 43
337 215 295 75
354 215 317 77
371 215 340 76
389 215 362 79
458 215 451 81
476 215 472 82
493 215 493 84
580 215 598 94
319 233 271 96
337 233 292 96
354 233 317 97
371 233 339 97
389 233 366 104
406 233 386 102
424 233 408 100
441 233 429 100
458 233 452 103
476 233 472 103
493 233 494 103
510 233 515 105
302 250 248 118
319 250 272 118
337 250 295 119
354 250 318 119
371 250 341 120
389 250 362 120
406 250 386 122
424 250 406 125
441 250 428 122
458 250 451 123
476 250 473 124
493 250 493 123
267 267 209 145
285 267 229 143
302 267 249 140
319 267 272 139
337 267 296 141
354 267 318 140
371 267 340 140
389 267 362 141
406 267 384 142
424 267 407 143
441 267 429 143
458 267 451 144
476 267 472 144
545 267 547 159
267 285 212 166
302 285 252 166
319 285 273 163
337 285 295 163
354 285 317 162
371 285 340 163
389 285 362 163
406 285 385 164
424 285 408 164
441 285 429 165
458 285 451 165
476 285 471 166
528 285 527 176
562 285 566 178
215 302 150 193
250 302 196 188
302 302 255 188
319 302 273 184
337 302 296 184
354 302 319 184
371 302 341 184
389 302 362 183
406 302 385 185
424 302 408 185
441 302 428 186
458 302 449 185
476 302 472 187
510 302 510 192
215 319 151 212
250 319 198 210
267 319 221 214
319 319 277 208
337 319 298 208
354 319 319 208
371 319 342 207
389 319 365 206
406 319 385 206
424 319 409 207
441 319 429 207
458 319 451 207
476 319 472 208
510 319 510 211
528 319 530 211
267 337 226 234
285 337 245 233
302 337 261 232
337 337 299 230
354 337 318 229
371 337 342 230
389 337 361 227
406 337 387 229
424 337 409 228
441 337 429 228
458 337 451 229
510 337 511 232
528 337 530 231
319 354 281 251
337 354 301 251
354 354 321 250
371 354 342 251
389 354 368 252
406 354 387 251
424 354 407 251
441 354 430 249
493 354 488 253
510 354 506 252
545 354 544 254
562 354 562 253
302 371 268 279
354 371 326 272
371 371 344 271
406 371 387 271
424 371 406 271
458 371 448 268
493 371 487 272
545 371 546 273
562 371 564 272
233 389 183 298
250 389 201 299
371 389 347 291
389 389 367 291
424 389 407 291
441 389 428 291
458 389 447 289
562 389 564 291
233 406 182 316
371 406 349 311
389 406 368 310
406 406 388 309
458 406 448 311
493 406 485 310
510 406 503 312
545 406 546 309
562 406 564 307
302 424 268 332
319 424 288 333
337 424 303 333
354 424 331 331
371 424 346 330
389 424 369 329
406 424 387 329
424 424 407 328
441 424 426 329
476 424 462 329
528 424 527 330
545 424 545 329
562 424 563 326
319 441 288 351
337 441 303 349
371 441 349 348
389 441 367 349
406 441 388 349
424 441 404 348
441 441 424 348
458 441 442 348
476 441 465 347
493 441 482 348
528 441 526 348
562 441 563 350
354 458 332 368
371 458 352 369
389 458 368 366
406 458 388 367
424 458 406 366
441 458 427 367
476 458 461 368
528 458 526 367
545 458 545 367
562 458 562 371
371 476 351 388
406 476 390 386
