476 77 462 93
129 94 125 92
458 94 447 109
42 111 37 107
94 111 90 109
129 111 124 110
42 129 39 126
59 129 58 125
77 129 73 126
94 129 89 126
111 129 107 127
441 129 430 154
458 129 447 155
42 146 40 143
59 146 58 143
94 146 93 144
111 146 111 145
129 146 130 145
163 146 160 146
181 146 175 146
441 146 430 170
25 163 25 160
42 163 41 161
59 163 56 161
423 163 413 185
389 181 379 192
354 198 348 209
389 198 379 210
406 198 397 213
423 198 411 215
337 215 331 225
354 215 348 226
389 215 379 228
458 215 445 229
476 215 460 229
493 215 477 230
510 215 494 228
319 233 313 244
337 233 330 244
354 233 347 244
371 233 362 244
406 233 395 245
423 233 412 245
441 233 427 246
458 233 443 246
476 233 460 246
493 233 476 246
510 233 493 245
302 250 297 260
319 250 314 261
337 250 330 261
354 250 346 262
371 250 362 260
406 250 395 262
423 250 410 263
441 250 427 263
458 250 443 263
476 250 459 262
493 250 475 263
250 267 244 270
267 267 262 274
285 267 280 275
302 267 298 277
319 267 313 278
337 267 330 278
354 267 347 279
389 267 378 278
406 267 395 279
423 267 410 279
441 267 426 280
458 267 443 279
476 267 458 279
528 267 510 275
267 285 262 290
302 285 298 292
319 285 314 294
337 285 329 293
354 285 346 295
371 285 362 296
406 285 395 297
423 285 410 296
441 285 426 296
458 285 442 296
476 285 457 296
493 285 475 295
510 285 493 292
545 285 526 291
215 302 213 304
233 302 230 304
302 302 297 309
319 302 312 310
337 302 329 310
354 302 346 311
371 302 362 312
406 302 394 313
423 302 410 313
441 302 426 313
458 302 443 313
476 302 458 313
493 302 474 310
510 302 491 310
528 302 505 310
215 319 211 320
233 319 228 321
267 319 260 321
319 319 312 325
337 319 328 327
354 319 345 327
371 319 362 328
406 319 394 329
423 319 409 329
441 319 425 330
458 319 442 330
476 319 456 329
493 319 474 327
510 319 490 327
528 319 505 328
302 337 293 339
319 337 311 341
337 337 328 342
354 337 345 342
371 337 361 343
406 337 393 343
423 337 410 346
441 337 425 345
458 337 441 345
476 337 456 344
493 337 473 343
510 337 489 343
267 354 259 352
285 354 276 354
319 354 310 357
337 354 328 358
354 354 344 358
371 354 361 359
389 354 378 359
423 354 409 360
441 354 425 361
545 354 521 358
267 371 258 370
285 371 274 373
302 371 293 373
423 371 407 374
458 371 440 377
476 371 455 376
493 371 473 373
545 371 520 375
562 371 535 375
233 389 227 382
250 389 246 383
337 389 325 387
371 389 358 388
406 389 391 389
528 389 504 390
545 389 520 391
562 389 534 392
215 406 206 398
267 406 262 400
285 406 276 398
319 406 310 401
337 406 326 401
354 406 341 402
389 406 374 403
406 406 390 404
545 406 519 407
562 406 534 405
215 423 209 414
233 423 226 418
319 423 311 415
406 423 390 420
423 423 407 419
441 423 422 422
476 423 454 421
493 423 471 421
528 423 502 424
545 423 518 424
562 423 535 420
233 441 225 435
337 441 327 434
389 441 370 436
423 441 404 438
441 441 422 439
458 441 437 439
476 441 455 438
493 441 469 439
528 441 501 439
233 458 227 453
337 458 327 455
354 458 342 455
389 458 371 452
423 458 405 454
441 458 421 456
458 458 437 457
476 458 453 456
493 458 469 456
528 458 501 455
545 458 516 456
233 476 224 466
250 476 244 470
406 476 385 474
423 476 403 474
441 476 419 474
493 476 467 475
510 476 485 473
