1.000000000000000000e+00 0.000000000000000000e+00 0.000000000000000000e+00 -4.922165349125862122e-02
0.000000000000000000e+00 1.000000000000000000e+00 0.000000000000000000e+00 -6.750948727130889893e-02
0.000000000000000000e+00 0.000000000000000000e+00 1.000000000000000000e+00 -5.077975988388061523e-01
0.000000000000000000e+00 0.000000000000000000e+00 0.000000000000000000e+00 1.000000000000000000e+00
9.975510239601135254e-01 -4.374461993575096130e-02 -5.457512289285659790e-02 -6.057907268404960632e-02
4.644855484366416931e-02 9.977033138275146484e-01 4.930210486054420471e-02 -9.443910419940948486e-02
5.229309573769569397e-02 -5.171627923846244812e-02 9.972918033599853516e-01 -5.102493166923522949e-01
0.000000000000000000e+00 0.000000000000000000e+00 0.000000000000000000e+00 1.000000000000000000e+00
9.976156353950500488e-01 -3.985754773020744324e-02 -5.634272098541259766e-02 -5.996359139680862427e-02
4.253121837973594666e-02 9.979853034019470215e-01 4.707923904061317444e-02 -9.399755299091339111e-02
5.435275658965110779e-02 -4.936329647898674011e-02 9.973009228706359863e-01 -5.116420984268188477e-01
0.000000000000000000e+00 0.000000000000000000e+00 0.000000000000000000e+00 1.000000000000000000e+00
9.966408014297485352e-01 -6.537980586290359497e-02 -4.932191222906112671e-02 -5.111117660999298096e-02
6.870169192552566528e-02 9.952504634857177734e-01 6.896778941154479980e-02 -1.076530069112777710e-01
4.457856714725494385e-02 -7.212460041046142578e-02 9.963989257812500000e-01 -5.072003602981567383e-01
0.000000000000000000e+00 0.000000000000000000e+00 0.000000000000000000e+00 1.000000000000000000e+00
9.983664155006408691e-01 3.375507891178131104e-02 -4.609794542193412781e-02 -6.037688255310058594e-02
-3.253857046365737915e-02 9.991086721420288086e-01 2.688933536410331726e-02 -8.812393248081207275e-02
4.696453362703323364e-02 -2.534540370106697083e-02 9.985749125480651855e-01 -5.145203471183776855e-01
0.000000000000000000e+00 0.000000000000000000e+00 0.000000000000000000e+00 1.000000000000000000e+00
9.786062240600585938e-01 -1.920449584722518921e-01 -7.381509989500045776e-02 -3.866244852542877197e-02
1.966841071844100952e-01 9.785222411155700684e-01 6.172224506735801697e-02 -1.181287765502929688e-01
6.037628650665283203e-02 -7.492001354694366455e-02 9.953600764274597168e-01 -5.180021524429321289e-01
0.000000000000000000e+00 0.000000000000000000e+00 0.000000000000000000e+00 1.000000000000000000e+00
9.721950888633728027e-01 -2.198161482810974121e-01 -8.073059469461441040e-02 -3.432457521557807922e-02
2.264000177383422852e-01 9.703875184059143066e-01 8.420734852552413940e-02 -1.312369853258132935e-01
5.982976406812667847e-02 -1.001434251666069031e-01 9.931725263595581055e-01 -5.145608186721801758e-01
0.000000000000000000e+00 0.000000000000000000e+00 0.000000000000000000e+00 1.000000000000000000e+00
9.595949649810791016e-01 -2.617943584918975830e-01 -1.031551137566566467e-01 -2.275555767118930817e-02
2.717591822147369385e-01 9.573119878768920898e-01 9.849084168672561646e-02 -1.367798596620559692e-01
7.296717911958694458e-02 -1.225447431206703186e-01 9.897770285606384277e-01 -5.106053352355957031e-01
0.000000000000000000e+00 0.000000000000000000e+00 0.000000000000000000e+00 1.000000000000000000e+00
9.551271200180053711e-01 -2.886409759521484375e-01 -6.647030264139175415e-02 -3.328702226281166077e-02
2.926234602928161621e-01 9.542884826660156250e-01 6.086659058928489685e-02 -1.203529760241508484e-01
4.586319625377655029e-02 -7.758615165948867798e-02 9.959301948547363281e-01 -5.205808281898498535e-01
0.000000000000000000e+00 0.000000000000000000e+00 0.000000000000000000e+00 1.000000000000000000e+00
9.573681354522705078e-01 -2.819530367851257324e-01 -6.283718347549438477e-02 -3.362307325005531311e-02
2.858780026435852051e-01 9.559921622276306152e-01 6.597315520048141479e-02 -1.241936013102531433e-01
4.147045686841011047e-02 -8.112441748380661011e-02 9.958408474922180176e-01 -5.214314460754394531e-01
0.000000000000000000e+00 0.000000000000000000e+00 0.000000000000000000e+00 1.000000000000000000e+00
9.262922406196594238e-01 -3.268889486789703369e-01 -1.874199658632278442e-01 4.076711833477020264e-02
3.767873346805572510e-01 8.084694147109985352e-01 4.521152973175048828e-01 -3.449328243732452393e-01
3.731718286871910095e-03 -4.894083738327026367e-01 8.720466494560241699e-01 -4.168557524681091309e-01
0.000000000000000000e+00 0.000000000000000000e+00 0.000000000000000000e+00 1.000000000000000000e+00
9.533759355545043945e-01 -2.994118332862854004e-01 -3.777284547686576843e-02 -8.330092579126358032e-02
3.014066815376281738e-01 9.509583711624145508e-01 6.951316446065902710e-02 -1.562362015247344971e-01
1.510731037706136703e-02 -7.765717059373855591e-02 9.968656301498413086e-01 -5.551813244819641113e-01
0.000000000000000000e+00 0.000000000000000000e+00 0.000000000000000000e+00 1.000000000000000000e+00
-8.995719999074935913e-02 -9.952453374862670898e-01 -3.734240308403968811e-02 -2.718921564519405365e-02
9.934455156326293945e-01 -9.232329577207565308e-02 6.739703565835952759e-02 -7.119821757078170776e-02
-7.052415609359741211e-02 -3.103479556739330292e-02 9.970271587371826172e-01 -5.048953294754028320e-01
0.000000000000000000e+00 0.000000000000000000e+00 0.000000000000000000e+00 1.000000000000000000e+00
