208 275 236 273
218 275 206 280
233 275 242 273
238 275 245 274
218 280 206 284
223 280 217 286
238 280 245 280
223 285 216 290
233 285 246 284
188 305 196 297
208 305 206 293
188 310 196 300
193 310 198 299
203 310 202 297
208 310 206 296
213 310 212 347
223 310 249 289
193 315 199 304
198 315 202 304
203 315 202 300
208 315 206 300
203 320 205 307
208 320 210 306
193 325 195 310
198 330 219 330
188 335 193 344
208 335 223 334
198 340 199 324
188 345 193 350
203 345 220 349
208 345 226 351
203 350 219 354
