588 261 594 285
590 261 596 285
602 264 608 289
576 267 585 288
590 267 595 289
593 267 598 289
590 270 594 292
599 270 603 293
602 270 606 293
604 270 609 292
593 273 597 294
604 273 608 295
607 273 611 296
590 275 594 295
593 275 597 297
596 275 600 298
599 275 602 298
610 275 614 299
613 275 618 299
647 275 647 292
607 278 609 299
610 278 612 299
613 278 616 302
616 278 620 302
619 278 620 299
644 278 643 297
590 281 593 299
613 281 616 305
644 281 644 300
647 281 647 300
633 284 628 306
635 284 632 305
638 284 637 306
644 284 644 303
647 284 647 303
562 287 567 296
593 287 594 304
633 287 628 309
635 287 632 309
638 287 637 310
565 290 569 299
568 290 572 299
571 290 575 299
576 290 579 300
596 290 597 306
604 290 605 307
627 290 625 312
633 290 629 312
635 290 632 312
638 290 634 312
568 292 572 302
571 292 575 303
576 292 579 303
579 292 581 303
582 292 584 303
585 292 587 303
588 292 591 304
604 292 606 310
638 292 635 316
571 295 574 305
582 295 584 306
585 295 587 306
588 295 590 306
599 295 599 310
610 295 608 313
613 295 611 313
571 298 575 308
576 298 578 308
579 298 581 308
582 298 584 308
585 298 587 309
588 298 590 309
576 301 578 311
579 301 581 311
582 301 584 310
585 301 587 311
588 301 589 312
579 306 578 314
582 306 583 314
585 306 586 314
