542 258 533 273
647 278 642 295
556 281 542 296
559 281 546 295
590 281 581 292
562 284 549 297
621 284 618 297
602 287 592 297
604 287 594 296
610 287 603 299
571 290 555 301
573 290 558 301
602 290 591 300
604 290 595 299
607 290 598 302
613 290 607 304
571 292 555 304
573 292 559 303
576 292 562 302
599 292 588 303
602 292 592 303
604 292 594 302
613 292 607 308
630 292 623 306
573 295 559 307
576 295 562 306
588 295 574 302
602 295 591 306
604 295 594 306
573 298 559 309
588 298 573 305
590 298 577 305
593 298 580 305
588 301 573 308
590 301 577 308
596 301 579 308
599 301 586 310
602 301 589 310
604 301 592 311
607 301 596 312
590 304 577 310
602 304 589 313
582 309 569 314
585 309 572 314
