554 202 566 207
562 205 577 209
582 205 583 209
588 205 587 209
542 208 557 211
548 208 565 210
562 208 579 211
585 208 586 212
540 211 553 216
542 211 557 214
551 211 572 211
559 211 575 213
562 211 578 213
542 213 556 218
565 213 581 215
590 213 608 233
593 213 611 236
537 216 551 220
551 216 570 232
565 216 575 238
588 216 607 235
596 216 613 238
537 219 550 230
548 219 565 239
562 219 572 240
565 219 574 241
568 219 578 241
571 219 572 222
582 219 599 243
588 219 601 245
590 219 604 245
596 219 613 241
531 222 534 251
537 222 550 233
540 222 552 234
542 222 558 239
548 222 564 241
571 222 579 245
576 222 593 246
593 222 608 247
599 222 612 247
537 225 549 236
545 225 560 243
548 225 570 246
565 225 573 247
568 225 576 247
571 225 579 248
585 225 599 250
588 225 604 250
590 225 606 250
582 227 596 253
588 227 598 253
593 227 606 253
596 227 609 253
548 230 565 247
576 230 591 255
585 230 594 256
590 230 601 255
537 233 546 243
545 233 559 249
554 233 561 251
562 233 584 257
596 236 603 262
537 239 545 245
540 242 550 254
545 242 565 258
545 244 558 264
542 247 553 266
607 247 619 254
562 250 571 274
565 250 575 275
602 250 613 256
604 250 615 256
607 250 619 256
610 250 622 258
531 253 530 253
534 253 533 253
559 253 568 277
562 253 572 276
576 253 592 276
604 253 616 258
610 253 621 260
528 256 528 256
537 256 542 252
542 256 548 257
559 256 567 280
565 256 575 279
571 256 578 279
607 256 617 263
616 256 625 262
528 258 528 259
540 258 544 255
542 258 548 260
562 258 570 281
565 258 574 282
571 258 577 283
616 258 625 265
619 258 627 265
559 261 565 283
562 261 569 283
565 261 573 284
604 261 614 265
610 261 617 266
613 261 620 266
616 261 623 267
619 261 626 267
531 264 534 259
579 264 588 268
585 264 583 288
588 264 585 289
596 264 603 265
604 264 613 269
610 264 615 269
613 264 619 269
624 264 630 269
534 267 537 262
537 267 540 263
579 267 578 291
585 267 584 292
593 267 602 269
604 267 612 271
610 267 616 272
616 267 622 272
619 267 624 272
621 267 627 273
624 267 631 273
528 270 529 266
531 270 533 266
599 270 604 272
613 270 617 274
616 270 620 275
619 270 624 275
624 270 631 277
531 273 532 270
534 273 535 268
537 273 538 269
540 273 541 270
610 273 613 277
613 273 616 277
616 273 620 278
619 273 623 278
534 275 534 272
607 275 610 279
610 275 612 279
613 275 615 280
616 275 619 280
621 275 626 280
624 275 629 281
627 275 632 281
635 275 637 278
528 278 530 273
534 278 534 274
540 278 541 273
590 278 589 289
596 278 597 289
619 278 622 282
621 278 625 283
624 278 628 284
627 278 632 284
635 278 634 275
528 281 529 276
537 281 538 276
540 281 540 276
596 281 596 292
599 281 598 292
621 281 624 285
624 281 628 286
633 281 636 286
641 281 640 280
528 284 528 279
537 284 537 278
540 284 540 279
590 284 587 296
596 284 595 294
613 284 614 287
619 284 623 288
638 284 634 278
641 284 639 284
528 287 528 282
531 287 531 281
537 287 536 281
540 287 538 282
571 287 558 275
573 287 568 297
590 287 585 300
627 287 626 290
635 287 634 288
641 287 636 283
644 287 642 287
531 290 531 284
537 290 535 284
540 290 538 285
542 290 540 286
568 290 558 299
635 290 633 291
641 290 638 289
644 290 641 290
531 292 530 286
534 292 533 287
565 292 554 301
568 292 557 301
571 292 560 299
576 292 565 300
585 292 584 303
593 292 597 299
596 292 600 299
638 292 637 293
647 292 644 292
528 295 528 294
531 295 529 289
537 295 533 291
559 295 547 302
562 295 550 303
565 295 553 304
571 295 560 302
573 295 563 303
582 295 578 305
585 295 581 305
627 295 625 296
630 295 628 298
633 295 631 299
635 295 634 299
641 295 641 301
644 295 644 302
647 295 643 294
568 298 557 306
571 298 560 306
573 298 563 306
579 298 570 306
588 298 583 306
590 298 588 307
593 298 591 308
599 298 602 303
630 298 628 302
633 298 631 302
635 298 633 303
638 298 636 303
641 298 640 304
644 298 643 304
537 301 541 300
562 301 552 308
568 301 556 308
571 301 559 308
576 301 566 308
582 301 574 306
585 301 577 307
588 301 581 308
590 301 587 309
593 301 590 311
613 301 612 304
616 301 616 304
619 301 619 304
624 301 623 304
630 301 627 304
633 301 630 305
635 301 633 306
641 301 639 306
537 304 536 302
565 304 554 311
582 304 573 309
585 304 576 310
610 304 608 306
613 304 611 307
624 304 623 306
627 304 625 307
633 304 629 307
635 304 632 308
644 304 642 309
647 304 645 309
542 306 539 304
582 306 572 313
585 306 575 314
610 306 607 309
613 306 610 309
621 306 618 309
624 306 621 309
627 306 624 310
638 306 635 311
641 306 639 311
644 306 641 311
610 309 606 312
619 309 614 312
621 309 617 312
624 309 620 312
633 309 627 312
635 309 631 313
638 309 635 313
641 309 638 314
644 309 641 315
559 312 550 314
565 312 553 315
616 312 611 313
619 312 614 314
621 312 617 315
630 312 624 314
633 312 627 315
635 312 630 315
621 315 602 315
