469 217 491 228
469 219 491 232
493 227 511 240
496 227 513 240
498 227 516 241
440 230 462 238
451 232 475 237
443 235 462 245
453 240 477 243
456 240 480 243
498 243 514 253
440 246 457 256
443 246 460 257
445 246 463 256
464 246 486 248
440 254 456 262
488 254 501 259
459 272 477 279
538 275 538 286
496 283 506 285
498 283 509 285
440 285 456 283
482 285 491 285
490 285 500 289
498 285 509 288
464 293 481 295
467 293 484 296
477 293 493 294
461 296 472 294
467 296 477 295
472 296 487 296
477 296 492 298
490 296 502 295
464 298 474 297
467 298 477 298
472 298 489 299
477 298 492 301
490 298 501 298
493 298 503 299
467 301 483 302
477 301 492 303
538 306 538 311
533 312 534 312
530 314 531 314
538 322 538 322
514 327 526 327
