1 0 0 -0.1178319603204727 
0 1 0 -0.04324014484882355 
0 0 1 -0.828993558883667 
0 0 0 1 

0.9943260550498962 -0.104083463549614 -0.02196546457707882 -0.09817579388618469 
0.105058878660202 0.9932442307472229 0.04928168281912804 -0.04805117473006248 
0.01668771915137768 -0.05130969732999802 0.998543381690979 -0.7969142198562622 
0 0 0 1 

0.9836719036102295 -0.176907867193222 -0.03306291252374649 -0.07572545111179352 
0.1788202226161957 0.9814890623092651 0.06857465952634811 -0.05249505862593651 
0.02031948789954185 -0.07336727529764175 0.9970979690551758 -0.7819008827209473 
0 0 0 1 

0.9749659895896912 -0.2035358548164368 -0.08952303975820541 -0.03882337734103203 
0.2120107710361481 0.9723064303398132 0.09834380447864532 -0.06178807839751244 
0.06702729314565659 -0.1148617416620255 0.9911175966262817 -0.7635202407836914 
0 0 0 1 

0.9629583954811096 -0.2462705969810486 -0.1098262742161751 -0.04887809604406357 
0.2548050582408905 0.9643257856369019 0.07176396995782852 -0.06065184250473976 
0.08823493123054504 -0.09709005057811737 0.9913567304611206 -0.73954838514328 
0 0 0 1 

0.9534306526184082 -0.2401784956455231 -0.1824398934841156 0.0285361148416996 
0.2650335729122162 0.9558836817741394 0.1266631335020065 -0.08415887504816055 
0.1439695507287979 -0.1691172122955322 0.9750241637229919 -0.6920101046562195 
0 0 0 1 

0.9503462910652161 -0.2457905262708664 -0.1908644586801529 0.03751140832901001 
0.2719479501247406 0.9541063904762268 0.1254003047943115 -0.08210863173007965 
0.1512827575206757 -0.1710790246725082 0.973573625087738 -0.6897159814834595 
0 0 0 1 

