528 146 661 188
528 163 659 207
510 181 638 222
528 198 655 242
545 215 674 263
562 233 693 285
458 250 571 288
476 250 591 289
493 250 611 291
528 250 651 296
545 250 671 298
562 250 689 300
580 250 711 304
597 250 732 306
614 250 753 310
441 267 552 300
458 267 572 302
476 267 589 304
510 267 626 309
528 267 645 312
545 267 666 315
562 267 686 318
580 267 707 322
597 267 728 325
614 267 752 329
441 285 550 315
458 285 568 318
476 285 586 321
493 285 605 324
510 285 625 327
528 285 644 330
545 285 664 333
562 285 684 336
580 285 703 340
614 285 749 349
649 285 799 357
441 302 547 334
458 302 566 336
476 302 585 339
493 302 607 342
510 302 624 346
528 302 643 349
545 302 661 351
562 302 680 354
580 302 701 357
597 302 722 361
649 302 795 376
423 319 530 348
458 319 564 353
493 319 604 360
510 319 622 363
528 319 642 367
562 319 678 371
580 319 699 376
597 319 720 381
458 337 561 371
476 337 579 373
493 337 597 376
510 337 619 381
528 337 639 384
545 337 656 390
562 337 676 392
597 337 718 399
649 337 790 416
476 354 576 392
493 354 601 397
510 354 618 401
528 354 639 406
545 354 654 409
562 354 672 413
580 354 695 415
614 354 741 429
354 371 457 388
493 371 599 416
528 371 636 422
545 371 654 425
562 371 672 429
580 371 690 433
597 371 712 436
632 371 764 450
649 371 786 453
441 389 538 422
476 389 575 429
493 389 593 433
528 389 631 441
545 389 651 444
562 389 669 446
580 389 688 450
597 389 712 456
441 406 536 439
476 406 572 447
493 406 591 451
528 406 629 460
545 406 649 463
562 406 665 467
