430 217 430 217
432 217 433 217
435 217 436 217
451 217 453 217
453 217 456 216
456 217 480 216
480 217 465 217
488 217 476 217
496 217 482 217
498 217 485 216
435 219 433 220
437 219 437 222
461 219 489 220
480 219 486 221
488 219 492 219
490 219 494 220
432 222 431 224
435 222 434 223
480 222 486 224
488 222 492 223
490 222 495 223
432 224 431 226
435 224 433 226
456 224 449 226
485 224 489 223
509 224 498 222
511 224 500 222
430 227 430 230
488 227 492 226
514 227 502 225
461 230 456 231
464 230 458 231
467 230 461 230
474 230 472 226
514 230 502 228
430 232 430 235
459 232 466 244
493 232 509 227
498 232 460 240
514 232 502 231
456 235 446 244
459 235 466 247
467 235 473 243
482 235 490 247
493 235 510 229
496 235 516 228
506 240 510 245
435 243 434 243
464 243 458 254
435 246 434 246
437 246 436 245
451 246 447 258
456 246 451 258
461 246 456 256
430 248 430 249
432 248 432 249
435 248 434 248
453 248 450 261
464 248 458 258
469 248 465 256
488 248 486 259
490 248 489 259
493 248 492 259
430 251 430 252
432 251 432 252
435 251 434 252
443 251 443 247
451 251 447 262
464 251 459 260
467 251 461 259
469 251 465 259
496 251 483 246
451 254 447 264
456 254 452 264
459 254 454 263
461 254 457 263
496 254 494 264
511 254 523 236
448 256 446 268
467 256 462 264
469 256 465 263
472 256 468 263
474 256 471 262
496 256 495 267
498 256 503 257
525 256 521 236
530 256 530 239
443 259 443 269
451 259 449 268
453 259 451 268
459 259 457 267
461 259 460 266
480 259 475 264
482 259 478 264
525 259 521 240
527 259 524 239
443 261 443 271
445 261 445 271
451 261 449 271
453 261 451 270
456 261 454 270
459 261 457 270
461 261 459 269
474 261 470 267
477 261 472 267
482 261 478 266
485 261 491 271
490 261 492 268
511 261 505 254
440 264 441 275
443 264 443 275
445 264 445 274
453 264 452 273
461 264 460 272
474 264 470 270
477 264 473 270
480 264 475 270
482 264 478 269
485 264 480 268
501 264 501 270
430 267 430 279
440 267 441 278
451 267 451 274
464 267 464 275
474 267 470 274
477 267 472 273
480 267 475 273
490 267 484 269
430 269 430 282
440 269 442 281
453 269 452 279
456 269 455 279
461 269 461 278
467 269 467 276
472 269 470 277
490 269 486 272
498 269 497 273
435 272 436 283
437 272 439 284
440 272 442 284
443 272 445 285
448 272 448 280
453 272 453 282
456 272 456 282
461 272 460 280
464 272 462 280
472 272 470 279
488 272 482 275
490 272 485 275
493 272 488 274
501 272 499 275
530 272 531 274
538 272 538 290
437 275 439 287
440 275 442 287
448 275 448 282
451 275 451 282
456 275 457 284
477 275 473 281
488 275 483 280
490 275 486 279
493 275 488 277
498 275 498 279
501 275 500 278
509 275 509 274
533 275 532 230
538 275 538 276
437 277 439 289
440 277 442 290
453 277 455 287
456 277 457 286
467 277 466 283
469 277 468 284
493 277 488 280
496 277 491 277
498 277 495 277
501 277 500 281
503 277 502 278
506 277 506 277
509 277 509 277
511 277 512 276
437 280 440 292
440 280 442 293
451 280 451 285
464 280 465 287
488 280 484 287
490 280 486 286
503 280 502 281
506 280 506 280
538 280 538 282
435 283 437 292
437 283 440 295
440 283 443 295
456 283 457 290
467 283 466 288
488 283 484 290
490 283 487 289
496 283 492 284
498 283 495 282
501 283 498 282
430 285 430 297
432 285 435 298
435 285 438 298
437 285 441 298
451 285 455 294
456 285 458 292
461 285 463 292
467 285 467 291
469 285 469 291
472 285 472 291
485 285 481 292
488 285 484 292
498 285 495 285
501 285 499 284
503 285 501 284
506 285 504 286
535 285 534 250
437 288 441 304
451 288 451 291
464 288 465 295
467 288 467 295
469 288 470 294
472 288 473 294
480 288 478 293
493 288 490 288
496 288 493 287
501 288 499 289
511 288 509 286
535 288 534 253
538 288 538 252
435 290 439 307
448 290 449 294
451 290 452 293
498 290 493 293
501 290 499 292
530 290 529 259
437 293 442 310
474 293 476 296
493 293 491 294
496 293 496 293
503 293 502 293
506 293 505 289
525 293 526 300
530 293 528 263
445 296 454 305
453 296 453 297
469 296 470 300
496 296 494 296
498 296 497 296
501 296 500 296
503 296 502 296
451 298 447 294
459 298 458 298
519 298 514 299
527 298 512 279
448 301 444 297
451 301 446 296
456 301 456 302
461 301 462 301
482 301 485 300
522 301 525 268
525 301 528 268
451 304 447 300
472 304 471 303
493 304 492 303
496 304 495 302
498 304 497 302
511 304 518 304
453 306 458 308
456 306 461 307
472 306 465 303
474 306 474 305
477 306 476 305
480 306 480 305
490 306 489 305
506 306 504 304
509 306 507 304
511 306 516 308
453 309 458 311
469 309 469 308
474 309 472 307
482 309 483 307
506 309 505 306
509 309 507 307
477 312 474 310
485 312 487 310
493 312 499 307
506 312 504 310
514 312 513 312
430 314 429 311
469 314 476 317
474 314 479 315
480 314 484 313
482 314 487 312
485 314 490 312
488 314 493 311
430 317 429 314
451 317 464 318
453 317 467 317
482 317 487 315
485 317 490 315
488 317 493 314
490 317 496 314
493 317 499 313
527 317 526 319
530 317 529 318
535 317 534 317
430 320 430 317
443 320 441 316
453 320 468 321
456 320 471 322
472 320 480 319
474 320 482 319
482 320 488 317
485 320 491 317
488 320 493 318
493 320 499 316
511 320 511 320
514 320 514 319
522 320 521 322
535 320 536 311
430 322 430 320
445 322 441 321
467 322 474 322
469 322 478 322
472 322 480 322
474 322 483 322
482 322 488 321
485 322 491 321
535 322 531 320
430 325 430 323
456 325 460 324
467 325 474 326
480 325 486 324
488 325 457 324
519 325 516 325
522 325 519 326
525 325 521 326
533 325 532 327
535 325 532 323
538 325 538 322
430 327 430 326
445 327 446 328
448 327 448 327
474 327 481 327
477 327 484 327
488 327 457 327
490 327 498 327
519 327 515 328
522 327 518 328
525 327 521 328
527 327 525 328
538 327 538 328
