430 217 430 216
432 217 433 216
435 217 435 217
459 217 452 216
461 217 454 216
474 217 481 217
430 219 430 220
435 219 435 220
437 219 438 220
461 219 454 218
472 219 479 221
474 219 482 221
430 222 430 222
432 222 433 220
430 224 430 225
430 227 430 228
474 227 494 228
432 230 433 228
453 230 437 250
430 232 430 261
493 232 483 231
522 232 481 252
430 235 430 264
493 235 491 232
430 238 430 267
448 238 478 253
493 238 491 235
432 240 437 258
435 240 440 257
451 240 446 260
533 240 533 245
535 240 535 245
538 240 538 245
459 243 444 274
474 243 445 249
501 243 494 235
535 243 535 250
538 243 538 247
472 246 443 252
474 246 445 253
477 246 448 252
480 246 457 270
538 246 538 253
432 248 433 231
469 248 433 269
472 248 436 269
474 248 439 269
501 248 520 257
509 248 499 240
514 248 510 243
538 248 538 234
430 251 430 258
432 251 432 258
443 251 447 236
469 251 464 280
490 251 513 235
538 251 538 237
432 254 432 260
467 254 433 275
488 254 468 267
538 254 538 241
464 256 430 277
467 256 433 277
469 256 436 277
530 256 530 252
464 259 430 280
469 259 435 280
474 259 438 279
477 259 441 279
522 259 523 256
464 261 430 283
477 261 444 282
480 261 446 282
496 261 477 282
519 261 499 279
535 261 536 260
464 264 431 285
469 264 436 285
474 264 441 285
477 264 444 284
490 264 455 281
498 264 480 284
501 264 483 283
519 264 495 263
533 264 531 261
535 264 536 264
472 267 437 288
474 267 442 287
477 267 444 287
482 267 447 286
485 267 450 285
488 267 452 285
490 267 458 284
467 269 434 291
472 269 439 291
474 269 442 290
482 269 447 288
485 269 450 288
490 269 455 288
493 269 458 287
498 269 460 281
501 269 480 289
503 269 483 289
519 269 521 270
525 269 492 296
430 272 429 250
464 272 431 293
467 272 434 294
469 272 436 294
472 272 439 294
482 272 447 291
485 272 450 291
490 272 456 290
493 272 458 290
501 272 466 287
503 272 483 291
506 272 485 291
514 272 483 299
530 272 523 270
469 275 436 296
474 275 442 293
485 275 451 293
488 275 453 293
496 275 460 290
498 275 463 289
501 275 466 289
506 275 475 292
509 275 479 302
511 275 481 302
514 275 489 258
530 275 523 273
474 277 442 296
477 277 445 296
480 277 447 296
485 277 451 295
488 277 453 296
496 277 461 293
498 277 463 293
501 277 466 292
503 277 471 294
506 277 475 294
509 277 478 286
469 280 437 302
480 280 447 298
488 280 454 298
493 280 458 295
496 280 461 295
498 280 463 295
477 283 445 301
485 283 451 301
488 283 453 301
498 283 464 297
519 283 491 244
461 285 431 304
467 285 436 304
493 285 458 298
496 285 461 298
503 285 469 299
506 285 475 299
464 288 434 306
467 288 436 307
472 288 441 307
474 288 443 306
477 288 445 307
482 288 449 306
490 288 456 303
493 288 459 301
496 288 461 301
501 288 467 302
461 290 432 310
464 290 434 310
469 290 438 311
477 290 446 309
485 290 454 306
488 290 454 309
490 290 457 309
493 290 459 309
498 290 464 303
501 290 467 306
461 293 432 313
467 293 435 313
469 293 438 313
472 293 440 310
474 293 443 310
488 293 454 312
490 293 457 311
503 293 470 308
506 293 473 302
498 296 465 311
517 296 501 310
480 298 449 315
482 298 452 315
490 298 457 314
501 298 468 311
503 298 470 310
506 298 473 310
490 301 459 313
493 301 462 314
503 301 471 314
509 301 476 314
519 301 502 295
535 301 532 305
472 304 441 319
482 304 451 317
490 304 459 316
493 304 462 316
498 304 465 317
503 304 471 319
519 304 511 312
522 304 515 311
525 304 524 287
533 304 528 311
535 304 532 307
538 304 536 307
477 306 446 320
480 306 449 319
482 306 452 319
490 306 460 319
496 306 463 320
527 306 527 290
533 306 531 292
482 309 449 322
488 309 451 323
490 309 454 323
527 309 523 276
527 312 524 279
525 314 525 297
527 314 528 297
535 314 535 297
517 317 515 316
514 320 513 320
538 320 538 318
430 322 430 318
440 322 433 324
525 322 503 317
538 322 538 321
430 325 430 324
440 325 433 326
443 325 436 326
445 325 438 326
506 325 490 326
509 325 493 326
517 325 511 323
430 327 430 327
443 327 468 328
445 327 470 328
474 327 455 328
477 327 458 328
482 327 465 328
514 327 522 327
517 327 525 327
519 327 528 328
522 327 531 327
535 327 533 327
538 327 538 327
