0.9661297202110291 -0.2483105361461639 0.07025106251239777 -0.06526158004999161 
0.21303790807724 0.9210909605026245 0.3258928954601288 -0.1707144230604172 
-0.1456303149461746 -0.2998886406421661 0.9427929520606995 -0.6051626205444336 
0 0 0 1 

0.9635525345802307 -0.2353357672691345 0.1272141933441162 -0.1160441637039185 
0.1806127429008484 0.9230684041976929 0.3395932614803314 -0.2013465762138367 
-0.1973459273576736 -0.304239422082901 0.9319295883178711 -0.5927137136459351 
0 0 0 1 

0.975429892539978 -0.1680396199226379 0.1424753665924072 -0.1485856026411057 
0.1214199438691139 0.9496638774871826 0.2887831926345825 -0.2121813595294952 
-0.183830738067627 -0.264388382434845 0.946733832359314 -0.5919424295425415 
0 0 0 1 

0.9624941349029541 -0.1947677731513977 0.1888664364814758 -0.1577702760696411 
0.1271199882030487 0.9387593865394592 0.3202674984931946 -0.2379707247018814 
-0.2396779656410217 -0.2842468619346619 0.9283092617988586 -0.581285834312439 
0 0 0 1 

0.9558953642845154 -0.1684668660163879 0.2405885756015778 -0.1696943491697311 
0.07762928307056427 0.9349315762519836 0.3462319672107697 -0.2531013488769531 
-0.2832624912261963 -0.3122847974300385 0.9067747592926025 -0.5732049345970154 
0 0 0 1 

0.9586162567138672 -0.1036943346261978 0.2651456594467163 -0.1753733158111572 
0.01549597829580307 0.9489356279373169 0.3150887489318848 -0.2453886717557907 
-0.2842791080474854 -0.2979404926300049 0.9112719297409058 -0.5811625123023987 
0 0 0 1 

0.9553420543670654 -0.1092706918716431 0.2745567560195923 -0.177141934633255 
0.02454397082328796 0.9552507996559143 0.2947768568992615 -0.2840537130832672 
-0.2944810390472412 -0.2748740315437317 0.9152732491493225 -0.570232093334198 
0 0 0 1 

0.9511058330535889 -0.1143526136875153 0.2869166731834412 -0.1904613971710205 
-0.0002454541390761733 0.928658127784729 0.3709366917610168 -0.3007956445217133 
-0.3088650703430176 -0.3528704643249512 0.8832240700721741 -0.5365382432937622 
0 0 0 1 

0.9610624313354492 -0.1096842363476753 0.2536303102970123 -0.1760021597146988 
-0.01119612529873848 0.901638925075531 0.4323445856571198 -0.2978514432907104 
-0.2761043608188629 -0.4183498322963715 0.8653032183647156 -0.5226662158966064 
0 0 0 1 

0.9673480987548828 -0.08485326915979385 0.2388254106044769 -0.1804582476615906 
-0.02574817650020123 0.9045164585113525 0.4256605207920074 -0.2630270421504974 
-0.2521401941776276 -0.4179112017154694 0.872797429561615 -0.5158823132514954 
0 0 0 1 

