146 111 38 27
163 111 55 25
181 111 75 23
129 129 39 51
146 129 60 49
215 129 131 41
250 129 169 37
424 129 367 16
441 129 386 14
424 146 371 31
441 146 389 29
458 146 407 25
476 146 428 19
493 146 449 16
510 146 469 17
545 146 508 15
562 146 528 13
597 146 563 10
614 146 592 3
406 163 353 53
424 163 372 52
441 163 392 47
458 163 410 44
476 163 431 41
493 163 451 37
528 163 496 40
545 163 512 37
562 163 530 37
580 163 546 31
597 163 568 28
614 163 594 21
632 163 613 16
371 181 320 77
406 181 353 75
424 181 374 72
441 181 395 69
476 181 434 63
493 181 454 60
528 181 497 60
545 181 515 57
562 181 534 56
580 181 562 48
614 181 596 40
632 181 607 49
354 198 295 104
371 198 314 100
389 198 336 98
406 198 356 95
424 198 377 93
510 198 477 78
545 198 517 77
562 198 535 74
580 198 553 72
597 198 573 69
614 198 594 69
632 198 611 65
302 215 238 131
319 215 257 130
337 215 276 128
354 215 296 126
371 215 318 121
389 215 337 118
406 215 360 118
424 215 381 115
441 215 400 112
458 215 420 109
476 215 439 105
493 215 459 103
510 215 479 100
528 215 500 98
545 215 520 97
562 215 538 95
580 215 555 94
597 215 571 90
614 215 592 87
632 215 612 86
302 233 242 154
319 233 261 151
337 233 281 149
354 233 300 145
371 233 320 142
389 233 340 139
406 233 363 138
424 233 382 135
441 233 402 132
458 233 420 130
476 233 441 126
493 233 462 123
510 233 481 120
528 233 502 119
545 233 521 116
580 233 555 112
597 233 575 109
614 233 596 107
632 233 613 106
267 250 208 181
285 250 229 177
302 250 248 173
319 250 265 172
337 250 284 168
354 250 303 165
371 250 322 163
389 250 342 161
406 250 363 158
424 250 385 155
441 250 404 152
458 250 424 149
476 250 444 146
493 250 464 143
510 250 483 141
528 250 503 138
545 250 524 135
562 250 541 133
580 250 557 130
597 250 578 128
614 250 597 125
233 267 178 204
250 267 195 203
267 267 214 198
285 267 234 195
319 267 270 191
337 267 288 189
354 267 308 185
371 267 327 182
389 267 347 180
406 267 365 177
424 267 385 174
441 267 406 172
458 267 426 169
476 267 446 167
493 267 466 165
510 267 486 161
528 267 505 158
562 267 542 152
580 267 560 148
597 267 581 145
614 267 598 146
215 285 162 227
233 285 180 224
250 285 196 221
267 285 219 217
285 285 244 214
319 285 274 209
337 285 291 205
354 285 311 207
371 285 330 204
389 285 351 201
406 285 370 199
424 285 388 195
441 285 408 193
458 285 429 190
476 285 449 187
493 285 468 184
510 285 487 182
528 285 508 178
545 285 527 175
562 285 543 170
580 285 562 167
597 285 580 166
614 285 598 166
215 302 175 248
233 302 193 239
250 302 211 234
267 302 229 235
285 302 248 231
319 302 279 230
337 302 297 226
354 302 315 225
371 302 332 222
389 302 353 219
424 302 391 213
441 302 411 213
458 302 432 209
476 302 451 207
493 302 470 203
510 302 489 199
528 302 508 196
545 302 527 193
562 302 545 191
580 302 562 188
597 302 582 186
267 319 234 254
285 319 252 251
337 319 300 245
354 319 319 243
371 319 336 241
389 319 361 240
424 319 393 233
441 319 414 231
458 319 433 228
476 319 452 226
493 319 472 224
510 319 491 220
528 319 510 217
545 319 529 213
562 319 548 210
580 319 564 207
597 319 582 202
250 337 225 268
267 337 239 269
285 337 257 267
302 337 273 266
319 337 291 262
354 337 322 262
371 337 343 259
389 337 362 257
406 337 380 253
424 337 398 251
441 337 418 248
458 337 436 246
476 337 457 244
493 337 474 242
510 337 492 238
528 337 511 234
545 337 532 232
562 337 550 229
580 337 568 226
250 354 228 287
267 354 242 286
285 354 260 284
302 354 276 282
319 354 295 279
354 354 328 279
371 354 347 277
389 354 365 274
406 354 383 271
424 354 403 269
441 354 420 266
458 354 437 264
476 354 458 263
493 354 476 261
528 354 515 253
545 354 533 249
562 354 550 246
250 371 226 313
267 371 245 310
285 371 263 305
302 371 282 300
319 371 300 297
337 371 316 295
354 371 334 294
371 371 352 294
389 371 370 289
406 371 387 288
424 371 406 285
441 371 422 284
458 371 441 282
476 371 460 280
493 371 477 275
510 371 496 270
528 371 515 268
545 371 533 266
562 371 552 263
215 389 205 320
233 389 214 330
250 389 227 331
267 389 251 331
285 389 270 327
302 389 287 319
319 389 304 316
337 389 321 312
354 389 338 310
371 389 356 309
389 389 374 307
406 389 391 304
424 389 409 301
441 389 427 302
458 389 445 299
476 389 463 297
493 389 479 294
510 389 498 291
528 389 519 286
562 389 544 303
580 389 569 282
597 389 586 275
215 406 198 358
233 406 211 354
250 406 230 349
337 406 324 330
354 406 342 326
389 406 377 324
406 406 394 321
424 406 411 318
441 406 429 317
458 406 447 315
476 406 466 313
493 406 482 313
510 406 500 311
597 406 588 294
614 406 605 289
198 424 182 376
215 424 197 370
233 424 216 369
250 424 238 366
285 424 270 349
302 424 289 345
319 424 305 345
337 424 328 347
354 424 346 344
371 424 363 341
389 424 380 340
406 424 398 337
441 424 432 332
458 424 451 332
476 424 468 330
493 424 483 328
562 424 552 342
580 424 573 315
597 424 590 311
215 441 205 392
233 441 221 388
250 441 242 388
285 441 272 365
319 441 313 377
337 441 328 368
354 441 348 364
371 441 368 361
528 441 519 333
545 441 537 330
614 441 606 323
250 458 241 404
267 458 275 402
285 458 295 397
302 458 311 392
337 458 332 392
389 458 385 367
406 458 403 367
424 458 421 365
441 458 440 364
458 458 455 360
476 458 474 357
493 458 492 353
510 458 510 352
545 458 538 342
562 458 557 355
580 458 574 349
597 458 592 346
614 458 607 339
215 476 288 472
267 476 282 418
476 476 475 375
493 476 498 370
510 476 513 372
