476 77 525 153
458 94 511 170
476 94 526 167
458 129 513 199
614 129 674 184
406 181 474 251
424 181 491 250
389 198 458 268
406 198 475 267
441 198 504 264
493 198 554 260
510 198 571 258
528 198 588 258
545 198 607 255
337 215 412 287
354 215 426 285
371 215 441 284
389 215 458 283
441 215 504 279
458 215 520 278
493 215 553 275
510 215 569 273
528 215 589 273
545 215 608 272
580 215 655 270
354 233 427 299
371 233 442 298
389 233 457 297
424 233 486 294
441 233 504 294
458 233 519 292
476 233 535 291
493 233 552 290
510 233 570 289
354 250 427 314
371 250 442 314
406 250 471 311
424 250 487 310
441 250 504 307
476 250 535 306
493 250 552 305
510 250 570 305
528 250 590 306
319 267 399 336
354 267 429 331
458 267 519 323
510 267 571 323
528 267 589 320
562 267 634 323
371 285 443 345
406 285 471 342
424 285 488 342
441 285 506 342
458 285 522 340
476 285 537 337
493 285 555 335
528 285 592 338
562 285 638 340
597 285 673 338
267 302 357 368
354 302 430 364
371 302 445 363
406 302 472 359
424 302 491 360
441 302 507 359
458 302 523 358
476 302 540 357
493 302 556 355
562 302 641 359
580 302 658 357
371 319 446 379
406 319 475 376
441 319 509 377
458 319 528 375
476 319 543 374
493 319 558 373
510 319 574 372
528 319 595 377
562 319 642 375
580 319 660 375
371 337 450 399
389 337 465 397
406 337 482 400
424 337 497 399
441 337 512 394
458 337 527 393
476 337 543 391
493 337 561 390
510 337 576 387
562 337 645 396
580 337 663 392
319 354 403 426
389 354 466 416
406 354 484 418
424 354 501 417
458 354 531 411
476 354 547 410
493 354 562 407
510 354 577 404
562 354 648 415
580 354 667 415
389 371 468 433
441 371 519 434
476 371 555 434
562 371 651 436
389 389 471 458
441 389 523 454
476 389 553 451
545 389 637 454
649 389 744 446
441 406 524 472
458 406 540 471
614 406 701 464
649 406 744 463
