1 0 0 0.05831152200698853 
0 1 0 -0.2219620198011398 
0 0 1 -0.7369999885559082 
0 0 0 1 

0.9968284368515015 -0.06326373666524887 0.04827697202563286 0.07092265039682388 
0.06028128787875175 0.996320903301239 0.06091497093439102 -0.2249650955200195 
-0.05195317789912224 -0.05781148001551628 0.9969747066497803 -0.7041260004043579 
0 0 0 1 

0.9868992567062378 -0.09008614718914032 0.1338439732789993 0.07278934866189957 
0.07931464910507202 0.9933253526687622 0.083748459815979 -0.2294025868177414 
-0.140495240688324 -0.07203543186187744 0.987457275390625 -0.6996601819992065 
0 0 0 1 

0.9685143828392029 -0.1264416426420212 0.2144584655761719 0.07318336516618729 
0.1057080700993538 0.9887763261795044 0.1055808439850807 -0.2326918095350266 
-0.2254012525081635 -0.07958658784627914 0.9710099697113037 -0.6951291561126709 
0 0 0 1 

0.9445064067840576 -0.165160745382309 0.2839533090591431 0.06175932288169861 
0.1467644721269608 0.9855091571807861 0.08504006266593933 -0.2409258782863617 
-0.2938838601112366 -0.03864655643701553 0.9550595283508301 -0.6868904232978821 
0 0 0 1 

0.9196173548698425 -0.1533076167106628 0.3616636693477631 0.04470750689506531 
0.1134712398052216 0.9851230382919312 0.1290610730648041 -0.2476469427347183 
-0.3760693073272705 -0.07764831930398941 0.9233322739601135 -0.6622464656829834 
0 0 0 1 

0.9034419655799866 -0.1619220674037933 0.3969555795192719 0.04340946674346924 
0.08050569891929626 0.9735349416732788 0.2138891965150833 -0.2464476078748703 
-0.4210835099220276 -0.1612792462110519 0.8925679922103882 -0.6313591599464417 
0 0 0 1 

0.8768008947372437 -0.1734228283166885 0.4484915733337402 0.04689744114875793 
0.04548404365777969 0.9584285020828247 0.2816839814186096 -0.2574459910392761 
-0.4786975681781769 -0.2265815585851669 0.8482389450073242 -0.6089267730712891 
0 0 0 1 

0.8708967566490173 -0.175360843539238 0.4591159224510193 0.04557700827717781 
0.03904128447175026 0.955909252166748 0.2910557091236115 -0.2561046779155731 
-0.4899129569530487 -0.2355551570653915 0.8393444418907166 -0.6053544282913208 
0 0 0 1 

