509 217 519 216
511 217 522 216
517 217 525 216
522 217 527 216
527 217 531 217
533 217 534 216
535 217 535 216
538 217 538 217
430 219 430 218
443 219 487 233
451 219 493 236
498 219 514 218
503 219 464 220
514 219 522 219
522 219 528 219
527 219 531 219
430 222 430 221
511 222 453 220
535 222 535 220
538 222 538 220
448 224 506 234
527 224 531 222
535 224 535 222
538 224 538 222
445 227 504 237
448 227 506 238
451 227 509 237
477 227 486 294
482 227 489 294
527 227 531 224
530 227 533 225
535 227 535 225
538 227 538 225
432 232 476 238
443 232 501 240
445 232 506 240
472 232 513 232
443 235 501 243
445 235 504 243
443 238 501 245
448 238 502 247
451 238 505 248
519 238 491 306
430 240 489 245
437 240 497 246
443 240 501 248
445 240 500 250
448 240 502 250
451 240 505 250
437 243 495 253
440 243 498 253
445 243 500 253
448 243 502 253
453 243 506 253
437 246 495 255
456 246 507 270
461 246 510 271
514 246 523 278
443 248 497 256
445 248 500 256
448 248 503 257
503 248 522 261
519 248 511 296
430 251 429 234
448 251 503 260
538 251 538 228
443 254 497 264
467 254 433 279
488 254 468 310
437 256 493 267
445 256 499 265
451 256 503 265
453 256 505 264
482 256 505 298
485 256 465 313
488 256 468 313
493 256 509 287
498 256 512 288
445 259 499 267
464 259 432 296
488 259 468 316
493 259 508 290
496 259 511 290
437 261 493 270
443 261 496 269
506 261 496 306
509 261 499 307
437 264 493 272
445 264 498 270
530 264 530 265
535 264 532 278
437 267 436 251
453 267 504 276
472 267 438 303
527 267 532 309
538 267 538 300
445 269 499 273
448 269 498 278
451 269 501 279
453 269 503 279
488 269 460 309
535 269 535 303
538 269 538 303
445 272 498 275
451 272 501 281
453 272 503 282
456 272 507 282
453 275 507 279
538 275 538 306
435 277 490 281
538 277 538 310
440 280 490 286
443 280 493 286
459 280 510 274
517 280 519 305
538 280 538 312
445 283 493 289
448 283 494 290
485 283 485 305
503 283 511 308
530 283 533 295
538 283 538 315
430 285 430 291
477 285 457 308
485 285 485 310
488 285 487 311
509 285 515 310
538 285 538 276
453 288 467 288
488 288 487 313
509 288 512 316
538 288 538 278
485 290 484 315
511 290 518 319
514 290 520 319
485 293 484 317
511 293 517 321
514 293 520 322
451 298 507 304
472 298 450 286
535 298 535 306
430 301 429 301
469 301 447 289
472 301 450 288
501 304 506 290
430 306 429 305
501 309 505 295
430 317 429 312
525 317 530 317
432 320 435 322
430 322 430 324
432 322 434 324
435 322 437 324
445 322 484 325
482 322 451 323
538 322 538 320
430 325 430 326
432 325 434 326
445 325 448 325
448 325 450 325
451 325 453 326
503 325 492 325
511 325 509 323
514 325 512 323
525 325 528 326
527 325 531 326
435 327 437 328
445 327 448 328
448 327 450 328
456 327 445 327
464 327 455 328
480 327 495 328
503 327 492 327
506 327 489 328
511 327 517 328
514 327 520 328
517 327 481 328
519 327 483 328
522 327 525 328
525 327 528 328
527 327 532 328
535 327 534 328
538 327 537 328
