1 0 0 -0.1178319603204727 
0 1 0 -0.04324014484882355 
0 0 1 -0.828993558883667 
0 0 0 1 

0.9940653443336487 -0.1062817797064781 -0.02319950982928276 -0.0969226285815239 
0.1073293909430504 0.9929701685905457 0.04990581050515175 -0.04865727201104164 
0.01773233897984028 -0.05209962651133537 0.9984844326972961 -0.7970119714736938 
0 0 0 1 

0.9832057952880859 -0.1806968003511429 -0.02558992989361286 -0.08084932714700699 
0.1820886582136154 0.9807059168815613 0.07112953811883926 -0.05445194616913795 
0.01224325783550739 -0.07459462434053421 0.9971387386322021 -0.7812368869781494 
0 0 0 1 

0.9749335050582886 -0.2060811370611191 -0.08387520164251328 -0.04240018874406815 
0.2141212970018387 0.9714707136154175 0.1019635647535324 -0.06427194178104401 
0.06046946719288826 -0.1173672080039978 0.9912458658218384 -0.7631441950798035 
0 0 0 1 

0.961581826210022 -0.2584824860095978 -0.09245023876428604 -0.0598626583814621 
0.2656430900096893 0.9610806107521057 0.07587918639183044 -0.06450816988945007 
0.06923864036798477 -0.09752285480499268 0.9928218722343445 -0.7386345267295837 
0 0 0 1 

0.952476441860199 -0.2535925209522247 -0.168758437037468 0.0197676308453083 
0.2766083180904388 0.9520812630653381 0.1304953247308731 -0.08734843134880066 
0.12757907807827 -0.1709737330675125 0.9769808053970337 -0.6919421553611755 
0 0 0 1 

0.9624950289726257 -0.2292980849742889 -0.1450022161006927 0.06151425465941429 
0.256499856710434 0.9432248473167419 0.2110324203968048 -0.1108214855194092 
0.08838033676147461 -0.2403107285499573 0.96666419506073 -0.6594076752662659 
0 0 0 1 

0.9590433835983276 -0.2337762415409088 -0.1599524468183517 0.07314582169055939 
0.2638652920722961 0.9426652193069458 0.2043471932411194 -0.1016921252012253 
0.1030100136995316 -0.2381836920976639 0.965742290019989 -0.6557066440582275 
0 0 0 1 

