430 217 429 217
432 217 432 216
435 217 434 216
448 217 445 216
511 217 509 217
533 217 530 216
535 217 533 217
538 217 538 217
430 219 429 219
527 219 524 219
533 219 531 219
535 219 533 219
430 222 429 221
448 222 445 219
522 222 522 222
527 222 524 221
530 222 527 221
533 222 531 222
535 222 533 222
538 222 538 222
445 224 442 222
448 224 445 221
451 224 448 221
490 224 496 225
519 224 519 224
522 224 522 224
527 224 527 224
535 224 533 225
538 224 538 225
430 227 429 225
451 227 448 224
453 227 453 225
519 227 519 227
535 227 532 227
538 227 538 227
435 230 433 227
437 230 435 225
440 230 438 225
445 230 443 225
448 230 445 225
506 230 501 225
535 230 532 230
437 232 435 228
440 232 437 227
443 232 440 227
437 235 435 230
514 235 517 238
514 238 517 241
506 243 511 245
430 251 430 254
437 251 440 250
488 251 493 245
430 254 429 257
432 254 433 254
435 254 435 254
432 256 433 256
435 256 435 256
509 256 509 261
456 259 456 265
459 259 458 264
432 267 432 274
430 269 429 267
430 272 429 270
430 283 429 288
493 285 495 278
472 298 472 291
474 298 485 299
527 304 527 299
430 306 429 307
506 306 504 309
527 306 527 301
430 309 429 309
525 309 525 303
430 312 429 312
493 312 496 306
496 312 498 306
430 314 429 314
477 314 480 314
535 314 535 320
538 314 538 320
430 317 430 317
432 317 432 316
437 317 437 317
535 317 535 323
538 317 538 323
430 320 429 319
435 320 435 320
490 320 490 319
535 320 535 325
430 322 429 322
456 322 465 325
488 322 488 322
490 322 490 322
493 322 492 322
511 322 519 322
430 325 429 325
435 325 432 325
437 325 435 325
485 325 485 325
490 325 491 325
509 325 520 324
511 325 522 324
514 325 524 325
538 325 538 325
430 327 429 327
435 327 433 328
437 327 441 327
469 327 464 328
485 327 480 327
488 327 488 328
498 327 508 328
503 327 512 328
506 327 517 327
509 327 519 327
511 327 521 327
517 327 525 328
533 327 529 327
535 327 533 327
538 327 538 327
