485 235 481 223
461 238 457 226
480 238 477 226
490 238 486 226
506 238 499 228
459 240 454 228
461 240 457 229
480 240 477 228
503 240 496 231
509 240 501 230
459 243 454 231
467 243 464 229
469 243 467 228
482 243 478 231
485 243 481 232
490 243 485 234
493 243 488 235
509 246 501 235
459 256 453 242
474 256 472 239
459 259 453 246
456 261 450 250
459 264 452 252
493 267 485 251
496 267 488 251
498 267 491 250
501 267 494 250
469 277 461 264
459 280 450 265
496 280 492 258
459 283 449 268
480 288 476 269
514 288 503 272
480 290 476 271
511 290 501 274
514 290 503 275
482 293 479 274
509 293 498 278
511 293 501 277
493 296 484 277
496 296 487 277
506 296 495 278
477 298 466 276
493 298 484 280
496 298 487 280
498 298 490 280
501 298 493 280
506 304 498 285
511 306 500 288
514 306 506 289
482 309 474 290
485 309 479 290
490 309 484 291
485 312 478 292
