568 208 568 208
571 208 571 208
573 208 573 208
576 208 576 208
579 208 582 208
562 211 562 211
565 211 565 211
568 211 567 211
571 211 570 211
573 211 573 211
576 211 576 211
588 211 591 211
590 211 593 211
593 211 596 211
559 213 560 214
562 213 562 213
565 213 565 214
568 213 567 214
573 213 576 213
576 213 579 213
588 213 591 213
590 213 594 213
593 213 596 214
551 216 551 216
573 216 576 216
576 216 579 216
579 216 582 216
582 216 584 216
585 216 588 217
588 216 591 216
590 216 593 216
593 216 596 217
540 219 543 219
548 219 552 219
551 219 554 219
576 219 579 219
579 219 581 218
588 219 591 219
590 219 593 220
593 219 596 219
537 222 540 222
540 222 543 222
542 222 546 222
576 222 578 221
582 222 582 222
588 222 590 222
590 222 593 222
537 225 540 224
540 225 543 225
545 225 548 225
548 225 551 225
585 225 587 225
590 225 593 224
593 225 596 224
596 225 599 225
537 227 541 227
540 227 543 228
545 227 548 228
548 227 550 227
576 227 579 227
579 227 581 228
582 227 585 228
585 227 588 228
588 227 590 227
590 227 593 227
593 227 596 227
607 227 608 227
610 227 611 227
545 230 549 231
556 230 564 230
579 230 581 230
588 230 590 229
590 230 593 230
596 230 599 230
604 230 605 230
607 230 608 230
610 230 610 230
613 230 613 231
579 233 582 232
596 233 599 233
599 233 602 236
604 233 605 234
607 233 607 233
610 233 611 233
613 233 613 233
604 236 605 236
607 236 607 236
610 236 611 235
613 236 614 236
588 242 591 244
596 242 599 239
604 242 607 242
607 242 609 241
610 242 611 239
613 242 615 241
551 244 554 244
593 244 596 248
596 244 599 241
599 244 602 244
602 244 604 244
604 244 607 245
607 244 609 244
610 244 612 244
613 244 615 244
616 244 618 245
551 247 554 250
588 247 592 253
602 247 605 247
604 247 607 247
607 247 610 247
610 247 612 247
613 247 616 247
616 247 619 247
588 250 592 255
599 250 602 247
604 250 607 250
607 250 610 250
610 250 613 250
613 250 616 249
616 250 619 250
619 250 621 250
551 253 554 253
599 253 602 250
602 253 604 250
604 253 607 253
607 253 610 253
610 253 613 252
613 253 616 252
616 253 619 252
619 253 621 253
545 256 549 256
548 256 554 258
551 256 556 258
568 256 574 250
602 256 604 252
604 256 608 255
607 256 610 255
610 256 613 255
613 256 616 255
616 256 618 255
619 256 621 255
537 258 541 258
542 258 546 259
545 258 550 259
576 258 579 253
585 258 587 262
593 258 599 258
596 258 601 259
599 258 603 259
604 258 608 257
607 258 610 258
610 258 613 258
613 258 616 258
542 261 547 261
545 261 550 261
548 261 553 262
551 261 556 261
590 261 593 261
593 261 599 261
596 261 601 261
599 261 603 261
604 261 608 260
607 261 610 260
610 261 613 260
613 261 616 260
542 264 548 264
545 264 551 264
548 264 553 264
551 264 556 264
556 264 560 264
579 264 585 264
585 264 590 264
590 264 593 264
599 264 602 264
602 264 606 264
604 264 608 263
607 264 610 263
610 264 613 263
613 264 616 263
616 264 618 262
548 267 553 267
551 267 556 266
554 267 558 266
556 267 561 266
571 267 573 261
576 267 581 261
579 267 585 267
582 267 587 266
585 267 590 266
590 267 593 267
593 267 599 267
599 267 602 266
602 267 605 266
604 267 608 266
607 267 610 266
610 267 613 266
613 267 616 266
616 267 618 266
619 267 622 267
621 267 624 264
624 267 627 264
542 270 547 270
551 270 556 269
556 270 560 269
568 270 574 268
571 270 577 267
579 270 584 269
590 270 593 270
596 270 598 269
599 270 601 269
602 270 605 269
604 270 608 269
607 270 610 269
610 270 613 269
613 270 616 269
616 270 618 269
619 270 621 269
621 270 624 267
624 270 627 267
571 273 577 270
576 273 582 270
588 273 590 272
607 273 610 272
610 273 613 271
613 273 616 271
616 273 619 271
619 273 622 272
621 273 624 271
624 273 626 270
627 273 630 272
556 275 560 273
559 275 562 273
565 275 567 275
571 275 576 273
585 275 588 275
610 275 613 274
613 275 616 274
619 275 622 274
621 275 624 274
624 275 627 274
627 275 630 275
630 275 632 275
556 278 560 276
559 278 562 276
562 278 565 278
565 278 567 278
571 278 576 276
573 278 579 276
610 278 613 277
616 278 621 277
624 278 627 277
556 281 559 279
559 281 562 279
568 281 570 280
571 281 574 281
576 281 578 280
579 281 582 281
582 281 584 280
585 281 587 280
588 281 591 281
590 281 593 281
593 281 595 280
596 281 598 280
599 281 601 280
613 281 616 279
616 281 618 279
619 281 623 280
621 281 624 279
542 284 547 283
559 284 562 282
565 284 568 283
568 284 571 283
579 284 582 283
585 284 588 283
588 284 590 284
590 284 593 283
593 284 596 284
596 284 598 283
607 284 610 283
610 284 613 282
613 284 615 282
621 284 627 283
540 287 545 287
542 287 547 286
545 287 550 286
565 287 568 286
576 287 580 286
579 287 582 286
582 287 585 286
585 287 587 286
590 287 593 286
593 287 596 286
596 287 599 286
599 287 601 287
604 287 607 285
616 287 618 285
624 287 627 286
630 287 633 286
633 287 636 287
542 290 547 289
545 290 550 289
551 290 554 290
562 290 565 288
565 290 568 288
576 290 579 289
579 290 582 289
582 290 585 289
585 290 587 289
588 290 591 289
590 290 594 289
596 290 599 289
624 290 627 289
630 290 633 288
638 290 641 289
559 292 562 291
562 292 565 291
565 292 568 291
576 292 579 292
579 292 583 292
582 292 585 292
590 292 594 292
593 292 596 289
596 292 599 292
599 292 601 292
610 292 610 289
627 292 630 291
630 292 633 291
633 292 636 292
635 292 638 292
638 292 641 292
641 292 644 292
542 295 546 293
545 295 548 293
559 295 562 294
562 295 565 294
565 295 568 294
568 295 571 294
571 295 573 294
573 295 577 294
582 295 585 295
585 295 587 293
588 295 590 293
590 295 593 295
593 295 596 293
607 295 610 293
624 295 627 293
627 295 630 293
630 295 633 294
633 295 636 294
638 295 641 295
641 295 644 295
545 298 547 295
548 298 551 295
562 298 565 297
565 298 568 297
568 298 571 297
573 298 576 297
576 298 579 297
579 298 582 297
582 298 585 297
585 298 587 296
588 298 590 297
590 298 593 299
593 298 596 299
596 298 599 298
599 298 602 298
602 298 605 298
604 298 607 295
607 298 609 295
624 298 627 296
627 298 629 297
633 298 636 297
635 298 638 296
638 298 641 298
641 298 644 298
559 301 562 301
562 301 565 300
565 301 568 300
568 301 571 299
571 301 573 299
573 301 577 300
576 301 579 300
579 301 582 300
582 301 585 300
585 301 587 300
588 301 590 300
590 301 593 301
593 301 596 301
596 301 599 300
599 301 602 300
602 301 604 300
604 301 607 301
624 301 627 300
627 301 629 300
630 301 633 300
633 301 635 301
635 301 638 300
638 301 642 300
641 301 644 301
559 304 561 304
562 304 565 303
565 304 568 302
568 304 571 302
571 304 574 302
573 304 577 303
576 304 580 303
579 304 582 303
582 304 585 303
585 304 587 303
588 304 590 303
590 304 593 303
593 304 596 303
596 304 599 303
599 304 602 303
602 304 604 303
604 304 607 303
607 304 612 304
610 304 612 301
613 304 616 301
619 304 621 303
621 304 624 303
624 304 627 303
627 304 629 303
630 304 632 303
633 304 635 303
635 304 638 303
638 304 641 303
641 304 644 303
556 306 557 306
559 306 561 307
562 306 565 306
565 306 568 306
568 306 571 306
571 306 574 306
573 306 576 306
576 306 579 306
579 306 582 306
585 306 587 306
588 306 590 306
590 306 593 306
593 306 596 306
596 306 599 306
599 306 602 306
602 306 605 305
607 306 612 307
610 306 616 307
619 306 621 307
624 306 627 305
627 306 630 305
630 306 633 306
633 306 635 306
635 306 638 306
638 306 641 306
641 306 644 306
647 306 647 301
559 309 559 309
562 309 565 310
565 309 567 309
568 309 571 309
571 309 573 309
573 309 576 309
576 309 579 309
579 309 582 309
582 309 584 307
585 309 587 309
588 309 590 309
590 309 593 309
593 309 596 309
596 309 599 308
599 309 602 308
602 309 605 308
604 309 607 308
610 309 613 308
616 309 621 310
619 309 623 309
621 309 626 309
624 309 629 309
630 309 632 308
633 309 635 308
635 309 638 308
638 309 641 308
641 309 643 308
647 309 647 304
562 312 565 312
565 312 568 312
568 312 570 312
571 312 573 311
573 312 576 312
576 312 579 312
579 312 581 312
582 312 584 312
585 312 587 312
588 312 590 311
590 312 593 312
593 312 596 311
596 312 599 311
599 312 601 311
604 312 607 311
607 312 611 312
610 312 613 311
613 312 619 313
616 312 621 312
619 312 624 312
621 312 627 312
624 312 629 311
630 312 632 311
633 312 635 311
635 312 638 311
638 312 641 311
641 312 644 311
644 312 646 312
647 312 647 309
565 315 567 315
568 315 570 315
571 315 573 315
573 315 576 315
576 315 579 315
579 315 581 315
582 315 584 315
585 315 587 315
588 315 590 314
590 315 593 314
596 315 599 314
607 315 610 315
610 315 615 315
613 315 618 315
616 315 622 315
619 315 625 315
624 315 627 314
627 315 630 315
630 315 633 314
635 315 638 314
638 315 641 314
641 315 644 314
644 315 646 314
