343 149 343 148
343 154 343 153
349 154 348 154
354 154 353 154
312 160 313 158
333 160 333 158
338 160 337 158
343 160 343 158
349 160 348 159
354 160 354 158
359 160 359 159
364 160 364 159
317 165 317 164
323 165 321 164
328 165 327 164
333 165 332 164
338 165 337 164
343 165 342 164
349 165 349 164
354 165 354 164
364 165 364 164
369 165 370 164
375 165 375 164
380 165 380 163
312 170 312 169
317 170 316 168
323 170 321 169
328 170 326 169
333 170 331 169
338 170 337 169
343 170 342 169
349 170 348 169
354 170 353 169
359 170 358 169
364 170 363 169
369 170 369 169
375 170 375 169
380 170 380 169
385 170 385 169
390 170 390 169
286 175 287 174
297 175 297 174
302 175 301 175
307 175 306 175
312 175 312 174
317 175 316 174
323 175 320 174
328 175 326 174
333 175 331 174
338 175 337 174
343 175 342 174
354 175 353 174
359 175 357 174
364 175 363 174
369 175 368 174
375 175 374 174
380 175 379 174
385 175 385 174
390 175 390 173
276 180 277 181
281 180 282 180
286 180 287 179
302 180 301 179
307 180 306 180
312 180 311 179
317 180 316 179
323 180 320 180
328 180 326 180
333 180 331 179
338 180 336 180
343 180 342 180
354 180 352 180
359 180 357 179
364 180 362 179
369 180 368 179
375 180 374 179
380 180 379 179
385 180 384 179
276 186 277 186
281 186 282 185
286 186 287 185
291 186 292 184
302 186 301 184
307 186 306 185
312 186 311 185
317 186 315 185
328 186 326 185
333 186 331 185
338 186 336 185
343 186 342 184
354 186 352 185
359 186 358 184
364 186 363 184
369 186 369 184
375 186 374 184
380 186 378 184
385 186 385 184
276 191 277 190
286 191 286 190
297 191 295 190
302 191 300 189
307 191 305 190
312 191 310 190
323 191 320 190
333 191 332 190
338 191 337 191
343 191 343 191
349 191 347 190
354 191 352 190
359 191 357 190
364 191 364 190
369 191 369 190
375 191 375 190
380 191 380 190
390 191 390 190
395 191 396 190
291 196 290 195
297 196 295 194
302 196 300 195
307 196 305 195
312 196 311 195
317 196 316 195
323 196 321 196
333 196 333 195
338 196 337 195
343 196 342 195
349 196 347 195
354 196 352 195
359 196 357 195
364 196 363 195
369 196 368 195
375 196 375 195
380 196 379 195
385 196 385 195
390 196 390 195
395 196 396 195
276 201 277 200
281 201 282 200
297 201 295 199
302 201 300 200
307 201 305 200
312 201 310 200
317 201 316 201
323 201 321 201
328 201 327 200
333 201 333 200
338 201 337 201
343 201 342 201
354 201 352 200
359 201 358 200
364 201 363 200
369 201 368 200
375 201 374 200
390 201 391 201
401 201 402 200
276 206 277 206
286 206 286 205
291 206 290 205
297 206 295 205
302 206 300 205
307 206 305 206
312 206 310 206
317 206 316 206
323 206 321 205
328 206 327 205
333 206 332 205
338 206 337 206
343 206 342 206
349 206 347 205
354 206 352 206
359 206 358 206
364 206 363 206
369 206 368 206
375 206 373 206
380 206 379 205
385 206 384 205
390 206 391 206
395 206 397 206
276 212 277 211
286 212 286 211
291 212 290 211
297 212 295 211
302 212 300 211
307 212 306 211
312 212 311 211
317 212 316 211
323 212 321 211
328 212 326 211
333 212 331 211
338 212 337 211
343 212 342 211
349 212 347 211
354 212 353 211
359 212 358 211
364 212 363 211
369 212 369 211
375 212 373 211
380 212 380 212
385 212 385 211
390 212 391 211
395 212 397 211
276 217 277 216
281 217 282 216
286 217 286 216
291 217 291 217
297 217 296 217
302 217 301 216
307 217 306 216
312 217 311 216
317 217 317 216
323 217 322 216
328 217 326 217
333 217 331 216
338 217 337 216
343 217 342 216
349 217 347 216
354 217 353 216
359 217 358 216
364 217 363 216
369 217 369 216
380 217 380 216
385 217 385 216
271 222 271 222
281 222 283 221
286 222 287 221
291 222 292 222
297 222 296 222
302 222 301 222
307 222 306 222
312 222 311 221
317 222 317 221
323 222 322 221
328 222 327 222
333 222 331 222
338 222 336 221
349 222 347 221
354 222 352 221
359 222 358 221
364 222 363 221
369 222 368 221
375 222 373 221
380 222 379 221
385 222 385 221
291 227 292 226
297 227 296 226
302 227 301 227
307 227 306 227
312 227 311 226
317 227 317 226
323 227 321 227
328 227 326 227
333 227 331 227
338 227 336 226
343 227 342 226
349 227 347 226
354 227 352 227
359 227 358 227
364 227 363 227
369 227 368 227
375 227 373 226
380 227 379 227
385 227 385 226
297 232 297 231
302 232 301 232
307 232 306 232
312 232 312 231
317 232 316 231
328 232 326 232
333 232 332 232
338 232 337 232
343 232 342 232
349 232 347 232
354 232 353 232
359 232 358 232
364 232 363 232
369 232 368 232
375 232 373 232
380 232 379 232
385 232 385 232
297 238 297 237
302 238 301 237
307 238 306 237
312 238 312 237
317 238 316 237
323 238 322 237
328 238 326 237
333 238 332 237
338 238 337 237
343 238 342 237
349 238 347 237
354 238 352 237
359 238 358 237
369 238 368 237
375 238 373 237
380 238 379 237
297 243 297 242
307 243 306 242
312 243 311 242
317 243 316 242
323 243 322 242
328 243 327 242
333 243 331 242
338 243 337 242
343 243 341 242
349 243 347 242
354 243 352 242
369 243 368 242
375 243 374 242
380 243 379 242
291 248 292 247
297 248 296 247
302 248 302 248
307 248 306 248
312 248 310 247
317 248 316 247
323 248 322 247
328 248 326 247
333 248 331 247
338 248 336 247
343 248 342 247
349 248 347 247
354 248 352 247
359 248 357 248
364 248 363 248
369 248 368 247
375 248 374 247
380 248 380 246
385 248 385 246
291 253 292 253
297 253 296 252
302 253 301 253
307 253 306 253
312 253 311 253
317 253 317 252
323 253 322 252
328 253 326 252
333 253 331 252
338 253 337 252
343 253 342 252
354 253 352 253
359 253 358 253
364 253 363 253
369 253 368 252
375 253 374 253
380 253 380 252
385 253 385 252
302 258 301 258
307 258 306 258
312 258 310 258
317 258 316 258
323 258 322 257
328 258 326 257
333 258 331 257
338 258 337 257
343 258 342 258
354 258 352 258
359 258 357 258
364 258 363 258
369 258 368 258
375 258 375 258
380 258 380 259
385 258 385 258
302 264 301 263
307 264 306 263
312 264 310 262
317 264 316 263
323 264 321 263
328 264 326 263
333 264 331 263
338 264 336 263
343 264 341 263
354 264 352 263
359 264 357 263
364 264 363 263
369 264 368 263
375 264 373 264
380 264 379 264
385 264 384 263
302 269 301 268
307 269 306 267
312 269 311 267
317 269 317 268
323 269 321 268
333 269 331 269
338 269 337 268
343 269 342 268
354 269 351 268
359 269 357 268
364 269 363 268
369 269 368 269
380 269 378 268
385 269 384 268
297 274 297 273
302 274 302 273
307 274 306 273
312 274 312 273
317 274 317 273
323 274 321 273
328 274 326 274
333 274 332 273
338 274 336 273
343 274 341 273
349 274 346 273
359 274 357 274
364 274 362 274
369 274 367 274
375 274 373 274
380 274 379 273
385 274 384 273
297 279 296 278
302 279 302 279
307 279 307 279
312 279 311 278
317 279 316 279
323 279 322 279
328 279 326 279
333 279 331 279
343 279 341 279
349 279 347 279
359 279 356 279
364 279 362 279
369 279 368 279
375 279 374 279
380 279 379 279
385 279 385 278
307 284 307 284
312 284 312 284
317 284 316 284
323 284 321 284
328 284 326 284
333 284 331 284
338 284 336 284
343 284 342 284
349 284 347 284
359 284 356 284
364 284 362 284
369 284 368 284
375 284 374 284
380 284 379 284
385 284 385 284
302 290 301 289
307 290 307 289
317 290 316 289
323 290 322 289
328 290 327 288
333 290 332 289
338 290 337 289
343 290 342 289
349 290 347 289
354 290 352 289
359 290 357 289
369 290 368 289
375 290 373 289
401 290 401 290
307 295 308 294
312 295 313 294
317 295 317 294
323 295 322 294
328 295 326 294
333 295 332 294
343 295 342 294
349 295 347 295
354 295 352 294
359 295 357 294
364 295 363 294
369 295 368 294
375 295 373 294
385 295 385 295
401 295 401 294
317 300 319 300
323 300 323 300
328 300 327 299
333 300 333 299
338 300 337 300
343 300 342 299
349 300 347 299
354 300 352 299
359 300 357 299
364 300 363 299
375 300 375 300
380 300 380 300
385 300 385 300
390 300 391 300
323 305 324 306
333 305 332 305
338 305 338 305
343 305 343 305
349 305 348 304
354 305 353 305
359 305 357 304
375 305 375 304
380 305 380 305
385 305 385 305
390 305 390 305
395 305 396 305
401 305 401 305
406 305 406 305
328 310 328 310
333 310 333 310
364 310 364 309
369 310 370 310
375 310 375 310
380 310 379 311
385 310 385 310
390 310 390 311
395 310 396 310
401 310 401 310
406 310 406 310
411 310 411 310
432 310 431 310
437 310 436 310
442 310 443 310
328 316 328 314
333 316 334 315
338 316 339 315
354 316 354 314
359 316 360 314
364 316 365 314
369 316 370 315
375 316 375 316
380 316 380 316
385 316 385 316
390 316 391 315
395 316 396 315
401 316 401 315
406 316 406 315
411 316 411 315
416 316 417 316
432 316 432 316
442 316 442 315
317 321 319 320
323 321 324 319
328 321 328 320
333 321 333 319
338 321 339 319
343 321 344 319
354 321 354 320
369 321 370 321
375 321 375 321
385 321 385 320
390 321 391 320
395 321 396 320
401 321 401 320
406 321 406 320
411 321 412 320
416 321 417 321
421 321 422 320
442 321 442 321
312 326 312 326
317 326 318 325
323 326 324 325
328 326 329 325
333 326 334 325
338 326 338 324
343 326 343 324
354 326 353 325
364 326 365 325
369 326 370 325
375 326 375 325
380 326 381 326
385 326 386 326
390 326 391 325
395 326 396 325
401 326 401 325
406 326 407 326
411 326 412 325
416 326 417 326
421 326 422 325
442 326 442 325
302 331 302 331
307 331 308 330
317 331 318 331
323 331 323 330
328 331 329 330
333 331 334 330
349 331 349 331
359 331 359 331
364 331 365 331
369 331 370 331
375 331 375 330
380 331 381 330
385 331 386 331
390 331 391 331
395 331 396 331
401 331 401 331
406 331 407 331
411 331 412 331
416 331 417 331
421 331 422 330
427 331 428 331
307 336 307 336
317 336 317 337
323 336 323 336
328 336 329 336
333 336 334 336
338 336 338 336
354 336 354 336
359 336 360 337
364 336 365 336
369 336 370 336
375 336 375 336
380 336 381 336
385 336 386 336
390 336 391 336
395 336 396 336
401 336 401 336
406 336 407 336
411 336 412 336
416 336 417 336
421 336 422 336
427 336 428 337
432 336 433 337
437 336 437 335
442 336 442 336
