380 212 364 213
354 222 326 228
333 227 300 235
338 227 305 236
343 227 309 236
359 227 327 234
364 227 333 235
338 232 306 241
343 232 310 242
349 232 315 242
359 232 325 244
364 232 333 242
343 238 311 248
349 238 316 248
354 238 321 248
333 243 306 249
343 243 310 251
349 243 316 252
359 243 326 253
349 248 310 258
359 248 331 260
364 248 337 260
359 253 327 265
364 258 331 269
375 258 346 270
385 258 365 269
364 264 331 274
369 264 336 275
375 264 341 276
359 269 322 279
364 269 330 279
369 269 335 279
375 269 341 281
354 274 316 284
359 274 321 284
364 274 329 284
369 274 335 284
375 274 342 284
333 279 304 286
359 279 321 289
369 279 335 289
354 290 325 297
349 295 320 301
354 295 325 303
