406 25 455 143
424 25 467 140
441 25 480 139
406 42 455 153
424 42 469 152
319 94 400 200
354 94 424 200
371 94 437 199
476 94 515 193
493 94 528 193
371 111 437 208
406 111 461 207
424 111 475 206
441 111 489 205
476 111 515 204
493 111 532 203
510 111 546 203
250 129 350 222
285 129 374 219
302 129 386 217
319 129 398 218
354 129 422 217
250 146 350 233
371 146 436 227
493 146 533 220
285 163 371 238
302 163 386 236
337 163 410 233
354 163 423 233
406 163 462 232
424 163 476 232
441 163 491 231
476 163 517 230
215 181 322 273
267 181 361 259
285 181 371 254
302 181 384 251
337 181 410 244
354 181 423 245
371 181 437 243
389 181 452 243
424 181 476 241
441 181 491 240
476 181 517 240
493 181 533 245
163 198 285 297
215 198 323 292
233 198 335 292
267 198 359 273
285 198 372 269
302 198 385 264
198 215 305 307
267 215 359 289
285 215 372 284
337 215 411 273
354 215 424 272
371 215 437 270
406 215 465 264
424 215 478 262
458 215 504 261
476 215 518 263
493 215 535 271
510 215 558 282
528 215 573 281
146 233 270 314
267 233 359 303
319 233 398 291
337 233 413 291
354 233 425 290
371 233 439 288
406 233 463 282
424 233 477 278
319 250 397 308
337 250 412 306
354 250 426 307
389 250 452 303
406 250 464 300
424 250 481 298
510 250 570 315
528 250 585 313
233 267 328 366
250 267 345 365
337 267 413 325
371 267 442 326
406 267 469 319
424 267 482 316
233 285 327 379
250 285 343 380
267 285 357 380
319 285 399 362
337 285 414 358
354 285 429 356
371 285 445 352
424 285 485 332
441 285 501 332
215 302 311 395
233 302 328 393
302 302 384 395
354 302 432 378
371 302 445 375
441 302 502 348
319 319 401 407
371 319 448 396
406 319 475 391
302 337 385 430
337 337 419 426
354 337 432 426
371 337 450 422
389 337 466 420
493 337 575 422
354 354 433 442
371 354 453 443
389 354 470 443
406 354 484 443
441 354 525 441
493 354 575 437
371 371 456 458
389 371 473 459
198 389 292 471
302 389 386 467
319 389 403 465
337 389 421 467
