562 205 568 206
559 208 567 209
565 211 590 213
540 216 536 217
573 222 592 217
573 225 592 220
545 233 570 209
599 233 617 235
551 239 578 216
607 239 627 267
554 247 573 279
588 250 593 238
599 250 602 256
604 250 607 254
607 250 610 255
610 250 613 255
619 250 629 271
556 253 571 253
588 253 592 241
593 253 596 239
596 253 598 258
604 253 605 257
607 253 608 258
616 253 614 260
582 256 587 247
599 256 600 258
604 256 604 260
607 256 607 260
613 256 611 261
616 256 614 263
619 256 617 263
593 258 595 243
613 258 610 264
582 261 585 254
585 261 588 256
610 261 609 268
616 261 613 267
621 261 617 267
624 261 623 269
576 264 581 256
582 264 585 257
593 264 590 259
596 264 593 260
616 264 612 269
619 264 615 270
621 264 619 271
624 264 621 272
630 264 628 274
568 267 568 241
596 267 592 264
599 267 596 265
602 267 600 266
607 267 608 271
613 267 612 272
619 267 614 273
621 267 617 275
627 267 621 276
633 267 634 280
593 270 585 265
596 270 592 267
599 270 596 268
602 270 599 268
610 270 610 274
619 270 614 277
621 270 617 278
624 270 624 280
627 270 627 280
531 273 547 275
590 273 583 268
596 273 591 270
599 273 595 271
604 273 603 273
607 273 607 275
621 273 619 282
627 273 626 283
635 273 633 283
638 273 636 283
641 273 639 284
604 275 607 278
610 275 609 279
633 275 629 285
635 275 632 286
638 275 636 286
641 275 639 287
644 275 642 286
599 278 602 279
613 278 610 286
633 278 628 288
635 278 631 288
542 281 549 267
610 281 610 290
613 281 613 291
613 284 612 294
619 284 615 294
638 284 637 294
540 287 559 285
554 287 566 280
556 287 569 280
599 287 605 295
633 287 633 296
644 287 642 296
542 290 556 280
548 290 560 278
644 290 642 299
647 290 647 298
545 292 564 290
554 292 562 282
556 292 565 283
599 292 604 298
607 292 611 300
616 292 616 302
647 292 646 300
545 295 563 294
554 295 562 285
624 295 623 304
627 295 626 305
635 295 633 304
641 295 641 303
537 298 548 292
540 298 552 293
548 298 565 298
551 298 568 298
585 298 586 286
616 298 616 305
619 298 619 306
621 298 621 307
638 298 637 305
647 298 645 304
540 301 551 296
548 301 563 301
551 301 567 302
585 301 586 288
590 301 589 301
593 301 592 302
627 301 626 309
630 301 628 309
641 301 640 308
644 301 643 307
542 304 554 298
613 304 611 307
621 304 620 310
641 304 642 311
647 304 647 309
540 306 550 300
542 306 553 301
562 306 575 311
573 306 587 310
576 306 589 310
624 306 617 310
644 306 645 312
559 309 559 303
568 309 577 311
571 309 582 313
590 309 587 309
596 309 593 310
644 309 645 314
647 309 648 315
565 312 562 304
568 312 576 315
576 312 587 315
590 315 590 316
616 315 615 316
630 315 626 316
