94 25 145 96
111 25 161 96
129 25 177 95
198 25 235 99
215 25 254 99
233 25 268 100
441 59 473 77
441 77 466 98
510 77 532 119
354 94 390 122
371 94 403 125
406 94 433 125
354 111 386 136
371 111 402 138
406 111 434 139
424 111 450 138
441 111 466 139
493 111 517 144
510 111 534 144
528 111 551 144
545 111 566 145
562 111 581 147
371 129 402 150
389 129 419 150
424 129 450 152
441 129 465 153
458 129 481 154
476 129 502 154
493 129 517 153
510 129 534 156
528 129 550 155
545 129 568 158
302 146 336 159
319 146 354 160
337 146 368 161
354 146 385 161
476 146 502 167
545 146 568 172
614 146 632 191
285 163 315 181
302 163 333 175
319 163 351 174
337 163 367 174
354 163 385 175
371 163 401 175
389 163 419 176
406 163 435 177
424 163 454 178
441 163 470 179
510 163 538 179
614 163 633 208
285 181 314 203
302 181 331 191
319 181 351 189
337 181 369 187
354 181 385 187
371 181 403 188
389 181 420 188
406 181 437 189
424 181 453 190
441 181 471 192
458 181 489 192
476 181 506 193
493 181 523 192
510 181 539 194
319 198 349 209
337 198 366 203
354 198 385 203
371 198 403 203
389 198 421 202
406 198 438 203
424 198 455 203
441 198 472 204
458 198 490 206
476 198 507 206
493 198 524 207
510 198 540 208
250 215 278 244
319 215 345 231
337 215 365 227
354 215 383 221
371 215 403 219
389 215 420 219
406 215 437 218
424 215 454 218
458 215 489 219
476 215 507 221
493 215 524 223
510 215 542 224
528 215 558 230
562 215 591 244
597 215 623 245
233 233 250 259
267 233 283 263
319 233 342 253
337 233 362 248
354 233 381 243
371 233 401 239
389 233 419 240
406 233 436 238
424 233 454 237
441 233 473 234
458 233 490 237
493 233 524 237
510 233 542 241
528 233 559 247
562 233 591 261
580 233 609 261
285 250 297 295
354 250 378 261
371 250 400 264
389 250 418 264
406 250 434 262
424 250 451 259
441 250 472 255
458 250 490 257
476 250 509 251
510 250 543 260
545 250 575 280
562 250 592 282
580 250 609 282
319 267 334 313
354 267 375 280
371 267 394 284
389 267 412 284
406 267 429 287
441 267 470 283
458 267 489 282
476 267 506 276
493 267 528 274
562 267 591 303
597 267 627 305
302 285 311 333
319 285 331 331
441 285 460 308
458 285 487 303
476 285 505 304
493 285 531 298
562 285 591 332
614 285 649 322
632 285 666 324
267 302 277 346
285 302 295 349
302 302 313 350
319 302 332 352
337 302 347 353
424 302 442 345
476 302 506 322
510 302 548 315
597 302 631 337
614 302 650 339
337 319 351 369
354 319 367 368
389 319 402 371
424 319 442 366
441 319 461 365
458 319 479 361
510 319 545 335
545 319 574 373
562 319 590 376
597 319 633 352
614 319 653 355
371 337 385 388
389 337 400 386
406 337 417 388
424 337 438 391
441 337 458 391
545 337 575 390
562 337 592 393
597 337 635 371
337 354 351 405
354 354 368 403
371 354 386 402
389 354 405 404
406 354 420 405
424 354 438 409
441 354 458 410
458 354 484 408
510 354 541 410
528 354 559 408
545 354 578 407
354 371 367 422
371 371 386 419
389 371 402 422
406 371 419 424
424 371 438 424
441 371 458 426
458 371 476 426
528 371 559 425
545 371 577 428
562 371 596 426
371 389 384 437
389 389 400 440
406 389 417 441
424 389 439 444
510 389 543 445
580 389 628 424
597 389 646 423
614 389 665 427
371 406 384 457
389 406 400 457
406 406 419 459
580 406 630 444
597 424 649 462
614 424 669 463
