302 25 235 13
458 25 418 8
476 25 436 7
493 25 455 7
597 25 523 64
614 25 538 64
632 25 554 64
649 25 591 18
666 25 606 20
250 42 182 20
267 42 199 24
406 42 358 30
424 42 378 31
441 42 403 14
597 42 519 80
614 42 538 80
632 42 553 80
267 59 197 54
389 59 340 43
406 59 357 44
424 59 379 48
441 59 402 34
458 59 420 36
476 59 436 41
614 59 537 98
632 59 566 91
371 77 323 56
389 77 340 59
406 77 358 60
441 77 396 51
458 77 418 55
476 77 434 59
493 77 446 72
545 77 502 80
354 94 302 70
371 94 323 73
389 94 339 74
406 94 357 77
424 94 377 79
493 94 446 86
510 94 462 89
632 94 570 105
649 94 586 106
337 111 283 84
354 111 301 86
371 111 321 88
389 111 339 91
406 111 357 93
424 111 376 94
441 111 394 96
458 111 412 98
476 111 429 101
493 111 446 103
510 111 463 104
528 111 481 106
545 111 494 108
614 111 547 138
632 111 569 119
319 129 264 99
337 129 282 101
389 129 339 107
406 129 357 109
424 129 376 111
441 129 394 112
458 129 410 115
476 129 429 116
493 129 446 117
510 129 463 120
528 129 479 122
545 129 494 123
562 129 511 127
632 129 569 139
285 146 200 140
302 146 243 114
319 146 265 115
337 146 282 117
354 146 301 119
371 146 319 120
389 146 338 122
406 146 357 125
424 146 376 128
441 146 395 129
458 146 412 130
476 146 428 132
493 146 445 134
510 146 462 135
528 146 479 137
545 146 495 139
597 146 530 153
614 146 551 158
632 146 568 157
285 163 218 137
302 163 240 132
319 163 261 133
337 163 280 134
354 163 299 137
371 163 319 138
389 163 339 141
406 163 358 143
424 163 377 144
441 163 395 146
458 163 413 147
476 163 428 148
493 163 448 149
510 163 465 150
528 163 480 153
580 163 511 173
597 163 535 172
614 163 552 172
632 163 568 174
267 181 160 181
285 181 217 155
302 181 238 155
319 181 262 152
337 181 281 152
354 181 301 154
371 181 320 155
441 181 395 162
458 181 412 163
476 181 429 164
493 181 448 165
510 181 464 167
528 181 480 169
614 181 553 186
233 198 128 196
267 198 192 176
285 198 212 180
302 198 235 175
319 198 255 173
337 198 279 173
354 198 300 172
371 198 319 173
389 198 340 174
406 198 358 175
424 198 377 176
441 198 395 178
476 198 430 181
493 198 447 182
510 198 464 183
528 198 480 187
562 198 508 197
580 198 526 197
215 215 109 211
250 215 173 196
267 215 192 197
285 215 210 200
319 215 255 194
337 215 276 195
354 215 297 190
371 215 319 191
389 215 338 193
406 215 358 193
424 215 376 193
458 215 411 195
476 215 430 197
493 215 446 199
510 215 464 201
528 215 480 206
545 215 492 212
562 215 508 212
580 215 525 213
597 215 541 213
215 233 121 213
233 233 144 214
250 233 164 218
267 233 188 217
285 233 207 219
302 233 227 226
319 233 253 216
337 233 275 214
354 233 296 214
371 233 317 213
389 233 336 212
406 233 357 213
424 233 375 212
441 233 394 212
458 233 412 213
493 233 447 216
510 233 463 218
528 233 480 222
545 233 494 230
562 233 508 229
580 233 525 230
597 233 541 230
233 250 143 234
250 250 162 235
285 250 205 247
302 250 225 246
319 250 250 236
337 250 275 235
354 250 295 232
371 250 313 234
389 250 334 234
406 250 354 234
424 250 374 234
441 250 393 233
458 250 411 233
476 250 430 233
493 250 447 234
545 250 490 247
562 250 507 247
580 250 523 249
302 267 226 264
319 267 241 263
337 267 265 255
354 267 292 252
371 267 312 253
389 267 334 254
406 267 352 255
424 267 371 256
441 267 390 255
458 267 408 254
476 267 427 253
493 267 447 252
510 267 461 256
545 267 487 265
562 267 506 266
580 267 522 266
597 267 538 268
302 285 225 284
319 285 243 283
337 285 261 284
354 285 292 273
406 285 346 277
424 285 367 276
441 285 386 276
458 285 405 275
476 285 425 274
493 285 445 272
510 285 463 273
545 285 487 285
562 285 504 284
580 285 521 285
597 285 539 285
614 285 563 295
267 302 168 317
285 302 194 305
302 302 225 305
319 302 241 301
337 302 260 302
354 302 282 305
371 302 302 303
406 302 343 302
424 302 363 301
441 302 382 301
458 302 403 296
476 302 423 294
493 302 442 291
510 302 461 290
580 302 522 300
597 302 539 302
250 319 148 336
285 319 193 323
302 319 221 322
337 319 262 322
354 319 277 322
371 319 299 323
389 319 320 324
406 319 339 323
424 319 360 322
441 319 380 322
458 319 399 319
476 319 419 316
493 319 440 313
510 319 460 309
545 319 484 325
580 319 525 316
597 319 540 316
632 319 562 331
250 337 149 356
267 337 175 337
285 337 191 340
302 337 224 339
319 337 244 338
354 337 279 338
371 337 300 340
389 337 317 340
406 337 335 340
424 337 356 343
441 337 377 343
476 337 415 339
510 337 455 332
528 337 472 336
545 337 487 341
562 337 503 337
580 337 525 334
250 354 152 375
267 354 173 360
285 354 192 357
302 354 221 358
319 354 241 361
337 354 260 345
354 354 281 352
371 354 298 354
389 354 316 360
406 354 334 361
424 354 361 361
441 354 377 361
458 354 395 361
476 354 415 359
493 354 435 359
510 354 453 358
580 354 525 352
597 354 542 351
614 354 558 353
250 371 154 394
267 371 173 387
285 371 191 390
319 371 238 374
337 371 257 372
354 371 277 372
371 371 296 373
389 371 315 375
406 371 342 378
424 371 358 380
441 371 376 379
458 371 395 378
476 371 415 376
493 371 438 377
528 371 471 371
545 371 487 369
580 371 526 366
267 389 174 406
285 389 189 406
302 389 205 408
319 389 237 394
337 389 254 390
354 389 277 392
371 389 294 394
389 389 316 395
406 389 335 397
424 389 358 397
441 389 375 397
458 389 394 396
476 389 413 398
493 389 433 395
510 389 453 385
528 389 472 387
545 389 484 387
580 389 528 385
597 389 541 385
632 389 573 388
285 406 202 428
319 406 239 428
337 406 257 426
354 406 277 410
371 406 296 415
389 406 315 413
406 406 340 416
424 406 357 418
441 406 375 416
458 406 395 415
476 406 412 415
510 406 454 398
528 406 466 412
545 406 483 407
580 406 525 400
597 406 541 400
614 406 558 402
354 424 275 444
371 424 294 443
389 424 317 433
406 424 334 433
424 424 352 430
441 424 379 432
458 424 395 431
476 424 414 432
493 424 428 434
510 424 447 432
528 424 466 433
545 424 487 421
597 424 543 418
614 424 556 419
337 441 237 450
406 441 333 449
424 441 359 453
441 441 378 451
458 441 395 450
476 441 414 448
493 441 430 448
510 441 446 452
528 441 465 453
545 441 487 436
354 458 252 465
371 458 273 467
406 458 328 469
424 458 348 465
441 458 375 470
493 476 431 475
510 476 450 475
528 476 469 476
