198 25 148 28
215 25 168 29
233 25 184 31
111 42 42 34
406 42 378 40
476 42 458 17
267 59 221 69
389 59 359 54
406 59 378 54
441 59 422 34
458 59 440 35
371 77 341 68
389 77 360 67
406 77 378 67
458 77 439 55
493 77 467 76
510 77 481 77
493 94 469 90
528 94 501 93
545 94 517 95
337 111 305 93
354 111 323 93
371 111 342 96
389 111 360 96
406 111 378 97
441 111 417 100
493 111 470 106
510 111 486 106
528 111 504 108
562 111 534 111
319 129 286 106
337 129 304 107
354 129 324 109
371 129 342 110
389 129 360 111
406 129 378 113
424 129 396 114
441 129 413 114
476 129 450 117
493 129 470 120
510 129 486 121
528 129 504 122
632 129 597 128
302 146 267 121
319 146 286 122
337 146 306 123
354 146 324 124
371 146 342 125
389 146 361 127
406 146 379 128
424 146 397 130
441 146 418 131
528 146 504 136
632 146 598 144
302 163 265 138
319 163 286 139
337 163 305 140
354 163 323 141
371 163 343 141
389 163 362 143
406 163 380 145
424 163 399 146
441 163 418 147
476 163 453 148
493 163 473 147
510 163 489 148
285 181 243 164
319 181 286 157
337 181 304 156
354 181 324 156
371 181 344 158
389 181 362 158
406 181 380 158
424 181 399 160
441 181 418 161
458 181 436 163
476 181 454 163
493 181 473 164
510 181 489 166
528 181 507 168
614 181 582 182
250 198 201 193
267 198 219 187
285 198 238 191
319 198 281 179
337 198 301 173
354 198 324 173
371 198 344 174
389 198 364 174
406 198 382 175
424 198 400 176
441 198 419 177
458 198 437 178
476 198 455 179
493 198 473 179
510 198 490 182
562 198 534 199
614 198 582 199
233 215 178 206
250 215 198 210
267 215 217 210
319 215 280 201
337 215 299 195
354 215 321 193
371 215 343 192
389 215 363 193
406 215 382 193
424 215 401 193
441 215 419 194
458 215 437 195
476 215 455 195
493 215 473 197
510 215 490 198
580 215 552 213
233 233 175 227
250 233 193 228
319 233 280 222
337 233 299 218
354 233 321 215
371 233 342 214
389 233 359 214
406 233 381 213
424 233 400 211
441 233 420 211
458 233 438 211
476 233 455 212
493 233 473 213
545 233 522 232
580 233 553 231
233 250 175 246
285 250 232 257
319 250 279 243
354 250 320 237
371 250 337 236
389 250 358 237
406 250 381 236
424 250 404 240
458 250 437 230
476 250 457 230
562 250 534 249
354 267 317 259
371 267 337 259
389 267 357 259
406 267 376 260
424 267 398 260
441 267 417 258
476 267 453 251
493 267 474 250
562 267 533 271
614 267 584 273
632 267 602 273
302 285 250 300
354 285 317 279
441 285 408 280
476 285 453 277
493 285 478 276
562 285 530 294
597 285 573 286
424 302 389 310
441 302 409 309
458 302 430 301
476 302 453 298
510 302 493 293
302 319 252 336
371 319 328 336
389 319 347 336
424 319 387 332
441 319 408 330
458 319 427 327
510 319 491 312
597 319 574 319
302 337 250 352
319 337 268 352
337 337 284 351
389 337 347 355
406 337 367 354
424 337 387 355
441 337 406 355
476 337 443 352
545 337 513 351
597 337 575 337
302 354 247 371
389 354 354 371
406 354 370 372
424 354 386 374
441 354 407 373
458 354 423 374
476 354 444 373
528 354 504 367
562 354 532 369
597 354 579 355
389 371 349 388
406 371 366 391
424 371 385 391
441 371 405 392
458 371 423 391
389 389 347 406
406 389 366 408
424 389 384 409
441 389 406 410
458 389 422 408
476 389 441 409
493 389 469 405
510 389 487 401
545 389 522 403
580 389 562 390
597 389 576 389
371 406 331 421
389 406 349 425
406 406 365 424
441 406 403 424
458 406 421 424
493 406 462 422
510 406 486 421
528 406 505 422
545 406 519 423
580 406 561 406
597 406 578 405
319 424 261 455
337 424 282 451
371 424 333 453
389 424 347 449
406 424 366 443
441 424 405 439
458 424 425 438
493 424 459 439
528 424 506 436
545 424 520 436
614 424 597 426
389 441 348 471
406 441 367 460
