397 228 428 232
403 228 435 232
416 228 451 232
419 228 454 231
394 230 430 234
397 230 433 234
400 230 435 234
405 230 438 234
416 230 451 234
397 233 433 237
430 233 461 236
444 233 382 238
392 236 423 241
397 236 418 244
427 236 459 240
446 236 382 240
383 239 415 244
392 239 413 248
405 239 419 246
446 239 383 244
394 244 423 252
383 247 420 250
430 250 461 254
433 250 464 254
378 252 378 235
422 252 456 255
436 252 468 256
436 255 468 260
438 255 471 259
408 263 433 270
444 266 473 262
422 269 449 256
416 272 441 264
422 272 450 260
446 272 477 267
452 272 399 292
383 274 390 243
416 274 441 267
438 274 470 266
449 274 397 293
449 277 397 296
452 277 400 296
449 280 397 299
452 280 400 298
438 282 433 275
441 282 437 274
449 282 399 302
452 282 401 302
419 285 449 270
422 285 451 269
427 285 421 287
438 285 434 278
441 285 438 278
449 285 398 305
452 285 401 304
455 285 404 303
414 288 444 276
416 288 447 273
419 288 449 272
422 288 452 271
444 288 438 281
416 291 446 276
419 291 449 276
422 291 452 275
425 291 455 274
457 291 476 290
460 291 478 290
416 293 447 279
403 296 432 285
430 296 425 296
405 299 434 289
408 299 437 288
449 299 476 277
433 304 423 297
477 307 463 279
378 310 378 315
460 310 410 318
477 313 461 286
479 313 465 286
381 315 379 318
383 315 383 318
438 315 429 316
433 318 450 291
436 318 421 303
433 321 451 297
436 321 454 297
438 321 424 305
427 324 415 325
436 324 449 323
438 324 453 323
446 324 465 318
438 326 451 327
446 326 466 323
438 329 451 330
441 329 454 329
452 329 486 329
455 329 489 329
381 332 378 331
471 332 458 331
381 335 379 335
383 335 430 333
463 335 443 333
394 337 393 337
