419 225 438 225
430 225 449 225
405 228 398 232
408 228 430 228
386 230 390 232
403 230 415 232
405 230 418 233
408 230 430 231
425 230 441 232
430 230 447 231
433 230 449 232
435 230 452 232
386 233 392 234
397 233 409 236
400 233 412 236
403 233 415 236
405 233 429 234
408 233 432 233
419 233 417 239
433 233 446 234
435 233 452 235
389 236 400 238
392 236 403 238
397 236 409 238
400 236 423 237
403 236 426 236
411 236 406 241
414 236 408 241
422 236 406 244
438 236 454 234
389 239 400 240
397 239 423 238
400 239 426 239
403 239 428 239
414 239 409 243
416 239 440 240
430 239 449 240
435 239 452 240
438 239 454 237
394 241 420 241
397 241 423 242
400 241 426 242
416 241 399 249
383 244 403 246
397 244 423 245
400 244 426 245
397 247 423 248
400 247 426 248
435 250 454 258
441 250 459 258
381 252 399 258
383 252 402 258
386 252 405 258
389 252 408 258
435 252 453 261
438 252 456 261
381 255 399 261
383 255 402 260
386 255 405 260
389 255 408 260
400 255 425 253
405 255 442 252
383 258 402 263
386 258 405 263
389 258 408 263
392 261 410 264
392 263 410 267
403 263 430 271
427 263 445 254
392 266 405 254
403 266 430 273
430 266 425 256
430 269 425 260
405 272 433 254
444 272 458 266
400 280 425 273
430 280 427 282
438 280 445 263
416 282 403 283
427 282 423 284
430 282 427 285
397 285 422 281
416 285 404 286
419 285 407 286
422 285 410 285
430 285 427 288
416 288 404 289
419 288 407 289
425 288 413 288
427 288 415 287
430 288 418 287
433 288 421 287
449 288 479 297
416 291 403 292
419 291 406 291
422 291 409 290
425 291 412 290
427 291 415 290
435 291 429 291
403 293 440 288
405 293 444 288
422 293 408 293
425 293 412 292
427 293 415 293
430 293 418 292
452 293 482 302
386 296 399 306
403 296 440 291
405 296 443 291
408 296 446 289
411 296 449 286
414 296 451 288
416 296 403 295
419 296 406 296
422 296 409 295
425 296 412 295
427 296 414 295
430 296 417 295
433 296 420 295
444 296 437 294
452 296 482 305
408 299 446 292
411 299 449 292
416 299 454 292
419 299 406 298
422 299 409 298
425 299 411 297
427 299 414 297
430 299 417 297
433 299 420 298
435 299 423 299
455 299 485 308
411 302 449 295
422 302 409 300
425 302 414 301
471 302 480 304
394 304 437 300
408 304 446 297
411 304 448 297
422 304 408 303
455 304 462 309
394 307 437 302
427 307 457 294
430 307 460 294
457 307 469 313
378 310 380 299
416 310 454 303
438 313 439 313
460 313 460 309
471 313 468 303
416 318 421 327
444 318 474 307
460 318 483 310
444 321 473 309
477 324 476 324
479 324 479 324
466 326 465 327
474 326 473 327
477 326 476 327
479 326 479 327
397 329 430 325
444 329 450 332
466 329 466 330
471 329 470 330
474 329 473 330
477 329 476 329
479 329 479 329
400 332 438 331
403 332 409 332
405 332 413 332
427 332 433 331
444 332 447 331
452 332 452 330
463 332 462 332
466 332 466 333
468 332 469 332
471 332 472 333
477 332 476 333
479 332 479 333
430 335 435 334
435 335 439 333
438 335 442 334
457 335 457 334
460 335 460 335
463 335 463 335
466 335 466 335
471 335 472 335
474 335 475 336
479 335 479 336
383 337 381 337
441 337 443 337
444 337 446 337
449 337 456 337
457 337 458 337
460 337 460 337
