444 239 437 238
446 239 440 238
430 241 424 242
433 241 426 242
435 241 429 242
438 241 432 241
444 241 437 241
446 241 440 241
433 244 426 244
435 244 429 245
438 244 432 244
468 244 462 243
471 244 465 243
474 244 468 243
468 247 462 246
471 247 465 246
474 247 468 246
427 250 421 251
438 250 432 250
449 250 443 249
452 250 446 249
474 250 468 248
419 252 415 255
427 252 421 254
433 252 428 253
449 252 445 252
455 252 451 252
468 252 463 252
471 252 466 252
411 255 407 258
433 255 429 256
435 255 432 257
446 255 444 255
449 255 446 255
452 255 448 255
455 255 451 254
460 255 456 254
466 255 460 255
468 255 462 254
471 255 465 254
474 255 468 254
416 258 410 258
433 258 429 260
449 258 446 258
455 258 452 258
460 258 457 257
466 258 459 257
468 258 462 256
471 258 466 256
422 261 415 261
425 261 418 261
433 261 430 263
435 261 433 263
455 261 452 260
463 261 457 260
466 261 459 260
468 261 463 260
419 263 413 263
422 263 415 263
425 263 418 263
427 263 424 263
430 263 427 263
433 263 432 265
435 263 434 265
455 263 452 263
457 263 455 263
463 263 456 263
466 263 459 263
468 263 462 263
419 266 413 265
427 266 424 266
457 266 455 265
460 266 457 265
463 266 460 266
477 266 471 270
460 269 457 268
463 269 460 268
427 272 421 271
444 272 442 270
419 274 413 273
463 274 457 271
430 277 427 279
466 277 462 275
471 277 467 276
411 280 407 280
441 282 440 282
444 282 444 282
446 282 446 282
466 282 462 282
479 282 479 281
427 285 422 286
430 285 427 287
438 285 437 284
441 285 440 284
444 285 443 284
446 285 446 284
460 285 457 279
466 285 461 287
485 285 482 285
488 285 485 284
405 288 402 288
466 288 462 289
471 288 467 287
482 288 479 287
485 288 482 287
488 288 485 287
425 291 421 293
441 291 440 288
457 291 455 282
463 291 458 292
466 291 461 293
471 291 467 290
479 291 476 290
482 291 479 290
400 293 397 294
408 293 404 293
414 293 411 293
425 293 422 295
449 293 441 298
457 293 455 284
460 293 457 284
463 293 458 295
471 293 467 293
389 296 388 296
392 296 391 297
400 296 396 296
403 296 399 296
408 296 404 296
425 296 422 298
444 296 444 289
400 299 396 299
403 299 399 299
411 299 408 299
416 299 413 299
422 299 419 299
427 299 424 302
433 299 430 301
438 299 438 294
441 299 441 293
444 299 443 292
460 299 454 304
394 302 391 302
397 302 393 302
400 302 396 302
403 302 399 302
405 302 401 302
411 302 408 302
416 302 413 301
427 302 424 304
433 302 430 304
438 302 437 296
441 302 441 295
479 302 480 303
482 302 483 303
490 302 491 304
493 302 493 304
392 304 388 304
394 304 391 304
397 304 394 305
400 304 397 305
403 304 399 304
405 304 402 304
414 304 411 305
416 304 413 304
419 304 416 302
422 304 419 301
425 304 422 301
427 304 425 307
430 304 428 307
441 304 441 301
460 304 460 307
463 304 463 306
479 304 481 306
482 304 483 306
490 304 491 306
493 304 493 306
389 307 386 307
392 307 389 307
394 307 391 306
397 307 394 307
400 307 397 307
403 307 400 307
405 307 402 307
408 307 404 307
414 307 410 307
433 307 430 310
435 307 433 307
441 307 442 304
444 307 444 307
460 307 461 309
479 307 480 308
482 307 483 309
485 307 486 309
488 307 489 308
397 310 394 310
400 310 397 310
403 310 400 310
419 310 416 310
422 310 422 311
425 310 425 310
438 310 439 310
441 310 441 310
444 310 444 310
457 310 458 311
463 310 464 311
466 310 467 311
383 313 381 311
386 313 384 311
389 313 386 311
392 313 389 310
394 313 392 313
397 313 394 313
400 313 397 312
403 313 399 312
405 313 403 312
438 313 439 313
441 313 441 313
444 313 444 313
446 313 446 313
460 313 462 314
463 313 464 314
477 313 477 314
381 315 380 314
383 315 383 314
389 315 386 314
394 315 392 315
408 315 406 315
414 315 411 315
416 315 413 316
419 315 416 315
422 315 419 315
427 315 427 316
433 315 432 315
438 315 438 316
441 315 441 316
444 315 444 316
446 315 446 316
463 315 464 317
466 315 467 317
468 315 469 317
378 318 378 316
381 318 380 317
383 318 382 317
386 318 386 316
397 318 395 318
400 318 398 318
403 318 400 318
405 318 403 318
408 318 406 318
411 318 408 318
414 318 411 318
416 318 413 318
419 318 416 318
422 318 419 318
427 318 424 319
433 318 432 318
435 318 435 318
438 318 438 318
441 318 441 319
444 318 444 318
446 318 446 318
460 318 461 319
463 318 464 319
466 318 467 319
378 321 377 319
381 321 380 319
383 321 383 319
386 321 386 319
389 321 388 319
400 321 397 320
403 321 401 321
405 321 403 320
408 321 406 320
411 321 409 320
414 321 411 321
416 321 413 321
419 321 416 321
422 321 419 321
430 321 429 321
433 321 432 321
435 321 435 321
438 321 438 321
441 321 441 321
444 321 444 321
446 321 447 320
449 321 450 323
452 321 452 322
457 321 458 323
460 321 460 323
463 321 464 322
378 324 377 322
381 324 380 322
383 324 383 321
386 324 386 322
389 324 388 322
392 324 391 322
394 324 394 322
411 324 408 323
430 324 430 323
433 324 433 324
438 324 438 324
441 324 441 324
444 324 444 324
446 324 447 324
455 324 455 325
457 324 458 325
378 326 378 325
381 326 380 325
383 326 383 324
389 326 388 325
392 326 391 324
394 326 395 325
397 326 398 325
400 326 400 325
403 326 403 325
405 326 405 324
414 326 413 326
416 326 416 326
422 326 421 326
425 326 424 326
427 326 427 326
430 326 430 326
435 326 436 326
438 326 438 326
441 326 441 326
444 326 444 326
446 326 448 326
449 326 450 326
452 326 452 326
378 329 378 327
381 329 380 328
383 329 383 328
408 329 408 328
411 329 410 328
414 329 413 328
416 329 416 329
419 329 419 329
422 329 421 329
425 329 424 329
427 329 428 329
430 329 430 329
433 329 433 329
435 329 435 329
438 329 438 329
441 329 441 329
444 329 445 329
446 329 447 329
449 329 452 328
378 332 378 330
381 332 380 330
383 332 383 330
386 332 387 330
392 332 392 331
394 332 394 330
400 332 399 331
405 332 405 331
408 332 407 331
411 332 410 331
414 332 413 331
416 332 416 331
419 332 419 331
427 332 428 331
430 332 430 332
433 332 433 332
435 332 435 332
438 332 438 332
441 332 441 332
444 332 444 332
446 332 447 332
449 332 450 331
378 335 377 333
381 335 380 333
383 335 383 333
386 335 386 333
389 335 389 333
392 335 392 333
394 335 395 333
397 335 397 333
403 335 402 334
405 335 405 334
408 335 408 334
411 335 411 334
414 335 414 334
416 335 416 334
419 335 419 334
422 335 422 335
425 335 425 334
427 335 428 334
430 335 430 334
433 335 433 334
435 335 436 335
438 335 439 334
441 335 441 335
444 335 444 335
446 335 446 334
449 335 449 334
386 337 386 337
389 337 389 337
392 337 392 337
397 337 395 337
400 337 398 337
403 337 401 337
405 337 405 337
408 337 408 337
411 337 411 337
414 337 414 337
416 337 416 337
419 337 419 337
425 337 425 337
427 337 428 337
430 337 430 337
433 337 433 337
435 337 436 337
438 337 438 337
441 337 441 337
449 337 449 337
