449 236 449 238
449 239 449 241
455 239 457 243
463 239 463 242
408 241 405 247
411 241 407 247
416 241 411 246
419 241 413 246
422 241 416 245
425 241 419 245
433 241 426 245
436 241 430 245
438 241 432 245
441 241 435 245
444 241 437 245
446 241 441 245
449 241 444 244
452 241 446 244
455 241 448 244
460 241 459 245
463 241 463 245
408 244 405 250
414 244 409 249
416 244 411 249
419 244 413 249
422 244 416 248
425 244 418 248
433 244 426 248
436 244 429 248
438 244 433 247
441 244 436 248
444 244 437 248
446 244 441 248
449 244 444 247
452 244 446 247
455 244 449 247
457 244 451 247
463 244 460 247
408 247 405 253
414 247 409 253
416 247 411 251
419 247 414 251
422 247 416 251
425 247 419 251
427 247 421 251
430 247 425 251
433 247 427 251
441 247 435 251
444 247 438 251
446 247 441 251
452 247 446 251
471 247 465 250
474 247 467 250
408 250 405 256
414 250 409 255
419 250 413 254
422 250 416 254
427 250 422 254
430 250 424 254
433 250 427 254
436 250 430 254
438 250 432 254
441 250 435 254
446 250 441 254
449 250 444 254
455 250 449 254
457 250 451 254
474 250 467 252
408 252 405 258
416 252 411 258
419 252 414 257
422 252 418 257
427 252 422 257
438 252 435 257
455 252 449 257
463 252 459 255
468 252 462 255
471 252 465 255
474 252 468 254
408 255 405 266
430 255 427 260
433 255 433 260
436 255 436 261
438 255 438 261
441 255 440 260
444 255 444 259
446 255 446 259
457 255 455 258
460 255 457 258
463 255 460 258
471 255 465 258
430 258 427 263
438 258 441 263
444 258 443 262
455 258 454 260
457 258 457 259
463 258 460 260
466 258 463 260
471 258 465 260
474 258 468 260
419 261 415 266
425 261 419 266
436 261 435 266
446 261 449 265
452 261 454 264
414 263 408 268
416 263 411 268
425 263 421 269
427 263 424 269
430 263 427 269
441 263 444 269
455 263 456 265
474 263 468 262
411 266 406 271
414 266 408 271
422 266 419 271
425 266 421 272
433 266 429 268
436 266 435 271
446 266 449 269
449 266 452 269
452 266 454 269
477 266 471 265
411 269 405 274
425 269 419 274
433 269 429 271
436 269 435 274
438 269 438 274
446 269 449 272
452 269 455 270
471 269 465 272
425 272 419 276
427 272 422 276
430 272 425 277
436 272 435 277
446 272 450 274
455 272 457 271
457 272 454 277
414 274 410 287
422 274 418 279
427 274 421 279
436 274 435 280
444 274 446 277
446 274 450 277
471 274 466 277
474 274 469 277
419 277 416 280
441 277 441 288
444 277 446 279
446 277 450 280
474 277 469 279
381 280 381 266
414 280 410 292
446 280 450 282
466 280 460 277
430 282 430 283
441 282 444 285
444 282 446 285
466 282 460 280
474 282 469 282
460 285 454 282
466 285 460 283
474 285 469 284
381 288 381 288
427 288 422 286
466 288 460 285
471 288 466 287
378 291 378 291
381 291 381 291
383 291 383 291
430 291 426 288
466 291 460 288
471 291 466 290
381 293 381 294
383 293 384 293
403 293 405 296
405 293 408 296
419 293 416 293
425 293 421 293
441 293 447 299
457 293 454 298
466 293 460 291
493 293 490 293
416 296 413 296
419 296 416 295
422 296 418 296
427 296 424 296
430 296 426 296
441 296 446 301
468 296 465 296
381 299 380 299
400 299 402 300
405 299 405 299
408 299 408 299
416 299 413 298
419 299 416 298
422 299 419 299
463 299 462 299
468 299 465 299
381 302 380 302
392 302 394 301
394 302 397 302
397 302 397 304
400 302 402 302
405 302 405 302
411 302 410 301
416 302 413 301
419 302 416 301
441 302 444 307
463 302 460 312
386 304 386 304
389 304 392 304
392 304 394 304
400 304 400 305
408 304 408 304
414 304 410 304
416 304 413 304
479 304 483 315
389 307 389 307
394 307 395 307
397 307 397 307
400 307 400 307
403 307 403 308
405 307 405 307
414 307 411 307
430 307 427 313
433 307 430 313
457 307 462 315
460 307 465 315
468 307 476 293
471 307 476 317
474 307 462 323
479 307 482 318
378 310 378 309
383 310 383 309
386 310 385 310
389 310 388 309
394 310 394 310
397 310 397 309
400 310 399 309
403 310 402 310
405 310 404 310
411 310 408 310
425 310 422 313
430 310 427 315
433 310 430 315
441 310 444 312
444 310 447 312
446 310 450 312
457 310 463 317
460 310 465 318
463 310 469 320
389 313 388 312
392 313 392 312
394 313 394 312
403 313 402 312
414 313 410 315
416 313 413 315
425 313 422 315
427 313 419 318
441 313 446 315
446 313 450 315
449 313 452 315
457 313 463 320
460 313 465 320
488 313 490 312
378 315 378 313
381 315 380 314
383 315 383 314
386 315 386 314
403 315 401 314
405 315 404 316
411 315 408 316
416 315 413 318
441 315 446 317
449 315 452 317
490 315 490 315
493 315 493 315
381 318 380 316
383 318 384 316
386 318 386 316
389 318 389 316
394 318 394 315
397 318 397 315
416 318 413 320
419 318 416 320
427 318 425 321
433 318 433 321
436 318 438 321
438 318 441 321
460 318 463 326
488 318 487 317
490 318 490 318
493 318 493 318
378 321 378 318
383 321 383 318
386 321 386 318
389 321 389 318
392 321 391 318
394 321 394 317
397 321 397 318
403 321 402 321
411 321 409 321
419 321 416 323
422 321 419 323
427 321 427 324
430 321 430 324
433 321 435 324
436 321 438 324
438 321 441 324
485 321 485 321
488 321 487 320
490 321 490 320
493 321 493 321
378 324 378 321
381 324 381 321
383 324 383 321
386 324 386 321
389 324 389 321
392 324 391 321
394 324 394 321
397 324 397 322
400 324 399 323
405 324 405 323
414 324 411 324
425 324 426 326
427 324 430 326
430 324 433 326
433 324 436 326
436 324 438 326
444 324 444 326
446 324 450 328
471 324 460 323
482 324 483 323
485 324 485 323
488 324 487 323
490 324 490 323
493 324 493 324
378 326 378 324
383 326 381 324
386 326 386 324
389 326 388 324
392 326 391 325
394 326 394 324
400 326 399 325
403 326 402 325
405 326 405 325
416 326 416 326
422 326 425 329
425 326 427 328
427 326 431 329
430 326 434 328
433 326 436 329
438 326 441 329
474 326 471 324
479 326 480 326
482 326 483 326
485 326 485 325
488 326 487 325
490 326 490 326
493 326 493 326
378 329 378 327
381 329 381 326
383 329 383 326
386 329 386 327
408 329 408 329
411 329 413 329
414 329 416 329
419 329 422 331
422 329 425 331
425 329 427 331
427 329 431 331
430 329 433 332
433 329 436 332
436 329 439 332
438 329 441 332
441 329 444 332
479 329 480 329
482 329 483 329
485 329 484 328
488 329 487 328
490 329 490 329
493 329 493 329
378 332 378 329
383 332 383 329
386 332 386 329
392 332 392 330
400 332 401 332
403 332 403 331
405 332 406 331
408 332 410 331
411 332 413 332
414 332 416 332
419 332 422 333
422 332 424 333
430 332 433 334
433 332 435 334
436 332 439 334
438 332 441 334
446 332 454 331
466 332 465 332
474 332 473 332
479 332 480 332
482 332 482 332
485 332 485 331
488 332 487 331
490 332 490 332
493 332 493 332
378 335 378 332
383 335 384 331
386 335 388 331
392 335 392 332
394 335 396 334
397 335 399 334
400 335 402 335
405 335 406 334
408 335 411 335
411 335 414 335
414 335 416 335
425 335 428 335
436 335 444 335
441 335 446 335
460 335 460 335
463 335 463 335
466 335 465 335
468 335 468 335
471 335 471 335
474 335 474 335
477 335 477 335
479 335 480 335
482 335 482 335
485 335 485 334
488 335 488 334
490 335 490 335
493 335 493 335
378 337 378 337
381 337 381 337
383 337 383 337
392 337 394 337
394 337 397 337
397 337 399 337
400 337 402 337
408 337 411 337
411 337 414 337
427 337 430 337
436 337 444 337
444 337 447 337
455 337 457 337
460 337 460 337
463 337 463 337
466 337 465 337
468 337 468 337
471 337 471 337
474 337 474 337
477 337 477 337
479 337 479 337
482 337 482 337
485 337 485 337
488 337 487 337
490 337 491 337
493 337 493 337
