411 225 406 247
468 225 450 230
411 228 407 250
394 230 384 261
397 230 387 261
400 230 391 260
403 230 394 260
408 230 403 256
411 230 407 255
414 230 411 255
438 230 442 236
466 230 450 235
474 230 462 234
477 230 465 234
392 233 382 264
394 233 385 264
403 233 394 262
408 233 403 261
411 233 408 259
414 233 412 258
425 233 422 247
427 233 425 244
433 233 431 243
436 233 436 243
474 233 466 236
405 236 401 265
408 236 405 264
422 236 417 257
427 236 426 247
430 236 429 247
433 236 431 246
436 236 435 246
468 236 457 238
474 236 466 239
381 239 382 237
411 239 409 267
427 239 426 251
468 239 458 241
471 239 463 239
408 241 407 271
425 241 420 254
452 241 434 252
474 241 467 245
477 241 469 245
408 244 408 274
436 244 431 252
452 244 435 254
468 244 465 248
416 247 421 259
471 250 468 254
436 255 430 264
438 255 434 263
441 255 436 263
438 258 434 266
441 258 437 266
425 263 419 266
474 263 476 275
477 263 476 265
419 266 426 283
416 269 423 283
471 269 469 262
474 269 473 262
477 269 475 262
414 272 421 286
416 272 424 286
433 272 415 261
383 274 406 291
411 274 421 290
414 274 424 290
433 274 415 264
449 274 474 276
427 277 464 272
430 277 413 267
457 277 436 290
471 277 447 272
378 280 378 297
386 280 406 285
389 280 409 285
392 280 412 284
466 280 438 279
471 280 447 275
427 282 414 278
433 282 440 276
436 282 444 275
471 282 447 277
474 282 449 275
427 285 415 281
438 285 444 278
452 285 455 277
455 285 458 277
477 285 453 277
479 285 477 285
438 288 444 281
446 288 451 280
449 288 454 280
452 288 456 280
455 288 459 280
479 288 478 288
482 288 481 288
485 288 484 287
427 291 425 292
438 291 444 283
444 291 448 283
446 291 451 283
449 291 454 283
471 291 477 301
477 291 476 291
485 291 485 290
397 293 415 296
444 293 448 287
446 293 450 287
488 293 491 296
490 293 490 288
397 296 414 300
436 296 437 294
444 296 448 290
383 299 384 300
468 299 431 298
479 299 479 300
383 302 384 303
403 302 396 304
405 302 399 304
414 302 412 308
438 302 441 302
441 302 443 301
485 302 470 296
488 302 473 296
433 304 435 306
436 304 439 306
441 304 445 311
466 304 458 298
468 304 430 304
386 307 387 306
433 307 436 309
386 310 387 309
389 310 390 309
392 310 393 308
430 310 432 306
389 313 390 311
460 313 458 314
466 313 463 314
378 315 378 315
389 315 390 314
392 315 393 314
430 315 433 313
381 318 380 318
383 318 383 318
389 318 389 318
392 318 392 318
436 318 436 316
438 318 439 317
455 318 455 301
463 318 428 319
474 318 486 327
479 318 443 317
378 321 378 321
381 321 380 321
383 321 383 321
436 321 436 319
460 321 455 322
463 321 458 322
466 321 461 321
468 321 464 321
381 324 380 324
383 324 383 324
392 324 392 324
455 324 450 328
460 324 455 325
468 324 465 327
378 326 378 326
381 326 381 327
383 326 384 327
392 326 392 327
394 326 395 326
466 326 483 330
378 329 377 328
394 329 398 325
436 329 447 328
378 332 377 331
394 332 393 332
444 332 441 330
389 335 388 335
446 337 442 337
449 337 445 337
488 337 487 337
490 337 490 337
