565 216 571 212
571 216 576 212
573 216 579 212
568 222 573 216
534 227 539 221
568 227 573 221
571 227 576 221
556 230 560 224
568 230 572 224
571 230 576 224
573 230 579 223
571 233 573 228
573 233 576 228
579 233 581 227
554 236 557 229
562 236 565 230
565 236 568 230
568 236 570 231
571 236 574 230
551 239 554 232
559 239 562 233
562 239 564 233
565 239 568 233
571 239 574 231
568 242 570 235
576 244 582 238
588 244 587 235
588 247 587 239
565 250 565 241
537 253 544 252
593 253 595 253
596 253 598 253
568 256 568 250
576 256 576 250
593 256 595 256
604 256 604 255
607 256 607 255
610 256 610 256
613 256 613 256
571 258 571 252
579 258 579 253
602 258 602 258
604 258 604 259
607 258 607 259
610 258 610 259
613 258 612 259
568 261 568 255
604 261 604 261
607 261 607 262
610 261 610 261
616 261 613 262
616 264 613 264
619 264 616 264
627 264 624 265
630 264 627 264
588 267 584 261
616 267 613 266
619 267 616 266
627 267 625 268
630 267 628 268
635 267 633 267
638 267 636 267
548 270 548 264
579 270 578 261
635 270 633 270
638 270 636 270
641 270 640 271
548 273 548 267
579 273 578 266
585 273 582 264
619 273 617 273
621 273 620 273
638 273 637 273
641 273 641 273
545 275 545 271
548 275 548 270
579 275 578 270
610 275 607 273
616 275 615 275
619 275 618 275
621 275 621 275
624 275 624 275
627 275 626 275
630 275 629 276
633 275 632 276
641 275 640 276
568 278 573 270
596 278 592 273
607 278 604 275
616 278 615 278
619 278 618 279
621 278 621 279
624 278 624 279
627 278 626 278
630 278 629 278
633 278 632 278
635 278 635 278
641 278 640 278
644 278 643 279
647 278 647 279
540 281 541 277
548 281 551 278
554 281 558 274
556 281 561 274
565 281 570 272
568 281 573 273
579 281 579 272
613 281 613 281
616 281 615 282
619 281 618 282
621 281 620 282
627 281 626 281
630 281 629 281
635 281 633 281
641 281 640 281
644 281 643 281
647 281 647 282
540 284 541 280
542 284 544 278
548 284 550 280
556 284 561 278
559 284 564 277
562 284 568 277
568 284 573 276
588 284 584 278
607 284 607 285
616 284 615 285
619 284 618 284
621 284 620 284
624 284 623 284
627 284 626 284
630 284 628 284
635 284 635 284
638 284 638 284
641 284 641 284
644 284 643 284
647 284 647 285
542 287 544 282
545 287 547 282
548 287 550 283
551 287 553 283
554 287 556 283
559 287 564 280
610 287 610 288
613 287 613 287
616 287 615 287
619 287 618 287
621 287 621 287
624 287 624 287
627 287 626 287
635 287 635 286
638 287 638 286
641 287 641 286
644 287 643 287
647 287 647 287
537 290 542 286
542 290 545 285
545 290 548 285
548 290 551 286
551 290 554 286
554 290 556 286
573 290 569 283
576 290 573 283
579 290 582 283
613 290 613 290
616 290 615 290
619 290 618 290
621 290 621 290
624 290 624 290
627 290 627 289
630 290 630 289
638 290 639 289
641 290 641 290
647 290 647 290
540 292 542 288
542 292 545 288
545 292 548 289
548 292 550 289
554 292 557 289
556 292 559 289
559 292 562 287
573 292 570 287
576 292 573 287
579 292 575 289
582 292 578 290
604 292 606 293
613 292 613 293
616 292 616 293
619 292 618 293
621 292 621 293
624 292 624 293
627 292 627 292
630 292 630 292
633 292 634 292
635 292 637 292
638 292 640 292
540 295 542 291
542 295 545 292
545 295 548 292
554 295 557 292
559 295 562 292
573 295 570 292
576 295 572 292
579 295 575 292
582 295 579 292
599 295 600 298
610 295 610 296
613 295 613 296
616 295 616 296
619 295 618 296
621 295 621 295
624 295 624 295
627 295 627 295
633 295 634 295
635 295 637 295
641 295 642 295
542 298 547 295
545 298 550 294
551 298 554 295
554 298 557 295
556 298 559 295
559 298 561 294
568 298 570 294
571 298 572 294
593 298 595 300
596 298 598 300
602 298 603 300
607 298 609 300
613 298 613 299
616 298 616 299
619 298 618 299
621 298 621 298
624 298 624 298
627 298 627 298
630 298 630 298
633 298 635 298
638 298 639 298
641 298 642 299
644 298 644 299
647 298 646 298
545 301 550 297
551 301 553 297
554 301 556 297
556 301 559 297
559 301 561 297
590 301 592 302
593 301 595 303
596 301 598 303
599 301 601 303
602 301 603 303
604 301 606 303
613 301 613 301
616 301 616 301
619 301 618 301
621 301 620 301
624 301 624 301
627 301 627 301
630 301 630 301
638 301 638 301
641 301 641 301
644 301 644 302
647 301 646 301
542 304 547 301
556 304 559 300
559 304 562 300
562 304 564 300
582 304 584 303
585 304 587 303
588 304 590 304
590 304 593 304
613 304 612 303
619 304 618 304
621 304 621 304
624 304 624 304
635 304 635 304
638 304 638 304
641 304 641 304
644 304 644 304
540 306 541 303
542 306 546 303
559 306 562 303
562 306 565 304
568 306 571 303
571 306 574 303
573 306 577 304
576 306 580 304
585 306 587 306
593 306 595 307
596 306 598 307
599 306 600 307
624 306 626 307
630 306 629 305
635 306 635 307
638 306 638 307
641 306 641 306
644 306 643 306
647 306 646 306
562 309 565 306
565 309 568 306
568 309 571 306
571 309 574 307
573 309 577 307
576 309 580 307
579 309 583 307
582 309 584 309
585 309 587 309
599 309 601 309
602 309 603 309
607 309 609 310
616 309 618 310
621 309 618 307
624 309 620 307
633 309 632 307
638 309 638 309
641 309 641 309
644 309 644 309
647 309 646 309
556 312 559 309
559 312 561 309
562 312 565 309
565 312 568 309
568 312 571 309
571 312 574 310
573 312 577 309
579 312 582 311
582 312 584 312
585 312 587 311
588 312 590 311
590 312 593 311
599 312 601 311
602 312 604 312
613 312 614 312
616 312 617 312
619 312 620 313
621 312 623 313
624 312 626 313
627 312 623 311
630 312 626 311
633 312 633 312
635 312 635 312
638 312 638 312
641 312 641 312
644 312 644 312
647 312 646 312
559 315 559 311
562 315 564 311
565 315 568 311
568 315 571 312
576 315 578 315
579 315 581 314
582 315 584 314
590 315 593 314
593 315 596 314
602 315 604 315
604 315 606 315
607 315 609 315
610 315 612 315
613 315 614 315
619 315 620 315
630 315 631 315
633 315 634 315
638 315 638 315
641 315 641 315
644 315 644 315
647 315 647 315
