562 213 575 201
565 213 578 201
568 213 582 202
571 213 585 202
554 216 567 202
556 216 570 202
559 216 573 203
565 216 579 205
568 216 582 205
531 219 532 218
545 219 552 207
548 219 563 204
554 219 567 205
556 219 570 206
559 219 573 206
562 219 576 206
565 219 579 207
568 219 583 209
576 219 591 214
537 222 549 207
545 222 559 206
548 222 562 207
554 222 568 211
559 222 573 209
562 222 576 209
571 222 585 212
573 222 588 212
542 225 555 209
545 225 558 209
548 225 561 209
551 225 564 211
556 225 571 215
562 225 577 215
573 225 587 216
576 225 590 217
579 225 593 217
528 227 541 212
531 227 544 211
534 227 548 211
540 227 552 211
542 227 555 212
545 227 558 212
565 227 580 218
568 227 584 217
573 227 587 220
576 227 590 221
579 227 593 221
528 230 542 214
534 230 547 213
540 230 551 214
554 230 573 216
562 230 577 220
565 230 578 221
568 230 584 219
604 230 604 242
528 233 542 218
531 233 545 219
534 233 548 220
545 233 559 220
562 233 576 223
565 233 579 224
568 233 584 222
571 233 586 223
576 233 590 224
545 236 559 224
551 236 566 225
554 236 568 225
565 236 582 225
579 236 589 226
528 239 542 221
531 239 545 223
545 239 560 227
548 239 563 227
554 239 566 229
562 239 576 228
531 242 544 227
542 242 557 229
545 242 560 230
562 242 576 231
540 244 552 232
542 244 556 233
545 244 558 233
551 244 569 231
585 244 594 229
534 247 548 234
542 247 555 236
545 247 558 236
585 247 594 232
590 247 595 222
528 250 538 235
531 253 544 240
602 253 609 284
534 256 550 245
537 256 553 245
542 256 558 250
545 261 561 254
528 264 543 257
542 264 557 257
545 264 560 258
599 264 607 263
602 264 610 263
607 264 600 250
540 267 549 248
545 267 560 260
548 267 564 258
607 267 598 253
633 267 635 288
635 267 638 287
542 270 551 254
630 270 631 290
633 270 634 291
537 273 577 269
540 273 580 269
551 273 566 263
596 273 587 241
641 273 646 294
540 275 580 272
635 275 633 294
630 278 629 296
635 278 633 296
534 281 594 257
531 284 590 259
534 284 593 259
537 287 599 264
540 287 571 292
542 287 574 292
534 290 595 267
537 290 598 267
542 292 574 272
556 292 557 268
542 295 575 276
551 295 581 294
593 295 594 298
545 298 578 276
596 301 595 304
542 306 555 301
573 306 588 306
576 306 576 300
641 306 643 310
644 306 646 311
571 309 584 308
576 309 590 309
579 309 579 304
585 309 586 305
619 309 604 310
624 309 608 311
559 312 560 305
562 312 567 307
571 312 584 311
573 312 586 312
590 312 589 313
613 312 600 313
616 312 603 314
619 312 606 315
565 315 575 316
571 315 581 315
576 315 587 315
593 315 597 315
596 315 600 315
616 315 604 316
619 315 624 315
621 315 626 315
630 315 634 315
635 315 638 315
647 315 648 315
