562 211 554 213
571 213 569 213
537 216 536 216
571 219 568 219
537 222 540 220
542 222 540 224
559 222 557 222
562 222 560 222
565 222 563 222
576 222 574 222
579 222 576 219
542 225 542 226
545 225 544 226
548 225 547 225
556 225 556 225
562 225 560 224
573 225 570 225
528 227 528 228
531 227 531 228
534 227 534 228
540 227 539 228
542 227 542 228
545 227 545 228
571 227 568 228
576 227 574 228
528 230 528 231
531 230 531 231
534 230 534 231
537 230 536 231
548 230 548 230
562 230 560 230
565 230 562 230
571 230 568 231
573 230 570 231
576 230 574 231
582 230 582 233
528 233 528 233
531 233 530 234
534 233 533 234
537 233 536 234
540 233 539 233
542 233 542 233
551 233 550 232
559 233 557 233
565 233 563 233
568 233 565 233
571 233 568 233
573 233 570 234
582 233 579 230
531 236 530 237
534 236 533 236
537 236 536 236
540 236 539 236
542 236 542 236
545 236 544 236
559 236 558 235
562 236 561 235
565 236 564 235
528 239 528 239
531 239 531 239
534 239 533 239
556 239 554 238
528 242 528 241
542 242 540 241
548 242 546 241
551 242 548 241
554 242 551 242
556 242 554 241
559 242 560 239
562 242 562 239
573 242 571 236
579 242 576 239
537 244 536 243
548 244 545 244
551 244 548 244
554 244 551 244
556 244 553 244
559 244 556 244
573 244 571 242
576 244 574 242
579 244 576 242
528 247 528 246
534 247 534 246
542 247 539 247
551 247 547 247
554 247 550 247
562 247 559 244
571 247 567 244
593 247 593 250
528 250 528 250
534 250 534 250
528 253 528 253
534 253 531 253
540 253 539 252
548 253 545 250
590 253 588 250
528 256 528 256
534 256 531 255
548 256 544 252
590 256 587 253
593 256 591 253
528 258 528 259
531 258 531 258
542 258 539 256
590 258 587 256
593 258 590 256
531 261 531 262
548 261 543 255
551 261 546 256
588 261 585 264
537 264 534 261
542 264 542 264
588 264 585 267
616 264 619 267
531 267 531 267
534 267 534 267
537 267 539 267
602 267 601 268
619 267 621 269
621 267 625 269
624 267 627 269
627 267 630 269
638 267 641 266
528 270 529 268
534 270 534 269
588 270 585 270
604 270 604 270
613 270 616 270
624 270 628 272
627 270 630 272
630 270 633 271
528 273 528 269
531 273 532 272
537 273 539 272
540 273 542 272
548 273 547 270
551 273 548 267
554 273 553 264
590 273 588 273
596 273 594 272
616 273 619 273
624 273 627 274
627 273 630 274
630 273 633 274
635 273 638 274
638 273 642 273
528 275 528 273
534 275 535 274
540 275 542 275
548 275 547 272
554 275 553 267
616 275 619 275
624 275 627 277
627 275 629 277
630 275 632 277
633 275 635 276
647 275 647 272
528 278 528 275
531 278 532 276
545 278 546 276
551 278 550 276
599 278 598 279
604 278 605 278
616 278 618 278
621 278 624 279
624 278 627 280
647 278 647 274
528 281 529 279
540 281 542 280
545 281 546 280
565 281 559 275
602 281 602 281
616 281 618 281
621 281 624 282
627 281 630 283
635 281 637 282
641 281 642 281
647 281 647 277
537 284 537 281
551 284 551 283
588 284 585 284
593 284 590 284
596 284 596 283
599 284 599 284
602 284 602 284
613 284 615 284
616 284 618 284
619 284 620 284
624 284 625 287
627 284 629 286
630 284 632 286
633 284 635 286
644 284 644 280
540 287 541 286
545 287 545 285
548 287 548 287
559 287 556 284
588 287 584 287
590 287 593 284
599 287 600 287
610 287 612 287
630 287 632 289
644 287 644 283
528 290 529 287
531 290 533 289
537 290 539 289
542 290 544 289
551 290 551 287
554 290 554 287
556 290 556 287
588 290 587 289
590 290 593 287
593 290 594 289
596 290 597 289
599 290 600 290
610 290 610 290
613 290 613 290
616 290 616 290
621 290 621 292
624 290 624 293
638 290 638 292
647 290 647 284
528 292 529 290
531 292 532 292
534 292 536 292
537 292 539 292
540 292 541 292
542 292 544 292
545 292 547 292
548 292 550 293
551 292 551 290
556 292 557 290
559 292 559 290
568 292 565 292
571 292 567 292
579 292 577 292
582 292 579 293
588 292 588 292
593 292 594 292
596 292 596 292
599 292 599 292
602 292 602 293
604 292 605 292
607 292 608 292
610 292 610 292
613 292 615 293
627 292 630 295
638 292 638 295
641 292 642 294
647 292 647 286
531 295 531 295
540 295 542 295
545 295 547 295
551 295 553 295
556 295 557 294
559 295 560 295
568 295 565 295
571 295 567 295
573 295 570 295
576 295 573 294
579 295 577 295
582 295 580 295
585 295 586 294
590 295 591 295
593 295 594 296
596 295 596 295
599 295 599 295
602 295 602 295
604 295 605 295
607 295 608 295
610 295 610 295
613 295 615 295
616 295 619 298
621 295 624 298
627 295 630 298
630 295 633 298
638 295 638 297
641 295 642 297
647 295 646 289
531 298 531 297
537 298 537 297
540 298 540 297
542 298 544 297
545 298 547 298
551 298 553 298
554 298 556 298
556 298 558 298
559 298 561 298
562 298 564 298
576 298 574 298
579 298 579 298
582 298 583 298
585 298 586 298
588 298 589 298
590 298 591 298
593 298 594 298
596 298 597 298
599 298 599 298
602 298 602 298
604 298 605 298
607 298 607 298
616 298 619 301
641 298 643 300
647 298 646 292
534 301 534 300
537 301 538 300
540 301 540 300
542 301 543 301
545 301 547 301
551 301 552 301
554 301 556 301
556 301 558 301
559 301 561 301
562 301 564 301
568 301 567 301
571 301 570 301
573 301 573 301
576 301 576 301
579 301 580 301
582 301 583 302
585 301 586 301
588 301 588 301
590 301 591 301
593 301 594 301
596 301 597 301
599 301 599 301
602 301 602 301
604 301 604 300
607 301 607 301
616 301 619 304
619 301 621 304
621 301 622 301
635 301 633 301
638 301 638 301
534 304 534 303
537 304 538 303
540 304 540 303
542 304 543 303
545 304 546 303
548 304 549 304
551 304 552 304
554 304 555 304
556 304 558 304
559 304 561 304
565 304 566 303
571 304 572 304
573 304 576 304
579 304 580 304
582 304 583 304
588 304 589 304
590 304 591 304
593 304 594 304
596 304 596 304
599 304 600 304
602 304 602 303
604 304 605 303
607 304 607 303
610 304 610 304
613 304 614 304
616 304 617 304
619 304 621 306
638 304 639 306
641 304 642 306
644 304 644 305
647 304 647 305
537 306 537 306
542 306 544 306
548 306 549 306
551 306 552 307
554 306 555 307
556 306 559 307
559 306 561 307
565 306 566 307
568 306 569 307
571 306 571 307
573 306 575 307
576 306 578 306
582 306 583 306
588 306 589 307
590 306 591 307
593 306 594 307
596 306 596 307
599 306 599 307
602 306 602 307
604 306 607 308
607 306 607 306
610 306 610 307
613 306 614 307
616 306 616 307
619 306 619 307
638 306 639 308
641 306 642 308
644 306 644 308
647 306 647 308
540 309 540 309
542 309 543 309
548 309 549 309
551 309 551 309
554 309 554 309
556 309 558 310
559 309 561 309
565 309 566 309
568 309 569 309
571 309 572 310
573 309 575 310
576 309 578 309
582 309 583 310
585 309 586 310
590 309 591 310
593 309 594 310
596 309 597 310
599 309 600 310
602 309 604 311
610 309 610 310
613 309 613 310
627 309 630 311
633 309 635 311
638 309 639 311
641 309 642 311
644 309 644 311
551 312 551 312
554 312 554 312
559 312 560 313
565 312 566 312
568 312 569 312
571 312 571 312
573 312 574 313
576 312 577 312
579 312 580 312
582 312 582 312
585 312 586 313
588 312 589 313
590 312 591 313
593 312 594 313
596 312 597 313
599 312 600 313
613 312 614 313
616 312 616 313
621 312 623 313
647 312 647 313
551 315 551 314
554 315 556 316
559 315 560 315
565 315 566 315
568 315 569 315
571 315 572 315
573 315 574 315
576 315 577 315
579 315 580 315
582 315 583 315
585 315 586 315
588 315 589 315
590 315 591 315
593 315 594 315
596 315 597 315
599 315 599 315
602 315 602 315
604 315 606 315
610 315 611 315
613 315 614 315
616 315 616 315
621 315 621 315
627 315 627 316
630 315 630 316
635 315 636 315
638 315 638 315
641 315 640 315
644 315 643 315
647 315 647 315
