1 0 0 -0.2022774517536163 
0 1 0 -0.02555054239928722 
0 0 1 -0.5562111139297485 
0 0 0 1 

0.9999790787696838 0.002681362209841609 -0.005887889768928289 -0.1939696222543716 
-0.002136038849130273 0.9958717823028564 0.09074608981609344 -0.06868016719818115 
0.006106904707849026 -0.09073162078857422 0.9958567023277283 -0.5321003794670105 
0 0 0 1 

0.9974207878112793 -0.01055126171559095 -0.07099580764770508 -0.1572554856538773 
0.01815535686910152 0.9940577745437622 0.1073286980390549 -0.07745694369077682 
0.06944146007299423 -0.1083408445119858 0.9916854500770569 -0.5379254221916199 
0 0 0 1 

0.9890125393867493 -0.01172502711415291 -0.1473650634288788 -0.1127755045890808 
0.0268014632165432 0.9945514798164368 0.1007409766316414 -0.07662613689899445 
0.1453809291124344 -0.1035837605595589 0.9839383959770203 -0.5461847186088562 
0 0 0 1 

