576 202 577 202
576 205 579 206
579 205 581 205
571 213 573 209
590 216 591 225
590 222 589 232
596 222 595 232
599 222 597 234
582 225 579 217
596 225 595 236
599 227 598 240
531 230 570 260
602 230 601 242
565 236 559 230
604 236 598 273
607 236 601 273
604 239 598 276
537 242 533 250
540 242 536 250
542 242 542 252
596 242 616 253
604 242 622 253
607 242 625 252
540 244 539 256
556 244 568 250
604 244 623 256
607 244 626 259
537 247 535 261
540 247 537 261
596 247 607 239
610 247 610 271
534 250 531 265
542 250 540 265
596 250 607 242
602 250 613 239
604 250 615 239
610 250 609 275
537 256 531 268
540 256 534 268
537 258 532 271
540 258 534 271
554 258 554 287
593 258 584 247
607 258 560 284
619 258 623 266
621 258 624 267
540 261 532 274
542 261 534 274
545 261 538 274
548 261 541 273
596 261 587 249
621 261 624 269
624 261 626 269
627 261 630 269
633 261 633 267
537 264 532 277
545 264 537 277
551 264 548 291
613 264 619 278
633 264 633 270
635 264 636 270
537 267 532 280
573 267 565 292
619 267 621 283
627 267 631 285
633 267 595 281
635 267 636 274
545 270 536 282
548 270 539 282
556 270 554 296
633 270 634 288
641 270 639 278
537 273 530 291
644 273 642 281
531 278 536 303
542 278 536 297
627 278 624 291
644 278 640 297
647 278 643 295
588 281 581 294
599 281 593 293
619 281 617 295
627 281 625 295
644 281 638 300
647 281 643 299
599 284 592 296
602 284 595 295
619 284 620 297
627 284 625 297
559 287 548 298
602 287 595 299
610 287 605 298
619 287 620 300
627 287 626 303
556 290 543 302
559 290 546 302
565 290 552 302
568 290 555 300
571 290 558 299
602 290 594 302
610 290 605 305
613 290 609 304
616 290 614 304
635 290 625 301
559 292 546 304
562 292 549 304
568 292 554 302
571 292 558 302
573 292 561 303
599 292 591 305
602 292 593 305
613 292 608 308
616 292 617 310
562 295 552 309
571 295 558 305
573 295 561 305
579 295 567 302
582 295 570 301
588 295 576 301
593 295 584 300
613 295 614 314
635 295 627 305
638 295 632 306
644 295 635 305
576 298 564 305
579 298 567 304
582 298 570 303
585 298 572 304
588 298 576 304
590 298 579 304
593 298 582 303
602 298 590 308
604 298 594 308
607 298 597 305
633 298 624 309
635 298 627 309
641 298 632 309
576 301 564 307
579 301 567 306
582 301 570 306
585 301 572 307
588 301 575 307
590 301 579 306
593 301 581 306
602 301 591 311
604 301 594 311
638 301 627 313
573 304 562 310
576 304 565 309
590 304 579 309
593 304 581 308
596 304 585 308
579 306 568 310
582 306 570 310
596 306 584 311
647 306 646 288
576 309 561 314
579 309 568 313
582 309 570 313
585 309 574 312
635 309 603 307
644 309 646 290
579 312 564 316
635 315 630 315
638 315 636 314
641 315 638 315
647 315 647 316
