576 208 584 207
562 216 562 202
542 219 548 211
545 219 553 210
548 219 556 210
528 222 528 216
542 222 548 213
545 222 553 213
528 225 528 219
568 225 576 233
528 227 528 250
531 227 531 250
599 227 593 225
528 230 528 254
599 230 593 228
602 230 598 233
576 233 587 247
602 233 598 236
602 236 598 238
604 236 604 236
542 239 571 233
537 242 567 233
599 242 624 261
607 242 610 238
610 242 613 238
613 242 618 239
576 244 596 264
596 244 622 264
599 244 625 263
604 244 612 243
607 244 610 242
537 247 543 259
542 247 567 248
602 247 610 247
604 247 612 247
607 247 610 244
537 250 544 261
540 250 547 261
616 250 628 255
534 253 541 264
540 253 547 264
542 253 551 266
545 253 554 267
590 253 604 247
599 253 610 253
613 253 624 258
616 253 627 258
619 253 622 250
534 256 542 266
537 256 545 267
540 256 547 267
545 256 554 270
613 256 635 272
619 256 632 264
531 258 537 270
534 258 543 270
537 258 546 270
540 258 547 270
576 258 599 272
633 258 633 255
531 261 536 273
534 261 542 273
551 261 567 284
590 261 601 275
593 261 604 276
596 261 607 276
599 261 610 278
610 261 627 272
633 261 632 258
537 264 545 278
540 264 548 278
545 264 551 275
576 264 583 284
585 264 598 277
588 264 601 277
599 264 611 281
602 264 615 281
607 264 626 275
630 264 630 261
633 264 633 261
635 264 636 261
638 264 641 261
548 267 553 275
554 267 570 287
573 267 579 286
579 267 584 287
582 267 593 281
585 267 598 281
588 267 601 281
590 267 604 281
599 267 611 283
602 267 616 283
604 267 619 284
616 267 628 283
638 267 638 264
641 267 644 264
545 270 550 278
548 270 554 278
551 270 567 290
554 270 559 279
579 270 584 289
585 270 596 284
588 270 601 284
593 270 605 283
596 270 608 283
621 270 630 289
644 270 644 267
548 273 553 281
551 273 557 282
582 273 593 286
585 273 595 286
588 273 599 289
593 273 604 286
596 273 608 287
644 273 644 270
647 273 647 270
528 275 528 270
571 275 583 287
576 275 587 286
604 275 621 289
644 275 643 272
647 275 647 272
571 278 583 292
588 278 596 289
607 278 621 292
647 278 647 275
531 281 531 278
556 281 562 288
588 281 596 293
599 281 607 295
604 281 618 295
607 281 622 295
619 281 579 261
537 284 540 287
559 284 565 291
607 284 622 298
613 284 627 295
647 284 646 286
562 287 567 294
599 287 605 298
602 287 609 298
610 287 618 298
551 290 551 289
568 290 571 296
599 290 605 301
602 290 608 301
604 290 610 300
607 290 613 301
613 290 621 301
616 290 624 301
624 290 635 303
647 290 647 295
548 292 548 292
551 292 551 293
556 292 559 295
562 292 565 295
568 292 571 299
571 292 574 297
573 292 577 297
576 292 580 297
582 292 585 301
585 292 588 301
588 292 590 300
596 292 601 303
599 292 604 303
602 292 607 304
607 292 613 304
610 292 616 304
613 292 621 307
616 292 627 308
633 292 635 301
647 292 647 298
559 295 562 298
562 295 566 298
565 295 568 298
571 295 574 301
573 295 577 301
576 295 579 300
590 295 593 303
616 295 627 312
635 295 638 304
647 295 646 301
556 298 556 296
559 298 559 297
571 298 574 304
573 298 577 303
576 298 579 303
579 298 582 304
582 298 584 303
588 298 590 304
590 298 593 306
593 298 596 306
599 298 602 307
602 298 605 307
630 298 630 309
556 301 556 301
559 301 559 300
571 301 574 306
573 301 576 306
576 301 579 305
579 301 582 306
588 301 590 306
602 301 604 310
604 301 610 307
633 301 636 314
635 301 638 315
559 304 559 303
571 304 574 309
573 304 576 309
576 304 579 308
579 304 582 308
582 304 585 307
585 304 588 306
588 304 591 309
590 304 593 309
571 306 574 312
573 306 576 311
576 306 579 311
647 306 646 309
571 309 571 311
582 309 584 311
585 309 588 312
588 309 590 313
579 312 578 315
582 312 584 314
585 312 588 314
588 312 591 315
630 312 607 312
602 315 594 315
621 315 599 315
624 315 604 315
630 315 607 315
633 315 610 315
