129 129 56 29
528 163 587 27
389 181 381 38
424 198 427 25
476 198 513 36
354 215 337 73
371 215 360 73
389 215 383 72
424 215 429 34
458 215 475 72
545 215 577 100
337 233 314 92
354 233 338 91
371 233 363 91
389 233 381 89
406 233 408 92
441 233 457 88
458 233 479 90
476 233 501 90
319 250 295 112
337 250 314 110
354 250 338 109
371 250 363 110
389 250 389 110
406 250 412 109
424 250 434 108
441 250 458 107
458 250 482 108
476 250 506 108
493 250 528 110
302 267 266 131
319 267 290 130
337 267 316 129
354 267 339 128
371 267 363 127
389 267 390 129
406 267 414 128
424 267 438 128
441 267 461 125
458 267 486 127
476 267 508 127
493 267 529 128
528 267 565 155
267 285 232 173
285 285 249 171
302 285 271 153
319 285 293 150
337 285 319 149
354 285 342 148
371 285 365 147
389 285 391 147
406 285 416 147
424 285 439 146
441 285 464 144
458 285 488 144
476 285 511 146
528 285 568 174
545 285 588 174
233 302 186 213
250 302 214 208
267 302 239 206
302 302 274 185
319 302 294 178
337 302 321 171
354 302 344 169
371 302 370 167
389 302 394 166
406 302 419 166
424 302 442 166
441 302 469 165
458 302 492 165
476 302 511 177
493 302 547 196
510 302 564 190
215 319 166 233
233 319 185 231
250 319 211 232
267 319 239 242
302 319 275 207
319 319 298 206
337 319 321 196
354 319 346 191
371 319 371 189
389 319 397 187
406 319 422 187
424 319 446 186
441 319 471 186
458 319 495 186
476 319 516 202
493 319 535 204
528 319 580 198
250 337 221 258
267 337 244 262
285 337 269 272
302 337 279 241
319 337 295 221
337 337 323 220
354 337 347 221
371 337 374 216
389 337 397 213
406 337 422 207
424 337 448 208
441 337 473 207
458 337 497 211
493 337 536 222
510 337 561 223
250 354 226 293
267 354 249 290
285 354 271 291
319 354 300 267
337 354 326 252
354 354 354 251
371 354 377 249
389 354 401 246
406 354 424 237
424 354 452 232
441 354 476 232
458 354 497 239
476 354 516 251
493 354 539 249
510 354 560 250
250 371 228 313
267 371 250 312
285 371 272 311
302 371 296 308
389 371 405 277
406 371 429 272
424 371 451 262
441 371 480 257
476 371 517 281
493 371 537 281
510 371 560 283
528 371 584 275
545 371 609 277
233 389 211 332
250 389 225 331
267 389 248 332
285 389 267 333
302 389 285 330
319 389 318 326
337 389 338 322
354 389 360 320
371 389 381 313
389 389 407 311
406 389 431 296
424 389 453 292
441 389 483 288
458 389 506 289
493 389 537 304
510 389 563 302
528 389 588 293
545 389 610 294
215 406 181 371
233 406 220 353
250 406 230 351
267 406 253 349
285 406 268 350
302 406 285 350
319 406 320 346
337 406 342 346
354 406 361 343
371 406 383 339
389 406 407 336
406 406 430 330
424 406 455 328
458 406 506 309
476 406 517 331
510 406 566 339
528 406 592 314
545 406 613 311
215 424 188 393
233 424 217 370
250 424 235 372
267 424 255 367
285 424 274 362
302 424 291 368
319 424 310 367
337 424 347 364
354 424 366 364
371 424 380 362
389 424 410 361
406 424 433 355
424 424 458 349
441 424 477 342
458 424 492 350
476 424 519 351
510 424 573 335
528 424 596 335
198 441 190 415
215 441 199 413
233 441 216 403
250 441 234 400
267 441 258 389
285 441 275 384
302 441 296 383
319 441 321 385
337 441 346 384
354 441 365 388
371 441 388 384
406 441 435 383
424 441 470 371
441 441 489 368
458 441 505 370
476 441 523 369
215 458 206 433
233 458 221 425
250 458 238 422
267 458 317 451
285 458 276 400
302 458 296 403
337 458 350 410
354 458 368 406
371 458 390 405
389 458 414 402
406 458 436 406
424 458 472 388
441 458 489 385
458 458 509 384
476 458 528 383
250 476 285 472
267 476 319 475
285 476 466 475
302 476 480 474
354 476 370 426
476 476 528 416
