582 199 582 200
579 202 579 202
542 205 542 205
554 205 553 205
556 205 558 205
576 205 578 205
590 205 590 206
534 208 534 208
545 208 545 208
548 208 548 208
559 208 558 207
590 208 591 209
531 211 531 210
537 211 537 211
540 211 539 211
542 211 542 212
548 211 548 211
585 211 585 212
588 211 588 212
531 213 531 213
534 213 534 215
537 213 537 214
542 213 542 214
585 213 586 215
531 216 532 216
540 216 539 219
573 216 575 219
582 216 581 219
585 216 584 219
588 216 587 219
593 216 593 216
528 219 528 219
537 219 537 221
568 219 567 224
573 219 570 224
582 219 581 222
585 219 584 222
588 219 588 222
593 219 593 219
537 222 537 225
554 222 555 225
562 222 564 225
571 222 567 227
573 222 570 227
579 222 578 225
593 222 593 222
528 225 529 228
531 225 532 228
551 225 553 228
554 225 556 228
556 225 559 228
582 225 584 227
585 225 587 227
588 225 590 227
590 225 593 227
540 227 541 231
551 227 552 231
554 227 556 231
559 227 562 230
562 227 564 230
576 227 579 230
579 227 582 229
582 227 584 230
585 227 587 230
588 227 590 230
531 230 533 234
540 230 541 233
542 230 544 234
545 230 546 234
551 230 553 233
576 230 578 232
593 230 594 232
528 233 528 237
531 233 531 237
551 233 550 236
590 233 590 235
593 233 593 235
528 236 528 240
531 236 530 240
534 236 536 239
537 236 538 239
542 236 542 236
545 236 544 236
531 239 531 242
542 239 542 239
545 239 545 238
551 239 553 239
554 239 556 239
568 239 570 236
571 239 573 235
579 239 582 244
534 242 534 242
537 242 537 242
540 242 540 242
542 242 542 242
554 242 556 241
568 242 570 238
531 244 531 245
534 244 534 244
537 244 537 245
540 244 540 245
542 244 542 245
551 244 553 244
554 244 556 244
556 244 559 244
565 244 571 247
571 244 576 247
528 247 528 247
542 247 542 247
548 247 551 251
556 247 561 251
562 247 568 250
565 247 570 250
571 247 573 241
556 250 561 254
562 250 568 253
565 250 570 253
548 253 550 259
559 253 567 256
562 253 570 256
565 253 573 255
559 256 568 259
562 256 570 258
565 256 573 258
568 256 576 258
542 258 545 259
556 258 564 262
562 258 570 261
565 258 573 260
568 258 576 261
562 261 570 264
573 261 578 261
545 264 547 265
548 264 550 265
554 264 560 269
571 264 576 264
534 267 536 265
548 267 550 268
556 267 562 270
559 267 565 270
565 267 571 270
568 267 574 270
528 270 528 268
531 270 531 267
537 270 539 270
548 270 550 271
551 270 553 271
568 270 573 273
571 270 576 270
573 270 579 270
528 273 531 276
545 273 547 273
551 273 553 274
554 273 556 274
565 273 570 275
571 273 575 275
573 273 582 273
531 275 534 278
545 275 547 276
548 275 550 277
551 275 553 277
554 275 556 277
542 278 546 279
545 278 548 279
548 278 550 279
551 278 553 279
554 278 556 279
568 278 571 281
571 278 574 281
573 278 577 279
596 278 598 278
534 281 534 281
540 281 542 282
542 281 546 282
545 281 549 282
548 281 550 282
551 281 553 282
554 281 555 282
565 281 568 284
573 281 576 282
576 281 579 282
593 281 593 281
534 284 534 284
537 284 537 284
542 284 545 285
548 284 550 284
551 284 553 284
554 284 555 284
556 284 558 284
562 284 565 284
565 284 568 286
576 284 578 285
579 284 581 284
588 284 588 284
590 284 591 284
593 284 593 284
596 284 596 284
599 284 599 284
610 284 607 284
537 287 536 288
551 287 553 287
571 287 573 289
579 287 581 287
588 287 587 287
590 287 591 287
593 287 593 287
596 287 596 287
540 290 539 291
568 290 571 290
573 290 575 291
585 290 585 290
588 290 587 290
593 290 593 290
596 290 596 290
568 292 570 294
571 292 572 293
576 292 577 293
579 292 580 293
582 292 583 293
585 292 585 293
588 292 587 293
590 292 590 293
593 292 593 293
568 295 570 296
571 295 573 296
576 295 577 295
579 295 580 295
582 295 582 296
585 295 585 296
588 295 588 295
596 295 596 295
568 298 570 298
571 298 573 299
576 298 577 299
579 298 580 299
582 298 582 299
585 298 585 299
588 298 588 299
590 298 591 299
593 298 593 298
596 298 596 298
599 298 599 298
602 298 602 298
571 301 571 301
573 301 574 302
576 301 577 302
579 301 580 302
582 301 582 302
585 301 585 302
588 301 588 302
590 301 590 302
593 301 593 301
596 301 596 301
599 301 599 301
602 301 601 301
604 301 604 301
647 301 648 303
573 304 574 304
576 304 577 305
579 304 580 304
582 304 582 304
585 304 584 305
588 304 587 304
590 304 590 304
593 304 593 304
596 304 596 304
599 304 599 304
602 304 601 304
604 304 604 304
565 306 565 307
576 306 577 307
579 306 579 307
582 306 582 307
585 306 585 307
588 306 587 307
590 306 590 307
593 306 593 307
599 306 598 307
602 306 601 307
610 306 609 307
621 306 617 306
644 306 645 306
576 309 576 309
579 309 579 309
582 309 582 310
585 309 584 310
588 309 587 310
590 309 590 310
593 309 593 310
602 309 601 310
604 309 604 310
610 309 609 309
576 312 576 312
579 312 579 312
585 312 584 313
588 312 587 313
596 312 595 312
599 312 597 313
607 312 606 313
613 312 611 312
616 312 614 312
630 312 627 314
585 315 584 315
588 315 588 315
596 315 595 315
599 315 598 316
602 315 600 316
604 315 603 315
607 315 606 315
610 315 609 315
613 315 612 315
616 315 614 315
619 315 617 315
