545 261 557 260
534 264 545 260
537 264 548 261
540 264 551 261
542 264 554 261
545 264 557 263
534 267 545 263
537 267 548 264
540 267 551 265
542 267 553 266
545 267 556 267
548 267 560 268
534 270 544 266
537 270 547 266
540 270 549 267
542 270 552 268
545 270 555 269
542 273 551 272
534 290 539 282
537 290 543 282
531 292 534 284
534 292 538 285
537 292 541 285
616 292 615 294
534 295 537 288
537 295 540 289
540 295 542 289
613 295 611 296
531 298 538 295
531 301 536 299
590 301 590 308
590 304 589 311
610 306 608 306
613 306 611 306
616 306 614 307
576 309 568 315
585 309 579 314
588 309 581 312
607 309 604 309
610 309 607 309
579 312 571 316
559 315 550 314
