554 211 570 210
554 213 569 212
582 216 598 219
554 219 569 218
559 219 572 218
551 222 566 222
554 222 568 221
542 230 554 226
554 230 565 229
556 230 573 236
556 233 571 237
565 233 580 239
545 236 556 235
556 236 570 239
559 236 574 240
565 236 579 242
568 236 582 242
576 239 588 246
565 242 582 248
568 242 585 249
565 244 582 251
585 244 593 253
585 247 593 255
599 247 610 257
542 253 546 252
588 256 595 265
542 267 546 267
616 267 619 264
613 270 616 266
624 270 623 267
633 270 632 268
551 273 559 280
554 273 562 281
624 273 623 269
627 273 626 270
630 273 629 271
633 273 632 271
635 273 635 271
633 275 632 273
635 275 635 274
528 278 529 278
531 278 533 279
534 278 535 278
537 278 538 278
621 278 622 274
630 278 629 276
633 278 632 276
635 278 635 276
638 278 637 277
528 281 530 281
531 281 532 281
534 281 535 281
554 281 561 287
621 281 621 276
624 281 624 277
635 281 635 280
528 284 529 284
531 284 532 284
534 284 535 284
537 284 538 284
540 284 541 281
619 284 618 278
621 284 621 278
627 284 625 279
635 284 636 283
528 287 529 287
531 287 532 287
534 287 535 287
537 287 538 287
542 287 544 284
545 287 546 285
593 287 596 289
616 287 615 283
619 287 619 281
621 287 621 281
633 287 631 283
635 287 635 285
528 290 529 290
531 290 532 289
534 290 535 290
540 290 540 288
542 290 543 289
556 290 564 293
590 290 594 292
593 290 596 292
596 290 600 291
616 290 616 286
619 290 619 284
621 290 621 284
624 290 624 284
630 290 628 286
633 290 632 287
638 290 638 289
641 290 641 289
644 290 644 289
528 292 528 292
531 292 532 292
534 292 535 292
537 292 537 292
540 292 540 292
542 292 543 292
545 292 546 292
590 292 593 295
593 292 596 295
596 292 599 294
613 292 612 290
616 292 615 290
619 292 617 290
621 292 621 287
624 292 623 288
635 292 634 291
641 292 641 293
644 292 644 292
528 295 528 295
534 295 534 295
537 295 537 295
540 295 540 295
542 295 542 295
545 295 545 295
548 295 548 295
562 295 566 301
565 295 569 301
616 295 615 293
619 295 617 293
641 295 640 294
644 295 644 294
647 295 647 294
528 298 528 298
545 298 545 298
548 298 548 298
571 298 573 302
573 298 575 302
576 298 578 302
579 298 580 302
596 298 599 299
602 298 605 298
604 298 608 298
619 298 618 296
644 298 644 298
647 298 647 297
537 301 537 300
540 301 539 300
542 301 542 300
545 301 545 301
548 301 548 301
571 301 572 306
573 301 575 305
576 301 577 305
588 301 589 303
593 301 593 303
599 301 599 300
602 301 605 301
604 301 608 301
616 301 614 299
619 301 618 298
621 301 620 299
624 301 623 299
647 301 646 300
542 304 542 303
545 304 545 303
548 304 548 303
551 304 551 304
562 304 565 307
565 304 568 308
571 304 572 308
573 304 574 308
576 304 577 308
582 304 581 306
585 304 584 305
588 304 587 305
590 304 590 305
596 304 596 303
599 304 598 303
604 304 608 304
613 304 611 302
616 304 614 302
621 304 620 302
624 304 623 302
627 304 626 302
630 304 628 303
638 304 637 302
548 306 548 307
551 306 551 307
565 306 568 310
571 306 572 311
573 306 574 311
576 306 577 311
582 306 581 309
585 306 584 308
588 306 587 308
590 306 590 308
593 306 592 307
596 306 595 307
613 306 611 305
616 306 614 304
624 306 623 305
627 306 626 305
635 306 634 304
638 306 637 304
641 306 640 304
644 306 643 304
647 306 646 305
545 309 545 309
548 309 548 309
551 309 551 309
571 309 572 314
573 309 574 314
582 309 581 312
585 309 584 313
588 309 586 312
590 309 589 311
593 309 592 311
599 309 598 310
602 309 602 310
607 309 607 309
616 309 615 307
621 309 622 308
630 309 628 307
635 309 634 307
638 309 637 307
641 309 639 307
644 309 643 307
647 309 646 308
554 312 553 312
559 312 559 313
576 312 577 315
585 312 583 316
588 312 586 314
596 312 594 313
599 312 597 313
602 312 601 313
604 312 604 313
613 312 612 312
619 312 619 312
621 312 622 311
627 312 626 311
635 312 635 310
638 312 637 310
641 312 639 310
644 312 643 310
647 312 646 310
559 315 559 315
562 315 562 316
579 315 579 315
590 315 588 316
593 315 591 316
596 315 594 316
599 315 597 315
602 315 600 315
604 315 604 315
610 315 610 315
616 315 616 315
619 315 619 315
621 315 622 315
624 315 625 314
630 315 629 313
633 315 631 313
635 315 634 313
638 315 637 313
641 315 639 313
644 315 642 314
647 315 645 314
