129 77 118 77
146 77 133 80
441 77 421 96
476 77 447 97
493 77 461 97
42 94 29 96
59 94 46 96
94 94 89 96
129 94 118 97
146 94 135 98
424 94 407 110
441 94 423 111
476 94 446 111
510 94 459 107
528 94 479 108
545 94 496 108
42 111 39 115
59 111 55 115
77 111 71 115
111 111 101 115
129 111 117 115
146 111 134 115
406 111 393 120
424 111 405 128
493 111 439 122
510 111 460 124
528 111 480 125
562 111 512 123
580 111 527 123
25 129 22 134
42 129 37 133
59 129 54 132
94 129 79 135
111 129 95 136
129 129 113 135
146 129 130 134
406 129 388 145
424 129 405 146
441 129 418 161
458 129 434 166
562 129 528 143
580 129 542 144
25 146 22 153
59 146 45 154
77 146 60 154
94 146 79 152
111 146 95 153
129 146 127 151
389 146 372 162
406 146 387 160
441 146 417 179
458 146 433 181
493 146 458 135
510 146 494 144
528 146 511 140
597 146 561 160
406 163 387 180
424 163 403 191
441 163 417 193
458 163 434 193
493 163 463 154
510 163 493 152
528 163 509 154
545 163 524 156
562 163 542 157
597 163 563 179
371 181 354 199
389 181 371 199
406 181 387 198
441 181 418 210
493 181 476 169
510 181 491 169
528 181 508 170
545 181 525 170
562 181 542 172
354 198 339 216
371 198 354 217
389 198 370 216
406 198 386 217
424 198 404 213
458 198 438 214
510 198 492 187
528 198 508 187
545 198 525 187
580 198 546 215
597 198 568 192
354 215 337 236
371 215 354 235
389 215 371 234
406 215 386 234
424 215 402 233
441 215 419 234
458 215 434 235
493 215 466 233
510 215 482 233
528 215 495 232
545 215 524 205
597 215 567 209
337 233 323 253
354 233 339 253
371 233 354 252
389 233 370 251
406 233 386 251
424 233 402 250
441 233 419 250
476 233 448 250
493 233 465 250
510 233 481 249
545 233 525 222
580 233 551 228
285 250 274 267
319 250 307 270
337 250 323 270
354 250 339 268
371 250 354 268
389 250 371 268
406 250 386 268
424 250 401 268
441 250 417 268
476 250 448 267
493 250 465 267
510 250 480 266
528 250 510 247
545 250 524 241
580 250 550 244
250 267 245 274
267 267 260 280
285 267 276 280
319 267 308 285
337 267 323 286
354 267 337 285
371 267 354 287
389 267 370 286
406 267 385 285
424 267 401 285
441 267 417 285
476 267 448 285
493 267 463 284
528 267 507 269
545 267 523 259
580 267 551 261
233 285 231 284
250 285 244 293
267 285 260 294
285 285 276 294
319 285 307 300
337 285 323 301
354 285 339 302
371 285 354 302
389 285 370 302
406 285 385 302
424 285 401 301
441 285 417 302
476 285 447 300
493 285 462 299
528 285 505 289
562 285 529 289
215 302 213 310
233 302 227 310
250 302 243 309
267 302 260 309
319 302 307 313
337 302 324 317
354 302 339 318
371 302 354 318
389 302 370 318
406 302 385 317
424 302 400 318
441 302 416 317
458 302 431 316
493 302 463 315
510 302 480 310
528 302 496 312
562 302 529 303
233 319 229 326
285 319 274 317
337 319 323 331
354 319 339 333
371 319 354 332
389 319 370 333
406 319 384 333
424 319 400 333
441 319 416 334
476 319 446 333
493 319 462 330
510 319 480 327
528 319 494 327
267 337 259 336
285 337 274 335
337 337 323 346
354 337 339 345
371 337 354 346
389 337 368 346
406 337 385 346
424 337 400 347
441 337 415 349
476 337 446 347
493 337 461 346
545 337 509 343
267 354 259 352
285 354 277 352
424 354 400 360
441 354 415 363
476 354 445 363
510 354 479 356
528 354 494 357
545 354 509 358
562 354 526 355
250 371 243 368
267 371 260 368
285 371 276 370
302 371 294 369
319 371 310 370
354 371 339 372
371 371 356 372
389 371 370 373
406 371 386 373
493 371 463 371
510 371 479 371
528 371 495 369
545 371 508 374
562 371 526 371
580 371 539 370
233 389 227 384
250 389 245 384
267 389 265 385
285 389 282 386
302 389 297 386
337 389 324 385
354 389 339 385
371 389 355 385
389 389 369 385
406 389 386 386
424 389 401 389
441 389 416 391
476 389 444 391
493 389 461 387
510 389 478 385
545 389 509 389
562 389 525 387
580 389 539 387
215 406 212 394
233 406 231 400
250 406 247 402
267 406 263 402
285 406 284 404
302 406 301 401
319 406 318 403
354 406 339 399
371 406 355 399
389 406 370 400
406 406 386 400
424 406 402 402
441 406 415 403
458 406 434 404
493 406 463 401
510 406 479 399
528 406 495 398
545 406 508 402
562 406 523 403
215 424 213 411
233 424 231 415
250 424 249 415
267 424 264 415
285 424 282 419
319 424 317 416
354 424 332 415
371 424 352 414
389 424 372 415
406 424 386 415
424 424 401 415
441 424 416 417
476 424 451 418
510 424 479 415
528 424 491 418
545 424 507 419
580 424 540 404
250 441 248 434
267 441 261 433
337 441 320 432
354 441 333 432
371 441 349 430
389 441 370 430
406 441 385 431
424 441 401 431
441 441 417 432
476 441 445 435
493 441 462 433
510 441 477 431
528 441 491 432
562 441 522 429
580 441 540 419
215 458 209 440
233 458 225 438
250 458 247 451
267 458 261 452
285 458 281 439
319 458 319 453
371 458 352 449
389 458 371 448
406 458 387 450
424 458 401 448
441 458 418 450
476 458 444 452
493 458 459 451
510 458 475 450
528 458 490 450
545 458 504 447
562 458 519 446
580 458 540 436
215 476 210 454
233 476 243 475
267 476 263 472
285 476 281 472
302 476 298 474
319 476 314 476
337 476 331 474
371 476 356 469
389 476 374 472
406 476 390 469
424 476 403 471
441 476 416 472
476 476 442 473
493 476 458 473
510 476 475 469
528 476 490 467
545 476 503 463
562 476 521 461
