438 233 439 240
466 233 462 249
441 236 440 246
452 236 449 254
455 236 451 254
457 236 454 254
463 236 456 255
466 236 459 255
468 236 462 255
471 236 465 255
474 236 467 255
468 239 462 258
471 239 464 258
474 239 468 258
468 241 462 261
471 241 465 260
474 241 468 260
411 244 409 249
414 244 411 252
416 244 414 252
419 244 416 254
468 244 462 263
471 244 465 263
414 247 411 255
416 247 414 255
419 250 454 264
400 255 418 247
397 258 414 259
422 263 442 274
452 263 451 264
479 263 469 273
389 266 405 256
479 266 469 276
425 269 413 270
427 272 415 271
430 272 419 271
414 274 405 266
416 274 408 266
427 274 415 273
430 274 419 273
433 274 424 291
438 274 425 273
477 274 464 284
416 277 408 269
430 277 418 276
435 277 422 276
438 277 424 276
416 280 408 272
438 280 424 279
397 282 409 284
452 285 449 291
378 288 378 289
468 288 463 301
378 291 378 291
403 291 415 299
378 293 378 294
378 299 378 299
397 299 407 293
490 299 488 304
378 302 378 302
400 302 406 295
416 304 492 296
441 307 411 313
463 307 463 316
457 310 474 304
389 313 485 296
397 313 489 297
457 313 474 307
474 313 473 321
378 315 377 311
460 315 492 302
477 315 483 296
479 315 468 310
378 318 377 314
400 318 394 312
449 318 425 325
477 318 480 301
482 318 465 321
485 318 467 318
493 318 494 309
490 321 491 311
394 324 383 317
397 324 385 317
463 324 471 324
392 326 382 319
400 326 388 320
482 326 462 326
488 326 485 319
389 329 379 320
414 329 431 330
416 329 434 330
482 329 461 329
490 329 487 325
389 332 380 323
411 332 428 333
474 332 456 331
477 332 459 332
479 332 462 332
488 332 487 330
490 332 490 331
493 332 493 332
381 335 381 334
405 335 410 333
414 335 414 336
430 335 453 335
471 335 470 333
474 335 456 335
479 335 458 335
482 335 462 335
485 335 485 333
488 335 487 333
490 335 490 333
493 335 493 336
381 337 380 337
460 337 460 337
466 337 465 337
482 337 482 337
485 337 485 337
488 337 487 337
490 337 490 337
