607 216 607 235
582 219 556 202
607 219 607 238
610 219 610 239
579 222 547 208
582 222 553 207
621 230 579 207
621 233 579 212
554 239 540 217
590 239 572 233
593 239 575 233
613 242 560 224
534 258 529 269
571 261 602 248
633 261 605 263
599 264 552 265
607 264 549 246
630 264 601 266
633 264 604 267
579 267 604 251
610 270 628 268
590 273 612 275
607 273 626 272
610 273 629 271
551 275 561 263
590 275 611 278
559 278 567 273
590 278 612 281
602 278 620 281
610 278 631 280
548 281 546 256
616 281 629 279
545 284 559 277
542 287 556 281
545 287 560 280
551 287 565 280
619 287 635 294
621 287 638 295
627 287 643 294
534 290 551 282
537 292 551 285
540 292 554 285
542 292 556 286
590 292 582 273
610 292 623 292
537 295 547 289
542 295 553 289
545 295 562 291
590 295 582 276
540 298 548 292
542 298 553 291
542 301 553 297
545 301 556 297
548 301 560 297
602 301 612 298
604 301 615 300
607 301 618 301
624 301 638 299
542 304 554 300
545 304 557 300
602 304 612 301
604 304 615 303
607 304 617 303
613 304 623 303
619 304 633 308
616 306 630 311
619 306 633 311
621 306 636 312
624 306 639 312
556 309 562 294
559 309 565 293
607 309 621 312
647 309 647 308
571 312 571 293
573 312 574 294
593 312 610 309
647 312 647 311
556 315 566 302
573 315 574 300
590 315 607 313
593 315 610 312
599 315 598 315
613 315 630 315
616 315 633 315
619 315 636 314
647 315 647 315
