635 219 627 217
624 222 616 218
633 222 622 219
635 222 627 219
638 222 630 219
579 225 571 217
582 225 574 218
624 225 616 221
630 225 621 222
635 225 627 222
638 225 629 221
635 227 627 223
638 227 629 223
579 230 568 229
627 230 616 224
599 233 585 229
568 239 557 234
590 242 579 242
596 242 582 241
638 244 630 239
537 247 537 247
638 247 630 241
641 247 633 241
565 253 557 250
548 258 542 257
551 258 545 257
559 258 553 257
545 261 539 259
548 261 542 259
556 261 550 259
559 261 552 261
545 264 539 262
551 264 544 261
554 264 548 261
556 264 550 263
559 264 552 264
548 267 542 264
551 267 545 264
556 267 550 266
568 267 562 258
571 267 564 257
579 267 573 258
534 270 530 269
537 270 533 269
540 270 535 269
545 270 541 266
548 270 544 266
562 270 555 260
565 270 559 261
568 270 562 261
571 270 564 260
534 273 530 272
537 273 533 271
540 273 535 271
554 273 547 273
559 273 552 272
562 273 555 264
565 273 558 264
568 273 562 264
571 273 564 264
585 273 576 260
534 275 530 274
537 275 533 274
540 275 535 274
542 275 539 274
551 275 547 275
556 275 550 275
562 275 556 274
565 275 558 274
588 275 581 264
590 275 584 263
534 278 530 277
537 278 533 277
540 278 536 277
542 278 539 277
559 278 553 277
571 278 570 272
573 278 572 272
582 278 572 270
534 281 530 281
537 281 533 280
542 281 539 281
548 281 544 281
571 281 570 274
573 281 573 275
579 281 575 275
582 281 577 274
635 281 636 285
534 284 530 285
545 284 542 284
548 284 545 284
568 284 564 278
571 284 570 277
573 284 573 278
579 284 574 277
635 284 635 287
531 287 529 289
540 287 538 286
542 287 540 286
548 287 545 286
571 287 570 280
579 287 575 280
593 287 587 279
638 287 638 288
641 287 640 287
531 290 529 291
540 290 536 290
542 290 540 289
551 290 547 286
562 290 558 284
565 290 561 284
568 290 563 284
573 290 569 283
579 290 575 283
582 290 578 283
585 290 581 283
627 290 629 293
635 290 635 291
638 290 638 291
641 290 640 290
644 290 642 290
647 290 646 290
534 292 533 292
540 292 536 293
545 292 542 292
554 292 549 289
559 292 555 287
565 292 560 286
568 292 563 286
571 292 566 286
588 292 583 286
633 292 633 294
635 292 635 294
638 292 638 293
641 292 640 293
644 292 643 293
540 295 536 296
542 295 538 295
565 295 560 289
607 295 606 296
621 295 621 299
624 295 624 299
633 295 633 296
635 295 634 297
638 295 637 296
647 295 646 296
556 298 550 295
559 298 553 294
610 298 612 301
613 298 612 295
616 298 615 298
621 298 621 302
630 298 630 300
633 298 633 300
635 298 635 300
641 298 641 299
644 298 643 299
647 298 646 300
542 301 541 301
551 301 546 298
554 301 550 297
556 301 552 297
593 301 593 301
596 301 595 302
599 301 598 302
610 301 609 302
619 301 617 301
635 301 637 303
647 301 646 301
551 304 547 300
554 304 549 299
556 304 552 299
590 304 590 304
593 304 593 304
596 304 596 304
599 304 598 304
602 304 601 304
604 304 604 304
607 304 606 304
610 304 609 304
613 304 612 304
616 304 615 304
619 304 617 304
621 304 621 305
627 304 627 305
630 304 629 305
638 304 640 306
551 306 546 303
554 306 549 303
556 306 552 303
562 306 556 300
571 306 569 306
573 306 572 306
576 306 575 306
579 306 579 306
582 306 581 306
585 306 584 306
588 306 587 306
590 306 590 307
593 306 593 307
596 306 595 307
599 306 598 307
602 306 602 307
604 306 604 307
607 306 606 307
610 306 609 307
613 306 612 307
616 306 615 307
619 306 618 308
621 306 621 308
624 306 624 308
630 306 630 308
635 306 635 308
638 306 640 309
548 309 546 309
551 309 547 306
554 309 550 306
556 309 553 306
568 309 565 308
571 309 569 308
573 309 572 309
576 309 575 309
579 309 578 309
582 309 581 309
585 309 585 309
588 309 587 310
590 309 590 310
593 309 593 310
596 309 595 310
599 309 598 310
602 309 601 310
604 309 604 310
607 309 606 310
610 309 609 310
613 309 612 310
616 309 614 310
619 309 617 310
624 309 623 311
627 309 627 311
630 309 629 311
633 309 633 311
635 309 635 311
644 309 643 311
647 309 646 307
545 312 545 312
548 312 547 312
551 312 549 311
554 312 550 309
556 312 553 309
565 312 563 311
568 312 566 311
571 312 569 311
573 312 572 312
576 312 575 311
579 312 578 312
582 312 582 312
585 312 585 312
588 312 587 313
590 312 590 312
593 312 593 312
596 312 595 312
599 312 598 312
602 312 601 313
604 312 604 313
607 312 607 312
610 312 609 312
613 312 613 313
616 312 615 313
619 312 618 313
621 312 620 313
624 312 623 313
627 312 626 313
630 312 629 313
633 312 632 313
635 312 635 313
641 312 640 313
545 315 545 315
548 315 547 315
551 315 549 315
554 315 552 315
556 315 555 315
559 315 557 315
562 315 560 315
565 315 563 314
568 315 565 314
571 315 569 315
573 315 572 315
576 315 575 315
579 315 578 315
582 315 582 315
585 315 584 315
588 315 587 315
590 315 589 315
593 315 593 315
596 315 595 315
599 315 598 315
602 315 601 315
604 315 604 315
607 315 606 315
610 315 609 315
613 315 612 315
616 315 615 315
619 315 618 315
621 315 621 315
624 315 624 315
627 315 626 315
630 315 629 315
633 315 632 315
635 315 634 315
638 315 637 316
641 315 640 316
644 315 643 316
