1.000000000000000000e+00 0.000000000000000000e+00 0.000000000000000000e+00 1.308821737766265869e-01
0.000000000000000000e+00 1.000000000000000000e+00 0.000000000000000000e+00 -1.119700819253921509e-02
0.000000000000000000e+00 0.000000000000000000e+00 1.000000000000000000e+00 -7.505143880844116211e-01
0.000000000000000000e+00 0.000000000000000000e+00 0.000000000000000000e+00 1.000000000000000000e+00
9.982036948204040527e-01 1.498285308480262756e-02 5.800635367631912231e-02 8.190284669399261475e-02
-1.381895504891872406e-02 9.996960759162902832e-01 -2.041361667215824127e-02 2.084555570036172867e-03
-5.829459056258201599e-02 1.957532577216625214e-02 9.981073737144470215e-01 -7.584136128425598145e-01
0.000000000000000000e+00 0.000000000000000000e+00 0.000000000000000000e+00 1.000000000000000000e+00
9.891329407691955566e-01 1.222462020814418793e-02 1.465145349502563477e-01 1.632633805274963379e-02
-5.987358745187520981e-03 9.990598559379577637e-01 -4.293649271130561829e-02 1.974265091121196747e-02
-1.469016671180725098e-01 4.159266129136085510e-02 9.882762432098388672e-01 -7.643309235572814941e-01
0.000000000000000000e+00 0.000000000000000000e+00 0.000000000000000000e+00 1.000000000000000000e+00
9.536845088005065918e-01 1.654193922877311707e-02 3.003532290458679199e-01 -1.011416167020797729e-01
1.172674354165792465e-02 9.956833124160766602e-01 -9.207195043563842773e-02 5.919198691844940186e-02
-3.005797564983367920e-01 9.132975339889526367e-02 9.493737816810607910e-01 -7.598669528961181641e-01
0.000000000000000000e+00 0.000000000000000000e+00 0.000000000000000000e+00 1.000000000000000000e+00
8.969171047210693359e-01 1.832380332052707672e-02 4.418188929557800293e-01 -2.136336863040924072e-01
4.349449649453163147e-02 9.906405210494995117e-01 -1.293816119432449341e-01 9.184326976537704468e-02
-4.400544464588165283e-01 1.352612823247909546e-01 8.877254128456115723e-01 -7.382442355155944824e-01
0.000000000000000000e+00 0.000000000000000000e+00 0.000000000000000000e+00 1.000000000000000000e+00
8.601150512695312500e-01 2.582397311925888062e-02 5.094458460807800293e-01 -2.693174779415130615e-01
5.770497024059295654e-02 9.873808622360229492e-01 -1.474758535623550415e-01 1.082034483551979065e-01
-5.068255066871643066e-01 1.562437564134597778e-01 8.477709889411926270e-01 -7.213944792747497559e-01
0.000000000000000000e+00 0.000000000000000000e+00 0.000000000000000000e+00 1.000000000000000000e+00
8.123858571052551270e-01 3.812069445848464966e-02 5.818725824356079102e-01 -3.303419351577758789e-01
7.899875938892364502e-02 9.814662933349609375e-01 -1.745941340923309326e-01 1.309598982334136963e-01
-5.777439475059509277e-01 1.878050267696380615e-01 7.943178415298461914e-01 -6.942811012268066406e-01
0.000000000000000000e+00 0.000000000000000000e+00 0.000000000000000000e+00 1.000000000000000000e+00
7.394979596138000488e-01 5.280998349189758301e-02 6.710838675498962402e-01 -4.095390439033508301e-01
1.117801368236541748e-01 9.734441041946411133e-01 -1.997792869806289673e-01 1.555858999490737915e-01
-6.638129949569702148e-01 2.227502316236495972e-01 7.139568328857421875e-01 -6.505257487297058105e-01
0.000000000000000000e+00 0.000000000000000000e+00 0.000000000000000000e+00 1.000000000000000000e+00
9.765855669975280762e-01 3.259572759270668030e-02 2.126454561948776245e-01 -2.049782127141952515e-02
-1.176550146192312241e-02 9.950677752494812012e-01 -9.849681705236434937e-02 5.795213952660560608e-02
-2.148072272539138794e-01 9.368867427110671997e-02 9.721523523330688477e-01 -7.761285305023193359e-01
0.000000000000000000e+00 0.000000000000000000e+00 0.000000000000000000e+00 1.000000000000000000e+00
