556 205 554 201
585 219 587 206
582 222 583 211
582 225 582 215
579 230 579 217
582 230 582 217
582 233 581 223
585 233 585 224
585 236 584 230
588 236 589 232
590 236 591 223
593 236 594 225
596 236 597 225
593 239 596 235
596 239 597 228
599 239 600 228
599 242 599 231
596 247 595 237
576 264 581 254
627 264 627 260
638 264 638 263
630 267 630 264
630 270 632 267
633 270 636 267
638 270 638 267
627 273 628 270
630 273 632 270
644 273 644 270
624 275 624 273
627 275 628 273
630 275 632 273
641 278 644 277
644 278 646 277
619 281 621 281
621 281 624 281
624 281 627 281
633 281 637 280
638 281 640 280
641 281 644 280
644 281 646 280
610 284 614 283
616 284 622 284
621 284 624 284
630 284 634 283
633 284 637 283
635 284 639 283
641 284 644 283
644 284 646 283
610 287 614 286
613 287 617 286
616 287 621 287
624 287 627 287
633 287 636 286
635 287 639 286
638 287 642 286
644 287 646 286
647 287 648 286
607 290 611 288
610 290 615 288
613 290 617 289
616 290 621 290
633 290 636 289
647 290 648 290
534 292 534 286
607 292 611 291
610 292 615 291
613 292 618 292
616 292 621 292
641 292 645 292
647 292 647 292
588 295 592 295
590 295 595 295
593 295 599 293
596 295 601 293
599 295 604 293
602 295 607 297
604 295 608 294
607 295 612 297
616 295 620 295
619 295 623 296
571 298 580 297
585 298 591 299
588 298 594 299
593 298 598 297
596 298 601 297
599 298 604 297
602 298 607 300
613 298 619 299
573 301 582 301
576 301 585 301
585 301 592 302
588 301 594 303
590 301 597 303
596 301 601 300
599 301 604 301
604 301 609 301
610 301 614 301
613 301 618 302
624 301 628 301
630 301 635 301
633 301 637 301
573 304 583 303
576 304 585 304
582 304 590 305
590 304 597 306
593 304 600 306
596 304 601 304
599 304 604 304
602 304 607 304
604 304 609 304
607 304 612 304
610 304 615 304
613 304 619 305
621 304 625 303
627 304 631 303
633 304 637 304
635 304 640 304
565 306 575 306
573 306 582 306
576 306 585 307
579 306 587 307
582 306 590 308
585 306 592 309
590 306 597 309
599 306 604 306
602 306 606 307
604 306 609 307
607 306 612 307
610 306 615 307
621 306 625 306
624 306 628 306
627 306 631 306
630 306 635 307
633 306 637 307
635 306 640 307
641 306 641 297
576 309 584 310
579 309 587 310
582 309 590 310
585 309 593 311
588 309 596 311
599 309 603 308
602 309 605 309
607 309 612 310
616 309 618 308
619 309 622 309
627 309 632 310
630 309 636 310
635 309 640 310
568 312 572 311
571 312 578 312
576 312 584 313
579 312 587 313
585 312 593 313
590 312 599 312
596 312 603 312
599 312 605 313
607 312 608 313
613 312 618 313
616 312 618 311
619 312 622 312
624 312 627 312
627 312 631 313
630 312 634 313
635 312 636 312
638 312 640 312
571 315 574 315
576 315 584 315
579 315 587 315
593 315 599 315
596 315 602 315
599 315 604 315
619 315 623 315
624 315 627 315
627 315 630 315
630 315 633 315
635 315 636 315
638 315 639 315
