556 205 553 203
537 211 537 210
540 211 540 210
534 213 530 214
537 213 537 212
554 216 564 217
531 219 532 215
540 219 542 218
537 222 539 220
540 222 542 221
542 222 544 222
537 225 538 223
540 225 542 224
573 227 590 206
590 236 604 248
537 242 544 262
562 242 589 213
565 242 592 213
568 242 568 213
554 244 578 214
534 247 545 270
551 247 572 211
554 247 575 212
559 247 583 219
565 247 591 220
573 247 573 218
573 256 572 236
551 258 559 233
556 258 563 247
551 261 559 236
599 261 598 251
624 261 614 258
633 261 630 262
537 264 549 278
542 264 551 237
551 264 558 239
554 264 562 251
596 264 595 253
599 264 598 254
607 264 613 266
610 264 616 266
630 264 623 265
633 264 629 265
635 264 633 266
542 267 555 249
551 267 557 242
585 267 584 243
590 267 588 254
602 267 609 267
604 267 612 268
630 267 622 267
638 267 636 268
556 270 558 246
588 270 585 251
602 270 608 270
627 270 618 270
630 270 620 270
638 270 635 270
590 273 587 258
627 273 617 273
630 273 619 273
635 273 627 272
638 273 631 273
537 275 547 285
540 275 551 287
593 275 589 264
599 275 594 267
602 275 597 272
624 275 613 274
627 275 617 275
635 275 627 275
638 275 630 276
602 278 596 274
630 278 619 277
635 278 627 279
638 278 638 285
534 281 544 287
551 284 559 292
602 284 602 279
624 284 614 283
644 284 644 290
647 284 648 288
548 287 555 295
602 287 600 285
607 287 608 284
621 287 614 286
624 287 617 286
627 287 621 287
647 287 647 291
554 290 559 294
613 290 610 284
644 290 643 294
545 292 546 291
613 292 610 287
545 295 546 295
548 295 549 296
562 295 565 299
568 295 569 299
579 295 583 294
542 298 543 298
548 298 548 298
554 298 551 296
562 298 564 302
568 298 569 302
571 298 572 302
604 298 605 293
607 298 608 294
635 298 632 298
638 298 636 294
644 298 642 296
647 298 645 297
556 301 557 302
565 301 566 304
579 301 583 298
596 301 597 295
599 301 600 296
602 301 603 296
551 304 550 303
554 304 553 304
556 304 556 305
562 304 563 307
565 304 566 307
568 304 569 308
573 304 573 309
576 304 577 310
599 304 600 299
602 304 602 299
635 304 634 298
638 304 637 299
647 304 647 302
554 306 553 307
556 306 556 307
565 306 566 310
568 306 569 311
571 306 571 312
576 306 575 313
579 306 580 308
582 306 583 308
585 306 586 309
593 306 595 301
630 306 627 303
635 306 636 306
641 306 640 303
644 306 643 304
647 306 647 305
559 309 559 310
579 309 579 311
582 309 583 311
585 309 586 312
593 309 594 308
602 309 606 304
624 309 619 304
635 309 635 309
644 309 642 308
647 309 646 308
562 312 561 313
565 312 564 314
571 312 568 314
593 312 593 311
599 312 596 312
602 312 599 313
604 312 608 308
619 312 618 310
621 312 623 312
630 312 628 311
633 312 631 311
635 312 634 312
638 312 638 312
644 312 642 311
647 312 645 311
565 315 564 316
573 315 571 316
579 315 581 315
582 315 584 315
593 315 592 315
596 315 595 315
633 315 630 314
635 315 634 314
641 315 640 315
644 315 643 315
