585 199 581 202
588 199 582 200
554 202 542 203
568 208 552 207
573 208 564 200
610 225 610 236
613 225 612 236
554 230 542 217
616 230 615 240
534 233 551 265
537 233 554 265
542 233 578 228
613 233 612 242
616 233 615 242
619 233 618 242
621 233 620 242
528 236 529 261
534 236 551 268
537 236 554 268
613 236 615 247
616 236 618 248
528 239 528 264
537 239 554 271
613 239 614 250
616 239 617 250
619 239 625 254
621 239 629 255
619 242 623 256
621 242 626 257
528 244 529 266
573 244 552 217
621 244 637 270
624 244 628 260
537 247 551 276
548 247 543 259
551 247 545 259
613 247 633 272
619 247 627 267
624 247 640 273
633 247 631 258
528 250 528 272
542 250 568 290
548 250 543 264
551 250 546 262
554 250 548 263
576 250 595 273
579 250 598 273
596 250 601 273
599 250 604 271
607 250 625 275
610 250 628 275
613 250 633 275
548 253 543 267
559 253 533 231
565 253 542 232
596 253 601 276
599 253 604 277
602 253 609 277
604 253 613 277
607 253 619 277
633 253 642 278
638 253 634 261
641 253 637 261
644 253 640 259
548 256 545 270
596 256 601 279
599 256 606 280
602 256 609 280
604 256 612 281
607 256 618 281
610 256 624 281
641 256 637 265
644 256 640 265
548 258 542 274
593 258 597 280
599 258 606 283
602 258 610 283
604 258 613 284
635 258 642 285
588 261 594 285
599 261 606 286
602 261 609 287
627 261 573 245
630 261 630 287
585 264 591 285
599 264 605 289
602 264 609 290
573 267 582 290
590 267 595 288
593 267 598 289
607 267 563 274
619 267 572 263
630 267 573 255
537 270 540 280
571 270 578 296
573 270 582 294
576 270 588 295
590 270 595 294
593 270 598 291
602 270 606 292
604 270 609 292
607 270 612 292
644 270 644 279
537 273 538 281
540 273 542 281
573 273 582 299
576 273 588 299
593 273 597 294
604 273 609 296
610 273 617 296
613 273 620 295
619 273 623 293
644 273 644 283
647 273 647 283
537 275 538 286
610 275 614 300
616 275 621 298
619 275 624 296
604 278 606 298
616 278 620 302
619 278 623 301
627 278 629 301
647 278 647 289
556 281 591 306
619 281 622 305
621 281 626 305
641 281 640 300
644 281 644 299
647 281 647 300
568 284 570 289
571 284 574 289
593 284 596 300
613 284 611 304
616 284 617 307
619 284 620 307
635 284 632 304
638 284 635 304
641 284 641 304
644 284 644 304
647 284 647 303
562 287 567 296
568 287 570 292
571 287 575 296
590 287 593 300
593 287 595 303
604 287 605 300
613 287 613 309
616 287 617 310
619 287 619 310
635 287 632 309
638 287 636 309
641 287 641 308
644 287 643 309
647 287 646 308
548 290 546 291
554 290 553 289
571 290 575 299
585 290 587 302
588 290 590 302
590 290 593 303
602 290 602 307
604 290 605 306
616 290 617 313
619 290 619 313
627 290 625 312
630 290 628 312
635 290 632 312
638 290 635 312
641 290 638 312
644 290 642 314
647 290 646 312
551 292 550 294
554 292 555 294
571 292 575 302
573 292 578 302
590 292 593 306
604 292 605 310
635 292 632 315
638 292 635 315
551 295 552 298
559 295 558 297
562 295 562 298
579 295 582 305
582 295 584 305
590 295 592 309
607 295 605 312
562 298 560 304
576 298 579 308
579 298 581 308
582 298 584 308
585 298 587 308
588 298 590 309
593 298 595 312
559 301 558 300
576 301 579 310
579 301 581 311
582 301 584 311
588 301 590 311
585 312 572 313
590 312 578 313
593 312 580 313
596 312 584 313
585 315 572 315
588 315 575 316
602 315 593 315
