528 250 528 272
602 258 610 283
599 261 606 286
602 261 609 287
599 264 605 289
602 264 609 290
573 267 582 290
590 267 595 288
593 267 598 289
573 270 582 294
590 270 595 294
593 270 598 291
602 270 606 292
604 270 609 292
607 270 612 292
593 273 597 294
604 273 609 296
610 273 617 296
613 273 620 295
619 273 623 293
644 273 644 283
610 275 614 300
616 275 621 298
619 275 624 296
604 278 606 298
616 278 620 302
619 278 623 301
627 278 629 301
647 278 647 289
619 281 622 305
621 281 626 305
644 281 644 299
647 281 647 300
593 284 596 300
613 284 611 304
616 284 617 307
619 284 620 307
635 284 632 304
641 284 641 304
644 284 644 304
647 284 647 303
593 287 595 303
613 287 613 309
616 287 617 310
619 287 619 310
635 287 632 309
638 287 636 309
641 287 641 308
647 287 646 308
602 290 602 307
604 290 605 306
616 290 617 313
619 290 619 313
627 290 625 312
630 290 628 312
635 290 632 312
638 290 635 312
641 290 638 312
647 290 646 312
571 292 575 302
590 292 593 306
604 292 605 310
635 292 632 315
638 292 635 315
590 295 592 309
607 295 605 312
576 298 579 308
579 298 581 308
582 298 584 308
593 298 595 312
576 301 579 310
579 301 581 311
582 301 584 311
