424 25 480 72
441 25 496 71
111 42 212 121
354 42 420 97
371 42 436 97
406 42 465 89
424 42 479 87
441 42 497 87
354 59 419 112
371 59 435 112
319 77 389 127
337 77 404 127
354 77 419 126
371 77 434 124
458 77 513 121
476 77 531 122
493 77 544 120
302 94 373 140
319 94 388 141
337 94 404 140
354 94 419 140
371 94 435 139
389 94 451 138
424 94 481 138
510 94 565 135
302 111 371 155
319 111 388 154
458 111 514 151
476 111 531 151
493 111 548 151
510 111 566 149
528 111 582 151
267 129 343 171
285 129 358 170
337 129 401 167
354 129 418 167
371 129 434 167
389 129 450 167
424 129 483 166
441 129 498 166
458 129 514 165
493 129 549 166
510 129 565 165
233 146 311 190
267 146 342 184
285 146 356 182
302 146 373 183
319 146 388 182
337 146 402 182
354 146 418 181
371 146 434 181
389 146 450 181
424 146 482 180
441 146 499 180
458 146 516 179
476 146 532 179
493 146 549 179
267 163 341 201
285 163 355 197
302 163 372 197
319 163 388 196
337 163 404 196
354 163 419 196
371 163 434 196
406 163 466 196
424 163 483 195
441 163 500 195
458 163 516 194
476 163 532 194
493 163 549 193
215 181 295 220
267 181 341 217
285 181 356 215
302 181 371 212
319 181 387 211
337 181 402 210
354 181 419 210
371 181 436 211
389 181 450 210
406 181 467 210
441 181 498 210
458 181 516 210
476 181 532 209
493 181 549 210
580 181 644 216
163 198 250 243
267 198 340 233
285 198 356 232
302 198 371 230
319 198 387 228
337 198 404 226
354 198 419 226
371 198 435 227
389 198 451 226
406 198 467 224
424 198 485 226
458 198 515 226
476 198 533 226
493 198 550 227
545 198 606 232
267 215 338 250
285 215 355 249
302 215 370 245
319 215 386 244
337 215 402 244
354 215 418 244
371 215 435 243
389 215 450 242
406 215 467 242
424 215 485 241
493 215 551 242
528 215 589 249
545 215 606 249
146 233 234 269
181 233 262 268
267 233 338 267
302 233 370 262
319 233 386 261
337 233 403 261
354 233 419 262
371 233 435 262
389 233 451 260
406 233 468 260
424 233 487 260
458 233 517 257
528 233 586 265
545 233 608 266
233 250 305 289
285 250 355 283
302 250 370 281
319 250 386 279
337 250 401 279
354 250 418 280
371 250 433 279
389 250 451 279
406 250 470 279
424 250 488 279
441 250 504 277
476 250 533 272
510 250 573 284
528 250 590 285
545 250 609 284
319 267 386 296
337 267 402 297
354 267 418 297
371 267 434 297
389 267 452 297
406 267 471 298
424 267 486 296
441 267 504 297
458 267 521 295
476 267 538 294
510 267 576 303
528 267 593 303
562 267 629 304
250 285 322 325
267 285 335 324
337 285 401 318
354 285 418 318
371 285 434 318
406 285 470 317
424 285 487 314
441 285 502 314
458 285 520 313
476 285 540 314
493 285 556 315
510 285 574 321
528 285 594 320
580 285 649 322
233 302 302 339
250 302 321 340
267 302 336 339
285 302 349 339
302 302 366 342
319 302 384 340
337 302 401 339
354 302 418 339
371 302 434 338
389 302 450 337
406 302 468 336
424 302 485 334
441 302 506 332
458 302 521 331
476 302 538 330
493 302 556 329
562 302 630 338
597 302 669 341
215 319 283 356
233 319 299 355
371 319 434 357
389 319 451 357
406 319 468 356
424 319 487 355
458 319 521 350
562 319 631 356
580 319 649 356
215 337 280 373
337 337 396 374
354 337 417 377
371 337 434 376
406 337 468 376
510 337 579 382
562 337 632 372
580 337 652 372
597 337 668 373
198 354 268 390
215 354 285 386
319 354 385 394
337 354 402 393
354 354 420 394
406 354 470 395
424 354 487 394
476 354 545 402
493 354 562 398
510 354 578 399
528 354 597 402
562 354 633 390
580 354 653 391
597 354 671 392
215 371 284 404
233 371 300 402
319 371 385 410
337 371 405 409
371 371 437 410
389 371 452 412
424 371 489 412
458 371 525 416
476 371 544 420
493 371 559 422
510 371 582 417
528 371 598 418
562 371 635 408
181 389 253 426
198 389 270 423
233 389 300 421
285 389 354 421
302 389 369 422
319 389 386 423
337 389 401 426
354 389 418 428
371 389 435 427
424 389 489 428
458 389 525 436
476 389 543 439
493 389 560 440
510 389 580 439
562 389 636 425
302 406 367 437
319 406 384 437
337 406 400 443
371 406 431 446
389 406 448 444
493 406 564 457
510 406 581 456
528 406 602 458
545 406 626 450
302 424 366 455
319 424 387 459
337 424 404 459
354 424 419 459
597 424 670 462
