424 25 486 159
406 42 474 173
424 42 486 171
354 94 444 217
319 111 420 227
371 111 456 225
406 111 480 224
441 111 508 222
476 111 532 220
493 111 551 220
510 111 565 220
528 111 580 221
354 129 441 234
267 146 384 249
302 163 407 254
337 163 429 250
354 163 443 250
371 163 456 249
406 163 480 248
458 163 519 245
476 163 533 245
233 181 360 289
285 181 394 272
302 181 405 266
337 181 430 260
354 181 442 260
371 181 458 259
406 181 480 256
424 181 493 256
458 181 519 255
476 181 535 254
493 181 550 257
285 198 394 286
302 198 404 280
215 215 342 322
285 215 395 301
337 215 430 288
354 215 443 287
371 215 456 283
406 215 481 279
424 215 495 276
458 215 520 274
476 215 535 276
493 215 551 279
528 215 592 296
562 215 625 293
181 233 320 331
285 233 394 318
319 233 418 305
337 233 431 305
354 233 446 304
371 233 459 303
406 233 483 295
424 233 496 293
528 233 593 310
545 233 612 309
319 250 417 320
337 250 430 321
354 250 446 321
371 250 463 321
406 250 485 314
424 250 500 312
458 250 523 297
528 250 604 327
267 267 380 383
319 267 418 337
337 267 433 338
354 267 448 339
371 267 465 340
406 267 489 332
424 267 502 330
250 285 364 396
267 285 379 397
337 285 435 374
354 285 451 372
371 285 467 369
406 285 488 352
424 285 504 346
441 285 519 345
493 285 558 330
233 302 348 408
250 302 363 412
267 302 377 414
285 302 395 412
319 302 422 407
337 302 436 392
354 302 453 393
371 302 466 390
389 302 483 387
424 302 507 369
458 302 536 353
267 319 379 430
302 319 406 427
337 319 437 422
371 319 469 409
389 319 484 409
302 337 403 444
354 337 455 442
389 337 486 431
198 354 315 454
337 354 441 459
354 354 454 458
389 354 490 460
406 354 508 459
