408 225 409 249
411 225 412 249
416 225 414 243
468 225 466 232
381 228 380 245
408 228 409 252
411 228 413 251
441 228 438 241
474 228 470 235
389 230 385 264
392 230 404 244
411 230 413 255
414 230 416 254
444 230 426 245
460 230 459 239
466 230 461 238
474 230 471 237
394 233 387 264
400 233 399 261
403 233 404 262
408 233 410 259
411 233 414 258
425 233 429 248
427 233 432 247
446 233 458 242
449 233 433 250
474 233 473 239
392 236 385 267
446 236 459 245
471 236 470 241
474 236 473 242
471 239 471 245
474 239 474 244
477 239 476 244
405 241 409 270
463 241 469 247
466 241 471 247
411 244 423 269
457 244 464 250
463 244 469 250
466 244 471 250
441 247 462 256
471 247 474 250
477 247 476 249
463 250 469 254
466 250 471 253
468 250 474 253
378 252 378 255
427 252 425 260
430 252 428 260
457 252 437 264
427 255 426 262
430 255 428 262
471 255 475 256
474 255 477 256
411 258 417 269
430 258 434 266
471 258 479 270
430 261 434 268
468 261 476 273
471 261 479 273
427 263 432 270
430 263 434 270
471 263 479 275
474 263 481 270
394 266 392 292
411 266 420 276
416 266 426 274
411 269 420 278
414 269 422 277
416 269 426 277
419 269 429 277
427 269 437 258
446 269 457 265
411 272 421 280
416 272 426 280
449 272 461 271
378 274 378 291
403 274 483 285
433 274 450 275
444 274 458 274
449 274 461 273
466 274 469 265
378 277 378 294
389 277 409 282
403 277 483 287
433 277 447 278
436 277 452 276
441 277 456 275
449 277 461 276
468 277 450 278
471 277 455 278
436 280 450 281
468 280 477 291
471 280 480 290
381 282 382 298
386 282 390 301
422 282 432 280
425 282 435 279
446 282 460 280
449 282 462 281
468 282 477 293
471 282 480 293
474 282 456 281
378 285 378 287
444 285 459 284
449 285 463 283
468 285 478 296
471 285 456 286
477 285 487 295
386 288 487 278
444 288 459 287
449 288 463 286
474 288 459 288
441 291 430 289
471 291 456 292
477 291 487 301
479 291 463 291
488 291 402 303
389 293 410 288
479 293 463 294
482 293 466 294
490 293 491 280
425 296 422 292
427 296 475 300
430 296 428 294
471 296 478 305
408 299 435 306
425 299 422 295
378 302 378 301
381 302 382 301
383 302 405 291
386 302 408 294
430 302 429 302
485 302 475 305
383 304 406 296
386 304 409 296
433 304 428 301
436 304 431 301
386 307 409 298
386 310 391 306
389 310 394 306
392 310 397 306
425 310 420 305
436 310 432 309
438 310 432 306
444 310 452 298
452 310 456 318
455 310 459 319
488 310 438 317
389 313 394 309
425 313 420 308
446 313 455 301
471 313 471 323
474 313 474 323
378 315 377 316
381 315 381 315
383 315 383 316
386 315 386 315
430 315 424 310
433 315 426 310
452 315 458 304
471 315 472 326
474 315 474 326
477 315 477 324
386 318 386 318
392 318 392 318
430 318 424 313
433 318 426 313
438 318 430 312
468 318 469 327
477 318 477 326
378 321 378 321
386 321 389 321
430 321 424 315
433 321 427 315
436 321 430 315
474 321 472 330
378 324 378 323
381 324 383 324
383 324 387 324
386 324 389 324
430 324 425 318
433 324 428 318
471 324 469 329
378 326 378 328
381 326 383 327
389 326 392 327
392 326 396 327
394 326 399 327
405 326 425 325
446 326 459 324
378 329 379 331
381 329 381 330
386 329 387 330
389 329 390 330
394 329 399 329
397 329 401 329
444 329 457 326
389 332 390 333
392 332 396 330
397 332 400 333
405 332 423 331
444 332 457 330
488 332 489 330
378 335 378 335
386 335 387 334
389 335 408 335
392 335 393 335
394 335 396 335
446 335 461 333
488 335 490 334
490 335 492 334
381 337 381 337
485 337 484 337
490 337 492 337
