416 225 417 249
438 225 440 243
441 225 443 242
452 225 454 239
466 225 459 238
389 228 386 263
394 228 404 273
408 228 411 254
422 228 423 250
452 228 455 242
466 228 460 240
474 228 474 237
394 230 388 263
397 230 392 263
405 230 408 258
408 230 411 257
411 230 414 257
419 230 418 254
422 230 420 253
425 230 423 253
446 230 431 249
466 230 464 240
471 230 473 240
474 230 475 240
392 233 386 267
394 233 388 266
408 233 412 261
419 233 418 257
441 233 455 247
449 233 438 249
455 233 441 249
457 233 444 249
474 233 476 242
386 236 383 273
392 236 386 269
394 236 392 269
405 236 409 265
408 236 412 264
422 236 427 262
446 236 436 252
449 236 438 252
455 236 441 251
468 236 471 246
392 239 387 273
408 239 413 267
411 239 419 266
383 241 382 282
394 241 390 275
468 241 474 248
471 241 476 248
411 244 424 268
435 244 454 257
468 244 474 251
471 244 476 250
416 247 432 271
460 247 453 259
474 247 480 260
400 250 394 284
414 250 429 274
457 250 451 263
414 252 429 276
416 252 432 276
471 252 476 266
392 255 392 293
416 255 432 279
430 255 446 269
433 255 449 269
466 255 470 270
468 255 473 270
471 255 476 269
422 261 442 285
444 261 464 270
455 261 451 265
466 261 476 272
468 261 479 272
389 263 388 290
397 263 395 295
414 263 439 317
419 263 439 287
460 263 455 268
463 263 473 275
466 263 477 275
468 263 479 275
466 266 477 277
468 266 479 277
471 266 482 277
449 272 471 278
477 274 491 275
435 277 460 283
438 277 462 283
449 277 471 284
468 277 459 284
471 277 463 285
474 277 466 285
471 280 463 288
474 280 466 288
422 282 452 301
471 282 462 291
474 282 466 291
477 282 469 291
479 282 472 291
471 285 463 294
474 285 464 296
471 288 462 303
386 293 406 280
389 293 408 279
414 293 413 290
416 293 415 291
471 293 426 301
411 296 420 275
427 296 422 298
433 296 428 301
386 299 406 282
389 299 408 282
427 299 420 298
430 299 424 301
427 302 420 302
430 302 423 304
441 302 448 290
444 302 451 290
386 304 408 296
441 304 446 323
441 307 446 326
485 307 478 322
386 310 390 307
389 310 396 307
468 310 468 302
488 310 479 331
490 310 482 331
378 313 378 313
468 313 468 305
488 313 480 334
378 315 378 316
383 315 384 315
435 315 421 311
378 318 378 318
381 318 380 318
383 318 383 318
392 318 394 317
433 318 421 313
435 318 423 313
438 318 477 307
378 321 378 321
381 321 381 321
383 321 384 321
427 321 468 311
430 321 470 311
433 321 421 317
441 321 427 318
455 321 463 321
378 324 378 324
381 324 381 324
394 324 404 325
425 324 466 314
430 324 418 320
433 324 421 320
435 324 424 319
378 326 378 327
381 326 381 327
433 326 421 322
438 326 425 322
441 326 428 322
378 329 378 330
397 329 408 330
435 329 423 325
378 332 378 333
397 332 408 332
403 332 415 332
405 332 418 332
408 332 421 332
444 332 423 331
455 332 464 332
477 332 447 332
381 335 388 335
394 335 403 335
408 335 421 334
446 335 426 334
452 335 433 335
457 337 465 337
460 337 468 337
488 337 471 337
490 337 474 337
