684 163 684 164
666 181 666 181
684 181 683 181
666 198 666 199
684 198 683 199
701 198 702 199
718 198 720 199
736 198 737 199
753 198 751 199
770 198 768 199
788 198 785 199
805 198 806 199
649 215 649 216
666 215 666 216
684 215 684 216
701 215 701 216
718 215 719 216
736 215 736 216
753 215 753 216
770 215 769 216
788 215 787 217
805 215 804 217
649 233 649 233
666 233 666 233
684 233 684 233
701 233 701 233
788 233 788 234
805 233 806 233
649 250 649 251
666 250 666 251
684 250 683 250
701 250 701 251
718 250 719 251
788 250 789 253
805 250 804 252
614 267 613 268
632 267 632 268
649 267 649 268
666 267 666 268
701 267 700 268
718 267 718 268
753 267 752 268
770 267 768 269
788 267 790 268
805 267 809 269
562 285 563 286
580 285 582 285
597 285 598 285
614 285 614 285
632 285 632 285
649 285 649 285
666 285 666 286
684 285 683 285
701 285 701 285
736 285 736 285
770 285 770 285
788 285 790 286
805 285 806 286
528 302 528 302
545 302 545 303
562 302 562 303
580 302 579 302
597 302 596 302
614 302 614 303
632 302 632 303
649 302 649 303
666 302 665 303
684 302 684 302
701 302 701 303
736 302 734 303
753 302 753 303
770 302 770 303
788 302 787 303
528 319 527 320
545 319 545 320
562 319 562 320
580 319 579 319
597 319 597 319
614 319 614 320
632 319 632 321
649 319 648 320
666 319 666 320
684 319 683 320
701 319 701 320
718 319 718 320
736 319 735 320
753 319 752 320
770 319 770 320
788 319 787 321
805 319 805 320
510 337 510 337
528 337 527 337
545 337 546 338
562 337 562 338
580 337 580 337
597 337 596 337
614 337 615 338
632 337 631 337
649 337 649 337
666 337 666 337
684 337 684 338
701 337 701 338
718 337 718 338
736 337 735 337
753 337 753 338
770 337 770 338
788 337 787 338
805 337 805 338
476 354 475 354
493 354 493 354
528 354 528 355
545 354 545 354
562 354 562 355
580 354 580 355
597 354 597 355
614 354 614 355
632 354 631 355
649 354 649 354
666 354 666 354
684 354 684 354
701 354 701 355
718 354 718 355
736 354 735 355
753 354 753 355
770 354 770 355
788 354 787 355
458 371 458 372
476 371 476 372
493 371 493 372
510 371 510 372
528 371 527 372
545 371 545 372
562 371 562 372
580 371 580 372
597 371 598 373
614 371 614 373
632 371 633 373
649 371 649 372
666 371 666 372
684 371 683 371
701 371 701 372
718 371 719 373
736 371 735 372
753 371 753 372
770 371 770 372
805 371 803 372
493 389 493 389
510 389 511 389
528 389 527 388
562 389 562 389
580 389 579 389
597 389 596 389
614 389 615 390
632 389 631 389
649 389 649 390
666 389 666 390
684 389 683 389
701 389 701 390
718 389 718 389
736 389 735 389
753 389 753 390
770 389 770 389
788 389 787 389
805 389 805 389
94 406 93 407
111 406 111 406
129 406 129 406
146 406 145 407
510 406 510 406
528 406 527 405
545 406 545 407
580 406 580 407
597 406 596 407
614 406 613 407
632 406 632 407
649 406 648 407
666 406 665 406
684 406 683 407
701 406 701 405
718 406 718 406
736 406 735 406
753 406 753 406
770 406 770 407
788 406 787 407
805 406 804 407
77 424 77 424
94 424 93 425
111 424 111 424
129 424 127 425
510 424 510 424
528 424 528 424
545 424 545 424
562 424 562 424
580 424 579 425
597 424 597 425
632 424 631 424
649 424 649 424
666 424 666 425
684 424 683 424
701 424 700 422
718 424 718 423
736 424 735 424
753 424 753 424
770 424 770 424
788 424 787 424
805 424 803 424
42 441 41 441
59 441 61 440
77 441 76 441
94 441 94 441
111 441 111 440
510 441 510 441
528 441 527 441
562 441 563 441
580 441 579 442
597 441 597 441
614 441 614 441
632 441 631 441
649 441 648 441
666 441 666 441
684 441 683 441
701 441 699 440
718 441 718 441
736 441 735 441
770 441 770 441
788 441 787 441
805 441 803 442
42 458 42 458
59 458 59 458
77 458 77 458
94 458 93 459
111 458 111 458
129 458 130 458
146 458 146 458
163 458 163 459
493 458 492 459
510 458 509 460
528 458 528 460
545 458 545 459
562 458 562 458
580 458 579 458
597 458 597 459
614 458 614 459
632 458 631 458
649 458 649 459
666 458 666 459
684 458 683 458
701 458 699 458
718 458 717 458
736 458 736 458
753 458 753 459
770 458 769 460
788 458 787 460
805 458 806 459
42 476 42 476
59 476 60 476
77 476 77 475
94 476 94 477
111 476 111 476
129 476 129 476
146 476 145 476
163 476 162 476
476 476 475 476
493 476 494 476
510 476 510 477
528 476 525 476
545 476 544 476
562 476 562 475
580 476 579 475
597 476 597 476
614 476 614 476
632 476 631 476
649 476 649 476
666 476 666 476
684 476 683 476
701 476 699 477
718 476 718 476
753 476 754 476
770 476 770 476
788 476 787 476
805 476 804 476
