477 240 497 276
477 243 494 277
484 256 491 331
487 256 491 334
490 256 492 337
490 258 488 337
482 261 487 289
484 263 481 295
487 263 477 307
474 266 473 277
479 266 479 288
490 266 474 310
482 269 475 291
484 269 459 323
469 271 473 295
479 271 456 318
482 271 456 322
459 274 486 261
484 274 470 327
471 279 467 297
474 279 448 281
484 279 436 324
466 282 447 323
482 282 434 321
482 284 432 321
456 287 441 287
456 289 439 287
456 300 457 312
440 302 439 290
471 302 428 320
487 302 433 306
440 305 436 291
443 305 435 293
438 307 432 289
464 307 483 334
438 310 429 290
440 310 429 292
448 312 451 279
500 323 426 293
510 325 420 307
474 328 414 305
