468 273 464 260
466 276 459 263
492 276 494 277
494 276 496 278
486 282 478 285
489 282 481 285
492 282 484 285
486 285 478 287
489 285 481 288
492 285 484 288
494 285 490 287
431 288 429 291
489 288 481 291
492 288 484 291
425 291 419 298
425 293 471 304
422 296 417 303
483 305 423 300
422 311 421 314
489 311 425 316
492 311 429 317
494 311 432 317
503 314 451 313
515 314 476 318
425 317 429 332
515 317 475 321
515 319 475 324
477 322 438 309
483 322 441 309
480 325 439 313
512 325 494 321
500 337 497 330
492 348 479 347
492 351 480 349
