1 0 0 -0.04922165349125862 
0 1 0 -0.0675094872713089 
0 0 1 -0.5077975988388062 
0 0 0 1 

0.9975510239601135 -0.04374460130929947 -0.0545751266181469 -0.06057635322213173 
0.04644853621721268 0.9977033138275146 0.0493021123111248 -0.09443704783916473 
0.05229310318827629 -0.05171628668904305 0.9972918033599854 -0.5102437734603882 
0 0 0 1 

0.99761563539505 -0.03985754773020744 -0.0563427209854126 -0.05995837599039078 
0.04253121837973595 0.997985303401947 0.04707923904061317 -0.09399083256721497 
0.05435275658965111 -0.04936329647898674 0.997300922870636 -0.5116263628005981 
0 0 0 1 

0.996640682220459 -0.06538059562444687 -0.04932252690196037 -0.05111101642251015 
0.06870254129171371 0.995250403881073 0.06896860152482986 -0.1076545566320419 
0.04457908123731613 -0.07212548702955246 0.9963988661766052 -0.5072011947631836 
0 0 0 1 

0.9983663558959961 0.03375568985939026 -0.04609875753521919 -0.06037662550806999 
-0.03253914415836334 0.9991086721420288 0.02688982523977757 -0.08811929076910019 
0.04696537181735039 -0.02534584514796734 0.9985748529434204 -0.5145272016525269 
0 0 0 1 

0.9786058664321899 -0.1920462250709534 -0.07381563633680344 -0.03866098076105118 
0.1966854333877563 0.9785219430923462 0.06172260269522667 -0.1181261241436005 
0.0603766180574894 -0.07492056488990784 0.9953600168228149 -0.5180010795593262 
0 0 0 1 

0.9721950888633728 -0.2198161482810974 -0.08073057234287262 -0.03432567790150642 
0.2264000177383423 0.9703875184059143 0.08420731872320175 -0.1312374323606491 
0.05982975289225578 -0.1001433953642845 0.9931725263595581 -0.5145615339279175 
0 0 0 1 

0.9551267027854919 -0.2886423170566559 -0.066470667719841 -0.03328803181648254 
0.2926248013973236 0.9542880058288574 0.0608668178319931 -0.1203528419137001 
0.04586335644125938 -0.07758654654026031 0.9959301352500916 -0.5205808877944946 
0 0 0 1 

0.9573679566383362 -0.2819537222385406 -0.06283736228942871 -0.03362347558140755 
0.2858786880970001 0.9559919834136963 0.06597331166267395 -0.1241926476359367 
0.04147055000066757 -0.08112463355064392 0.995840847492218 -0.5214315056800842 
0 0 0 1 

0.9962350726127625 0.05633305013179779 -0.06590064615011215 -0.110811322927475 
-0.05415212363004684 0.9979392886161804 0.03442713990807533 -0.1163770332932472 
0.06770423054695129 -0.03072893619537354 0.9972325563430786 -0.5555521249771118 
0 0 0 1 

