493 59 493 59
25 77 24 73
59 77 59 73
163 77 163 74
181 77 181 75
441 77 441 75
493 77 493 77
510 77 511 77
528 77 529 76
545 77 547 77
562 77 563 77
42 94 41 91
111 94 112 91
163 94 163 92
181 94 181 92
441 94 442 92
458 94 459 93
476 94 477 94
493 94 494 95
528 94 529 94
562 94 561 93
580 94 578 93
597 94 596 93
42 111 41 108
59 111 58 108
77 111 78 109
111 111 112 108
146 111 146 108
163 111 164 109
181 111 181 109
198 111 198 109
424 111 424 110
441 111 442 110
458 111 459 112
493 111 493 112
510 111 510 111
545 111 546 110
562 111 564 110
580 111 579 111
597 111 598 112
614 111 614 111
632 111 632 112
42 129 41 126
77 129 77 126
111 129 112 126
146 129 146 127
163 129 166 127
181 129 182 127
198 129 199 127
215 129 215 127
233 129 233 127
250 129 250 127
424 129 424 128
441 129 441 128
458 129 459 129
476 129 476 129
528 129 528 128
545 129 545 128
580 129 579 128
597 129 598 129
632 129 633 130
424 146 425 146
441 146 441 146
458 146 459 146
476 146 476 146
493 146 493 146
510 146 512 146
528 146 530 145
562 146 563 145
580 146 580 145
597 146 598 145
632 146 632 147
389 163 390 163
406 163 406 163
424 163 424 163
476 163 476 164
493 163 493 164
545 163 546 163
562 163 562 162
580 163 580 161
597 163 597 163
614 163 617 165
632 163 632 164
354 181 354 181
371 181 372 181
389 181 389 181
406 181 407 181
424 181 424 181
441 181 441 181
476 181 477 181
510 181 510 181
528 181 527 180
545 181 544 178
562 181 560 180
580 181 577 179
597 181 595 180
614 181 615 182
632 181 632 181
302 198 302 198
319 198 320 198
337 198 337 198
354 198 354 198
371 198 372 198
389 198 389 198
406 198 406 198
424 198 424 198
441 198 441 198
476 198 476 199
493 198 494 199
510 198 510 198
528 198 527 198
545 198 545 198
562 198 561 198
580 198 579 196
614 198 612 199
632 198 632 198
285 215 285 215
302 215 302 216
319 215 319 215
337 215 336 216
354 215 354 216
371 215 372 216
389 215 389 215
406 215 406 215
424 215 423 216
441 215 442 216
458 215 458 216
476 215 476 216
493 215 493 216
510 215 510 216
528 215 527 216
545 215 545 216
580 215 578 216
597 215 597 215
614 215 614 216
632 215 632 215
285 233 285 233
302 233 302 233
319 233 319 233
337 233 337 233
354 233 354 233
371 233 371 233
389 233 389 233
406 233 406 233
424 233 424 233
441 233 441 233
458 233 458 233
476 233 476 233
493 233 493 233
510 233 510 233
528 233 528 233
562 233 562 233
580 233 579 232
597 233 596 233
614 233 614 233
267 250 267 249
285 250 284 250
302 250 302 250
319 250 319 250
337 250 337 250
354 250 353 251
371 250 371 251
389 250 389 251
406 250 406 250
424 250 424 251
441 250 441 251
458 250 458 251
476 250 476 251
493 250 493 251
510 250 510 251
528 250 528 252
580 250 579 249
597 250 597 250
614 250 615 252
233 267 231 267
250 267 252 266
267 267 266 267
285 267 285 267
319 267 319 268
337 267 337 269
354 267 354 269
371 267 371 268
389 267 388 268
406 267 406 268
424 267 424 268
441 267 441 269
458 267 458 269
476 267 476 268
493 267 493 268
510 267 510 268
528 267 527 268
545 267 545 268
562 267 561 267
580 267 581 268
597 267 597 269
614 267 614 268
198 285 198 283
215 285 216 283
233 285 233 285
250 285 251 284
267 285 268 283
285 285 285 284
319 285 319 285
337 285 336 285
354 285 354 286
371 285 371 285
389 285 388 285
406 285 407 287
424 285 424 286
441 285 441 286
458 285 458 285
476 285 475 286
493 285 493 287
510 285 510 286
528 285 527 286
580 285 580 285
597 285 597 286
215 302 215 301
250 302 250 302
267 302 267 302
302 302 302 300
319 302 319 302
337 302 337 303
354 302 354 303
371 302 372 303
389 302 390 304
406 302 407 304
424 302 424 303
441 302 441 303
458 302 458 303
476 302 475 303
493 302 493 303
510 302 510 303
528 302 527 303
545 302 545 303
562 302 562 302
580 302 579 303
597 302 597 302
267 319 266 319
285 319 284 319
319 319 319 319
337 319 337 320
354 319 354 320
371 319 372 320
389 319 389 320
406 319 405 320
424 319 423 320
441 319 440 320
458 319 458 320
476 319 476 320
493 319 492 320
510 319 510 321
528 319 527 320
545 319 544 321
562 319 562 321
580 319 579 320
267 337 267 335
285 337 284 335
302 337 302 336
319 337 319 337
337 337 337 336
354 337 354 337
371 337 372 337
389 337 390 338
406 337 406 337
424 337 424 338
441 337 440 338
458 337 458 338
476 337 476 338
493 337 493 338
528 337 527 337
545 337 544 337
562 337 562 337
580 337 579 337
267 354 267 353
285 354 287 353
302 354 302 354
319 354 319 354
337 354 336 354
354 354 354 354
371 354 371 354
389 354 389 354
424 354 424 355
441 354 441 354
458 354 458 355
476 354 475 356
493 354 492 356
510 354 510 355
528 354 526 355
545 354 543 355
562 354 561 355
233 371 233 369
250 371 249 371
267 371 265 372
285 371 286 373
302 371 302 373
319 371 319 372
337 371 336 370
354 371 354 371
371 371 371 372
389 371 389 371
406 371 405 372
424 371 423 372
441 371 440 372
458 371 458 372
476 371 475 373
493 371 493 375
510 371 510 373
545 371 544 372
562 371 562 372
580 371 579 372
597 371 597 372
215 389 215 387
233 389 232 388
250 389 248 389
267 389 270 390
285 389 286 390
302 389 305 391
319 389 320 389
354 389 354 388
371 389 371 389
389 389 388 389
406 389 406 389
424 389 423 389
441 389 441 389
458 389 458 389
476 389 475 390
493 389 492 391
510 389 509 390
545 389 544 389
580 389 580 388
597 389 597 389
614 389 613 390
198 406 198 404
215 406 216 405
233 406 234 407
250 406 252 408
267 406 267 407
285 406 284 403
302 406 303 404
319 406 317 402
337 406 335 404
354 406 353 406
371 406 371 405
389 406 389 406
406 406 406 406
424 406 423 406
441 406 441 406
458 406 457 407
476 406 474 406
493 406 492 407
510 406 509 407
580 406 578 407
597 406 596 407
614 406 613 408
198 424 198 421
215 424 217 423
250 424 252 426
267 424 269 427
285 424 286 426
302 424 301 420
319 424 318 422
337 424 337 424
354 424 353 423
389 424 388 423
406 424 406 423
424 424 423 424
441 424 440 424
458 424 457 424
510 424 509 423
528 424 527 423
580 424 579 425
597 424 596 425
614 424 613 425
198 441 198 440
215 441 213 440
233 441 230 442
250 441 252 440
267 441 268 443
285 441 287 445
319 441 322 443
337 441 334 443
354 441 355 444
371 441 368 438
389 441 387 439
406 441 406 441
424 441 423 441
441 441 440 440
458 441 457 441
476 441 477 441
493 441 493 440
510 441 510 442
528 441 527 441
545 441 543 441
562 441 561 440
580 441 579 442
597 441 596 443
614 441 613 442
632 441 630 440
198 458 198 458
215 458 211 455
233 458 228 457
267 458 270 457
337 458 333 460
354 458 352 458
371 458 370 458
389 458 391 457
406 458 406 457
441 458 438 459
458 458 455 461
476 458 476 461
493 458 492 460
510 458 508 459
528 458 526 459
545 458 543 459
562 458 562 457
580 458 578 459
597 458 596 459
614 458 613 459
632 458 630 458
198 476 198 475
215 476 214 476
233 476 229 476
250 476 247 476
267 476 269 477
285 476 284 477
302 476 299 477
319 476 316 477
337 476 334 476
354 476 352 475
371 476 371 475
389 476 386 475
406 476 404 476
424 476 424 475
441 476 440 476
458 476 456 477
476 476 474 476
493 476 493 476
528 476 525 476
545 476 543 476
562 476 561 476
580 476 577 476
597 476 594 476
614 476 612 476
632 476 630 475
