556 250 542 261
582 250 569 260
585 250 572 259
556 253 542 264
559 253 548 263
562 253 548 266
554 256 540 267
556 256 542 266
554 258 539 270
556 258 542 270
568 258 559 271
551 261 536 272
554 261 539 273
556 261 542 273
565 261 556 274
568 261 559 274
548 264 534 275
554 264 538 276
568 264 559 276
573 264 552 271
551 267 535 279
554 267 538 279
556 267 541 278
559 267 544 278
562 267 548 268
554 270 538 281
556 270 541 281
559 270 544 282
554 273 538 285
556 273 541 284
559 273 543 284
633 273 632 277
559 275 544 287
562 275 548 287
556 278 541 289
579 278 563 282
582 278 566 281
559 281 544 291
576 281 561 285
579 281 563 285
610 281 607 293
556 284 542 294
559 284 544 294
573 284 557 289
616 284 613 296
565 287 551 295
571 287 557 292
616 287 614 299
619 287 617 299
565 290 551 298
568 290 555 296
571 290 558 296
619 290 617 302
644 290 637 290
647 290 640 290
562 292 549 299
568 292 555 299
599 292 598 301
644 292 637 293
647 292 640 293
562 295 549 302
565 295 552 302
568 295 555 302
576 295 564 300
630 295 620 299
565 298 552 305
585 298 580 302
602 298 596 303
604 298 599 303
568 301 558 307
579 301 570 306
585 301 578 305
588 301 581 305
604 301 599 306
635 301 629 300
638 301 632 299
641 301 635 299
568 304 558 310
576 304 568 309
585 304 577 309
588 304 580 309
590 304 584 308
635 304 629 302
638 304 633 303
641 304 636 302
644 304 639 300
571 306 562 311
573 306 565 311
582 306 575 309
590 306 584 312
593 306 587 311
599 306 597 309
638 306 633 305
641 306 636 305
573 309 566 313
576 309 568 312
610 309 600 311
599 312 591 313
635 312 634 312
590 315 576 315
599 315 591 315
647 315 646 315
