596 270 597 287
590 275 591 289
602 275 602 292
602 278 602 295
585 281 583 295
596 281 594 296
604 281 603 297
633 281 628 296
596 284 594 299
599 284 598 300
602 284 601 301
630 284 626 299
633 284 629 299
579 287 574 296
596 287 592 301
602 287 601 304
604 287 603 303
647 287 646 308
562 290 556 296
573 290 568 299
576 290 571 299
582 290 577 298
585 290 581 298
596 290 592 304
599 290 595 304
633 290 623 300
638 290 635 309
641 290 639 309
562 292 557 300
571 292 565 302
579 292 573 299
585 292 579 301
588 292 583 301
596 292 592 307
599 292 595 307
610 292 606 307
641 292 638 312
542 295 540 300
562 295 556 302
565 295 560 302
568 295 562 302
579 295 574 302
582 295 577 301
585 295 578 304
588 295 580 304
593 295 588 306
610 295 609 313
613 295 612 313
619 295 611 310
562 298 557 305
565 298 560 305
568 298 562 305
576 298 569 305
579 298 572 305
585 298 578 308
588 298 580 308
590 298 585 307
602 298 595 310
610 298 600 310
562 301 557 308
565 301 559 308
585 301 578 311
588 301 581 310
590 301 586 310
599 301 593 312
602 301 595 312
604 301 597 312
607 301 601 313
571 304 563 310
573 304 566 310
576 304 569 310
579 304 572 310
588 304 580 313
590 304 583 313
554 306 551 314
573 306 566 313
576 306 569 313
579 306 572 314
585 306 577 314
