548 199 580 214
545 208 579 223
542 211 576 226
545 211 579 226
596 211 598 216
542 216 574 232
554 216 586 242
604 216 616 250
554 219 585 246
537 222 570 246
551 222 582 248
556 227 583 242
542 230 572 256
531 233 567 240
602 236 618 262
604 236 624 265
537 239 566 253
542 239 569 253
571 239 591 259
542 242 569 255
573 242 588 265
579 242 599 265
573 244 591 268
576 244 594 268
579 244 598 269
573 247 591 271
576 247 594 272
582 247 598 272
568 250 586 273
571 250 588 273
588 250 601 263
610 250 614 265
613 250 617 266
599 253 608 267
602 253 611 267
604 253 614 268
613 253 617 268
619 253 623 271
624 253 627 269
627 253 629 270
602 256 610 270
604 256 614 271
624 256 629 276
630 256 632 273
528 258 539 268
621 258 626 278
630 258 631 279
633 258 635 279
635 258 638 279
604 261 610 272
607 261 613 273
630 261 631 282
635 261 637 283
604 264 609 277
613 264 616 280
638 264 640 286
542 267 566 280
545 267 570 281
548 267 572 281
596 267 593 286
635 267 633 286
537 270 562 280
630 270 630 289
635 270 632 288
638 270 635 289
559 273 581 282
571 273 584 284
599 273 597 293
610 273 615 292
630 273 626 291
638 273 638 296
548 275 571 288
556 275 578 284
571 275 584 286
582 275 591 287
596 275 595 296
633 275 632 298
638 275 641 295
568 278 575 288
571 278 581 286
576 278 586 289
582 278 590 290
585 278 593 290
613 278 611 295
635 278 638 298
537 281 560 295
568 281 576 290
573 281 583 291
582 281 590 293
585 281 593 293
602 281 606 307
627 281 628 300
633 281 634 301
635 281 638 301
638 281 640 302
647 281 647 299
537 284 560 298
559 284 571 290
568 284 576 294
571 284 579 294
582 284 589 295
585 284 592 296
593 284 599 297
621 284 622 302
644 284 644 301
647 284 647 301
534 287 544 283
559 287 570 293
565 287 574 294
585 287 591 298
590 287 595 299
593 287 598 300
596 287 600 301
621 287 622 305
635 287 631 304
638 287 634 304
551 290 561 293
562 290 570 297
565 290 573 297
571 290 577 297
573 290 580 297
576 290 582 298
579 290 585 298
585 290 589 298
593 290 597 302
630 290 624 306
647 290 647 306
559 292 567 299
562 292 570 299
571 292 576 300
573 292 579 300
576 292 582 301
582 292 586 301
585 292 589 301
588 292 592 302
590 292 594 303
556 295 556 291
568 295 573 300
571 295 575 303
573 295 577 303
579 295 582 304
582 295 585 305
585 295 588 305
588 295 591 304
590 295 594 305
593 295 596 306
627 295 622 309
630 295 625 310
644 295 642 311
647 295 646 311
548 298 551 294
554 298 554 293
565 298 570 303
568 298 572 304
573 298 576 306
576 298 579 306
621 298 612 307
627 298 615 308
630 298 625 312
633 298 627 313
554 301 552 297
559 301 558 295
565 301 569 306
568 301 572 306
573 301 575 309
579 301 581 308
582 301 584 308
585 301 587 308
588 301 590 309
596 301 599 309
630 301 624 315
565 304 568 308
568 304 571 309
576 304 578 310
579 304 581 309
582 304 583 311
585 304 586 311
556 306 556 306
559 306 559 307
565 306 562 305
573 306 575 313
576 306 577 313
579 306 580 313
582 306 583 313
585 306 586 314
565 309 562 308
568 309 565 308
576 309 577 315
604 309 605 313
613 309 608 313
616 309 611 313
624 309 602 313
647 309 646 309
559 312 559 311
562 312 561 312
568 312 565 312
571 312 568 312
573 315 571 315
641 315 642 315
647 315 646 315
