635 261 641 276
638 261 635 268
624 264 630 280
627 264 633 280
630 264 635 280
633 264 638 280
610 267 615 284
624 267 630 283
630 267 633 283
635 267 639 282
641 267 640 273
607 270 612 287
610 270 615 286
630 270 633 285
633 270 636 285
635 270 638 285
604 273 606 289
610 273 614 288
627 273 630 288
630 273 633 288
633 273 636 288
647 273 646 281
607 275 610 289
610 275 613 289
641 275 641 288
644 275 644 288
610 278 613 292
613 278 615 292
644 278 643 290
647 278 646 290
610 281 613 294
613 281 616 294
647 281 647 297
607 284 610 297
610 284 613 298
616 284 619 297
624 284 625 297
638 284 636 297
596 287 598 299
607 287 610 301
621 287 624 300
635 287 633 300
638 287 636 300
641 287 638 300
562 290 562 297
596 290 598 301
599 290 600 301
607 290 610 304
610 290 613 304
638 290 636 303
644 290 642 303
573 292 572 300
582 292 581 299
596 292 597 304
607 292 610 307
638 292 635 306
641 292 639 306
644 292 643 306
548 295 546 298
565 295 563 303
573 295 572 302
576 295 574 302
579 295 577 302
588 295 587 301
568 298 566 306
571 298 569 306
576 298 575 305
579 298 577 305
582 298 580 303
585 298 584 303
590 298 589 306
624 298 620 309
627 298 624 310
630 298 628 309
644 298 640 311
647 298 643 311
554 301 555 307
573 301 572 306
582 301 580 306
585 301 583 305
588 301 586 305
590 301 589 307
624 301 620 312
627 301 624 313
630 301 627 313
644 301 640 314
571 304 569 308
573 304 572 309
582 304 578 309
588 304 586 308
568 306 566 311
579 306 576 311
582 306 578 311
585 306 582 311
588 306 584 311
562 309 561 312
565 309 564 312
582 309 578 313
579 312 575 314
