424 25 491 89
441 25 504 87
371 42 450 132
406 42 475 106
424 42 492 103
441 42 505 102
597 42 640 172
614 42 650 186
354 59 436 143
371 59 450 141
406 59 474 124
424 59 490 125
441 59 507 121
458 59 524 139
476 59 539 139
285 77 386 151
302 77 401 150
337 77 421 154
441 77 509 145
493 77 555 150
285 94 382 163
302 94 395 161
337 94 422 162
354 94 435 162
371 94 452 161
406 94 478 160
424 94 493 158
441 94 509 159
458 94 526 160
476 94 542 159
267 111 367 171
493 111 558 169
250 129 352 185
267 129 367 183
285 129 381 181
319 129 407 181
337 129 421 182
354 129 437 181
371 129 453 181
389 129 468 181
424 129 496 180
441 129 510 179
458 129 526 178
476 129 542 178
545 129 619 201
250 146 350 200
371 146 453 192
441 146 514 190
476 146 544 188
493 146 561 190
528 146 603 209
215 163 320 240
233 163 335 226
250 163 350 217
267 163 368 205
285 163 382 206
319 163 409 202
337 163 424 199
354 163 439 201
389 163 470 201
406 163 485 200
458 163 531 198
528 163 605 224
545 163 620 227
198 181 303 255
215 181 320 252
250 181 349 236
267 181 365 225
302 181 389 217
319 181 410 213
337 181 423 214
354 181 440 212
371 181 456 212
389 181 470 211
406 181 485 211
441 181 516 212
458 181 532 212
476 181 547 214
163 198 281 264
215 198 315 273
250 198 351 254
285 198 376 239
302 198 390 234
319 198 408 231
337 198 425 230
354 198 441 228
371 198 455 227
389 198 471 225
406 198 487 223
441 198 516 224
458 198 533 225
476 198 548 228
510 198 585 246
528 198 605 247
181 215 284 279
198 215 300 280
233 215 326 297
285 215 375 255
302 215 393 252
319 215 409 249
337 215 424 249
354 215 440 248
371 215 457 247
476 215 550 242
510 215 584 259
528 215 603 261
545 215 621 259
233 233 323 318
285 233 371 273
302 233 392 268
319 233 408 270
337 233 422 270
354 233 439 268
371 233 457 268
389 233 476 267
424 233 503 251
441 233 520 250
458 233 536 253
476 233 554 262
493 233 570 278
510 233 587 280
528 233 607 279
215 250 307 331
233 250 323 333
250 250 339 333
267 250 356 327
302 250 390 288
319 250 407 290
354 250 433 288
371 250 463 290
406 250 494 284
441 250 520 265
493 250 573 298
510 250 590 297
215 267 305 348
233 267 324 346
250 267 337 345
267 267 354 345
285 267 371 348
371 267 459 318
406 267 492 302
458 267 546 296
528 267 608 345
562 267 656 323
580 267 672 326
198 285 285 366
285 285 376 362
319 285 409 347
371 285 446 355
406 285 486 336
424 285 513 319
493 285 587 352
580 285 681 402
215 302 306 367
267 302 362 381
285 302 376 379
319 302 402 378
337 302 416 378
354 302 436 376
371 302 454 370
389 302 471 369
493 302 578 373
215 319 291 385
233 319 308 386
267 319 345 397
319 319 414 396
354 319 432 396
371 319 452 398
389 319 472 394
528 319 622 384
181 337 268 402
215 337 293 402
233 337 308 400
267 337 363 401
319 337 417 411
371 337 456 415
389 337 474 414
406 337 489 415
441 337 544 408
545 337 649 397
215 354 288 423
250 354 325 438
267 354 363 418
285 354 377 418
302 354 400 419
319 354 415 427
354 354 440 429
371 354 456 432
389 354 475 433
406 354 494 438
424 354 510 441
441 354 542 425
458 354 561 425
476 354 579 425
493 354 594 435
528 354 629 404
302 371 381 438
354 371 439 448
371 371 455 446
389 371 474 450
441 371 540 441
458 371 563 438
476 371 582 442
493 371 598 454
510 371 613 455
562 371 669 435
302 389 380 451
319 389 398 449
371 389 455 463
389 389 471 464
406 389 492 465
424 389 524 465
441 389 541 464
458 389 561 460
476 389 579 464
493 389 598 477
528 389 646 434
354 406 435 468
545 406 653 450
441 458 365 469
424 476 350 476
