424 42 491 167
371 77 461 212
337 94 439 220
389 111 476 227
424 111 500 226
441 111 514 224
458 111 530 223
493 111 553 220
510 111 570 219
267 129 387 239
285 129 400 238
319 129 421 236
354 129 447 235
371 129 462 234
267 163 388 263
302 163 412 254
319 163 425 251
337 163 439 249
371 163 464 249
389 163 476 247
441 163 518 244
458 163 532 242
267 181 387 278
302 181 409 267
476 181 550 256
319 198 426 274
354 198 452 270
371 198 464 269
389 198 478 264
406 198 496 263
441 198 519 262
458 198 536 263
510 198 593 289
302 215 411 295
319 215 426 292
354 215 452 289
371 215 466 282
389 215 482 281
458 215 537 273
476 215 554 277
302 233 411 310
319 233 427 313
354 233 454 308
371 233 468 306
389 233 483 301
424 233 506 283
233 250 353 395
250 250 369 394
302 250 411 330
354 250 454 327
233 267 354 407
250 267 368 407
267 267 384 407
354 285 461 397
371 285 478 397
302 302 412 436
198 319 320 451
354 319 463 454
198 337 317 465
233 337 343 465
371 337 488 467
