416 239 407 244
419 239 410 244
422 239 413 244
425 239 415 244
435 239 427 243
438 239 429 243
441 239 432 243
444 239 434 243
446 239 438 243
416 241 408 247
419 241 410 247
422 241 413 247
425 241 415 247
435 241 426 246
438 241 429 245
441 241 431 245
444 241 434 245
449 241 438 245
452 241 446 245
457 241 449 244
463 241 463 244
416 244 408 250
419 244 411 250
422 244 413 250
425 244 416 249
427 244 418 249
430 244 421 249
433 244 424 249
449 244 437 249
452 244 440 249
457 244 448 248
463 244 452 248
471 244 460 247
474 244 463 247
416 247 408 253
419 247 411 253
422 247 413 252
425 247 416 252
427 247 418 252
430 247 421 252
433 247 424 252
435 247 427 252
438 247 429 252
441 247 432 252
463 247 452 251
468 247 457 251
471 247 460 250
474 247 463 250
477 247 465 250
416 250 408 255
419 250 411 255
425 250 416 255
427 250 418 255
430 250 421 255
433 250 424 255
435 250 427 255
438 250 429 255
441 250 432 255
444 250 435 255
446 250 438 254
449 250 440 254
452 250 442 254
455 250 445 254
457 250 448 254
466 250 454 253
468 250 457 253
474 250 463 254
416 252 408 257
419 252 411 257
425 252 416 260
427 252 418 260
430 252 421 257
433 252 423 257
441 252 441 257
444 252 444 257
446 252 446 256
474 252 460 254
477 252 466 255
479 252 468 255
408 255 405 255
414 255 405 260
419 255 413 260
427 255 419 263
430 255 421 260
435 255 443 263
463 255 455 268
471 255 460 268
477 255 466 257
414 258 408 266
416 258 410 266
430 258 424 262
468 258 457 271
477 258 466 260
414 261 407 261
433 261 427 265
441 261 449 265
444 261 452 265
446 261 455 265
449 261 457 265
474 261 463 262
422 263 413 269
425 263 416 269
427 263 419 268
444 263 435 259
463 263 454 271
425 266 416 271
427 266 419 271
457 266 449 274
463 266 455 274
411 269 405 280
422 272 416 288
425 272 418 277
438 272 430 269
457 272 446 277
425 274 418 279
427 274 421 280
441 274 435 274
444 274 438 273
414 277 407 288
416 277 410 296
419 277 412 279
425 277 416 282
427 277 419 282
430 277 422 283
446 277 438 277
457 277 446 282
419 280 413 282
427 280 419 284
430 280 422 285
452 280 444 293
455 280 446 293
414 282 408 299
419 282 413 285
422 282 414 287
425 282 417 286
452 282 444 296
416 285 410 302
419 285 413 291
433 285 427 291
449 285 442 298
433 288 425 283
468 288 460 278
493 288 494 290
463 291 457 296
466 291 461 296
468 291 462 296
477 291 468 289
490 291 490 295
493 291 493 293
425 293 419 294
430 293 424 291
466 293 460 298
468 293 463 298
479 293 469 292
392 296 388 294
416 296 411 304
422 296 416 297
444 296 438 296
485 296 471 295
419 299 414 299
422 299 416 299
425 299 419 299
397 302 399 302
422 302 416 301
425 302 418 301
433 302 425 301
435 302 427 302
457 302 454 298
466 302 458 318
482 302 469 301
386 304 386 304
405 304 405 304
408 304 408 305
378 307 377 308
389 307 394 305
397 307 402 307
405 307 406 307
408 307 408 307
419 307 417 313
433 307 427 307
485 307 472 304
493 307 494 303
386 310 389 308
389 310 391 308
422 310 413 311
430 310 422 312
441 310 450 312
444 310 452 312
449 310 444 312
485 310 488 298
378 313 377 310
405 313 405 311
430 313 422 315
441 313 450 315
446 313 455 315
479 313 482 301
485 313 488 303
488 313 491 304
383 315 384 311
386 315 386 310
392 315 391 311
405 315 405 313
427 315 423 319
435 315 439 318
471 315 461 318
474 315 463 318
490 315 488 315
493 315 491 315
378 318 378 314
381 318 381 313
383 318 384 313
386 318 387 313
389 318 389 313
392 318 391 313
400 318 403 316
403 318 405 316
427 318 422 321
430 318 425 321
433 318 436 320
474 318 464 321
477 318 478 315
479 318 480 315
378 321 378 317
381 321 380 316
383 321 383 315
386 321 388 315
389 321 391 315
394 321 395 316
403 321 405 318
405 321 408 318
419 321 411 318
433 321 438 321
482 321 482 317
378 324 377 319
381 324 380 319
383 324 384 318
386 324 387 318
389 324 389 318
397 324 403 319
477 324 466 326
488 324 486 321
378 326 377 321
389 326 389 321
397 326 403 321
400 326 406 321
403 326 409 321
427 326 436 327
430 326 439 327
482 326 482 326
485 326 483 322
488 326 488 326
490 326 488 323
493 326 493 327
383 329 381 323
405 329 412 326
408 329 414 326
427 329 437 330
433 329 441 331
435 329 444 332
482 329 482 329
485 329 485 329
488 329 488 329
490 329 490 329
493 329 493 329
378 332 378 325
383 332 386 325
400 332 408 329
403 332 410 329
414 332 414 332
416 332 416 332
419 332 425 332
425 332 433 332
427 332 436 332
474 332 474 331
485 332 485 332
493 332 493 332
378 335 378 328
397 335 406 333
400 335 408 332
405 335 412 332
419 335 424 335
425 335 433 335
427 335 436 334
441 335 453 335
457 335 458 335
460 335 460 335
463 335 463 335
466 335 465 335
468 335 469 335
471 335 472 335
474 335 474 335
477 335 477 334
479 335 479 335
485 335 485 334
488 335 488 335
378 337 378 336
383 337 381 337
397 337 395 337
419 337 425 337
427 337 433 337
435 337 444 337
452 337 455 337
457 337 458 337
460 337 460 337
463 337 463 337
466 337 466 337
468 337 469 337
474 337 475 337
477 337 477 337
479 337 479 337
482 337 482 337
488 337 486 337
490 337 489 337
