333 149 332 149
338 149 336 149
343 149 342 149
354 149 353 148
338 154 334 154
343 154 340 154
349 154 347 153
312 160 301 163
317 160 308 162
323 160 312 164
333 160 326 160
338 160 331 161
343 160 336 161
349 160 343 160
354 160 347 160
359 160 353 160
364 160 357 159
369 160 363 159
297 165 291 169
312 165 300 169
317 165 307 168
338 165 327 169
343 165 333 168
359 165 347 166
364 165 352 166
369 165 358 166
375 165 364 166
380 165 373 165
317 170 303 174
323 170 308 174
333 170 317 174
338 170 322 174
343 170 328 173
349 170 336 172
354 170 342 171
359 170 347 171
364 170 352 172
369 170 357 171
375 170 363 171
380 170 369 170
385 170 379 170
297 175 290 176
312 175 297 179
317 175 302 179
323 175 307 179
328 175 310 179
333 175 316 179
338 175 322 179
343 175 327 178
349 175 332 178
354 175 338 178
359 175 342 178
364 175 349 179
369 175 357 176
375 175 362 176
380 175 368 175
385 175 375 175
390 175 383 175
312 180 297 185
317 180 301 185
323 180 305 185
328 180 310 185
333 180 315 185
338 180 321 185
343 180 326 184
349 180 331 184
354 180 337 184
359 180 342 184
364 180 348 184
369 180 354 182
375 180 363 180
380 180 368 181
385 180 374 180
390 180 381 181
401 180 396 174
312 186 296 190
317 186 300 190
323 186 305 190
328 186 311 190
338 186 320 190
343 186 326 190
349 186 332 190
359 186 342 189
369 186 358 186
375 186 363 186
380 186 368 186
385 186 373 187
390 186 380 186
395 186 386 185
401 186 394 185
312 191 295 196
317 191 300 196
323 191 308 197
328 191 312 196
333 191 316 196
349 191 338 191
369 191 358 192
375 191 362 192
380 191 367 192
385 191 374 192
390 191 380 192
395 191 386 191
401 191 394 191
323 196 307 202
328 196 313 202
333 196 317 201
338 196 322 201
343 196 331 196
349 196 337 196
354 196 342 197
359 196 345 199
369 196 358 197
380 196 367 199
385 196 373 197
395 196 386 197
401 196 395 196
276 201 269 203
343 201 329 206
359 201 345 204
369 201 357 203
385 201 373 204
401 201 395 201
406 201 405 200
276 206 271 208
333 206 322 213
338 206 327 212
349 206 336 210
364 206 352 208
375 206 363 208
380 206 368 207
390 206 380 207
395 206 386 208
401 206 400 206
406 206 406 205
276 212 272 213
328 212 316 217
338 212 326 218
349 212 336 215
354 212 341 215
359 212 347 215
369 212 357 213
375 212 363 213
380 212 370 213
385 212 375 212
401 212 401 211
406 212 406 211
302 217 295 220
307 217 301 217
323 217 313 221
328 217 317 221
333 217 321 221
338 217 327 222
343 217 332 221
349 217 337 220
354 217 342 221
359 217 347 220
364 217 353 219
369 217 358 218
375 217 364 218
385 217 376 218
390 217 390 220
395 217 391 218
401 217 401 217
406 217 406 217
281 222 279 223
297 222 291 225
302 222 296 225
307 222 300 223
312 222 306 223
328 222 317 225
333 222 321 226
338 222 328 226
343 222 333 226
349 222 337 226
354 222 343 226
359 222 348 226
369 222 358 224
375 222 364 223
380 222 371 223
390 222 384 223
395 222 393 225
401 222 400 225
406 222 405 227
276 227 271 228
302 227 295 230
333 227 318 231
338 227 327 232
343 227 333 231
354 227 343 231
359 227 348 230
369 227 358 231
375 227 365 231
380 227 370 230
385 227 378 229
390 227 384 229
395 227 390 229
401 227 396 230
297 232 290 233
312 232 300 236
323 232 308 236
328 232 313 236
333 232 317 236
338 232 323 236
343 232 333 237
359 232 349 236
364 232 353 236
369 232 358 236
375 232 365 236
385 232 378 234
395 232 390 235
297 238 290 238
307 238 297 238
312 238 301 241
317 238 305 241
323 238 309 240
333 238 318 241
338 238 323 241
343 238 328 241
349 238 337 241
354 238 342 241
364 238 353 242
369 238 358 241
375 238 365 241
380 238 373 240
385 238 379 239
390 238 385 240
395 238 390 240
297 243 290 244
307 243 297 243
328 243 315 246
338 243 324 246
343 243 329 246
349 243 334 246
354 243 340 246
359 243 347 246
364 243 352 247
369 243 359 248
375 243 365 247
380 243 370 246
385 243 379 244
390 243 385 245
406 243 412 241
307 248 297 249
312 248 302 249
317 248 306 250
323 248 312 251
328 248 316 251
333 248 321 251
338 248 326 251
349 248 334 252
354 248 341 251
359 248 346 252
364 248 352 252
369 248 358 253
375 248 364 252
380 248 371 251
385 248 378 250
390 248 384 250
323 253 311 256
328 253 317 256
338 253 324 256
343 253 328 257
349 253 334 257
354 253 341 258
359 253 347 257
364 253 353 258
369 253 359 258
375 253 364 257
380 253 371 256
390 253 384 256
395 253 391 256
406 253 411 252
328 258 316 262
338 258 323 261
343 258 328 263
349 258 333 262
359 258 345 262
380 258 371 261
385 258 378 260
390 258 384 261
307 264 296 265
323 264 310 266
333 264 319 267
338 264 323 267
343 264 328 268
354 264 338 268
359 264 344 267
369 264 357 264
375 264 364 267
380 264 371 267
312 269 299 271
333 269 319 272
338 269 323 272
343 269 329 272
349 269 334 272
354 269 339 272
369 269 358 272
375 269 364 272
312 274 300 276
317 274 305 276
323 274 310 276
333 274 318 277
338 274 324 277
343 274 330 277
349 274 334 277
354 274 339 277
364 274 352 277
369 274 358 278
375 274 364 279
312 279 301 281
317 279 305 281
323 279 310 281
338 279 324 282
349 279 334 283
354 279 340 283
364 279 353 283
380 279 374 279
312 284 301 286
317 284 305 286
343 284 329 286
354 284 340 288
364 284 353 289
369 284 359 288
375 284 368 284
312 290 302 291
317 290 306 291
343 290 329 292
354 290 343 294
369 290 360 294
375 290 369 289
380 290 376 291
317 295 306 295
343 295 332 298
359 295 349 294
364 295 354 294
375 295 374 294
380 295 379 295
385 295 385 295
411 295 416 294
323 300 313 301
328 300 319 301
333 300 322 301
338 300 326 301
354 300 343 299
359 300 349 304
364 300 364 300
380 300 379 300
385 300 385 301
390 300 390 300
395 300 396 300
411 300 415 299
323 305 313 306
328 305 318 306
333 305 322 306
338 305 328 307
343 305 333 306
349 305 338 305
359 305 360 304
364 305 365 304
369 305 369 304
375 305 373 305
380 305 379 306
385 305 385 305
390 305 390 305
395 305 396 306
343 310 333 311
354 310 355 311
359 310 359 310
364 310 365 309
369 310 369 310
375 310 374 311
380 310 379 310
385 310 385 310
401 310 401 311
328 316 328 315
338 316 338 315
349 316 350 316
354 316 354 315
359 316 359 315
364 316 364 315
369 316 369 316
375 316 374 316
380 316 379 316
385 316 384 315
390 316 390 316
338 321 339 321
354 321 354 319
359 321 359 319
364 321 365 320
369 321 369 320
375 321 374 325
380 321 379 322
385 321 384 321
390 321 390 321
395 321 395 321
338 326 338 326
349 326 349 325
354 326 353 325
359 326 358 326
364 326 364 326
369 326 369 325
380 326 379 325
385 326 385 326
390 326 390 326
395 326 395 326
349 331 349 330
364 331 363 331
369 331 369 331
375 331 374 331
380 331 379 332
385 331 384 332
390 331 390 332
395 331 395 332
401 331 400 332
349 336 349 336
359 336 358 337
369 336 369 336
375 336 374 337
380 336 379 337
385 336 384 337
390 336 390 337
395 336 395 337
