565 216 570 223
568 216 574 226
582 242 582 241
537 256 538 261
531 267 535 271
534 267 540 272
531 270 535 274
534 270 540 274
540 270 546 271
635 273 637 275
638 273 640 274
540 275 547 278
624 275 628 279
635 275 638 277
638 275 641 277
641 275 642 274
540 278 547 281
633 278 636 281
635 278 638 280
638 278 641 280
537 281 544 283
540 281 547 283
542 281 549 284
619 281 624 285
630 281 633 284
633 281 636 284
635 281 639 283
638 281 641 283
534 284 543 287
537 284 546 286
540 284 548 286
542 284 551 286
616 284 621 287
619 284 624 287
630 284 633 286
633 284 636 286
635 284 639 286
540 287 548 289
556 287 566 289
613 287 618 289
624 287 627 289
627 287 631 289
630 287 634 289
635 287 639 289
644 287 644 283
540 290 548 291
607 290 613 293
621 290 624 292
624 290 629 292
630 290 635 292
641 290 642 285
644 290 644 285
647 290 647 289
540 292 549 295
542 292 552 295
613 292 616 294
616 292 618 295
619 292 621 295
621 292 624 295
624 292 629 295
627 292 633 295
630 292 635 295
633 292 638 295
635 292 640 295
638 292 643 295
545 295 555 298
590 295 596 296
593 295 598 296
599 295 604 296
613 295 616 297
616 295 618 297
619 295 620 297
621 295 623 297
627 295 632 298
630 295 636 298
633 295 638 298
635 295 640 299
638 295 644 298
542 298 542 298
545 298 546 298
585 298 590 300
588 298 593 299
590 298 596 299
593 298 598 298
613 298 615 299
616 298 618 300
619 298 624 300
621 298 626 301
630 298 635 301
633 298 638 301
638 298 644 301
542 301 542 300
545 301 546 301
576 301 584 304
579 301 586 304
588 301 593 302
590 301 596 302
593 301 598 301
596 301 601 301
602 301 606 301
613 301 618 303
616 301 621 303
621 301 626 303
627 301 632 304
630 301 635 304
633 301 637 304
635 301 641 304
638 301 644 304
545 304 545 303
548 304 549 303
559 304 569 307
568 304 577 305
571 304 580 305
579 304 586 307
585 304 591 306
588 304 594 305
596 304 601 305
604 304 609 304
607 304 609 303
610 304 615 305
619 304 623 306
621 304 626 306
624 304 630 306
627 304 633 306
630 304 635 306
633 304 637 307
635 304 641 307
641 304 643 306
551 306 551 306
562 306 571 309
565 306 574 308
568 306 577 308
571 306 580 308
573 306 582 308
579 306 588 307
585 306 592 308
588 306 594 308
590 306 597 308
593 306 600 308
604 306 609 307
607 306 612 307
610 306 615 308
616 306 620 308
619 306 624 308
621 306 626 308
624 306 629 309
627 306 632 309
630 306 635 309
633 306 638 309
635 306 640 309
638 306 644 309
568 309 577 311
571 309 579 311
573 309 582 311
576 309 586 310
585 309 592 311
588 309 595 311
590 309 598 310
593 309 600 311
602 309 606 311
604 309 609 310
610 309 615 311
613 309 618 311
616 309 621 311
619 309 624 311
621 309 626 311
624 309 628 311
627 309 632 312
630 309 635 312
633 309 638 312
635 309 640 312
638 309 643 312
568 312 576 313
571 312 575 313
579 312 586 313
582 312 589 313
604 312 612 311
613 312 618 314
616 312 621 314
619 312 623 314
621 312 626 314
624 312 629 315
627 312 632 315
630 312 635 315
633 312 638 315
635 312 640 315
647 312 647 313
571 315 575 315
590 315 592 314
