0.8738521337509155 -0.176392138004303 0.4530650973320007 0.04375389218330383 
0.04206807166337967 0.9558026790618896 0.290984034538269 -0.2640320360660553 
-0.4843681156635284 -0.2352173775434494 0.8426505923271179 -0.604606568813324 
0 0 0 1 

0.8593198657035828 -0.1974821984767914 0.4717731773853302 0.05027558282017708 
0.009209923446178436 0.928269624710083 0.3717937171459198 -0.2707023024559021 
-0.5113554000854492 -0.3151446878910065 0.7994993329048157 -0.5860578417778015 
0 0 0 1 

0.8783614635467529 -0.2130110263824463 0.4279105365276337 0.05990233272314072 
-0.002246427116915584 0.8933665156364441 0.4493229985237122 -0.2994230985641479 
-0.4779917001724243 -0.3956292271614075 0.7842201590538025 -0.533610463142395 
0 0 0 1 

0.8624113798141479 -0.2597373127937317 0.4344916045665741 0.08764779567718506 
-0.01362312491983175 0.8461068272590637 0.5328390598297119 -0.3156872689723969 
-0.5060245394706726 -0.4654455780982971 0.7261537909507751 -0.472739964723587 
0 0 0 1 

0.8342828154563904 -0.297550767660141 0.4641503393650055 0.1023368090391159 
-0.04592966660857201 0.8014287948608398 0.5963238477706909 -0.3208427727222443 
-0.5494201183319092 -0.5188210010528564 0.6549519300460815 -0.4470301866531372 
0 0 0 1 

0.8044804334640503 -0.3207407593727112 0.4999365210533142 0.1083923354744911 
-0.09234753251075745 0.7639003992080688 0.6386924386024475 -0.3318615555763245 
-0.5867564082145691 -0.5599834322929382 0.5849233269691467 -0.4374208450317383 
0 0 0 1 

0.7832802534103394 -0.3228408992290497 0.5312680006027222 0.1104147285223007 
-0.1545457392930984 0.7266338467597961 0.6694167256355286 -0.3557161092758179 
-0.6021524667739868 -0.6064460873603821 0.5192643404006958 -0.4304441809654236 
0 0 0 1 

0.8323088884353638 -0.1713105738162994 0.5271759033203125 0.06583896279335022 
-0.1521065980195999 0.8439543843269348 0.514397144317627 -0.4544722437858582 
-0.533034086227417 -0.5083242654800415 0.6763732433319092 -0.4866530299186707 
0 0 0 1 

0.8307156562805176 -0.08682388067245483 0.5498844981193542 0.04879523068666458 
-0.1949131190776825 0.8798785209655762 0.4333849549293518 -0.4339771270751953 
-0.521459698677063 -0.4671993851661682 0.714005708694458 -0.4918318688869476 
0 0 0 1 

0.8527084589004517 -0.08800753206014633 0.5149208903312683 0.05903145670890808 
-0.134545311331749 0.9154516458511353 0.3792707920074463 -0.3134008347988129 
-0.504763662815094 -0.3926875591278076 0.7687720656394958 -0.5058894753456116 
0 0 0 1 

