430 217 430 217
432 217 433 217
435 217 436 217
437 217 438 217
456 217 464 217
461 217 467 217
430 219 430 219
432 219 433 219
437 219 438 220
443 219 460 222
445 219 483 221
456 219 464 219
459 219 467 219
432 222 433 222
448 222 466 230
451 222 468 231
477 222 494 220
517 222 514 224
519 222 517 224
525 222 522 225
430 224 429 225
474 224 491 222
527 224 526 224
432 227 433 225
467 227 491 225
477 227 494 222
511 227 457 225
533 227 530 225
448 230 478 224
461 230 485 229
477 230 496 227
443 232 474 226
456 232 483 230
453 235 479 232
482 235 499 230
485 235 502 230
493 235 511 229
432 238 433 258
435 238 435 259
443 238 471 231
493 238 511 231
498 238 518 232
501 238 525 248
535 238 535 265
435 240 451 233
485 240 501 234
488 240 504 234
437 243 455 232
440 243 470 234
443 243 473 234
488 243 504 237
493 243 513 237
538 243 538 235
440 246 470 237
443 246 473 237
503 246 521 238
538 246 538 238
443 248 473 239
490 248 509 240
493 248 513 240
496 248 515 241
527 248 524 263
430 251 430 258
461 251 490 238
527 251 524 266
530 251 527 267
538 251 538 267
461 254 490 242
530 254 534 253
538 254 538 273
485 256 501 272
527 256 533 255
538 256 538 276
430 259 430 252
456 259 487 244
480 259 495 275
493 259 513 243
496 259 515 243
527 259 502 269
538 259 538 279
432 261 435 256
451 261 476 243
453 261 478 243
456 261 481 243
485 261 503 278
430 264 430 260
435 264 434 262
445 264 480 252
464 264 484 244
490 264 512 245
493 264 515 245
430 267 430 263
440 267 472 256
448 267 481 255
490 267 512 248
533 267 531 256
440 269 472 259
443 269 477 257
445 269 481 257
451 269 485 257
459 269 492 253
461 269 494 252
467 269 497 252
538 269 538 265
440 272 472 262
485 272 509 252
480 275 503 254
482 275 506 255
485 275 508 255
525 275 528 290
527 275 530 290
538 275 538 290
461 277 491 258
482 277 506 257
485 277 508 257
488 277 511 257
525 277 527 292
538 277 538 293
464 280 482 297
467 280 459 272
482 280 506 260
485 280 508 260
522 280 519 300
430 283 430 290
443 283 473 273
448 283 485 260
464 283 457 274
474 283 502 262
525 283 524 297
535 283 534 290
538 283 538 302
517 285 516 291
533 285 531 292
535 285 533 292
440 288 478 279
461 288 463 300
517 288 517 295
525 288 524 304
530 288 528 281
445 290 481 280
480 290 507 271
530 290 528 284
535 290 533 298
453 293 487 281
456 293 490 280
480 293 507 274
496 293 514 288
503 293 520 286
430 296 429 298
480 296 507 276
482 298 509 279
485 298 511 280
496 298 510 302
538 298 538 305
482 301 509 282
488 301 508 290
538 301 538 307
432 304 433 291
456 304 489 286
459 304 491 287
474 304 500 288
482 304 508 288
435 306 436 293
456 306 489 289
459 306 491 289
469 306 496 289
474 306 500 290
477 306 503 290
480 306 505 290
527 306 529 305
443 309 457 269
448 309 485 294
459 309 489 291
519 309 522 300
451 312 478 291
456 312 488 295
472 312 493 295
477 312 502 295
519 312 521 302
522 312 515 313
522 314 514 316
435 317 436 318
522 317 514 319
430 320 430 317
432 320 433 317
519 320 511 322
522 320 513 321
533 320 533 321
430 322 430 320
435 322 436 324
445 322 460 323
459 322 469 321
493 322 482 322
511 322 517 323
517 322 519 322
522 322 526 320
525 322 528 321
527 322 531 321
430 325 429 323
459 325 469 324
511 325 516 325
514 325 519 325
517 325 494 326
527 325 530 324
535 325 534 324
538 325 538 325
430 327 429 327
435 327 451 328
459 327 469 327
474 327 488 328
488 327 483 327
511 327 515 327
514 327 518 327
517 327 522 328
519 327 524 328
525 327 528 328
535 327 534 327
538 327 538 327
