573 244 585 243
562 258 573 251
590 295 601 294
588 298 598 296
576 301 589 298
579 301 592 299
588 301 598 300
590 301 601 300
540 304 558 294
545 304 562 295
571 304 585 300
576 304 589 301
579 304 592 301
582 304 595 301
593 304 604 303
551 306 567 299
562 306 577 300
565 306 579 304
576 306 589 304
579 306 591 304
559 309 574 303
562 309 576 304
565 309 578 306
568 309 581 304
571 309 585 304
585 309 597 306
588 309 600 306
593 309 604 306
596 309 606 306
559 312 574 306
562 312 576 307
571 312 584 307
573 312 587 307
585 312 597 309
588 312 599 308
593 312 604 309
596 312 606 309
562 315 576 309
565 315 578 309
568 315 581 310
571 315 583 312
573 315 587 310
576 315 590 311
582 315 593 315
585 315 596 311
599 315 609 313
619 315 625 315
627 315 630 315
