476 59 596 140
458 77 577 154
476 77 596 155
493 77 617 158
528 77 690 155
458 94 579 169
493 94 655 173
510 94 670 175
528 94 694 173
545 94 710 173
562 94 728 168
476 111 597 183
545 111 711 193
562 111 724 191
580 111 741 194
614 111 775 199
441 129 563 199
458 129 577 199
476 129 595 198
545 129 708 210
562 129 727 208
580 129 742 210
614 129 763 200
441 146 563 216
458 146 578 215
476 146 596 214
528 146 689 225
545 146 707 225
562 146 721 227
580 146 738 228
614 146 770 231
441 163 567 234
458 163 578 231
476 163 598 232
597 163 759 245
614 163 772 251
406 181 532 251
424 181 551 249
441 181 567 249
458 181 585 248
476 181 600 249
493 181 619 248
528 181 663 250
597 181 760 264
614 181 770 269
371 198 497 263
389 198 514 262
406 198 531 264
424 198 548 263
441 198 565 264
458 198 582 264
476 198 599 264
493 198 617 264
510 198 635 263
528 198 654 263
545 198 679 265
562 198 737 284
580 198 753 283
614 198 769 290
354 215 481 277
371 215 496 277
389 215 511 276
424 215 544 277
441 215 561 277
458 215 577 277
493 215 613 278
510 215 631 279
528 215 652 279
545 215 680 281
580 215 754 305
614 215 770 310
354 233 479 291
371 233 493 290
389 233 509 290
406 233 525 290
424 233 541 291
441 233 558 291
458 233 574 291
476 233 590 291
493 233 609 292
510 233 630 293
528 233 650 296
545 233 681 301
614 233 769 339
302 250 435 315
319 250 453 312
354 250 480 308
424 250 541 307
441 250 557 309
493 250 608 309
510 250 628 310
528 250 649 312
545 250 684 319
562 250 701 320
580 250 721 324
302 267 441 328
319 267 454 327
337 267 468 325
371 267 492 321
389 267 507 322
406 267 524 324
458 267 573 323
493 267 609 330
510 267 630 328
528 267 649 329
545 267 679 335
562 267 699 337
580 267 717 336
250 285 400 345
285 285 424 341
302 285 439 342
319 285 456 343
371 285 492 337
389 285 508 339
424 285 540 340
441 285 558 341
458 285 573 340
476 285 592 345
493 285 605 341
510 285 628 347
528 285 652 349
545 285 680 354
562 285 700 356
580 285 720 356
597 285 748 359
267 302 415 358
319 302 456 360
354 302 476 355
371 302 493 354
389 302 507 355
406 302 521 355
424 302 541 356
441 302 559 359
476 302 592 362
510 302 628 364
545 302 681 376
562 302 703 375
580 302 722 376
597 302 753 379
319 319 455 379
337 319 469 379
371 319 494 372
389 319 507 373
406 319 526 375
424 319 543 376
441 319 560 378
458 319 577 378
493 319 613 381
510 319 628 382
528 319 647 383
545 319 685 396
562 319 706 394
580 319 723 395
319 337 455 396
337 337 468 400
354 337 483 396
389 337 511 393
406 337 528 397
424 337 546 398
441 337 561 399
458 337 578 398
476 337 595 398
493 337 612 400
510 337 629 401
545 337 688 421
562 337 707 423
580 337 730 423
302 354 437 419
319 354 453 414
337 354 469 414
354 354 484 415
406 354 529 417
424 354 547 417
441 354 563 418
458 354 580 419
476 354 598 419
493 354 611 419
510 354 628 418
545 354 688 440
562 354 709 442
597 354 750 432
632 354 789 430
337 371 467 432
354 371 483 434
389 371 513 434
406 371 530 435
424 371 546 435
441 371 563 437
458 371 581 438
476 371 597 440
493 371 617 443
510 371 627 437
528 371 668 459
545 371 693 459
562 371 711 459
302 389 434 441
319 389 450 442
371 389 499 453
406 389 530 453
424 389 546 454
441 389 564 457
458 389 582 458
476 389 600 460
493 389 626 461
597 389 734 462
285 406 415 457
302 406 434 453
319 406 449 460
371 406 489 460
389 406 515 472
406 406 532 472
441 406 562 475
458 406 580 477
476 406 605 478
632 406 803 452
319 424 452 475
337 424 470 475
371 424 488 475
389 424 504 477
562 476 681 475
580 476 700 478
597 476 717 479
