233 25 213 75
250 25 229 74
267 25 245 76
371 25 362 49
389 25 379 52
424 25 419 31
441 25 436 32
458 25 452 32
493 25 492 22
580 25 595 17
597 25 615 19
632 25 613 31
233 42 213 93
250 42 228 96
424 42 417 49
441 42 435 50
458 42 452 50
493 42 474 70
510 42 490 68
354 59 342 76
371 59 362 77
458 59 455 71
493 59 476 84
510 59 492 85
528 59 507 85
545 59 527 88
319 77 311 89
354 77 344 91
371 77 362 91
389 77 380 91
406 77 397 92
476 77 462 96
528 77 510 100
545 77 528 102
562 77 545 106
597 77 558 104
319 94 311 103
337 94 327 104
354 94 344 104
371 94 363 104
406 94 394 107
424 94 412 107
441 94 428 108
458 94 446 110
476 94 463 110
493 94 479 111
510 94 496 111
285 111 276 115
319 111 308 117
354 111 346 119
371 111 362 119
389 111 380 121
406 111 397 123
424 111 416 123
458 111 447 124
476 111 463 123
493 111 481 124
510 111 496 127
528 111 512 127
545 111 527 136
580 111 545 153
597 111 562 157
614 111 581 158
267 129 255 131
285 129 272 131
302 129 291 131
337 129 329 133
389 129 382 136
406 129 399 138
424 129 415 138
458 129 449 138
476 129 467 138
510 129 499 141
528 129 514 141
597 129 578 143
250 146 233 155
285 146 273 147
302 146 292 148
319 146 311 148
337 146 327 148
476 146 468 153
493 146 485 154
510 146 501 155
580 146 562 176
597 146 577 174
614 146 595 160
250 163 234 175
267 163 249 174
285 163 269 171
302 163 289 164
319 163 312 164
337 163 329 163
354 163 347 163
371 163 364 164
389 163 382 164
406 163 400 164
424 163 418 167
441 163 435 167
458 163 451 167
493 163 486 169
510 163 501 172
597 163 575 189
215 181 193 197
233 181 209 198
250 181 228 194
267 181 246 198
285 181 269 190
302 181 288 186
319 181 307 181
337 181 328 179
354 181 346 179
371 181 365 179
389 181 384 181
406 181 400 181
424 181 418 181
441 181 436 182
458 181 453 183
476 181 470 184
493 181 487 186
528 181 516 196
545 181 531 200
562 181 548 200
597 181 580 203
233 198 208 217
250 198 226 217
267 198 244 218
285 198 264 211
302 198 283 204
319 198 303 199
337 198 324 199
354 198 346 198
371 198 364 198
389 198 381 197
406 198 401 197
424 198 419 198
441 198 435 198
458 198 453 198
476 198 471 200
528 198 515 213
545 198 531 214
562 198 549 215
580 198 564 215
198 215 164 230
215 215 181 232
233 215 200 236
285 215 254 248
302 215 285 226
319 215 304 221
337 215 322 218
354 215 342 218
371 215 363 220
389 215 382 217
406 215 399 215
424 215 419 214
441 215 436 214
458 215 453 214
476 215 471 216
545 215 532 232
562 215 549 232
580 215 566 232
267 233 236 255
285 233 254 265
302 233 281 246
319 233 302 245
337 233 323 239
354 233 339 241
371 233 359 239
406 233 399 240
424 233 420 240
441 233 433 233
458 233 454 232
476 233 472 233
493 233 489 238
528 233 516 248
545 233 530 250
562 233 547 251
267 250 236 280
285 250 254 283
319 250 302 268
337 250 321 261
354 250 340 261
371 250 357 262
389 250 373 260
406 250 396 260
424 250 413 259
441 250 435 260
458 250 454 251
476 250 472 251
528 250 513 275
545 250 530 269
562 250 546 276
580 250 563 277
597 250 586 275
614 250 602 275
250 267 202 319
267 267 235 303
285 267 253 301
319 267 284 288
354 267 334 286
371 267 353 283
389 267 372 286
406 267 393 285
424 267 409 283
441 267 433 279
458 267 453 277
476 267 475 276
493 267 494 280
545 267 531 294
580 267 566 299
614 267 600 292
250 285 199 339
267 285 235 322
285 285 265 321
319 285 303 322
337 285 314 321
371 285 350 315
389 285 370 313
406 285 389 311
424 285 410 310
441 285 429 302
458 285 447 300
476 285 470 295
493 285 491 293
510 285 508 295
562 285 547 313
580 285 568 313
233 302 180 360
250 302 214 339
267 302 234 336
285 302 256 337
302 302 284 338
337 302 306 333
354 302 327 336
371 302 348 337
389 302 367 335
406 302 387 333
424 302 407 331
441 302 427 328
458 302 447 328
476 302 464 315
493 302 490 311
510 302 507 312
528 302 514 334
545 302 529 335
562 302 551 330
580 302 569 337
233 319 196 354
250 319 216 358
267 319 231 355
285 319 254 352
302 319 268 353
337 319 302 352
354 319 331 357
371 319 351 355
389 319 369 356
406 319 387 356
424 319 407 356
458 319 445 352
493 319 488 332
510 319 493 349
528 319 514 351
545 319 530 352
580 319 580 351
614 319 605 349
233 337 196 390
250 337 216 392
267 337 230 374
285 337 251 372
302 337 267 370
319 337 303 370
337 337 324 370
354 337 334 371
371 337 350 371
389 337 369 374
406 337 387 374
424 337 409 373
441 337 424 374
458 337 444 372
476 337 473 363
493 337 494 363
528 337 517 366
233 354 197 410
250 354 217 407
267 354 234 403
285 354 251 393
319 354 301 387
337 354 318 387
354 354 334 388
371 354 350 391
389 354 371 392
406 354 387 392
424 354 406 392
441 354 424 391
458 354 440 389
476 354 472 382
510 354 509 384
545 354 534 387
562 354 560 369
233 371 201 428
250 371 216 425
267 371 232 421
285 371 249 421
302 371 267 421
337 371 317 404
354 371 335 407
371 371 352 408
389 371 369 408
406 371 387 409
424 371 406 408
441 371 423 409
458 371 446 405
476 371 473 400
493 371 490 399
510 371 507 399
545 371 536 403
562 371 562 388
580 371 578 387
250 389 217 440
267 389 233 442
285 389 248 438
302 389 266 436
319 389 289 435
354 389 319 419
371 389 342 422
389 389 368 426
406 389 385 426
424 389 405 423
441 389 424 422
476 389 464 420
493 389 492 417
510 389 509 421
528 389 524 423
545 389 551 414
562 389 560 405
580 389 577 404
319 406 289 454
337 406 319 454
371 406 342 439
389 406 361 442
406 406 383 441
424 406 405 439
458 406 446 434
476 406 473 432
528 406 523 439
580 406 577 424
597 406 599 425
319 424 267 465
389 424 359 458
406 424 386 458
424 424 405 458
441 424 427 453
493 424 492 451
510 424 508 454
528 424 524 454
458 441 444 471
510 441 509 471
424 476 269 473
441 476 285 475
458 476 304 477
