42 94 41 90
129 94 127 89
146 94 144 89
163 94 161 89
458 94 460 86
476 94 475 85
493 94 493 85
42 111 40 107
129 111 128 107
163 111 163 106
424 111 424 103
441 111 441 103
458 111 458 103
476 111 475 103
493 111 494 103
545 111 545 102
42 129 41 125
59 129 59 125
94 129 95 124
111 129 110 124
129 129 128 124
146 129 145 124
163 129 162 123
424 129 424 121
458 129 457 122
476 129 475 121
493 129 493 120
510 129 510 120
528 129 528 120
545 129 543 118
42 146 41 143
59 146 60 142
77 146 75 142
94 146 94 142
111 146 110 141
129 146 129 141
146 146 146 141
163 146 163 141
181 146 180 141
406 146 407 138
424 146 425 138
458 146 457 139
528 146 526 136
545 146 542 136
580 146 580 136
42 163 44 160
111 163 113 159
129 163 130 159
406 163 406 156
493 163 496 152
510 163 512 154
597 163 598 153
406 181 405 174
441 181 440 175
493 181 496 170
510 181 512 171
528 181 530 171
580 181 579 173
597 181 599 172
371 198 371 192
389 198 389 192
406 198 406 191
424 198 423 192
441 198 440 192
458 198 458 192
493 198 495 189
510 198 511 188
528 198 530 189
545 198 547 189
562 198 564 188
597 198 598 191
354 215 354 210
371 215 371 210
389 215 389 209
406 215 406 209
441 215 441 209
458 215 459 209
476 215 476 208
510 215 513 207
545 215 548 205
580 215 582 205
597 215 599 206
319 233 321 227
337 233 337 228
354 233 354 227
371 233 371 227
389 233 389 227
406 233 406 227
424 233 424 227
458 233 458 226
476 233 476 226
493 233 493 225
510 233 511 225
562 233 564 223
580 233 581 223
285 250 288 244
302 250 302 246
319 250 320 245
337 250 337 245
354 250 355 246
371 250 372 244
389 250 389 245
406 250 407 245
424 250 424 245
441 250 441 244
458 250 459 244
476 250 476 243
493 250 494 244
510 250 511 244
562 250 564 240
580 250 581 243
285 267 286 263
302 267 302 262
319 267 319 264
337 267 337 263
354 267 355 262
371 267 371 262
389 267 389 262
406 267 406 261
424 267 424 262
441 267 441 261
458 267 459 261
476 267 476 261
493 267 494 261
580 267 582 259
233 285 236 279
267 285 270 280
285 285 286 280
302 285 303 281
319 285 321 281
337 285 338 280
354 285 354 280
371 285 372 280
389 285 389 280
406 285 407 280
424 285 424 279
441 285 441 279
458 285 459 279
476 285 476 279
493 285 494 279
528 285 529 276
562 285 564 276
215 302 219 297
233 302 234 298
250 302 251 298
302 302 303 297
319 302 321 299
337 302 338 296
354 302 355 297
371 302 373 298
389 302 390 297
406 302 407 297
424 302 424 296
441 302 441 296
458 302 459 296
476 302 477 296
493 302 494 295
528 302 530 294
545 302 547 294
562 302 564 294
198 319 201 315
215 319 217 314
302 319 304 314
319 319 320 314
337 319 338 314
354 319 356 315
371 319 373 315
389 319 389 315
406 319 407 315
424 319 424 314
441 319 441 314
458 319 459 313
476 319 476 313
493 319 494 313
510 319 511 312
528 319 529 313
545 319 545 313
562 319 564 311
198 337 202 332
215 337 219 332
250 337 253 331
302 337 303 332
319 337 321 332
337 337 339 332
354 337 358 332
371 337 374 333
389 337 390 332
406 337 407 331
424 337 424 332
441 337 442 331
458 337 459 331
476 337 476 331
493 337 494 330
510 337 512 330
528 337 529 329
545 337 546 329
285 354 288 348
319 354 321 349
337 354 339 349
354 354 357 349
371 354 374 349
389 354 392 349
406 354 407 348
424 354 424 348
441 354 442 349
458 354 459 348
476 354 477 348
510 354 512 347
528 354 529 347
545 354 547 346
250 371 254 366
267 371 271 364
285 371 287 366
337 371 339 366
354 371 356 366
371 371 373 366
389 371 391 366
406 371 407 365
424 371 425 365
441 371 442 365
458 371 459 366
493 371 494 365
510 371 512 365
250 389 253 384
267 389 268 385
302 389 306 382
319 389 321 381
337 389 340 383
354 389 357 383
371 389 373 383
389 389 391 383
406 389 408 383
424 389 425 383
441 389 442 382
458 389 459 383
476 389 477 383
493 389 494 382
510 389 512 381
545 389 547 381
562 389 564 381
233 406 236 401
319 406 324 399
354 406 357 399
371 406 374 399
389 406 391 400
406 406 408 400
424 406 426 399
441 406 442 399
476 406 477 399
510 406 512 398
528 406 529 397
545 406 547 399
580 406 581 396
198 424 204 416
215 424 218 418
233 424 232 419
250 424 252 423
267 424 266 418
319 424 323 416
354 424 357 416
371 424 374 417
389 424 391 417
406 424 408 417
441 424 442 417
458 424 460 417
476 424 477 417
510 424 512 415
528 424 530 415
562 424 564 415
580 424 582 413
198 441 203 434
215 441 219 435
233 441 238 437
285 441 284 437
319 441 324 437
354 441 359 433
371 441 375 433
389 441 392 434
406 441 409 433
424 441 426 434
476 441 478 433
493 441 494 432
510 441 512 434
545 441 546 433
580 441 581 431
198 458 204 454
267 458 273 456
337 458 342 456
371 458 373 451
424 458 426 452
441 458 444 451
458 458 462 451
476 458 479 451
493 458 495 451
510 458 512 450
528 458 529 450
562 458 564 450
580 458 581 449
250 476 253 475
267 476 271 476
302 476 304 473
337 476 336 475
371 476 372 473
406 476 410 473
528 476 529 473
580 476 581 466
