493 146 521 18
510 146 538 16
528 146 559 14
562 146 594 18
493 163 517 36
528 163 557 33
545 163 575 34
562 163 597 31
580 163 627 20
389 181 381 15
406 181 401 12
476 181 537 38
510 181 536 54
528 181 556 52
545 181 577 53
562 181 597 52
580 181 631 51
354 198 326 50
371 198 359 38
389 198 382 37
424 198 428 18
441 198 450 11
528 198 558 74
545 198 577 74
562 198 609 73
580 198 632 72
337 215 311 65
354 215 336 60
371 215 360 59
389 215 383 59
458 215 479 57
476 215 501 57
528 215 559 96
545 215 578 94
562 215 605 94
580 215 632 90
319 233 290 85
337 233 313 83
354 233 336 81
371 233 360 82
389 233 384 81
406 233 407 81
424 233 431 80
441 233 455 80
458 233 476 77
476 233 502 78
493 233 525 78
510 233 548 78
528 233 558 114
545 233 578 113
302 250 268 107
319 250 289 106
337 250 314 105
354 250 335 104
371 250 361 104
389 250 383 104
406 250 403 103
424 250 433 103
441 250 456 102
458 250 476 99
476 250 502 101
493 250 524 99
528 250 556 129
545 250 595 106
285 267 249 135
302 267 267 131
319 267 290 129
337 267 313 129
354 267 337 127
371 267 361 127
389 267 384 126
406 267 407 125
424 267 432 124
441 267 455 121
458 267 481 122
476 267 503 123
493 267 527 123
528 267 561 139
545 267 595 125
562 267 616 124
250 285 211 164
267 285 232 162
285 285 258 158
302 285 273 156
319 285 293 151
337 285 313 150
354 285 337 150
371 285 361 149
389 285 386 149
406 285 409 147
424 285 432 147
441 285 456 146
458 285 480 145
476 285 503 146
510 285 542 158
528 285 564 156
545 285 594 147
233 302 196 189
250 302 222 186
267 302 243 185
302 302 276 178
319 302 297 175
337 302 316 174
354 302 339 172
371 302 362 171
389 302 385 169
406 302 410 170
424 302 434 169
441 302 456 168
458 302 481 168
476 302 505 169
493 302 524 176
510 302 544 175
528 302 566 174
545 302 596 165
215 319 185 213
233 319 203 208
250 319 225 206
267 319 250 209
302 319 279 204
319 319 299 202
337 319 319 197
354 319 339 200
371 319 364 195
389 319 387 193
406 319 409 191
424 319 435 193
441 319 457 192
458 319 480 191
476 319 505 192
493 319 525 196
510 319 548 194
528 319 570 194
267 337 253 229
285 337 270 231
302 337 284 226
319 337 302 224
337 337 322 221
354 337 340 222
371 337 369 220
389 337 390 218
406 337 410 211
424 337 436 216
441 337 458 214
458 337 480 214
476 337 504 214
493 337 527 219
510 337 548 216
528 337 570 215
267 354 257 250
285 354 277 251
302 354 297 248
337 354 327 244
354 354 349 243
371 354 371 242
389 354 394 242
406 354 413 238
424 354 437 238
441 354 459 237
458 354 482 238
476 354 505 236
493 354 528 240
510 354 546 239
528 354 562 252
545 354 583 239
250 371 242 267
302 371 299 274
319 371 320 271
354 371 356 266
371 371 376 265
406 371 413 262
424 371 438 262
441 371 460 260
458 371 483 259
476 371 502 264
493 371 520 263
510 371 549 253
528 371 565 266
545 371 587 260
562 371 608 260
233 389 229 281
250 389 249 279
302 389 302 297
319 389 324 289
337 389 341 287
354 389 359 287
371 389 379 287
389 389 398 285
406 389 419 284
424 389 439 283
441 389 460 284
458 389 482 278
493 389 520 282
510 389 545 283
528 389 567 282
545 389 589 280
562 389 609 279
233 406 219 318
250 406 231 302
267 406 247 297
285 406 266 292
354 406 361 306
371 406 381 305
389 406 401 304
406 406 421 304
424 406 441 304
441 406 461 303
458 406 483 303
493 406 522 302
528 406 568 301
545 406 589 299
562 406 607 302
215 424 207 333
233 424 232 332
250 424 231 318
267 424 266 332
302 424 303 313
319 424 322 332
337 424 335 326
354 424 352 323
371 424 378 324
389 424 403 323
406 424 423 323
424 424 444 323
441 424 463 323
458 424 481 324
476 424 500 324
493 424 522 321
510 424 548 320
528 424 569 321
545 424 590 319
562 424 608 324
215 441 211 353
233 441 236 354
250 441 247 352
267 441 269 347
285 441 285 346
302 441 304 348
319 441 321 349
337 441 340 348
354 441 361 345
371 441 380 344
389 441 398 344
406 441 424 345
424 441 442 343
441 441 462 346
458 441 481 343
476 441 500 344
493 441 522 342
510 441 547 342
528 441 571 340
545 441 590 336
233 458 233 368
250 458 254 368
267 458 273 367
285 458 289 366
302 458 307 364
319 458 322 367
337 458 342 368
354 458 362 362
371 458 381 362
406 458 424 361
424 458 442 363
441 458 464 360
458 458 479 362
476 458 503 363
493 458 525 362
510 458 549 367
528 458 570 362
545 458 587 371
319 476 320 381
371 476 391 398
389 476 409 382
406 476 429 381
424 476 445 384
441 476 465 382
510 476 555 387
