59 94 48 92
94 94 87 92
406 94 397 102
424 94 414 104
441 94 429 103
493 94 479 105
111 111 103 110
406 111 397 121
77 129 71 127
94 129 88 127
146 129 140 129
424 129 413 137
59 146 46 145
129 146 124 146
441 146 429 160
458 146 446 161
493 146 481 148
580 146 561 155
77 163 61 162
441 163 430 176
510 163 499 166
528 163 515 166
562 163 548 168
389 181 379 189
458 181 446 193
510 181 497 183
562 181 549 184
580 181 564 185
371 198 362 206
389 198 379 206
424 198 412 208
510 198 497 200
580 198 565 201
354 215 343 222
458 215 446 224
476 215 463 224
545 215 531 217
562 215 547 217
319 233 314 234
337 233 328 238
354 233 346 239
371 233 362 240
406 233 395 240
424 233 413 240
441 233 429 240
458 233 445 240
476 233 462 241
493 233 479 240
510 233 494 238
562 233 547 234
302 250 295 256
319 250 312 256
337 250 329 257
354 250 346 256
371 250 362 256
406 250 393 257
424 250 411 257
441 250 428 257
458 250 445 257
493 250 478 258
528 250 513 252
562 250 547 251
337 267 329 273
354 267 345 274
371 267 362 274
406 267 396 274
441 267 428 274
476 267 462 275
510 267 496 273
562 267 546 268
233 285 226 284
302 285 295 288
337 285 328 291
354 285 345 291
406 285 396 290
424 285 410 289
458 285 445 290
476 285 462 291
510 285 496 289
528 285 512 289
545 285 528 288
215 302 210 301
233 302 223 303
319 302 308 304
337 302 328 307
354 302 345 307
371 302 362 307
424 302 412 308
441 302 427 307
458 302 444 307
510 302 495 307
528 302 511 307
545 302 528 304
233 319 225 320
267 319 258 320
319 319 311 324
458 319 444 325
476 319 461 325
493 319 478 324
528 319 510 323
267 337 258 337
302 337 294 339
337 337 328 340
389 337 377 340
406 337 395 341
424 337 412 342
441 337 428 341
458 337 444 341
476 337 461 341
493 337 477 340
510 337 493 339
528 337 510 339
267 354 257 354
285 354 276 354
302 354 292 354
319 354 310 355
337 354 328 355
354 354 345 356
389 354 376 356
406 354 394 355
424 354 410 356
441 354 427 359
458 354 443 358
493 354 477 357
510 354 494 356
302 371 289 371
371 371 360 372
406 371 393 373
424 371 410 373
441 371 427 374
528 371 510 373
545 371 526 374
233 389 224 388
371 389 359 388
389 389 377 389
424 389 410 390
441 389 427 390
458 389 443 390
493 389 476 389
528 389 509 391
545 389 526 390
562 389 543 390
354 406 341 405
371 406 358 405
389 406 376 406
441 406 426 406
458 406 443 408
528 406 508 405
545 406 526 406
215 424 206 420
233 424 227 422
319 424 304 421
406 424 393 421
424 424 409 422
441 424 426 422
476 424 459 423
493 424 476 423
510 424 492 422
545 424 525 422
562 424 542 420
215 441 205 437
267 441 261 441
371 441 358 438
389 441 375 439
406 441 393 438
424 441 409 439
458 441 441 442
476 441 459 441
493 441 475 439
528 441 508 439
545 441 524 440
562 441 542 437
233 458 224 457
250 458 243 458
302 458 295 458
354 458 339 454
371 458 356 457
389 458 375 456
406 458 393 455
424 458 409 457
441 458 424 458
528 458 508 456
545 458 523 457
250 476 242 474
267 476 261 475
302 476 294 476
319 476 312 474
389 476 379 475
424 476 409 475
441 476 423 475
458 476 440 475
476 476 458 475
493 476 475 474
510 476 492 474
