565 208 565 208
568 208 568 208
571 208 571 208
573 208 573 208
576 208 576 208
579 208 579 208
582 208 582 208
585 208 584 208
556 211 556 211
559 211 559 210
562 211 562 211
565 211 565 210
568 211 568 211
571 211 571 211
573 211 573 211
576 211 576 211
579 211 579 211
582 211 582 211
585 211 584 210
588 211 587 211
590 211 590 211
593 211 593 211
551 213 551 214
554 213 553 213
556 213 556 213
559 213 559 213
562 213 562 214
565 213 565 213
568 213 568 213
571 213 571 213
573 213 573 213
576 213 576 213
579 213 579 213
582 213 581 213
585 213 584 213
588 213 587 213
590 213 590 213
593 213 593 213
596 213 596 214
540 216 540 216
542 216 542 216
545 216 545 216
548 216 548 217
551 216 551 216
554 216 554 216
556 216 556 217
559 216 559 216
562 216 562 216
565 216 565 216
568 216 568 216
571 216 571 216
573 216 573 216
576 216 576 216
579 216 579 216
582 216 581 216
585 216 584 216
588 216 588 216
590 216 590 216
593 216 593 216
596 216 596 217
537 219 537 219
540 219 539 219
542 219 542 220
545 219 545 220
548 219 548 219
551 219 551 219
554 219 554 219
556 219 557 219
559 219 559 219
562 219 562 219
565 219 565 219
568 219 567 219
571 219 570 219
573 219 573 219
576 219 576 219
582 219 579 219
585 219 582 219
588 219 587 218
590 219 590 219
593 219 593 219
537 222 537 222
540 222 539 222
542 222 542 222
545 222 545 222
548 222 549 222
551 222 551 222
556 222 557 222
559 222 560 221
562 222 563 221
565 222 565 221
568 222 567 221
571 222 570 221
573 222 573 221
585 222 584 222
588 222 587 221
537 225 537 225
540 225 539 225
542 225 543 225
545 225 545 225
548 225 549 225
554 225 554 225
556 225 557 225
596 225 596 225
537 227 537 228
540 227 540 227
542 227 542 227
545 227 545 228
548 227 548 228
551 227 553 227
554 227 555 227
556 227 559 227
571 227 571 226
573 227 574 226
576 227 576 225
579 227 579 225
596 227 596 228
604 227 604 228
607 227 607 227
610 227 610 227
537 230 537 231
540 230 540 230
542 230 542 230
545 230 545 230
548 230 551 230
554 230 555 230
556 230 558 230
562 230 563 230
568 230 569 228
571 230 571 228
573 230 574 228
576 230 576 228
579 230 580 228
582 230 582 228
590 230 590 225
596 230 596 231
599 230 599 230
602 230 602 227
604 230 604 230
607 230 607 230
610 230 609 230
537 233 536 233
540 233 540 233
542 233 542 233
545 233 548 236
551 233 553 233
562 233 563 233
568 233 569 233
571 233 571 230
573 233 574 230
582 233 582 230
588 233 587 233
590 233 590 228
593 233 593 228
596 233 596 233
599 233 599 233
602 233 602 233
604 233 604 233
607 233 607 233
610 233 609 233
613 233 612 233
537 236 537 236
540 236 539 236
542 236 542 236
545 236 545 236
551 236 553 236
559 236 561 236
568 236 569 235
571 236 571 233
573 236 574 233
576 236 576 234
590 236 591 231
593 236 593 231
596 236 596 236
599 236 599 236
602 236 602 237
604 236 604 236
607 236 607 236
610 236 609 236
613 236 612 236
537 239 537 239
540 239 539 239
542 239 543 239
545 239 545 238
548 239 548 239
565 239 565 238
573 239 574 235
576 239 576 236
590 239 590 236
593 239 593 236
599 239 599 239
602 239 602 240
604 239 604 239
607 239 607 239
610 239 610 239
613 239 612 239
616 239 616 238
537 242 537 242
540 242 540 242
542 242 542 241
545 242 545 241
571 242 571 238
573 242 573 238
576 242 576 238
590 242 590 239
593 242 593 238
596 242 595 238
599 242 599 242
602 242 601 242
604 242 604 242
607 242 607 241
610 242 609 242
613 242 612 242
540 244 539 245
542 244 542 244
545 244 545 244
568 244 568 242
571 244 571 241
573 244 574 241
576 244 577 242
582 244 584 244
593 244 592 242
596 244 596 242
602 244 601 244
604 244 604 244
607 244 607 245
610 244 610 245
613 244 613 244
616 244 615 244
540 247 539 247
542 247 542 247
545 247 545 247
548 247 548 247
576 247 576 244
582 247 584 247
596 247 596 244
599 247 599 245
602 247 602 248
604 247 605 248
607 247 607 248
610 247 610 247
613 247 613 247
616 247 616 247
540 250 539 250
542 250 542 250
545 250 545 250
548 250 548 250
551 250 550 250
554 250 553 250
582 250 582 253
585 250 584 253
588 250 588 253
596 250 596 248
599 250 599 250
602 250 602 250
604 250 605 250
607 250 608 250
610 250 610 250
613 250 613 250
616 250 616 250
619 250 619 250
534 253 534 253
537 253 536 253
540 253 540 253
542 253 542 253
545 253 545 253
548 253 548 253
576 253 577 247
585 253 585 256
596 253 596 253
599 253 599 252
602 253 602 253
604 253 605 253
607 253 608 253
610 253 610 253
613 253 613 253
616 253 616 253
619 253 618 253
534 256 534 256
537 256 537 256
540 256 540 256
542 256 543 256
545 256 545 256
548 256 548 256
551 256 551 256
554 256 553 255
573 256 573 251
599 256 599 255
602 256 602 255
604 256 604 255
607 256 607 255
610 256 610 255
613 256 613 256
616 256 616 255
619 256 619 255
534 258 534 258
537 258 537 258
540 258 540 258
542 258 542 258
545 258 546 259
548 258 549 259
551 258 552 258
554 258 554 258
565 258 565 256
568 258 568 256
571 258 572 255
573 258 574 255
582 258 582 258
590 258 593 261
599 258 599 258
602 258 602 258
604 258 604 258
607 258 606 259
610 258 610 258
613 258 613 258
616 258 616 258
619 258 619 258
621 258 621 258
534 261 534 261
537 261 537 261
540 261 540 261
542 261 542 261
545 261 545 261
548 261 548 261
551 261 551 261
554 261 553 261
556 261 557 259
565 261 565 259
571 261 571 258
573 261 574 258
579 261 578 261
582 261 581 261
585 261 585 261
588 261 588 261
590 261 593 264
599 261 599 262
602 261 602 261
604 261 604 261
607 261 607 262
610 261 610 262
613 261 613 261
616 261 615 261
619 261 618 260
621 261 621 261
624 261 624 261
537 264 537 264
540 264 540 264
542 264 543 264
545 264 546 265
548 264 549 264
551 264 551 264
554 264 554 264
556 264 557 262
562 264 562 260
565 264 568 264
568 264 571 264
571 264 573 264
585 264 585 265
593 264 591 261
596 264 597 264
599 264 599 264
602 264 602 264
604 264 605 264
607 264 607 265
610 264 610 265
613 264 613 264
616 264 616 264
619 264 618 263
621 264 621 264
624 264 624 264
540 267 540 266
542 267 543 267
545 267 546 267
548 267 549 267
551 267 552 267
554 267 554 267
556 267 557 267
559 267 560 267
562 267 564 267
565 267 567 267
568 267 571 267
582 267 582 270
596 267 596 266
599 267 599 266
602 267 602 267
604 267 605 267
607 267 607 268
610 267 610 267
613 267 613 267
616 267 616 266
619 267 618 266
621 267 621 267
624 267 624 267
540 270 539 269
542 270 543 270
545 270 546 270
548 270 549 270
551 270 552 270
554 270 554 270
556 270 556 270
559 270 559 270
562 270 563 270
565 270 567 270
568 270 570 270
571 270 573 270
573 270 576 269
590 270 591 269
596 270 596 269
599 270 599 270
602 270 602 270
604 270 605 270
607 270 607 270
610 270 610 270
613 270 613 269
616 270 616 269
619 270 619 270
621 270 621 270
624 270 624 270
627 270 627 270
542 273 543 273
545 273 546 273
548 273 549 273
551 273 551 273
554 273 554 273
556 273 556 272
559 273 559 273
562 273 563 273
568 273 570 272
571 273 572 272
573 273 576 272
579 273 580 272
582 273 582 273
585 273 584 273
588 273 587 272
590 273 591 272
593 273 594 272
596 273 596 273
599 273 599 273
602 273 602 273
604 273 604 273
607 273 607 273
610 273 610 272
613 273 613 272
616 273 616 272
619 273 618 272
621 273 621 272
624 273 624 273
627 273 627 273
630 273 630 273
540 275 540 276
542 275 543 276
545 275 546 276
548 275 548 275
551 275 551 275
554 275 553 276
556 275 556 275
562 275 562 276
565 275 565 275
571 275 572 275
573 275 574 275
579 275 580 275
582 275 582 275
585 275 585 276
588 275 587 276
590 275 591 276
593 275 593 275
596 275 596 275
599 275 599 275
602 275 602 275
604 275 604 275
607 275 607 276
610 275 610 275
613 275 613 275
616 275 615 275
619 275 618 275
621 275 621 275
624 275 624 275
627 275 627 276
630 275 630 276
540 278 540 279
542 278 543 279
545 278 546 278
548 278 549 278
551 278 551 278
554 278 554 278
556 278 556 278
562 278 562 279
565 278 564 278
571 278 571 278
573 278 574 278
576 278 576 279
604 278 604 278
607 278 607 278
610 278 610 278
613 278 613 278
616 278 616 278
619 278 618 278
621 278 621 278
624 278 624 278
627 278 627 278
630 278 630 279
537 281 537 284
540 281 540 281
542 281 543 281
545 281 546 281
548 281 549 281
554 281 553 281
556 281 556 281
559 281 559 282
562 281 562 281
565 281 564 281
568 281 568 281
571 281 571 281
576 281 576 282
579 281 579 282
582 281 582 281
585 281 585 281
588 281 587 281
590 281 590 281
593 281 593 281
596 281 596 281
599 281 599 281
604 281 604 281
607 281 607 281
610 281 610 281
613 281 613 281
616 281 615 281
619 281 618 281
621 281 621 281
624 281 624 281
627 281 627 281
630 281 630 281
537 284 537 286
540 284 540 284
542 284 543 284
545 284 545 284
548 284 548 284
551 284 551 284
556 284 556 284
562 284 562 284
565 284 564 284
568 284 567 284
573 284 574 285
576 284 576 284
579 284 579 284
582 284 582 284
585 284 585 284
588 284 588 284
590 284 591 284
593 284 593 283
596 284 596 284
599 284 599 284
602 284 601 284
604 284 604 284
607 284 607 284
610 284 610 284
613 284 613 284
616 284 615 283
619 284 619 284
621 284 621 284
624 284 624 284
627 284 627 284
630 284 630 284
633 284 633 284
635 284 635 285
540 287 540 287
542 287 543 287
545 287 545 287
548 287 548 287
551 287 551 287
556 287 556 287
559 287 558 287
562 287 562 287
565 287 564 287
573 287 573 287
576 287 576 287
579 287 579 287
582 287 581 287
585 287 584 287
588 287 587 287
590 287 590 286
593 287 593 286
596 287 596 286
599 287 599 287
602 287 602 287
604 287 605 286
607 287 608 287
610 287 610 287
613 287 613 287
619 287 616 287
621 287 621 287
624 287 625 287
627 287 627 286
630 287 630 287
633 287 633 287
635 287 635 287
638 287 638 287
540 290 540 290
542 290 543 290
545 290 545 290
548 290 548 289
551 290 551 289
556 290 556 289
559 290 559 289
562 290 561 290
565 290 564 290
568 290 567 290
573 290 573 290
576 290 576 290
579 290 579 290
582 290 581 290
585 290 584 290
588 290 587 289
590 290 590 289
599 290 599 289
602 290 602 290
607 290 608 289
610 290 611 290
613 290 613 290
616 290 616 290
619 290 619 290
621 290 621 289
624 290 624 289
627 290 627 289
630 290 630 289
633 290 633 290
635 290 635 290
638 290 638 290
540 292 540 293
542 292 543 292
545 292 545 292
548 292 548 292
551 292 551 292
554 292 553 292
556 292 556 292
559 292 559 292
562 292 561 292
565 292 565 292
568 292 567 293
571 292 570 292
573 292 574 293
576 292 576 292
579 292 579 292
582 292 582 292
585 292 584 292
588 292 587 292
590 292 590 292
599 292 599 295
602 292 602 292
607 292 607 293
610 292 611 292
613 292 614 292
616 292 616 292
619 292 619 292
621 292 621 292
624 292 624 292
627 292 627 292
630 292 629 292
633 292 632 292
635 292 635 292
638 292 638 292
641 292 641 292
540 295 540 296
542 295 543 295
545 295 545 295
548 295 548 295
551 295 551 295
554 295 553 295
556 295 556 295
559 295 559 295
562 295 562 295
565 295 564 295
568 295 567 295
571 295 570 295
573 295 573 295
579 295 579 295
582 295 582 295
585 295 585 295
588 295 587 295
596 295 595 293
602 295 602 295
604 295 604 296
607 295 606 296
610 295 610 295
613 295 614 295
616 295 616 295
621 295 621 296
624 295 624 295
627 295 627 295
630 295 629 295
633 295 632 295
635 295 635 295
638 295 638 295
641 295 640 295
644 295 644 295
540 298 540 298
542 298 543 298
545 298 545 298
548 298 548 298
551 298 551 298
554 298 553 298
556 298 556 298
559 298 559 297
562 298 562 298
565 298 564 298
568 298 567 298
571 298 570 298
573 298 573 298
576 298 576 298
579 298 579 299
582 298 582 298
585 298 585 298
588 298 587 298
590 298 590 298
593 298 593 299
596 298 596 298
599 298 599 298
602 298 601 298
604 298 604 299
607 298 607 299
610 298 610 298
613 298 613 298
616 298 616 298
619 298 619 298
621 298 621 298
624 298 624 298
627 298 627 298
630 298 629 298
633 298 632 297
635 298 635 297
638 298 638 297
641 298 640 298
644 298 643 298
545 301 545 301
548 301 548 301
551 301 551 301
554 301 553 301
556 301 556 301
559 301 559 301
562 301 561 301
565 301 564 301
568 301 567 301
571 301 570 302
573 301 573 301
576 301 576 301
579 301 579 301
582 301 582 301
585 301 585 301
588 301 587 301
590 301 590 301
593 301 593 301
596 301 596 301
599 301 598 301
602 301 601 301
604 301 604 301
607 301 607 301
610 301 610 301
613 301 612 301
616 301 616 301
619 301 618 301
630 301 629 300
633 301 632 301
635 301 635 301
638 301 638 300
644 301 644 301
551 304 551 304
554 304 554 304
556 304 556 303
559 304 558 303
562 304 562 303
565 304 565 304
568 304 567 304
571 304 570 304
573 304 573 304
576 304 576 304
579 304 579 304
582 304 582 304
585 304 584 304
588 304 587 304
590 304 590 304
593 304 593 303
596 304 596 303
599 304 598 303
602 304 601 303
604 304 604 304
607 304 607 304
610 304 610 304
613 304 613 304
616 304 615 304
619 304 618 304
630 304 630 304
633 304 632 304
635 304 634 304
638 304 638 304
644 304 644 304
647 304 647 304
554 306 553 307
556 306 556 306
559 306 559 306
562 306 562 306
565 306 565 306
568 306 567 306
571 306 570 306
573 306 573 307
576 306 576 307
579 306 579 307
582 306 582 307
585 306 584 306
588 306 587 306
590 306 590 307
593 306 593 306
596 306 595 306
599 306 598 306
602 306 601 306
604 306 604 306
607 306 607 306
610 306 610 306
616 306 616 307
619 306 618 307
624 306 624 306
627 306 627 306
630 306 630 307
633 306 633 306
635 306 635 306
638 306 638 306
641 306 641 306
644 306 644 306
647 306 647 307
554 309 554 309
556 309 556 309
559 309 559 309
562 309 562 309
565 309 565 309
568 309 568 309
571 309 570 310
573 309 573 310
576 309 576 309
579 309 579 309
582 309 582 309
585 309 585 309
588 309 587 309
590 309 590 310
593 309 593 309
596 309 595 309
599 309 598 309
602 309 601 309
604 309 605 309
607 309 607 309
610 309 610 309
613 309 613 309
616 309 616 309
619 309 619 310
621 309 621 309
624 309 624 309
627 309 627 309
630 309 629 309
633 309 633 309
635 309 635 309
638 309 638 309
641 309 641 309
644 309 644 309
647 309 647 310
556 312 556 312
559 312 559 312
562 312 562 312
565 312 565 312
568 312 567 312
571 312 570 312
573 312 573 312
576 312 575 312
579 312 579 312
582 312 581 312
585 312 585 312
588 312 587 312
590 312 590 313
593 312 593 312
596 312 596 312
599 312 599 312
602 312 602 312
604 312 604 312
607 312 607 312
610 312 610 312
613 312 613 312
616 312 616 312
619 312 618 312
621 312 621 313
624 312 623 312
627 312 627 312
630 312 629 312
633 312 633 312
635 312 635 312
638 312 638 312
641 312 641 312
644 312 644 312
647 312 647 312
559 315 559 315
562 315 562 315
565 315 565 315
568 315 567 315
571 315 570 315
573 315 573 315
576 315 576 315
579 315 579 315
582 315 582 315
585 315 585 315
588 315 587 315
590 315 590 315
593 315 592 315
596 315 596 315
599 315 598 315
602 315 601 314
604 315 604 315
607 315 607 315
610 315 610 315
613 315 613 315
616 315 616 315
619 315 618 315
621 315 621 315
627 315 627 315
630 315 629 315
633 315 632 315
635 315 635 315
638 315 638 315
641 315 641 315
644 315 644 315
647 315 647 315
