568 208 568 208
571 208 571 207
573 208 574 208
576 208 576 208
579 208 585 208
562 211 562 211
565 211 565 211
568 211 567 211
571 211 571 211
573 211 573 211
576 211 576 211
579 211 582 211
582 211 585 211
585 211 588 211
588 211 590 211
590 211 593 211
593 211 596 211
554 213 553 214
556 213 556 214
559 213 559 214
562 213 562 213
565 213 564 214
568 213 567 214
573 213 576 213
576 213 579 213
579 213 582 213
582 213 584 213
585 213 588 213
588 213 590 213
590 213 593 213
593 213 596 214
542 216 546 216
548 216 548 216
551 216 551 216
554 216 554 217
556 216 556 217
559 216 559 217
562 216 565 216
568 216 568 217
571 216 573 216
573 216 576 216
576 216 579 216
579 216 582 216
582 216 584 216
585 216 588 216
588 216 591 216
590 216 593 216
593 216 596 217
540 219 543 220
542 219 546 219
545 219 549 220
551 219 553 220
554 219 557 219
556 219 560 219
559 219 562 219
562 219 565 219
565 219 567 219
568 219 570 219
571 219 573 219
573 219 576 219
576 219 579 219
579 219 582 219
582 219 584 219
585 219 588 218
588 219 591 218
590 219 593 219
593 219 596 219
596 219 598 219
540 222 543 222
542 222 546 222
545 222 549 222
548 222 551 222
551 222 554 222
556 222 560 222
573 222 576 221
576 222 579 222
579 222 582 222
582 222 585 222
585 222 587 222
596 222 599 223
537 225 540 225
540 225 544 226
542 225 546 226
545 225 551 225
559 225 566 222
562 225 568 222
568 225 574 222
573 225 576 224
576 225 579 225
579 225 582 225
582 225 585 225
590 225 593 222
593 225 595 222
596 225 599 225
537 227 541 228
540 227 543 228
542 227 546 228
545 227 547 228
548 227 556 225
554 227 562 225
565 227 571 225
576 227 580 227
579 227 582 227
582 227 584 227
590 227 593 234
593 227 597 228
596 227 599 227
604 227 604 227
607 227 607 228
610 227 610 228
540 230 542 231
542 230 545 230
545 230 551 227
548 230 556 228
551 230 559 228
554 230 562 227
559 230 568 227
568 230 573 227
585 230 587 236
590 230 593 236
593 230 597 230
596 230 599 231
602 230 602 230
604 230 604 230
607 230 607 230
610 230 610 230
613 230 613 230
616 230 615 230
540 233 543 233
542 233 545 233
545 233 548 233
548 233 556 230
554 233 562 230
568 233 573 230
571 233 576 230
585 233 587 239
590 233 594 239
593 233 597 233
596 233 599 233
602 233 602 233
604 233 604 233
607 233 607 233
610 233 610 233
613 233 613 233
616 233 616 233
542 236 546 236
545 236 548 237
548 236 551 237
551 236 559 236
559 236 568 233
579 236 582 234
585 236 587 233
593 236 597 236
604 236 604 236
607 236 607 236
610 236 610 235
613 236 613 235
542 239 546 239
579 239 585 250
596 239 599 236
599 239 602 236
607 239 608 239
613 239 614 238
616 239 616 236
545 242 550 241
593 242 597 242
596 242 599 241
599 242 602 239
602 242 604 239
542 244 547 244
548 244 552 245
554 244 556 246
556 244 566 245
559 244 568 245
579 244 585 255
596 244 599 245
602 244 604 242
604 244 607 243
607 244 607 241
613 244 615 241
542 247 546 247
548 247 552 248
554 247 556 249
559 247 568 247
568 247 576 255
573 247 568 239
599 247 602 245
602 247 604 245
607 247 610 247
610 247 612 244
613 247 615 244
616 247 618 247
540 250 545 250
545 250 549 249
551 250 554 251
590 250 593 251
593 250 596 250
596 250 601 250
599 250 602 247
602 250 604 247
604 250 607 248
607 250 610 250
610 250 613 249
613 250 615 247
616 250 619 250
619 250 621 250
540 253 543 254
545 253 549 253
548 253 551 253
590 253 593 253
593 253 596 253
596 253 601 253
599 253 603 253
604 253 608 253
607 253 610 252
610 253 613 252
613 253 616 252
540 256 544 257
545 256 549 256
548 256 553 256
559 256 568 253
588 256 591 256
590 256 593 255
596 256 601 256
604 256 608 255
607 256 610 255
610 256 613 255
616 256 618 254
619 256 621 253
537 258 541 259
540 258 544 259
542 258 547 259
545 258 550 259
548 258 553 259
551 258 556 259
576 258 576 250
599 258 604 259
604 258 608 257
607 258 610 258
610 258 613 257
613 258 616 257
616 258 619 256
619 258 621 256
537 261 541 261
540 261 544 261
542 261 548 261
545 261 550 261
548 261 553 262
551 261 556 262
579 261 584 261
582 261 587 261
588 261 591 261
596 261 602 261
599 261 604 261
607 261 610 261
610 261 613 261
613 261 616 259
616 261 618 259
619 261 621 259
621 261 624 259
540 264 545 263
542 264 548 264
545 264 551 265
548 264 554 264
551 264 556 264
554 264 559 264
565 264 568 261
579 264 585 264
582 264 588 264
585 264 590 264
593 264 599 264
596 264 601 264
604 264 608 262
607 264 610 263
610 264 613 263
613 264 616 262
616 264 618 262
619 264 621 262
621 264 624 261
542 267 549 267
545 267 551 267
548 267 554 267
551 267 557 267
554 267 559 266
559 267 562 267
579 267 585 266
582 267 588 266
585 267 590 267
593 267 599 266
596 267 601 266
604 267 608 265
607 267 610 266
619 267 622 266
624 267 627 265
545 270 551 270
548 270 554 269
551 270 557 269
568 270 576 267
571 270 579 267
573 270 582 267
604 270 608 269
607 270 610 269
616 270 619 268
621 270 624 268
624 270 627 267
627 270 630 270
540 273 545 272
542 273 548 273
545 273 551 273
548 273 554 272
551 273 557 272
562 273 565 273
565 273 573 270
568 273 576 270
571 273 579 270
573 273 582 270
579 273 585 270
585 273 591 270
588 273 593 271
593 273 599 270
599 273 602 272
602 273 605 272
604 273 608 272
607 273 610 272
610 273 613 271
613 273 616 271
616 273 619 271
619 273 622 271
621 273 624 271
624 273 627 271
540 275 545 276
542 275 548 276
545 275 551 276
554 275 556 275
562 275 565 275
565 275 567 275
568 275 576 273
582 275 585 275
585 275 587 275
596 275 596 275
599 275 599 275
602 275 604 275
604 275 608 275
607 275 610 275
610 275 613 274
613 275 616 274
616 275 619 274
619 275 622 274
621 275 624 274
624 275 627 274
630 275 632 275
540 278 545 279
542 278 548 279
545 278 551 279
551 278 553 278
554 278 556 278
556 278 559 277
562 278 565 278
568 278 576 275
573 278 576 279
607 278 610 277
610 278 613 277
613 278 616 276
616 278 619 276
619 278 621 276
621 278 624 276
627 278 630 278
630 278 633 279
542 281 548 281
545 281 551 281
551 281 553 281
554 281 556 281
556 281 559 280
562 281 565 281
568 281 570 281
576 281 578 281
579 281 581 281
582 281 584 281
585 281 587 281
588 281 590 281
590 281 592 281
593 281 595 281
596 281 598 281
599 281 601 280
607 281 610 280
610 281 613 279
613 281 615 279
616 281 618 279
619 281 621 279
621 281 624 279
627 281 630 280
630 281 633 281
540 284 545 285
542 284 547 284
548 284 550 285
551 284 553 284
554 284 556 284
556 284 559 283
559 284 562 283
565 284 567 283
568 284 571 284
573 284 576 283
576 284 578 283
579 284 581 284
582 284 584 284
585 284 587 284
588 284 590 284
590 284 592 284
593 284 596 283
596 284 598 283
599 284 601 283
602 284 605 283
610 284 612 282
616 284 619 282
619 284 621 282
621 284 624 282
624 284 627 282
630 284 633 283
633 284 636 284
635 284 639 285
542 287 547 287
548 287 551 288
551 287 553 287
554 287 556 287
556 287 559 286
565 287 568 286
573 287 576 286
576 287 579 286
579 287 581 286
582 287 585 286
585 287 587 286
588 287 590 286
590 287 593 287
593 287 595 287
596 287 598 286
599 287 601 286
604 287 608 284
607 287 610 284
619 287 625 286
627 287 630 285
630 287 633 286
633 287 636 286
635 287 639 287
542 290 547 289
548 290 551 290
551 290 553 290
554 290 557 290
556 290 559 289
559 290 561 288
562 290 564 288
565 290 567 289
573 290 576 289
576 290 579 289
579 290 582 289
582 290 585 289
585 290 587 289
588 290 590 289
590 290 593 289
593 290 595 289
602 290 604 287
607 290 610 287
613 290 613 287
616 290 618 288
619 290 624 289
627 290 630 288
633 290 636 289
635 290 639 289
638 290 641 290
548 292 551 293
551 292 553 292
554 292 557 292
556 292 559 291
559 292 561 291
562 292 564 291
565 292 568 291
568 292 570 292
571 292 573 292
573 292 576 292
576 292 579 292
579 292 582 292
582 292 585 292
585 292 588 292
588 292 590 292
590 292 593 292
593 292 595 292
596 292 599 289
599 292 601 290
602 292 604 290
613 292 613 290
619 292 624 291
630 292 632 291
633 292 635 291
635 292 638 292
638 292 641 292
641 292 644 292
545 295 549 293
554 295 557 294
556 295 559 295
559 295 562 295
562 295 564 294
568 295 571 294
571 295 573 294
573 295 576 295
576 295 579 295
579 295 582 295
582 295 585 295
585 295 588 295
588 295 590 295
590 295 593 294
593 295 596 294
596 295 598 295
599 295 601 295
630 295 632 294
633 295 635 294
635 295 638 294
638 295 641 295
641 295 644 295
644 295 646 295
545 298 547 295
548 298 551 295
551 298 554 296
554 298 557 297
556 298 560 298
562 298 565 297
565 298 567 297
568 298 570 297
571 298 573 297
573 298 576 297
576 298 579 297
579 298 582 298
582 298 585 297
585 298 587 297
588 298 590 298
590 298 593 298
593 298 596 297
596 298 599 297
599 298 601 297
602 298 604 298
613 298 613 295
621 298 627 298
624 298 630 298
627 298 632 298
635 298 638 297
638 298 641 297
641 298 643 297
644 298 646 298
551 301 551 301
556 301 560 301
559 301 562 301
562 301 565 300
565 301 567 300
568 301 570 300
571 301 574 300
573 301 577 300
576 301 579 300
579 301 582 300
582 301 584 300
585 301 587 300
588 301 590 301
590 301 593 301
593 301 596 300
596 301 599 300
599 301 601 300
602 301 605 301
613 301 612 298
616 301 618 299
621 301 627 301
633 301 636 300
635 301 638 301
638 301 640 300
641 301 643 300
647 301 647 301
559 304 562 303
562 304 564 303
565 304 567 302
568 304 570 303
571 304 574 303
573 304 577 303
576 304 579 303
579 304 582 303
582 304 585 303
585 304 587 303
588 304 590 303
590 304 593 303
593 304 596 303
613 304 613 302
616 304 618 302
624 304 627 303
627 304 630 303
630 304 633 303
633 304 635 303
635 304 638 303
638 304 640 303
641 304 643 303
556 306 557 307
559 306 559 306
562 306 565 306
565 306 568 306
568 306 570 306
571 306 573 306
573 306 576 306
576 306 579 306
579 306 582 306
585 306 587 306
588 306 590 306
590 306 593 306
593 306 596 305
596 306 598 305
599 306 601 304
616 306 618 305
624 306 627 305
627 306 630 305
630 306 633 306
633 306 635 306
635 306 638 306
638 306 641 305
647 306 647 303
559 309 559 310
562 309 565 310
565 309 567 309
568 309 570 309
571 309 573 308
573 309 576 309
576 309 579 309
579 309 582 309
582 309 584 307
585 309 587 309
588 309 590 309
590 309 593 308
593 309 596 309
596 309 598 307
599 309 601 307
604 309 605 307
607 309 608 307
610 309 611 307
616 309 618 308
624 309 627 308
627 309 630 308
630 309 632 308
635 309 638 308
641 309 643 308
647 309 647 307
562 312 565 313
565 312 567 312
568 312 570 312
571 312 573 311
573 312 576 312
576 312 578 312
579 312 581 312
582 312 584 312
585 312 587 311
588 312 590 311
590 312 593 312
593 312 596 312
596 312 599 312
599 312 601 311
610 312 611 310
616 312 618 311
621 312 624 310
627 312 630 311
630 312 632 311
635 312 638 311
638 312 641 311
647 312 647 309
562 315 565 315
565 315 567 315
568 315 570 315
571 315 573 315
573 315 575 314
576 315 578 315
579 315 581 315
582 315 584 315
585 315 587 315
588 315 590 314
590 315 593 315
593 315 596 315
596 315 599 315
604 315 607 313
607 315 610 313
613 315 618 315
616 315 622 315
619 315 624 314
624 315 627 314
627 315 630 315
630 315 633 315
633 315 635 314
635 315 638 314
638 315 641 314
647 315 647 315
