556 202 582 215
585 208 574 208
590 208 595 213
593 208 597 213
593 211 597 216
559 216 580 208
590 219 596 229
573 225 579 221
599 225 599 223
545 227 551 224
599 227 599 226
599 230 599 229
602 230 602 229
604 230 605 229
607 230 607 229
613 230 611 230
548 233 553 228
565 233 572 226
568 233 575 226
599 233 599 231
604 233 604 231
607 233 607 231
616 233 613 233
540 239 546 239
548 239 553 231
602 239 602 238
607 239 604 238
616 239 612 237
540 242 546 242
548 242 553 233
610 242 606 239
616 242 612 245
619 242 615 246
624 242 632 271
534 244 543 242
545 244 547 236
607 244 604 245
610 244 606 245
613 244 609 248
616 244 612 249
619 244 615 249
624 244 621 249
540 247 548 254
604 247 602 247
616 247 612 251
619 247 615 251
621 247 618 252
624 247 620 252
607 250 605 254
610 250 606 251
630 250 623 253
534 253 545 257
540 253 548 257
562 253 552 265
568 253 557 264
571 253 559 265
621 253 615 255
627 253 621 256
540 256 548 260
542 256 550 260
545 256 551 257
565 256 553 267
568 256 556 266
619 256 611 257
621 256 614 257
624 256 616 258
531 258 578 257
551 258 602 260
616 258 613 272
619 258 611 260
627 258 617 260
542 261 596 262
551 261 602 263
607 261 607 272
537 264 568 271
548 264 541 266
635 264 636 287
559 267 555 282
624 267 613 269
627 267 616 270
633 267 620 271
573 270 567 280
576 270 577 269
613 270 607 275
545 273 573 278
565 273 561 286
568 273 563 286
573 273 567 283
585 273 579 281
610 273 601 278
613 273 603 278
630 273 616 277
633 273 618 276
545 275 572 281
559 275 557 288
565 275 560 289
585 275 581 285
590 275 585 285
610 275 600 281
613 275 603 280
621 275 610 278
624 275 612 279
630 275 615 279
633 275 618 279
638 275 624 280
647 275 647 300
565 278 560 291
571 278 566 290
573 278 569 290
579 278 575 287
582 278 578 287
588 278 581 288
619 278 606 281
621 278 608 282
624 278 612 281
630 278 615 281
633 278 618 283
635 278 621 283
571 281 566 293
573 281 569 293
593 281 587 288
613 281 603 285
619 281 606 284
621 281 609 285
627 281 615 285
638 281 627 286
641 281 629 286
556 284 556 294
571 284 566 295
573 284 569 295
576 284 571 293
582 284 578 293
585 284 580 293
588 284 581 291
590 284 584 291
593 284 587 291
610 284 599 283
616 284 605 287
627 284 614 288
559 287 551 288
568 287 564 298
573 287 569 298
576 287 571 297
579 287 574 296
590 287 584 294
593 287 587 294
596 287 590 295
607 287 600 287
616 287 605 290
627 287 614 291
548 290 544 293
551 290 546 293
554 290 549 293
559 290 551 291
562 290 553 292
565 290 562 301
568 290 564 301
571 290 567 301
579 290 574 299
582 290 577 297
585 290 579 297
588 290 583 297
590 290 586 297
593 290 588 297
604 290 593 292
607 290 596 292
554 292 550 297
556 292 552 297
562 292 553 294
568 292 564 304
571 292 562 291
576 292 573 302
582 292 577 300
585 292 580 300
588 292 582 300
607 292 601 298
610 292 602 296
613 292 604 296
635 292 626 295
638 292 629 295
551 295 547 297
556 295 556 301
565 295 562 304
573 295 570 305
576 295 573 305
585 295 580 303
588 295 582 303
590 295 586 303
599 295 593 301
613 295 605 299
616 295 610 303
633 295 620 298
559 298 558 304
576 298 573 308
579 298 576 306
582 298 579 306
588 298 583 306
590 298 586 306
593 298 588 304
596 298 591 304
633 298 625 297
635 298 628 298
562 301 561 307
568 301 567 310
576 301 573 310
579 301 576 308
582 301 578 309
588 301 583 309
590 301 586 308
593 301 588 307
596 301 591 307
599 301 594 307
604 301 598 305
613 301 604 302
633 301 622 306
568 304 564 310
579 304 576 311
582 304 578 312
593 304 589 310
596 304 591 310
604 304 598 308
607 304 601 308
627 304 616 306
630 304 618 307
590 306 586 313
593 306 588 313
596 306 591 313
604 306 598 311
607 306 601 310
627 306 616 310
630 306 619 310
633 306 622 310
599 309 594 314
604 309 597 313
607 309 601 314
621 309 613 312
624 309 615 312
630 309 619 312
633 309 622 312
635 309 624 312
571 312 566 314
582 312 572 314
647 312 643 309
610 315 591 316
613 315 593 316
621 315 612 315
627 315 615 316
630 315 618 316
633 315 621 316
